9839444 0
9846966 23
9854745 0
9855730 0
9856900 0
9860699 0
9863328 0
9871680 0
9879771 0
9887849 0
9895673 0
9912113 0
9919499 23
9927822 0
9928438 0
9930001 0
9930889 0
9932524 0
9934716 0
9937276 0
9939042 0
9945351 0
9952600 0
9958534 0
9958410 0
9968792 0
9976897 0
9984262 23
9992582 0
9993198 0
9994761 0
9995649 0
9997283 0
10001308 0
10009296 0
10009699 0
10011661 0
10012174 0
10017395 0
10019910 0
10022401 0
10025401 0
10031330 0
10034022 0
10041573 0
10049658 0
10057021 23
10065398 0
10066014 0
10067576 0
10068526 0
10070161 0
10074081 0
10075228 0
10079463 0
10081185 0
10086947 0
10090145 0
10096074 0
10098766 0
10106343 0
10114441 0
10121803 23
10130161 0
10130777 0
10132339 0
10133289 0
10134924 0
10138844 0
10139991 0
10144226 0
10145948 0
10151710 0
10154860 0
10160788 0
10163480 0
10171037 0
10179118 0
10186487 23
10194827 0
10195443 0
10197006 0
10197894 0
10199528 0
10203554 0
10211608 0
10211922 0
10213884 0
10214397 0
10219707 0
10222133 0
10225271 0
10227805 0
10232520 0
10235121 0
10235878 0
10242857 0
10245438 0
10251994 0
10258913 0
10268199 0
10275561 23
10283879 0
10284495 0
10286057 0
10286945 0
10288580 0
10294237 0
10295799 0
10297999 0
10298887 0
10300612 0
10306647 0
10309340 0
10316721 0
10322655 0
10325347 0
10332907 0
10339813 0
10349090 0
10356471 23
10364781 0
10365399 0
10366962 0
10367850 0
10369485 0
10373356 0
10380750 23
10389062 0
10389678 0
10391315 0
10392203 0
10393838 0
10397662 0
10405024 23
10413349 0
10413965 0
10415528 0
10416416 0
10418050 0
10421917 0
10429303 23
10437629 0
10438245 0
10439808 0
10440696 0
10442331 0
10446211 0
10453579 23
10461914 0
10462530 0
10464093 0
10464981 0
10466616 0
10470482 0
10477868 23
10486190 0
10486806 0
10488368 0
10489256 0
10490891 0
10494765 0
10502151 23
10510463 0
10511081 0
10512644 0
10513532 0
10515167 0
10519043 0
10526433 23
10534751 0
10535367 0
10536930 0
10537818 0
10539453 0
10543332 0
10550694 23
10559029 0
10559645 0
10561208 0
10562096 0
10563731 0
10567606 0
10574968 23
10583338 0
10583954 0
10585517 0
10586466 0
10588101 0
10591474 0
10605416 23
10616170 0
10623550 23
10631874 0
10632490 0
10634053 0
10634941 0
10636575 0
10640457 0
10647820 23
10656159 0
10656775 0
10658338 0
10659226 0
10660860 0
10664727 0
10672092 23
10680435 0
10681051 0
10682608 0
10683496 0
10685131 0
10689018 0
10696380 23
10704715 0
10705331 0
10706893 0
10707781 0
10709416 0
10713282 0
10720668 23
10729026 0
10729642 0
10731205 0
10732155 0
10733789 0
10737164 0
10751125 23
10761848 0
10769234 23
10777554 0
10778172 0
10779734 0
10780622 0
10782257 0
10786148 0
10793510 23
10801827 0
10802443 0
10804006 0
10804894 0
10806529 0
10810409 0
10817792 23
10826112 0
10826728 0
10828291 0
10829179 0
10830814 0
10834693 0
10842057 23
10850406 0
10851022 0
10852585 0
10853473 0
10855108 0
10858966 0
10866329 23
10874669 0
10875287 0
10876850 0
10877738 0
10879367 0
10883249 0
10890616 23
10898948 0
10899564 0
10901127 0
10901895 0
10903650 0
10907522 0
10914908 23
10923225 0
10923841 0
10925404 0
10926292 0
10927927 0
10931808 0
10939172 23
10947504 0
10948120 0
10949683 0
10950571 0
10952206 0
10956079 0
10963444 23
10971784 0
10972400 0
10973963 0
10974851 0
10976486 0
10980383 0
10987746 23
10996058 0
10996674 0
10998236 0
10999124 0
11000759 0
11004630 0
11012013 23
11020342 0
11020960 0
11022523 0
11023411 0
11025045 0
11028924 0
11036292 23
11044638 0
11045254 0
11046817 0
11047705 0
11049340 0
11053194 0
11060557 23
11068931 0
11069549 0
11071112 0
11072062 0
11073696 0
11077064 0
11091001 23
11101752 0
11109141 23
11117458 0
11118074 0
11119636 0
11120524 0
11122159 0
11126033 0
11133419 23
11141734 0
11142350 0
11143913 0
11144801 0
11146435 0
11150302 0
11157688 23
11166013 0
11166629 0
11168192 0
11169080 0
11170715 0
11174611 0
11181978 23
11190285 0
11190901 0
11192463 0
11193351 0
11194986 0
11198865 0
11206227 23
11214596 0
11215212 0
11216775 0
11217724 0
11219359 0
11222732 0
11236671 23
11247424 0
11254789 23
11263127 0
11263639 0
11265305 0
11266193 0
11267828 0
11271708 0
11279089 23
11287406 0
11288022 0
11289585 0
11290473 0
11292108 0
11295979 0
11303365 23
11311682 0
11312298 0
11313861 0
11314749 0
11316383 0
11320263 0
11327631 23
11335953 0
11336569 0
11338126 0
11339014 0
11340649 0
11344532 0
11351918 23
11360237 0
11360853 0
11362416 0
11363304 0
11364939 0
11368835 0
11376197 23
11384514 0
11385130 0
11386692 0
11387580 0
11389215 0
11393087 0
11400452 23
11408792 0
11409408 0
11410971 0
11411859 0
11413494 0
11417374 0
11424736 23
11433082 0
11433698 0
11435261 0
11436149 0
11437784 0
11441645 0
11449031 23
11457350 0
11457966 0
11459528 0
11460416 0
11462051 0
11465931 0
11473316 23
11481629 0
11482245 0
11483807 0
11484695 0
11486330 0
11490201 0
11497587 23
11505906 0
11506522 0
11508085 0
11508973 0
11510608 0
11514482 0
11521868 23
11530178 0
11530794 0
11532357 0
11533245 0
11534874 0
11538758 0
11546123 23
11554490 0
11555106 0
11556668 0
11557618 0
11559253 0
11562626 0
11576563 23
11587317 0
11594703 23
11603023 0
11603639 0
11605202 0
11606090 0
11607724 0
11611604 0
11618974 23
11627318 0
11627934 0
11629496 0
11630384 0
11632019 0
11635867 0
11643253 23
11651577 0
11652193 0
11653756 0
11654644 0
11656278 0
11660158 0
11667538 23
11675848 0
11676464 0
11678026 0
11678914 0
11680549 0
11684427 0
11691816 23
11700124 0
11700740 0
11702303 0
11703191 0
11704826 0
11708705 0
11716068 23
11724406 0
11725022 0
11726585 0
11727473 0
11729108 0
11732973 0
11740359 23
11748682 0
11749298 0
11750860 0
11751748 0
11753383 0
11757282 0
11764649 23
11772958 0
11773574 0
11775137 0
11776025 0
11777659 0
11781532 0
11788895 23
11797266 0
11797882 0
11799445 0
11800395 0
11802030 0
11805403 0
11819340 23
11830086 0
11837451 23
11845790 0
11846406 0
11847969 0
11848857 0
11850492 0
11854369 0
11861731 23
11870066 0
11870682 0
11872244 0
11873132 0
11874767 0
11878638 0
11886024 23
11894334 0
11894950 0
11896512 0
11897400 0
11899035 0
11902920 0
11910288 23
11918608 0
11919224 0
11920787 0
11921675 0
11923309 0
11927181 0
11934563 23
11942883 0
11943499 0
11945062 0
11945950 0
11947585 0
11951488 0
11958850 23
11967166 0
11967782 0
11969345 0
11970233 0
11971868 0
11975737 0
11983102 23
11991435 0
11992051 0
11993608 0
11994496 0
11996131 0
12000015 0
12007378 23
12015727 0
12016343 0
12017906 0
12018794 0
12020429 0
12024282 0
12031668 23
12039991 0
12040607 0
12042170 0
12043058 0
12044692 0
12048573 0
12055940 23
12064267 0
12064883 0
12066446 0
12067334 0
12068968 0
12072833 0
12080219 23
12088569 0
12089185 0
12090748 0
12091698 0
12093332 0
12096705 0
12110643 23
12121394 0
12128777 23
12137095 0
12137711 0
