8601857 0
8609267 23
8621811 0
8629099 23
8641644 0
8648922 23
8661462 0
8668737 23
8681287 0
8688563 23
8701092 0
8708372 23
8720929 0
8728205 23
8740717 0
8747992 23
8760537 0
8767815 23
8780342 0
8787612 23
8800186 0
8807463 23
8819991 0
8827274 23
8839815 0
8847090 23
8859612 0
8866888 23
8879434 0
8886712 23
8899060 0
8906336 23
8918901 0
8926176 23
8938681 0
8945961 23
8958504 0
8965779 23
8965764 0
8985578 23
8998137 0
9005415 23
9017942 0
9025218 23
9037764 0
9045034 23
9057561 0
9064842 23
9077386 0
9084663 23
9097190 0
9104465 23
9117029 0
9124307 23
9136833 0
9144108 23
9156652 0
9163927 23
9176472 0
9183754 23
9196271 0
9203548 23
9216075 0
9223350 23
9235894 0
9243190 23
9255705 0
9262981 23
9275525 0
9282801 23
9295328 0
9302609 23
9315146 0
9322421 23
9334949 0
9342225 23
9354768 0
9362046 23
9374589 0
9381938 23
9394406 0
9401682 23
9414208 0
9421488 23
9434047 0
9441341 23
9453827 0
9461103 23
9473645 0
9480923 23
9493450 0
9500725 23
9513275 0
9520551 23
9533077 0
9540358 23
9552899 0
9560175 23
9572695 0
9579970 23
9592512 0
9599792 23
9612315 0
9619590 23
9632155 0
9639425 23
9651957 0
9659237 23
9671779 0
9679056 23
9691596 0
9698871 23
9711395 0
9718673 23
9731197 0
9738473 23
9751016 0
9758292 23
9770822 0
9778103 23
9790644 0
9797920 23
9810449 0
9817724 23
9817717 0
9837533 23
9850064 0
9857340 23
9869883 0
9877158 23
9889702 0
9896976 23
9909530 0
9916805 23
9919707 0
9926982 23
9939255 0
9946533 23
9959086 0
9966379 23
9978904 0
9986180 23
9998707 0
10005988 23
10018546 0
10025821 23
10038325 0
10045600 23
10058143 0
10065421 23
10077945 0
10085221 23
10097774 0
10105050 23
10117578 0
10124858 23
10137396 0
10144672 23
10157190 0
10164460 23
10177008 0
10184286 23
10196809 0
10204086 23
10216647 0
10223925 23
10236449 0
10243730 23
10256267 0
10263542 23
10276083 0
10283360 23
10295876 0
10303155 23
10315675 0
10322951 23
10335490 0
10342767 23
10355300 0
10362580 23
10375117 0
10382392 23
10394919 0
10402192 23
10414728 0
10422075 23
10434528 0
10441804 23
10454342 0
10461618 23
10474166 0
10481447 23
10493985 0
10501260 23
10513781 0
10521056 23
10533595 0
10540873 23
10553393 0
10560668 23
10573206 0
10580481 23
10593008 0
10600288 23
10612838 0
10620131 23
10632636 0
10639911 23
10652455 0
10659733 23
10672250 0
10679526 23
10692066 0
10699341 23
10711866 0
10719147 23
10731709 0
10738985 23
10751509 0
10758784 23
10771328 0
10778608 23
10791128 0
10798403 23
10810963 0
10818257 23
10830764 0
10838044 23
10850580 0
10857856 23
10870374 0
10877649 23
10890188 0
10897466 23
10909988 0
10917264 23
10929819 0
10937095 23
10949620 0
10956901 23
10969440 0
10976715 23
10989258 0
10996535 23
11009051 0
11016323 23
11028851 0
11036126 23
11048664 0
11055940 23
11068469 0
11075752 23
11088287 0
11095562 23
11108087 0
11115363 23
11127896 0
11135176 23
11147695 0
11154971 23
11167510 0
11174785 23
11187328 0
11194609 23
11207144 0
11214419 23
11226940 0
11234216 23
11246775 0
11254053 23
11266552 0
11273824 23
11286365 0
11293641 23
11306167 0
11313447 23
11325989 0
11333264 23
11345788 0
11353064 23
11365605 0
11372883 23
11385401 0
11392676 23
11405221 0
11412498 23
11425021 0
11432302 23
11444855 0
11452130 23
11464652 0
11471945 23
11484469 0
11491747 23
11504265 0
11511541 23
11524077 0
11531352 23
11543875 0
11551155 23
11563691 0
11570967 23
11583492 0
11590768 23
11603307 0
11610585 23
11623104 0
11630379 23
11642912 0
11650188 23
11662708 0
11670007 23
11682526 0
11689801 23
11702344 0
11709619 23
11722159 0
11729437 23
11741958 0
11749234 23
11761769 0
11769044 23
11781584 0
11788864 23
11801400 0
11808676 23
11821196 0
11828472 23
11841008 0
11848287 23
11860807 0
11868077 23
11880619 0
11887895 23
11900426 0
11907707 23
11920242 0
11920350 23
11940036 0
11947312 23
11959869 0
11967147 23
11979674 0
11986949 23
11999741 0
12007017 23
12019096 0
12026376 23
12038923 0
12046199 23
12058734 0
12066010 23
12078528 0
12085806 23
12098320 0
12105595 23
12118129 0
12125399 23
12137924 0
12145205 23
12157765 0
12165041 23
12177562 0
12184837 23
12197376 0
12204654 23
12217187 0
12224463 23
12236976 0
12244252 23
12256771 0
12264051 23
12276587 0
12283863 23
12296396 0
12303671 23
12316208 0
12323504 23
12336004 0
12343280 23
12355807 0
12363085 23
12375603 0
12382884 23
12395414 0
12402690 23
12415232 0
12422508 23
12435045 0
12442323 23
12454841 0
12462117 23
12474648 0
12481921 23
12494441 0
12501770 23
12514255 0
12521548 23
12534050 0
12541325 23
12553876 0
12561154 23
12573673 0
12580948 23
12593481 0
12600756 23
12613269 0
12620552 23
12633081 0
12640356 23
12652873 0
12660148 23
12672705 0
12679983 23
12692476 0
12699751 23
12712285 0
12719555 23
12732081 0
12739361 23
12751899 0
12759174 23
12771692 0
12778967 23
12791502 0
12798780 23
12811291 0
12818567 23
12831099 0
12838374 23
12850893 0
12858174 23
12870724 0
12878000 23
12890517 0
12897792 23
12910329 0
12917601 23
12930140 0
12937416 23
12949924 0
12957200 23
12969720 0
12976995 23
12989530 0
12996806 23
13009326 0
13016601 23
13029134 0
13036412 23
13039302 0
13046595 23
13058859 0
13066134 23
13078630 0
13085911 23
13098439 0
13105715 23
13118238 0
13125514 23
13138068 0
13145346 23
13157861 0
13165136 23
13177672 0
13184947 23
13197461 0
13204741 23
13217271 0
13224548 23
13237070 0
13246966 0
13254242 23
13266788 0
13274066 23
13286585 0
13293860 23
13306394 0
13313669 23
13326185 0
13333466 23
13345999 0
13353275 23
13365797 0
13373091 23
13385625 0
13395534 0
13402812 23
13415337 0
13422612 23
13435146 0
13442422 23
13454936 0
13462216 23
13474751 0
13482026 23
13494547 0
13501817 23
13514384 0
13521662 23
13534181 0
13541531 23
13553994 0
13561270 23
13573790 0
13581071 23
13593359 0
13600874 23
13613394 0
13620670 23
13633204 0
13640482 23
13652996 0
13660272 23
13672806 0
13680082 23
13692601 0
13699899 23
13712438 0
13719714 23
13732231 0
13739507 23
13752041 0
13759319 23
13771855 0
13779130 23
13791645 0
13798920 23
13811439 0
13818720 23
13831254 0
13838529 23
13851059 0
13858335 23
13870867 0
13878145 23
13890659 0
13897953 23
13910464 0
13917741 23
13930255 0
13937535 23
13950067 0
13957342 23
13969884 0
13977161 23
13989694 0
13996972 23
14009487 0
14016762 23
14029313 0
14036589 23
14049084 0
14056365 23
14068895 0
14076172 23
14079069 0
14086344 23
14098613 0
14105891 23
14118408 0
14125684 23
14138218 0
14145493 23
14158030 0
14165310 23
14177820 0
14185095 23
14197613 0
14204888 23
14217425 0
14224721 23
14237246 0
14244521 23
14257055 0
14264330 23
14276849 0
14284130 23
14296656 0
14303931 23
14316450 0
14323725 23
14336259 0
14343537 23
14356065 0
14363343 23
14375872 0
14383148 23
14395665 0
14402945 23
14415490 0
14422658 23
14435264 0
14442539 23
14455072 0
14462350 23
14474865 0
14482140 23
14494694 0
