11862410 23
11869181 23
11894285 23
11901047 23
11939664 23
11945536 23
11961276 23
12006398 23
12013919 23
12019592 23
12042012 23
12048756 23
12075747 23
12088012 23
12096963 23
12105714 23
12112373 23
12118071 23
12144795 23
12151559 23
12190224 23
12195856 23
12217474 23
12240436 23
12246113 23
12251813 23
12285519 23
12292257 23
12317480 23
12324234 23
12362864 23
12368712 23
12386422 23
12406887 23
12413627 23
12438827 23
12445588 23
12470757 23
12477524 23
12502784 23
12509184 23
12554238 23
12560109 23
12573725 23
12580498 23
12595719 23
12605437 23
12630994 23
12637750 23
12676421 23
12682272 23
12707469 23
12724781 23
12755637 23
12763159 23
12768829 23
12791409 23
12798172 23
12823336 23
12830103 23
12855243 23
12862006 23
12900614 23
12906461 23
12924352 23
12944613 23
12951374 23
12990012 23
12995884 23
13017257 23
13054583 23
13066778 23
13072652 23
13086825 23
13095749 23
13104502 23
13111177 23
13156521 23
13162395 23
13185289 23
13194964 23
13239718 23
13245591 23
13268394 23
13278067 23
13317435 23
13330009 23
13342235 23
13348017 23
13353691 23
13401416 23
13413715 23
13427100 23
13440470 23
13453814 23
13467189 23
13480492 23
13486189 23
13492152 23
13504302 23
13511035 23
13535769 23
13542501 23
13567725 23
13574498 23
13599669 23
13606426 23
13645079 23
13650950 23
13672325 23
13709540 23
13721784 23
13727654 23
13748260 23
13760433 23
13767191 23
13812839 23
13825038 23
13838490 23
13849480 23
13855180 23
13860855 23
13894986 23
13901755 23
13940410 23
13946280 23
13991235 23
13997105 23
14019980 23
14029720 23
14056231 23
14065138 23
14073897 23
14080601 23
14126355 23
14138583 23
14144362 23
14150031 23
14176683 23
14183440 23
14221840 23
14228041 23
14244010 23
14253711 23
14292844 23
14305084 23
14310933 23
14332801 23
14345059 23
14363504 23
14375728 23
14381533 23
14387206 23
14413836 23
14420569 23
14445776 23
14452532 23
14491169 23
14497041 23
14522216 23
14536559 23
14536472 23
14555582 23
14606089 23
14611962 23
14623426 23
14644033 23
14650777 23
14675916 23
14682674 23
14707842 23
14714580 23
14739731 23
14746463 23
14771642 23
14778374 23
14803530 23
14810286 23
14835452 23
14842218 23
14867360 23
14874100 23
14899253 23
14905994 23
14931145 23
14937881 23
14963062 23
14969795 23
14994945 23
15001708 23
15026846 23
15033612 23
15058746 23
15065479 23
15104163 23
15110009 23
15110022 23
15149574 23
15161793 23
15167639 23
15189507 23
15201781 23
15238907 23
15244751 23
15258925 23
15267841 23
15276619 23
15283300 23
15328660 23
15334505 23
15357376 23
15367119 23
15393617 23
15402539 23
15411297 23
15417957 23
15445212 23
15454113 23
15462888 23
15469579 23
15522039 23
15534245 23
15540094 23
15556748 23
15578547 23
15585313 23
15624074 23
15629923 23
15636648 23
15655385 23
15662150 23
15700806 23
15706652 23
15728029 23
15765373 23
15777652 23
15783431 23
15789188 23
15834976 23
15840823 23
15880782 23
15892985 23
15898854 23
15905579 23
15924311 23
15931065 23
15956206 23
15962940 23
15988187 23
15994946 23
16020043 23
16026786 23
16052002 23
16058777 23
16097210 23
16103064 23
16108936 23
16142558 23
16154738 23
16160582 23
16179596 23
16186337 23
16218003 23
16224769 23
16249915 23
16256690 23
16295328 23
16301200 23
16322591 23
16359758 23
16371984 23
16377829 23
16404502 23
16416730 23
16422535 23
16429717 23
16454848 23
16461612 23
16486736 23
16493492 23
16532137 23
16538007 23
16563205 23
16577548 23
16589744 23
16596543 23
16628267 23
16633899 23
16649872 23
16694903 23
16702402 23
16708074 23
16664941 23
16671677 23
16696968 23
16703725 23
16807256 23
16813036 23
16818709 23
16866168 23
16878349 23
16891774 23
16905141 23
16918511 23
16931855 23
16945200 23
16958377 23
16969276 23
16981517 23
16987410 23
17005202 23
17025836 23
17032575 23
17057757 23
17064544 23
17089690 23
17096452 23
17135097 23
17140970 23
17162776 23
17200121 23
17212324 23
17225757 23
17239114 23
17252465 23
17265781 23
17271715 23
17284035 23
17292948 23
17301707 23
17308402 23
17314206 23
17342109 23
17351001 23
17359768 23
17366452 23
17419013 23
17431185 23
17437030 23
17454739 23
17475234 23
17481978 23
17507094 23
17513851 23
17538999 23
17545760 23
17584399 23
17590240 23
17611615 23
17639277 23
17644951 23
17650648 23
17667520 23
17674256 23
17699420 23
17706159 23
17731275 23
17738065 23
17763205 23
17769948 23
17795250 23
17801990 23
17827219 23
17833951 23
17859111 23
17865870 23
17904515 23
17910386 23
17935582 23
17949923 23
17962102 23
17968922 23
17993057 23
18001251 23
18013432 23
18020164 23
18078593 23
18090806 23
18096652 23
18103467 23
18130231 23
18167375 23
18173219 23
18187390 23
18196308 23
18205072 23
18211724 23
18252039 23
18264298 23
18277720 23
18291090 23
18304483 23
18317831 23
18331176 23
18341965 23
18354189 23
18359968 23
18365639 23
18413130 23
18425337 23
18438754 23
18452145 23
18465492 23
18478846 23
18492216 23
18503001 23
18508846 23
18515547 23
18540675 23
18547433 23
18586071 23
18591918 23
18609322 23
18630056 23
18636841 23
18675457 23
18681324 23
18702798 23
18740128 23
18752317 23
18758162 23
18777162 23
18783897 23
18815567 23
18822329 23
18847484 23
18854247 23
18892878 23
18898747 23
18923944 23
18938293 23
18950480 23
18957310 23
19007729 23
19013574 23
19028291 23
19040468 23
19049411 23
19058067 23
19064741 23
19070415 23
19103861 23
19110602 23
19135729 23
19142508 23
19167644 23
19174385 23
19199573 23
19206334 23
19231483 23
19238270 23
19263408 23
19270169 23
19295311 23
19302051 23
19327215 23
19333974 23
19359143 23
19365908 23
19404559 23
19410406 23
19425558 23
19445415 23
19454077 23
19460641 23
19466309 23
19499977 23
19506744 23
19545413 23
19551286 23
19576461 23
19590802 23
19602997 23
19609824 23
19633957 23
19642149 23
19654330 23
19661065 23
19706138 23
19718360 23
19724208 23
19746213 23
19758475 23
19795566 23
19801434 23
19834888 23
19847062 23
19852909 23
19859694 23
19891103 23
19897866 23
19936485 23
19942380 23
19967125 23
19976991 23
19990156 23
20012786 23
20019529 23
20044844 23
20051524 23
20078133 23
20084915 23
20097118 23
20106061 23
20114717 23
20121361 23
20154098 23
20160859 23
20186010 23
20192782 23
20217930 23
20224687 23
20263356 23
20269204 23
20288469 23
20327827 23
20340114 23
20345871 23
20351628 23
20380476 23
20417790 23
20429987 23
20435831 23
20453202 23
20463601 23
20496404 23
20504042 23
20509711 23
20532356 23
20539089 23
20564236 23
20570998 23
20610187 23
20622382 23
20628227 23
20642364 23
20649219 23
20661397 23
20668154 23
20692890 23
20699629 23
20737889 23
20743760 23
20763759 23
20815536 23
20827737 23
20833606 23
20867107 23
20879288 23
20885133 23
20891948 23
20918328 23
20927227 23
20935994 23
20942647 23
20969875 23
20978794 23
20987648 23
20994332 23
21019811 23
21026553 23
21065198 23
21071066 23
21096671 23
21109613 23
21129857 23
21144757 23
21153517 23
21160170 23
21165838 23
21192491 23
21199231 23
21224412 23
21231175 23
21256314 23
21263058 23
21294562 23
21301297 23
21326492 23
21333224 23
21358381 23
21365135 23
21390272 23
21397029 23
21422180 23
21428941 23
21454082 23
21460842 23
21485982 23
21492746 23
21531374 23
21537242 23
21558615 23
21595913 23
21608113 23
21613956 23
21628146 23
21637061 23
21645821 23
