11423032 23
11432965 23
11445166 23
11451729 23
11471725 23
11481569 23
11493837 23
11500401 23
11537062 23
11546971 23
11559161 23
11565753 23
11586476 23
11602325 23
11614533 23
11621114 23
11642799 23
11652713 23
11664876 23
11671483 23
11699761 23
11709670 23
11721834 23
11728403 23
11764774 23
11774730 23
11786897 23
11793460 23
11814183 23
11830008 23
11842214 23
11848773 23
11870472 23
11880380 23
11892568 23
11899138 23
11919854 23
11935697 23
11947842 23
11954417 23
11976145 23
11986059 23
11998218 23
12004782 23
12041139 23
12051047 23
12063206 23
12069775 23
12098069 23
12107979 23
12120178 23
12126753 23
12163160 23
12173075 23
12185262 23
12191821 23
12212593 23
12228393 23
12240554 23
12247138 23
12268835 23
12278794 23
12291074 23
12297638 23
12317698 23
12330238 23
12336814 23
12358274 23
12368234 23
12380396 23
12386979 23
12407708 23
12423539 23
12435720 23
12442281 23
12463977 23
12473910 23
12486079 23
12492641 23
12520893 23
12537161 23
12547091 23
12559261 23
12565822 23
12571527 23
12594035 23
12603994 23
12616158 23
12622723 23
12650906 23
12660837 23
12673002 23
12679569 23
12707825 23
12717777 23
12729969 23
12736533 23
12764726 23
12777288 23
12783862 23
12805348 23
12821831 23
12837563 23
12847445 23
12859642 23
12866205 23
12871887 23
12902886 23
12912835 23
12925083 23
12931656 23
12951641 23
12964199 23
12970760 23
12992216 23
13002150 23
13014339 23
13020903 23
13020867 23
13057458 23
13069662 23
13076244 23
13097889 23
13107816 23
13120010 23
13126571 23
13154719 23
13164550 23
13179354 23
13191465 23
13198022 23
13219817 23
13229728 23
13241885 23
13248477 23
13284862 23
13297420 23
13304006 23
13325453 23
13335389 23
13347578 23
13354142 23
13390482 23
13400445 23
13412477 23
13419196 23
13455561 23
13465493 23
13477686 23
13484247 23
13504960 23
13520776 23
13532966 23
13539518 23
13561262 23
13573824 23
13580382 23
13601846 23
13611758 23
13623944 23
13630509 23
13666940 23
13676895 23
13689082 23
13695649 23
13723822 23
13733781 23
13745956 23
13752514 23
13780730 23
13790665 23
13802827 23
13809416 23
13837543 23
13847475 23
13859671 23
13866231 23
13902620 23
13915180 23
13921764 23
13943238 23
13959649 23
13971912 23
13978464 23
14000096 23
14010013 23
14022205 23
14028782 23
14049458 23
14065328 23
14081088 23
14090968 23
14103146 23
14109706 23
14115388 23
14146392 23
14158943 23
14165504 23
14187005 23
14196916 23
14209104 23
14215668 23
14243868 23
14253783 23
14265975 23
14272534 23
14300709 23
14310616 23
14322810 23
14329371 23
14350082 23
14365910 23
14378094 23
14384677 23
14406297 23
14416213 23
14428393 23
14434958 23
14455677 23
14471571 23
14487346 23
14497229 23
14509409 23
14515969 23
14521651 23
14552604 23
14565145 23
14571701 23
14593263 23
14605750 23
14612408 23
14633835 23
14643744 23
14655936 23
14662499 23
14690712 23
14700624 23
14712816 23
14719400 23
14747545 23
14757455 23
14769648 23
14776210 23
14804376 23
14814327 23
14826496 23
14833058 23
14853760 23
14869599 23
14885863 23
14898418 23
14918126 23
14928060 23
14940221 23
14946806 23
14983120 23
14993053 23
15005224 23
15011805 23
15048148 23
15058063 23
15070226 23
15076809 23
15097522 23
15113367 23
15125549 23
15132110 23
15153817 23
15163751 23
15175942 23
15182505 23
15210684 23
15220597 23
15232789 23
15239348 23
15267496 23
15277424 23
15289616 23
15296176 23
15316879 23
15332698 23
15348474 23
15358361 23
15370537 23
15377101 23
15382782 23
15413740 23
15423678 23
15435842 23
15442407 23
15463100 23
15486870 23
15496780 23
15508948 23
15515535 23
15543668 23
15553581 23
15565772 23
15572331 23
15600587 23
15610496 23
15622690 23
15629250 23
15657459 23
15667098 23
15681998 23
15694110 23
15700669 23
15722443 23
15732371 23
15744558 23
15751128 23
15771849 23
15787669 23
15799877 23
15806429 23
15828091 23
15838031 23
15850216 23
15856783 23
15877500 23
15893318 23
15905640 23
15912204 23
15933803 23
15943711 23
15953534 23
15974413 23
15984372 23
15996566 23
16003121 23
16031302 23
16041214 23
16053384 23
16059961 23
16088127 23
16098035 23
16110224 23
16116791 23
16144988 23
16154898 23
16167092 23
16173657 23
16209925 23
16219863 23
16232055 23
16238614 23
16266772 23
16276730 23
16288893 23
16295460 23
16323676 23
16336213 23
16342796 23
16364256 23
16374212 23
16386391 23
16392962 23
16413680 23
16429504 23
16441710 23
16448269 23
16469942 23
16479852 23
16492017 23
16498585 23
16519358 23
16535159 23
16547352 23
16553929 23
16575597 23
16592055 23
16604265 23
16610843 23
16632469 23
16642425 23
16654633 23
16661220 23
16689426 23
16701914 23
16708474 23
16664476 23
16674385 23
16686563 23
16693144 23
16786848 23
16796760 23
16809371 23
16835585 23
16845493 23
16857654 23
16864243 23
16884976 23
16900790 23
16913020 23
16919576 23
16941247 23
16953806 23
16960388 23
16981844 23
16991753 23
17003923 23
17010485 23
17046809 23
17056721 23
17068913 23
17075472 23
17111849 23
17121784 23
17133977 23
17140539 23
17168676 23
17178580 23
17188390 23
17209312 23
17219221 23
17231389 23
17237946 23
17266232 23
17276170 23
17288332 23
17294921 23
17315595 23
17331422 23
17343656 23
17350215 23
17371892 23
17384427 23
17390988 23
17412454 23
17422364 23
17434572 23
17441141 23
17469301 23
17479236 23
17491428 23
17491331 23
17526165 23
17536072 23
17548236 23
17554803 23
17575499 23
17591369 23
17603562 23
17610114 23
17631736 23
17641649 23
17653841 23
17660400 23
17696773 23
17706682 23
17719270 23
17745485 23
17755418 23
17770082 23
17782294 23
17788850 23
17810458 23
17820370 23
17832580 23
17839139 23
17859844 23
17875656 23
17887840 23
17894440 23
17924191 23
17934101 23
17946294 23
17952858 23
17981019 23
17990956 23
18003119 23
18009683 23
18037820 23
18047776 23
18059969 23
18066529 23
18094668 23
18111166 23
18126924 23
18136788 23
18148990 23
18155572 23
18161278 23
18192180 23
18204719 23
18211274 23
18232751 23
18242663 23
18254835 23
18261394 23
18282085 23
18297918 23
18310123 23
18316684 23
18338341 23
18348248 23
18360436 23
18367023 23
18395124 23
18405036 23
18417235 23
18423830 23
18444532 23
18460320 23
18472503 23
18479085 23
18500730 23
18510640 23
18522835 23
18529397 23
18557519 23
18567431 23
18579623 23
18586182 23
18606898 23
18622688 23
18634893 23
18641453 23
18663103 23
18672722 23
18687666 23
18699829 23
18706382 23
18736206 23
18746132 23
18758324 23
18764893 23
18793065 23
18802975 23
18815159 23
18821747 23
18849883 23
18859844 23
18872035 23
18878612 23
18906752 23
18916686 23
18928877 23
18935441 23
18963640 23
18976198 23
18982758 23
19004205 23
19014132 23
19026330 23
19032887 23
19069261 23
19079214 23
19091376 23
19097965 23
19118629 23
19134458 23
19146658 23
19153246 23
19174884 23
19184841 23
19197010 23
19203568 23
19231766 23
19241702 23
19253864 23
19260453 23
19296806 23
19309364 23
19315921 23
19337412 23
19347320 23
19359352 23
19366077 23
19386744 23
19402590 23
19414798 23
19421354 23
19443031 23
19452971 23
19465172 23
19471743 23
19499896 23
19509804 23
19521970 23
19528537 23
19549200 23
19565040 23
19577224 23
19583805 23
19605414 23
19615329 23
19627492 23
19634056 23
19670369 23
19680278 23
19692444 23
19699012 23
19735154 23
19745017 23
19757200 23
19763758 23
19800305 23
