320281410325380 91
320281410355575 23
320281410363154 66
320281465598774 91
320281465619688 23
320281465627038 66
320281542292138 91
320281542319539 91
320281599873498 23
320281599902794 66
320281599909689 23
320281599916321 66
320281599923005 91
320281599929637 91
320281667036235 23
320281667075647 66
320281667083141 23
320281667090051 66
320281667096695 91
320281744247165 91
320281744274968 23
320281744282231 66
320281809293766 23
320281809325306 66
320281809332664 91
320281809339392 91
320281879670858 23
320281879697352 66
320281879705585 23
320281879712440 66
320281879719162 91
320281879725935 91
320281935254443 23
320281935284058 66
320281935291207 23
320281935298139 66
320281935305050 91
320282011485103 91
320282011512956 23
320282011520181 66
320282011527012 91
320282011533777 23
320282081539375 23
320282081566908 66
320282081574208 23
320282081580940 91
320282081587703 23
320282136358581 66
320282136390655 23
320282136398067 66
320282136405616 91
320282210065355 23
320282210091559 66
320282210098852 91
320282270460786 91
320282270489596 23
320282270496976 66
320282270503824 91
320282337562574 23
320282337587577 23
320282337594815 23
320282337601746 66
320282337608406 23
320282337615066 66
320282337621729 91
320282404688726 91
320282404715027 23
320282404722389 66
320282471919533 23
320282471943031 66
320282471950222 91
320282471957007 91
320282550766205 23
320282550795643 66
320282550802724 23
320282550809671 66
320282550816456 91
320282550823327 91
320282613033520 23
320282613074058 66
320282613081748 23
320282613088613 66
320282613095510 91
320282672807421 91
320282672831191 23
320282752075470 66
320282752107245 23
320282752114412 23
320282752121167 66
320282752127921 91
320282807155231 23
320282807183372 66
320282807190647 91
320282807197410 23
320282807204915 91
320282883934890 23
320282883960106 66
320282883967356 91
320282883974263 23
320282883980901 23
320282883987639 66
320282941126930 91
320282941155752 23
320282941163002 23
320282941170016 66
320282941176722 91
320282941183374 23
320282941190087 23
320283008171471 66
320283008198301 91
320283008205600 23
320283008212367 23
320283008219065 66
320283008225792 91
320283008232418 23
320283075369224 23
320283075400330 66
320283075407419 91
320283075414169 23
320283075420904 23
320283075427689 66
320283075434409 91
320283142375485 23
320283142404556 23
320283142411893 66
320283142418787 91
320283142425672 23
320283142432310 23
320283209575562 66
320283209608725 91
320283209615908 23
320283209622695 23
320283209629540 66
320283209636192 91
320283209643007 23
320283287268331 23
320283287297664 66
320283287304986 91
320283287312587 23
320283287319396 23
320283287326089 66
320283287332861 91
320283343492662 23
320283343517118 23
320283343524068 66
320283343530897 91
320283343537662 23
320283343544452 23
320283410579906 66
320283410634406 91
320283410643908 23
320283410651051 23
320283410657799 66
320283410664538 91
320283410671268 23
320283477592835 23
320283477621185 66
320283477628292 91
320283477634871 23
320283477641495 23
320283477648954 66
320283477655708 91
320283477662397 23
320283544770463 23
320283544809343 66
320283544816609 91
320283544823404 23
320283544830269 23
320283544837072 66
320283614161530 91
320283614192281 23
320283614199583 23
320283614206285 66
320283614212962 91
320283614219698 23
320283614226426 23
320283678864322 66
320283678894778 91
320283678902029 23
320283678908770 23
320283678915462 66
320283678922176 91
320283756428057 23
320283756458179 66
320283812888271 91
320283812910854 23
320283812918067 66
320283880002604 91
320283880028815 23
320283880035928 66
320283957716384 91
320283957745227 23
320284014154552 66
320284014180828 91
320284014188056 91
320284081232191 91
320284081258171 23
320284081265503 23
320284081272320 66
320284081278988 91
320284081285674 23
320284159691852 23
320284159720423 66
320284159727835 91
320284159735578 23
320284159742300 23
320284159748928 66
320284159755741 91
320284215474960 23
320284215505380 23
320284215512658 66
320284215519545 91
320284215526266 23
320284215532978 23
320284282344562 66
320284282369606 91
320284282376956 23
320284282383720 23
320284282390563 66
320284282397431 91
320284282404147 23
320284349436851 23
320284349466090 66
320284349473281 91
320284349480255 23
320284349487020 23
320284349494345 66
320284349501112 91
320284349507857 23
320284416597235 23
320284416621024 66
320284416628481 91
320284416635338 23
320284416642063 23
320284483854214 66
320284483896783 91
320284483904089 23
320284483910822 23
320284483917645 66
320284483924271 91
320284483931049 23
320284483937824 23
320284550930276 66
320284550956858 91
320284550963940 23
320284550970707 23
320284550977399 66
320284550984162 91
320284550991441 23
320284628906760 23
320284628936085 66
320284628943375 91
320284628950136 23
320284628957124 23
320284628963957 66
320284684827807 91
320284684854743 23
320284684861970 23
320284684868680 66
320284684875455 91
320284684882212 23
320284684888952 23
320284751903981 66
320284751931086 91
320284751938068 23
320284751944909 23
320284751951714 66
320284751958489 91
320284751965316 23
320284830190837 23
320284830221180 66
320284830228474 91
320284830235387 23
320284830242055 23
320284830248806 66
320284885949109 91
320284885976717 23
320284885983822 23
320284885990763 66
320284885997494 91
320284886004186 23
320284886010892 23
320284953079099 66
320284953104106 91
320284953111350 23
320284953118056 23
320284953124794 66
320284953131495 91
320284953138215 23
320285032107050 23
320285032132867 66
320285032139992 91
320285032147527 23
320285032154298 23
320285032160960 66
320285032167640 91
320285087197349 23
320285087222708 23
320285087230042 66
320285087236811 23
320285087243485 66
320285087250187 91
320285154222361 91
320285154251711 91
320285154258987 23
320285221366281 23
320285221392231 66
320285221399495 91
320285221406432 23
320285221413207 23
320285221419827 66
320285221426537 91
320285299527871 23
320285299557991 23
320285299566451 66
320285299573310 91
320285299580004 23
320285299586725 23
320285355449519 66
320285355476642 23
320285355483998 66
320285355490823 91
320285355497764 23
320285355504600 23
320285355511225 66
320285355517833 91
320285422525882 23
320285422563485 23
320285422571101 66
320285422577980 91
320285422584831 23
320285422591582 23
320285501319679 66
320285501345542 23
320285501352939 66
320285501359687 91
320285501367116 91
320285556772077 91
320285556801174 23
320285556808630 66
320285556815369 91
320285556822107 23
320285623753553 66
320285623780903 91
320285623788351 23
320285623795100 23
320285623801859 66
320285623808581 91
320285623815273 23
320285690857447 66
320285690887916 91
320285690895109 23
320285690901970 23
320285690908674 66
320285775709864 91
320285775738707 23
320285775745920 23
320285775752579 66
320285775759365 91
320285775766136 23
320285775772907 23
320285825008030 66
320285825040136 91
320285825047502 23
320285825054411 23
320285825061023 66
320285825067623 91
320285825074301 23
320285891963058 23
320285892054201 66
320285892061589 91
320285892068260 23
320285892075010 23
320285892081704 66
320285892088628 91
320285964581509 23
320285964607095 23
320285964614487 66
320285964621377 91
320285964627999 23
320285964635421 23
320286026130437 66
320286026160396 91
320286026167463 23
320286026174310 23
320286026181016 66
320286026187813 91
320286026194539 23
320286093174301 23
320286093198837 66
320286093206044 91
320286093212944 23
320286093219811 23
320286093226590 66
320286093233286 91
320286171851664 23
320286171879819 23
320286171886917 66
320286171893793 91
320286171900529 23
320286171907286 23
320286227321480 66
320286227352286 91
320286227359526 23
320286227366397 23
320286227373079 66
320286227379836 91
320286227386677 23
320286227393524 23
320286304022777 66
320286304053833 91
320286304060974 23
320286304067676 23
320286304074386 66
320286304081171 91
320286304087823 23
320286361584352 23
320286361639847 66
320286361647478 23
320286361654426 66
320286361661199 91
320286361667857 23
320286428444502 23
320286428472634 66
320286428480515 91
320286428487383 23
320286428494373 23
320286428501397 66
320286428508220 91
320286495547123 23
320286495575077 23
320286495582324 66
320286495589210 91
320286495596053 23
320286495602864 23
320286575184057 66
320286575217122 91
320286575224700 23
320286575231559 23
320286575238396 66
320286575245136 91
320286575251843 23
320286575258772 23
320286629975240 66
320286630003176 91
320286630010341 23
320286630018203 23
320286630024958 66
320286630031628 91
320286630038226 23
320286706970084 23
320286706998426 66
320286707005694 91
320286707012750 23
320286707019527 23
320286707026304 66
320286707033054 91
320286763821069 23
320286763850417 66
320286763857682 91
320286763864381 91
320286763871083 23
320286837771522 23
320286837801982 66
320286837809224 91
320286837816073 23
320286837822854 23
320286837829552 66
320286897891453 91
320286897917013 23
320286897924115 23
320286897930962 66
320286897937649 91
320286897944504 23
320286897951228 23
320286964919735 66
320286964948970 91
320286964956053 23
320286964962822 23
320286964969490 66
320286964976166 91
320286964982725 23
320287032110338 23
320287032138458 66
320287032145615 91
320287032152583 23
320287032159452 23
320287032166177 23
320287110274305 66
320287110301860 91
320287110309969 23
320287110316715 66
320287110323422 91
320287110330102 23
320287110336764 23
320287166151747 66
320287166178546 91
320287166185956 23
320287166192854 23
320287166199632 66
320287166206616 91
320287166213349 23
320287238658714 23
320287238690232 66
320287238697449 91
320287238704311 23
320287238710931 23
320287238717675 66
320287300527416 91
320287300571942 23
320287300579149 23
320287300585876 66
320287300594095 91
320287300600761 23
320287300607473 23
320287367343146 66
320287367369957 91
320287367377184 23
320287367384128 23
320287367390905 66
320287367397669 91
320287367404341 23
320287434419936 23
320287434449567 66
320287434456774 91
320287434463527 23
320287434470302 23
320287434477110 66
320287434483921 91
320287513590034 23
320287513618596 23
320287513625885 66
320287513632642 91
320287513639414 23
320287513648114 23
320287568599092 66
320287568627076 91
320287568634337 23
320287568641128 23
320287568647794 66
320287568654448 91
320287568661112 23
320287644748258 23
320287644775079 66
320287644782341 91
320287644789025 23
320287644795725 23
320287644802482 66
320287644809252 91
320287708992995 23
320287709025368 23
320287709032502 66
320287709039247 91
320287709046058 23
320287709052694 23
320287776249709 66
320287776277220 91
320287776284331 23
320287776291031 23
320287776297779 66
320287776304454 91
320287776311202 23
320287776317937 23
320287843602242 66
320287843632924 91
320287843640085 23
320287843646899 23
320287843653582 66
320287843660437 91
320287843667175 23
320287911054697 23
320287911087132 66
320287911094376 91
320287911101227 23
320287911108010 23
320287911114734 66
320287978426237 91
320287978454933 23
320287978462838 23
320287978469722 66
320287978476422 91
320287978483124 23
320287978489923 23
320288045862620 66
320288045886889 91
320288045894208 23
320288045900937 23
320288045907599 66
320288045914269 91
320288045920911 23
320288113121470 23
320288113151902 66
320288113158972 91
320288113165659 23
320288113172389 23
320288113179031 66
320288180505228 91
320288180534107 23
320288180541377 23
320288180548174 66
320288180555403 91
320288180562180 23
320288180568932 23
320288239168117 66
320288239197623 91
320288239204903 23
320288239211734 23
320288239218460 66
320288239225187 91
320288239264182 23
320288306269151 23
320288306295413 66
320288306302635 91
320288306309528 23
320288306316355 23
320288306323116 66
320288373346605 91
320288373379193 23
320288373386278 23
320288373392962 66
320288373399668 91
320288373406564 23
320288373414215 23
320288440351387 66
320288440377432 91
320288440384591 23
320288440391402 23
320288440398002 66
320288440404714 91
320288440411408 23
320288507410836 23
320288507439154 66
320288507446317 91
320288507453110 23
320288507459806 23
320288507466484 66
320288507473223 91
320288574510274 23
320288574533452 23
320288574540657 66
320288574547506 91
320288574554456 23
320288574561094 23
320288641770804 66
320288641800688 91
320288641807881 23
320288641814632 23
320288641821938 66
320288641828690 91
320288641835423 23
320288709009816 23
320288709040305 66
320288709047419 91
320288709054172 23
320288709060854 23
320288709067735 66
320288709074516 91
320288787335500 23
320288787366050 23
320288787373068 66
320288787379948 91
320288787386634 23
320288787393419 23
320288842812560 66
320288842840214 91
320288842847403 23
320288842855266 23
320288842861976 66
320288842868745 91
320288842875427 23
320288842882145 23
320288919296989 66
320288919327671 91
320288919334757 23
320288919341407 23
320288919348200 66
320288919354999 91
320288919361822 23
320288989295231 23
320288989320033 66
320288989327279 91
320288989334295 23
320288989341106 23
320288989347739 66
320289043907811 91
320289043934629 23
320289043941695 23
320289043948417 66
320289043955954 91
320289043962667 23
320289043969431 23
320289118255031 66
320289118284135 91
320289118291652 23
320289118298489 23
320289118305294 66
320289118312070 91
320289118318845 23
320289178204960 23
320289178240501 66
320289178247855 91
320289178254818 23
320289178261422 23
320289178268141 66
320289245154458 91
320289245181957 23
320289245189293 23
320289245196024 66
320289245202702 91
320289245209386 23
320289245216905 23
320289312346915 66
320289312378952 91
320289312385940 23
320289312392646 23
320289312399453 23
320289312406101 66
320289312412767 23
320289379360697 66
320289379388073 91
320289379395361 91
320289379402248 91
320289466915506 23
320289466950130 23
320289466957456 66
320289466964172 91
320289466970949 23
320289466977746 23
320289521203429 66
320289521224214 91
320289521231451 23
320289521238401 23
320289521245743 66
320289521252584 91
320289521259246 23
320289580788410 23
320289580815592 66
320289580822578 23
320289580829332 66
320289580836067 91
320289647652781 91
320289647684039 91
320289647691309 23
320289647698367 23
320289726623960 66
320289726648899 91
320289726656631 23
320289726663420 23
320289726670080 66
320289726676839 91
320289726683597 23
320289781675374 23
320289781707343 66
320289781714467 91
320289781721994 23
320289781728683 23
320289781735385 66
320289781742105 91
320289848845246 23
320289848868853 23
320289848875975 66
320289848882656 91
320289848889428 23
320289848896108 23
320289915873384 66
320289915906231 91
320289915913489 23
320289915920239 23
320289915926906 66
320289915933668 91
320289915940278 23
320289915946992 23
320289982963709 66
320289982992705 91
320289983000197 23
320289983007053 23
320289983014558 66
320289983021405 91
320289983028055 23
320290049919550 23
320290049952076 66
320290049959410 91
320290049966391 23
320290049973277 23
320290049980037 66
320290117275931 91
320290117306977 23
320290117314305 23
320290117321182 66
320290117328093 91
320290117334864 23
320290117341601 23
320290194943532 66
320290194974379 91
320290194981368 23
320290194988105 23
320290194994968 66
320290195001679 91
320290195008862 23
320290251390303 23
320290251416185 66
320290251423394 91
320290251430223 23
320290251436946 23
320290251443622 66
320290318119670 91
320290318144270 23
320290318151427 23
320290318158192 66
320290318164820 91
320290318171496 23
320290318178168 23
320290385227801 66
320290385256541 91
320290385264092 23
320290385270849 23
320290385277889 66
320290385284688 91
320290385291455 23
320290452388438 23
320290452417953 66
320290452425260 91
320290452431918 23
320290452438735 23
320290452445426 66
320290519557425 23
320290519590087 23
320290519597357 66
320290519604236 91
320290519611071 23
320290519617749 91
320290519624460 23
320290519631277 23
320290586436213 66
320290586461643 91
320290586468884 23
320290586475916 66
320290586482866 23
320290586489635 91
320290586496447 23
320290653563482 66
320290653591279 91
320290653599367 23
320290653606280 66
320290653613143 91
320290720753784 23
320290720785341 23
320290720792582 66
320290720799419 91
320290720806053 23
320290720812659 23
320290788158237 66
320290788189226 91
320290788196471 23
320290788203296 23
320290788209956 66
320290788216825 91
320290788223433 23
320290861831607 23
320290861865843 66
320290861873143 91
320290861879899 23
320290861886664 23
320290861893312 66
320290861900887 91
320290861907587 23
320290929150822 23
320290929179110 66
320290929186275 23
320290929193166 23
320290929199927 66
320290929206690 23
320290996575838 66
320290996606029 91
320290996613266 91
320290996620035 23
320290996626854 66
320291063890272 91
320291063917031 23
320291063924260 23
320291063931114 66
320291063937937 91
320291063944683 23
320291131229110 23
320291131253131 66
320291131260310 91
320291131267750 23
320291131274435 23
320291131281177 66
320291190152410 91
320291190178053 23
320291190185481 23
320291190192358 66
320291190199161 91
320291190205839 23
320291190212650 23
320291257279149 66
320291257313610 91
320291257320862 23
320291257327735 23
320291257335689 66
320291257342443 91
320291257349268 23
320291324155796 23
320291324182018 66
320291324189265 91
320291324196283 23
320291324203048 23
320291324210637 66
320291391342554 91
320291391372499 23
320291391379809 23
320291391386584 66
320291391393268 91
320291391399996 23
320291391406626 23
320291458357304 66
320291458385479 91
320291458392893 23
320291458399702 23
320291458406537 66
320291458413312 91
320291458420106 23
320291525402563 23
320291525430595 66
320291525437589 91
320291525444519 23
320291525451201 23
320291525457871 66
320291525464560 91
320291592434927 23
320291592460578 23
320291592468049 66
320291592474745 91
320291592481514 23
320291592488270 23
320291659515732 66
320291659574210 91
320291659581741 23
320291659588454 23
320291659595124 66
320291659601848 91
320291659608547 23
320291733500764 91
320291733528903 23
320291733536371 23
320291733543178 66
320291733549999 23
320291733556697 66
320291733563468 23
320291810962874 66
