320471326527093 91
320471326559836 23
320471326567254 66
320471326574148 91
320471393887485 23
320471393917621 66
320471393924893 91
320471393931641 91
320471472097131 91
320471472123538 23
320471472130949 66
320471472137737 91
320471472144500 23
320471527845632 66
320471527874137 91
320471527881326 23
320471527888179 66
320471527895109 91
320471595078317 23
320471595117688 91
320471595124964 66
320471595131781 23
320471595138499 91
320471595145284 66
320471674032158 23
320471674058293 91
320471674065506 66
320471674072374 23
320471674079267 91
320471674086120 66
320471729144559 23
320471729170783 91
320471729177829 66
320471729184517 23
320471729191322 91
320471729198119 66
320471806002297 23
320471806032135 91
320471806039383 66
320471806046192 23
320471806052970 91
320471806060326 66
320471869861523 23
320471869889056 91
320471869896549 66
320471869903350 23
320471869910020 91
320471869916801 66
320471869923545 23
320471941255110 91
320471941286876 66
320471941293894 23
320471941300512 23
320471941307109 66
320471941313753 91
320471941320546 23
320471997389699 23
320471997413481 66
320471997420841 23
320471997427885 66
320471997434614 23
320471997441356 91
320472064370432 23
320472064402676 66
320472064409843 23
320472064416717 66
320472064423501 91
320472064430284 91
320472143222279 91
320472143253021 23
320472143260373 66
320472143267244 91
320472198543978 91
320472198576210 23
320472198584260 66
320472198591041 91
320472198597719 14
320472198604442 91
320472265734566 23
320472265762365 66
320472265769627 91
320472265776595 14
320472265783297 91
320472265789979 23
320472332931008 23
320472332958135 14
320472332965471 66
320472332972185 23
320472332978984 66
320472332985578 23
320472332992409 91
320472332999222 23
320472410457259 66
320472410483216 23
320472410490256 66
320472410497175 91
320472466808285 23
320472466836981 66
320472466844144 91
320472466850883 91
320472533943056 91
320472533973758 23
320472533980993 91
320472533987876 66
320472533994724 91
320472612411475 23
320472612435975 66
320472612443951 91
320472612450720 91
320472612457549 14
320472612464374 23
320472667928216 66
320472667955948 91
320472667963306 91
320472667970035 14
320472667976717 23
320472667983331 66
320472667989949 91
320472735234570 14
320472735263209 91
320472735270237 23
320472735277099 66
320472735283835 91
320472802136331 23
320472802161704 66
320472802168946 91
320472802175803 91
320472802182572 14
320472802189531 23
320472802197127 66
320472879775013 91
320472879803785 14
320472879811033 91
320472879817884 23
320472879824723 66
320472879831391 91
320472936208669 23
320472936237093 66
320472936244301 91
320472936251377 91
320472936258190 23
320472936264814 23
320472936271526 14
320473003413831 66
320473003440203 91
320473003447449 14
320473003454505 91
320473003461211 23
320473003467976 66
320473003474596 91
320473079679569 23
320473079707613 66
320473079714876 91
320473079721740 91
320473079728524 14
320473079735285 23
320473143925919 66
320473143956499 91
320473143963586 14
320473143970312 91
320473143976991 23
320473143983669 66
320473204618495 91
320473204648990 23
320473204656217 66
320473204662996 91
320473204669706 14
320473204676475 91
320473282971175 23
320473282997337 66
320473283004554 91
320473283011413 14
320473283018216 91
320473283025851 23
320473338626942 23
320473338649274 14
320473338656324 66
320473338663129 91
320473338669857 23
320473338676600 23
320473338683443 66
320473338690252 23
320473406678323 66
320473406705191 23
320473406712663 91
320473406719506 91
320473406726305 23
320473406732969 23
320473406739764 66
320473484893726 23
320473484924271 91
320473484931399 23
320473484938148 91
320473484944782 66
320473484951522 23
320473547859702 66
320473547884550 91
320473547891934 91
320473547898956 23
320473547905739 91
320473547912658 66
320473606890603 91
320473606920303 14
320473606927562 23
320473606934434 66
320473606941132 91
320473673914988 14
320473673941379 91
320473673948521 23
320473673955495 66
320473673962159 91
320473673968952 14
320473673975614 91
320473752131572 23
320473752159992 23
320473752167298 14
320473752174256 66
320473752181503 23
320473752188165 66
320473752195060 23
320473752201626 91
320473808181557 23
320473808210440 66
320473808217549 91
320473808224304 23
320473808231084 91
320473808237883 66
320473875137400 91
320473875165237 23
320473875172635 66
320473875179599 91
320473875186318 91
320473948704367 23
320473948730088 66
320473948737492 91
320473948744285 91
320473948751027 14
320473948757810 23
320474009256103 66
320474009283698 91
320474009290863 91
320474009297692 23
320474009304481 14
320474009311214 23
320474009317934 91
320474009324616 66
320474076324235 91
320474076348624 14
320474076355924 23
320474076362773 66
320474076369709 91
320474143405973 14
320474143436323 91
320474143443626 23
320474143450560 23
320474143457321 14
320474143464051 66
320474143470719 91
320474143477432 23
320474143484110 66
320474221308213 91
320474221334354 91
320474221341749 23
320474221348660 91
320474221355399 66
320474277533569 91
320474277562987 14
320474277570152 23
320474277577067 66
320474277583802 91
320474351555793 14
320474351583549 91
320474351590845 23
320474351597674 66
320474351604366 91
320474351611308 23
320474351618075 14
320474351624821 23
320474411947963 66
320474411976204 91
320474411983518 23
320474411990180 91
320474411996951 23
320474412004305 23
320474412011066 66
320474478691108 23
320474478716564 66
320474478723916 91
320474478730854 23
320474478737729 91
320474478744644 23
320474478751312 23
320474545738516 66
320474545769371 91
320474545776501 23
320474545783214 23
320474545789912 14
320474545796749 66
320474545803427 23
320474624665946 66
320474624696006 23
320474624703153 66
320474624710040 91
320474679880965 91
320474679906394 23
320474679914076 23
320474679921128 91
320474679927806 66
320474679934615 23
320474679941428 66
320474679948304 91
320474754463647 91
320474754490449 23
320474754497718 91
320474754504589 66
320474831604287 91
320474831635499 23
320474831642743 91
320474831649463 66
320474831656162 23
320474881150283 66
320474881178058 23
320474881185500 66
320474881192349 91
320474881199110 23
320474881205796 66
320474881212559 91
320474957877627 23
320474957906220 66
320474957913331 91
320474957920156 23
320474957926947 91
320474957933766 66
320475015393230 23
320475015421149 23
320475015428489 66
320475015435425 23
320475015442117 66
320475082406191 91
320475082432904 91
320475159744615 91
320475159776239 23
320475159783463 66
320475159790211 91
320475159797081 91
320475227948642 23
320475227976485 66
320475227983815 91
320475227990626 14
320475227999519 91
320475228006247 23
320475295058678 66
320475295087257 91
320475295094597 14
320475295101527 91
320475295108386 23
320475295115287 23
320475295122710 14
320475295129651 66
320475365032621 23
320475365066291 66
320475365073633 23
320475365080485 66
320475365087247 91
320475417613061 91
320475417637476 91
320475417645074 23
320475417652021 66
320475497089208 91
320475497115911 91
320475497123426 23
320475497130798 66
320475497137639 91
320475551837878 14
320475551866306 91
320475551873383 23
320475551880091 66
320475551886858 91
320475625634612 14
320475625658125 91
320475625665585 23
320475625672453 23
320475625679443 66
320475625686181 91
320475625692908 23
320475625699632 66
320475625706509 91
320475685873973 23
320475685902354 66
320475685909621 91
320475685916498 23
320475685923299 91
320475685929935 66
320475753095983 91
320475753122388 23
320475753129752 66
320475753136654 91
320475830393880 91
320475830430974 14
320475830438473 23
320475830445415 66
320475830452161 91
320475830458858 91
320475830465504 14
320475887141410 23
320475887166348 91
320475887173630 23
320475887180690 23
320475887187449 14
320475887194141 66
320475887200878 91
320475954113942 14
320475954143410 91
320475954150724 23
320475954157585 23
320475954164978 14
320475954171809 66
320475954178754 91
320475954185426 23
320475954192167 91
320475954198938 23
320476021327787 23
320476021353128 91
320476021360438 66
320476021367323 23
320476021374070 91
320476021380762 66
320476097494467 91
320476097526889 23
320476097534289 14
320476097541182 66
320476097548015 91
320476167542822 91
320476167567704 14
320476167574913 23
320476167581694 66
320476167588521 91
320476167596042 14
320476167603022 91
320476167609810 23
320476222477092 66
320476222508875 91
320476222516262 23
320476222523044 66
320476222529743 91
320476299482249 91
320476299510837 14
320476299518090 23
320476299524877 66
320476299531563 91
320476299538328 23
320476299545118 91
320476299551779 66
320476356524396 91
320476356553774 14
320476356560869 23
320476356567718 66
320476356574507 91
320476423710692 91
320476423740776 14
320476423748136 23
320476423754971 66
320476423761776 91
320476423768539 14
320476423775388 91
320476490926637 23
320476490956178 66
320476490963176 91
320476490969941 23
320476490976657 66
320476490983267 91
320476557743768 91
320476557771662 14
320476557778887 23
320476557785547 66
320476557792358 91
320476624858332 14
320476624879491 91
320476624886509 23
320476624893163 66
320476624899862 91
320476624907218 23
320476624914031 66
320476624920674 91
320476702779591 91
320476702811608 14
320476702820080 23
320476702827014 66
320476702833744 91
320476759145520 14
320476759185354 91
320476759192744 23
320476759199581 66
320476759206205 91
320476759213002 23
320476759219694 66
320476759226372 91
320476825987255 14
320476826012632 91
320476826019843 23
320476826026608 66
320476826033310 91
320476893090543 14
320476893117406 91
320476893124800 23
320476893131611 23
320476893138344 14
320476893144986 66
320476893151714 91
320476893158334 23
320476960162853 23
320476960191565 66
320476960198722 23
320476960205593 66
320476960212348 23
320476960219086 66
320476960225917 91
320477027210388 91
320477027234381 23
320477027241602 66
320477027248310 91
320477094366330 91
320477094394227 23
320477094401499 66
320477094408316 91
320477094415678 91
320477171974306 23
320477172001349 66
320477172008568 91
320477172015355 91
320477172022176 14
320477172028916 23
320477228472966 66
320477228503257 91
320477228510526 14
320477228517202 91
320477228524033 23
320477228530704 66
320477295598579 91
320477295630591 23
320477295637939 66
320477295644851 91
320477295651728 14
320477295658404 91
320477373240167 23
320477373273310 66
320477373280564 91
320477373288153 14
320477373295042 91
320477373301831 23
320477429704949 23
320477429736736 14
320477429744006 66
320477429750754 23
320477429757429 66
320477429763954 23
320477429770570 91
320477429777220 23
320477496651999 66
320477496679400 91
320477496686529 23
320477496693331 91
320477496700150 66
320477496706899 91
320477575186091 23
320477575210272 91
320477575217593 91
320477575224380 14
320477575231221 14
320477630850401 23
320477630876937 66
320477630883943 91
320477630890685 23
320477630897398 91
320477630904056 23
320477630910702 23
320477630917344 66
320477711864616 91
320477711909170 23
320477711916554 23
320477711923299 14
320477711929997 66
320477711936659 91
320477711943428 23
320477764911782 66
320477764935622 91
320477764942898 91
320477764949679 23
320477764956407 66
320477764963110 91
320477831911958 14
320477831941632 91
320477831948879 23
320477831955722 66
320477831962586 91
320477908405132 23
320477908432181 66
320477908439521 91
320477908446299 91
320477908453012 14
320477908459811 23
320477908466604 66
320477978411585 91
320477978436135 14
320477978443341 91
320477978450081 23
320477978456814 66
320477978463522 91
320478033096764 23
320478033120699 91
320478033127660 23
320478033134443 14
320478033141258 23
320478033148789 14
320478033155501 66
320478033162151 91
320478033168785 23
320478110386954 23
320478110415033 66
320478110422246 23
320478110429167 66
320478110435964 23
320478110442765 66
320478110449463 91
320478167281190 91
320478167311016 23
320478167318155 66
320478167324944 91
320478245652140 91
320478245677879 23
320478245684988 66
320478245691730 91
320478301541031 23
320478301568985 91
320478301576240 23
320478301583739 14
320478301590496 66
320478301597246 23
320478301604152 66
320478301610924 91
320478368435928 23
320478368462127 66
320478368469288 91
320478368476250 91
320478368483059 23
320478447620388 66
320478447647678 91
320478447654821 91
320478447661652 23
320478447668286 66
320478447674950 91
320478502741603 14
320478502765012 91
320478502772405 23
320478502779173 66
320478502785970 91
320478569939406 14
320478569971888 91
320478569979010 23
320478569985620 23
320478569992329 14
320478569999190 66
320478570005922 23
320478570012671 66
320478636723345 23
320478636750842 91
320478636758129 23
320478636764856 66
320478636771691 91
320478636778528 23
320478636785206 91
320478636791914 23
320478714839241 23
320478714865264 91
320478714872405 66
320478714879189 91
320478714885924 23
320478770858668 66
320478770887756 91
320478770895937 91
320478770902724 14
320478770909607 23
320478770916326 66
320478837939547 91
320478837966310 91
320478837973403 14
320478837980224 23
320478837986954 66
320478837993777 91
320478916809863 14
320478916834031 23
320478916841132 66
320478916847945 23
320478916854766 66
320478916861494 23
320478916868192 66
