322484092036642 91
322484092070339 23
322484147941577 66
322484147965898 91
322484147973489 91
322484147980401 23
322484215171037 91
322484215199335 66
322484215206637 23
322484215213685 66
322484215220387 91
322484215227144 91
322484215233900 23
322484215240661 23
322484288195043 66
322484288225252 91
322484288232282 23
322484288239242 91
322484288246071 66
322484288252801 23
322484349204873 91
322484349248941 66
322484349256260 23
322484349262902 91
322484349269621 66
322484349276293 23
322484349282945 91
322484349289677 66
322484416250969 23
322484416277543 66
322484416284642 91
322484416291451 23
322484416298278 23
322484416305010 91
322484416311733 66
322484495509934 91
322484495537779 23
322484495544644 91
322484495551340 66
322484495558075 23
322484550347489 91
322484550378870 66
322484550386128 23
322484550393703 91
322484550400524 66
322484550407122 91
322484550413899 14
322484627224535 14
322484627255835 91
322484627263002 23
322484627269966 23
322484627276670 14
322484627283379 66
322484627290035 91
322484627296791 23
322484627303574 23
322484684507087 91
322484684534776 23
322484684542071 14
322484684548856 66
322484684555703 91
322484684562377 23
322484684569144 66
322484684575850 91
322484751483176 23
322484751514203 66
322484751521181 91
322484751528022 23
322484751534759 91
322484828525417 66
322484828554365 23
322484828561679 66
322484828568357 91
322484828575172 23
322484828581886 66
322484828588635 91
322484885520091 23
322484885548572 91
322484885555735 66
322484885562447 23
322484885569224 91
322484885576013 66
322484885582926 91
322484952795200 23
322484952825162 23
322484952832329 66
322484952839107 91
322484952846835 23
322484952854722 91
322484952861570 66
322484952868159 23
322485030610109 91
322485030641440 66
322485030648474 23
322485030655289 91
322485030661965 66
322485030668563 23
322485086841891 91
322485086866908 66
322485086874013 23
322485086880842 91
322485086887651 66
322485086894339 91
322485159241978 14
322485159271608 14
322485159278634 91
322485159285451 23
322485159292089 23
322485159298881 14
322485159306312 66
322485159313099 91
322485159319918 23
322485220969845 23
322485220999191 91
322485221006374 66
322485221013090 23
322485221020046 91
322485221026716 66
322485221033326 23
322485297937067 66
322485297973092 91
322485297980531 23
322485297987292 66
322485297994109 91
322485298001046 23
322485355098614 66
322485355122605 23
322485355131134 66
322485355138092 23
322485355144810 66
322485355151633 91
322485422333934 91
322485422359359 23
322485422366647 66
322485422373351 91
322485422379991 23
322485499771169 91
322485499801237 66
322485499808382 23
322485499815110 66
322485499821797 91
322485499828445 23
322485499835215 66
322485499841853 91
322485556326571 23
322485556359413 66
322485556366560 23
322485556373304 66
322485556380031 91
322485623261625 91
322485623290166 23
322485623297508 66
322485623304307 91
322485623311725 23
322485623318552 66
322485700991019 91
322485701018721 23
322485701026164 66
322485701032975 23
322485701039695 66
322485701046401 91
322485757459100 91
322485757489075 23
322485757496240 66
322485757503045 91
322485757509810 23
322485824565418 66
322485824596011 91
322485824603104 23
322485824609911 66
322485824616563 23
322485824623203 66
322485902954840 91
322485902980267 91
322485902987569 23
322485902995030 66
322485903001959 91
322485967340381 23
322485967370433 66
322485967377733 91
322485967384512 91
322485967391373 23
322485967398111 23
322486025831158 66
322486025858330 91
322486025865507 23
322486025872344 66
322486025879295 91
322486025886086 23
322486025893209 66
322486025899897 91
322486104244833 23
322486104271921 91
322486104279159 66
322486104286022 23
322486104292762 91
322486104299443 66
322486104306706 23
322486159916851 91
322486159960619 66
322486159968004 23
322486159974762 91
322486159981432 66
322486159987962 23
322486227030369 91
322486227059443 66
322486227066797 91
322486227073691 14
322486227080486 91
322486227087125 23
322486293923986 66
322486293955517 91
322486293962589 23
322486293969275 66
322486293975943 91
322486372169317 23
322486372199173 91
322486372206336 14
322486372213201 66
322486372220923 23
322486372227688 66
322486372234330 91
322486372241139 23
322486428227858 66
322486428260060 91
322486428267374 23
322486428274360 66
322486428281205 91
322486428287976 23
322486495244251 66
322486495270117 23
322486495277245 66
322486495283942 23
322486495290618 91
322486495297310 23
322486495303960 66
322486495310622 91
322486580518460 23
322486580551435 91
322486580558308 66
322486580565032 91
322486580571839 23
322486580578624 23
322486580585449 91
322486580592280 66
322486629263688 23
322486629292557 91
322486629300036 66
322486629306871 23
322486629313676 66
322486629320499 91
322486696463099 23
322486696492161 23
322486696499219 91
322486696505978 66
322486696512700 91
322486775426362 91
322486775453523 14
322486775460567 14
322486775467304 23
322486775474124 66
322486775481155 91
322486775487895 23
322486775495519 23
322486830487553 91
322486830515436 66
322486830522515 23
322486830529245 66
322486830535941 91
322486830542785 91
322486830549469 23
322486830556262 23
322486897580000 66
322486897609760 91
322486897616857 23
322486897623537 91
322486897630233 66
322486897636805 23
322486976699391 91
322486976726649 66
322486976733826 23
322486976741037 91
322486976747788 66
322486976754454 23
322486976761253 91
322487031755874 66
322487031782902 23
322487031790121 91
322487031797031 66
322487031803866 91
322487031810753 14
322487108644133 14
322487108671524 91
322487108678727 23
322487108685471 23
322487108692107 14
322487108698806 66
322487108705542 91
322487108712246 23
322487108718943 66
322487165924630 91
322487165959180 23
322487165966568 66
322487165973349 91
322487165980067 91
322487165986773 23
322487232851606 66
322487232880620 91
322487232887602 23
322487232894288 66
322487232901079 91
322487299991324 23
322487300023952 14
322487300031177 91
322487300038236 66
322487300044902 23
322487300051562 66
322487300058329 91
322487300064976 23
322487367145713 66
322487367173128 91
322487367180456 23
322487367187208 66
322487367194230 23
322487367201043 66
322487367207727 91
322487367214482 23
322487434106007 23
322487434131465 66
322487434139271 23
322487434146251 66
322487434153024 91
322487501470041 91
322487501500573 23
322487501507989 66
322487501514718 91
322487501521424 23
322487501528199 66
322487501534966 91
322487568515542 23
322487568542979 91
322487568550256 91
322487568556878 23
322487568563508 23
322487635429310 91
322487635458972 66
322487635466110 23
322487635472949 91
322487635479865 66
322487635486660 91
322487635493302 14
322487702309126 91
322487702335473 14
322487702342666 14
322487702349435 91
322487702356248 23
322487702362996 23
322487702369753 14
322487702376483 91
322487702383248 66
322487769358285 23
322487769386011 66
322487769393152 91
322487769429801 91
322487769437598 23
322487769444360 23
322487769451149 91
322487769457926 66
322487843353008 23
322487843382261 91
322487843389641 66
322487843396599 91
322487843403309 14
322487843410812 91
322487910728981 14
322487910758176 14
322487910765560 91
322487910772389 23
322487910779114 23
322487910785981 14
322487910792766 91
322487910799426 66
322487910806156 23
322487978108962 66
322487978142016 91
322487978149085 91
322487978155956 23
322487978162807 23
322487978169518 91
322487978176282 66
322488045491583 91
322488045520452 23
322488045527923 14
322488045534838 66
322488045541591 91
322488045549027 91
322488045555752 23
322488045562478 23
322488112851231 14
322488112877799 66
322488112885047 91
322488112891864 91
322488112898550 23
322488112905224 14
322488112911908 23
322488112918649 91
322488112925260 66
322488171798541 91
322488171826016 23
322488171833219 14
322488171839972 23
322488171846718 14
322488171853306 66
322488171860037 23
322488171866697 66
322488238854520 91
322488238885942 23
322488238893551 23
322488238900358 66
322488238907165 23
322488238913823 66
322488238920481 91
322488306162735 91
322488306201416 23
322488306208651 66
322488306215570 91
322488306222243 23
322488373001484 23
322488373025711 91
322488373032719 66
322488373039467 23
322488373046290 66
322488373053055 23
322488373059747 66
322488440034695 91
322488440060454 91
322488440067680 23
322488440074446 66
322488440081293 91
322488507102079 23
322488507130729 66
322488507138115 91
322488507144834 23
322488507151620 66
322488507158445 23
322488574241431 66
322488574266780 91
322488574274025 91
322488574280822 23
322488641173655 66
322488641201023 91
322488641208019 91
322488641214768 23
322488641221460 23
322488641228208 91
322488641234842 66
322488641241599 23
322488715050074 91
322488715078424 66
322488715085681 91
322488715092476 91
322488715099754 14
322488782417923 14
322488782447468 91
322488782454592 14
322488782461403 23
322488782468089 91
322488782474840 23
322488782481591 14
322488782488369 91
322488782495114 66
322488849815681 23
322488849846716 66
322488849853779 91
322488849860676 91
322488849867489 23
322488849874163 91
322488917190085 23
322488917219343 14
322488917226455 23
322488917233166 14
322488917239874 66
322488917246546 23
322488917254182 66
322488917260950 23
322488917267799 66
322488984755504 91
322488984796449 23
322488984803719 66
322488984810582 91
322489058318051 91
322489058357480 23
322489058364651 23
322489058371504 66
322489058378122 23
322489058384869 66
322489110792233 91
322489110823989 91
322489110831291 23
322489110838164 91
322489110844922 66
322489177766847 23
322489177795944 66
322489177803101 91
322489177809952 91
322489177817314 23
322489177824020 23
322489177830674 91
322489177837338 66
322489244849101 91
322489244883696 23
322489244891028 91
322489244897998 66
322489244904873 23
322489244911700 91
322489312037549 66
322489312069127 91
322489312076258 14
322489312083177 91
322489312089984 14
322489378946371 14
322489378981131 91
322489378988335 23
322489378995246 66
322489379001924 91
322489379008755 23
322489379015423 14
322489379022679 66
322489379029526 23
322489446006493 66
322489446034512 91
322489446041900 23
322489446048791 23
322489446055453 66
322489446062180 91
322489446068946 23
322489446075560 66
322489513421754 23
322489513446093 66
322489513453276 91
322489513460175 91
322489587245711 23
322489587279110 66
322489587286389 91
322489587293293 23
322489587300087 66
322489587306727 91
322489587313591 91
322489654163890 23
322489654194218 23
322489654201556 91
322489654208300 66
322489654215081 91
322489654221761 23
322489721539556 91
322489721566882 66
322489721574160 23
322489721581063 91
322489721587918 66
322489721594737 91
322489721601520 14
322489788906160 91
322489788934074 14
322489788941054 14
322489788948076 91
322489788954818 23
322489788961410 23
322489788968185 91
322489788974841 14
322489788981810 66
322489856259559 23
322489856288035 66
322489856295333 91
322489856302130 91
322489856308872 23
322489856315639 23
322489856322448 91
322489856329199 66
322489923712858 23
322489923742310 91
322489923749375 66
322489923756127 91
322489923762868 14
322489923769618 91
322489982734507 14
322489982765745 14
322489982773055 91
322489982779876 23
322489982786544 23
322489982793224 14
322489982799918 91
322489982806550 66
322489982813194 23
322490049536510 66
322490049566343 91
322490049573568 91
322490049580333 23
322490049587063 23
322490049593784 91
322490049600589 66
322490116754105 91
322490116780128 23
322490116787299 14
322490116794222 66
322490116800902 91
322490116807609 91
322490116814365 23
322490183725167 14
322490183755174 23
322490183762490 14
322490183769245 66
322490183775959 23
322490183782627 66
322490183789386 23
322490183796028 66
322490183803313 91
322490250766325 23
322490250795355 66
322490250802558 91
322490250809283 91
322490317794035 23
322490317825048 66
322490317832132 91
322490317838917 91
322490317845672 23
322490317852374 23
322490384977035 91
322490385002535 66
322490385009702 91
322490385016545 23
322490385023247 91
322490385030004 66
322490385036702 23
322490451915746 91
322490451971429 66
322490451979096 91
322490451986002 14
322490451993609 91
322490452000489 14
322490525868270 14
322490525898060 91
322490525905288 23
322490525912147 66
322490525919006 91
322490525925761 23
322490525932461 14
322490525939109 66
322490593236821 23
322490593263232 66
322490593270624 91
322490593277502 23
322490593284307 23
322490593291057 66
322490593297665 23
322490660732465 66
322490660769364 91
322490660776450 91
322490660783321 23
322490660790036 66
322490660798045 91
322490728006456 23
322490728035795 66
322490728042908 91
322490728049683 23
322490728056604 66
322490795423017 23
322490795452431 66
322490795459711 91
322490795466483 23
322490862839820 66
322490862871708 91
322490862879020 91
322490862885939 23
322490862892591 66
322490921541289 23
322490921568567 66
322490921575873 91
322490921582657 91
322490988478558 23
322490988504852 66
322490988511828 91
322490988519540 91
322490988526401 23
322490988533196 23
322490988539962 91
322490988546729 66
322491055582899 23
322491055610625 91
322491055617857 66
322491055624686 91
322491055631430 91
322491122712600 14
322491122744076 91
322491122751376 14
322491122758044 14
322491122764809 91
322491122771599 23
322491122778302 23
322491189718195 14
322491189745785 66
322491189753209 23
322491189759950 66
322491189766691 23
322491189774417 66
