322317827181848 91
322317903765164 23
322317903793852 66
322317903800822 91
322317903807563 23
322317903814416 66
322317973834189 91
322317973861167 91
322317973868302 23
322318028495232 66
322318028525967 91
322318028532957 23
322318028539802 66
322318028546454 23
322318028553129 91
322318028559770 23
322318095671142 66
322318095701958 23
322318095709197 91
322318095716232 23
322318095723982 66
322318095730777 23
322318095737590 91
322318162721962 23
322318162756684 66
322318162764040 91
322318162770881 23
322318162777650 23
322318162784630 66
322318162791352 91
322318162798030 23
322318229750456 23
322318229777810 66
322318229784929 23
322318229791621 91
322318229798273 23
322318229805118 66
322318296764326 91
322318296797829 23
322318296805270 23
322318296811934 66
322318296818495 91
322318296825717 23
322318296832498 23
322318363798798 66
322318363826134 91
322318363833426 23
322318363840287 23
322318363847004 66
322318363853780 91
322318363860481 23
322318430831524 23
322318430862089 66
322318430869332 91
322318430876147 23
322318430882996 23
322318430889749 66
322318430896540 23
322318497962474 91
322318497989687 23
322318497997005 66
322318498003820 23
322318498010512 91
322318498017166 23
322318498024412 66
322318576228969 23
322318576260779 91
322318576267927 23
322318576274827 66
322318576281563 23
322318576288280 66
322318632137470 91
322318632163257 91
322318632170398 23
322318632177257 66
322318632184024 91
322318632190740 23
322318710266982 66
322318710297798 23
322318710304865 91
322318710311474 23
322318710318257 66
322318766337580 23
322318766364337 91
322318766371590 23
322318766378361 66
322318766385769 23
322318766392628 66
322318766399425 91
322318838574086 91
322318838603128 23
322318838610260 66
322318838617049 91
322318838623834 23
322318900327354 66
322318900352258 23
322318900359453 91
322318900366545 23
322318900373348 66
322318900380087 23
322318900386775 91
322318967431156 23
322318967464042 66
322318967471450 23
322318967478136 91
322318967484925 23
322318967491688 23
322318967498418 66
322319034621249 91
322319034656078 23
322319034663430 23
322319034670352 66
322319034677062 91
322319034683855 23
322319034690563 23
322319113622461 66
322319113653999 91
322319113661343 23
322319113668250 23
322319113674999 66
322319113681774 91
322319113688442 23
322319168699656 23
322319168727517 66
322319168734724 23
322319168741497 91
322319168748241 23
322319168754954 66
322319168761664 23
322319241487478 23
322319241516908 66
322319241524079 91
322319241530804 91
322319241537572 23
322319314832677 66
322319314863707 91
322319314870898 23
322319314877876 66
322319314884795 91
322319314891592 23
322319314898385 23
322319369884278 66
322319369911691 91
322319369919391 23
322319369926222 23
322319369932886 66
322319369939608 23
322319369946385 91
322319446714357 23
322319446741426 66
322319446748599 23
322319446755508 91
322319446763095 23
322319446769898 66
322319446776623 91
322319503981468 23
322319504006066 23
322319504013251 66
322319504020022 23
322319504026811 91
322319504033523 23
322319571096289 66
322319571132305 23
322319571139604 91
322319571146343 23
322319571153067 66
322319571159800 91
322319571166530 23
322319571173305 23
322319648816498 66
322319648850265 23
322319648857559 91
322319648864438 23
322319648871169 66
322319648879040 91
322319648886054 23
322319705134936 23
322319705162158 66
322319705169377 91
322319705176164 23
322319705183027 23
322319705189828 23
322319705196548 66
322319772322873 91
322319772353323 23
322319772360478 23
322319772367249 66
322319772373977 91
322319772380635 23
322319772387631 23
322319849988336 66
322319850020888 91
322319850028119 23
322319850034767 23
322319850041471 66
322319850048121 23
322319850055737 91
322319906284359 23
322319906312794 66
322319906319870 23
322319906326615 91
322319906333349 23
322319906340142 66
322319906346911 23
322319906353583 91
322319973475304 23
322319973508348 66
322319973515773 91
322319973522656 23
322319973529385 23
322319973536049 66
322320051948341 23
322320051974661 91
322320051981820 23
322320051988488 66
322320051995156 91
322320052001971 23
322320052008645 23
322320107471860 66
322320107501522 91
322320107508612 23
322320107515300 23
322320107521936 66
322320107528582 23
322320107535246 91
322320174510152 23
322320174538991 66
322320174546305 23
322320174553166 91
322320174559810 23
322320174566438 66
322320174573178 23
322320241798762 66
322320241843498 91
322320241850597 91
322320241857321 23
322320319186096 66
322320319211589 91
322320319218976 23
322320319225783 66
322320319232974 91
322320319239754 23
322320319246366 23
322320375749841 66
322320375779219 23
322320375786165 91
322320375792825 23
322320375799622 66
322320375806328 23
322320375813074 91
322320442808009 23
322320442834689 66
322320442841981 91
322320442848723 23
322320442855464 23
322320442862134 66
322320510305871 23
322320510355868 91
322320510363369 23
322320510370100 66
322320510376872 23
322320510383589 91
322320510391128 23
322320576928506 66
322320576953317 23
322320576960526 91
322320576967442 23
322320576974231 66
322320576981030 23
322320576987931 91
322320576994829 23
322320643992170 66
322320644020046 23
322320644027168 91
322320644034056 23
322320644040853 66
322320644047509 23
322320644054267 91
322320722453139 23
322320722479781 66
322320722486988 23
322320722493880 91
322320722500725 23
322320722507286 66
322320778266701 23
322320778308462 91
322320778315396 23
322320778322168 66
322320778328943 23
322320778335615 91
322320778342243 23
322320845329570 66
322320845353969 91
322320845361064 23
322320845367873 23
322320845374605 66
322320845381289 23
322320845387988 91
322320920485416 23
322320920512969 66
322320920519981 23
322320920526728 91
322320920533448 23
322320920540273 23
322320920547000 66
322320920553670 91
322320979303179 23
322320979329291 23
322320979336600 66
322320979343620 91
322320979350639 23
322320979357335 23
322320979363957 66
322321046512044 91
322321046540975 23
322321046547953 23
322321046554664 66
322321046561418 91
322321046568285 23
322321046575110 23
322321113633173 66
322321113662954 23
322321113670203 91
322321113677084 23
322321113683974 66
322321113690636 23
322321113697362 91
322321199226657 23
322321199258958 66
322321199266336 91
322321199273177 23
322321199279996 23
322321199286628 66
322321199293258 23
322321199300012 91
322321247571276 23
322321247596910 66
322321247604671 91
322321247611403 23
322321247618023 23
322321247624669 66
322321314592426 91
322321314621438 23
322321314629504 23
322321314636270 66
322321314642922 23
322321314649526 91
322321314656243 23
322321388647908 23
322321388677670 66
322321388685718 91
322321388692758 23
322321388699481 23
322321388706231 66
322321388713034 91
322321388719753 23
322321448780601 23
322321448807467 66
322321448814722 91
322321448821568 23
322321448828197 23
322321448834916 66
322321515771289 23
322321515801607 91
322321515808776 23
322321515815609 66
322321515822299 23
322321515829180 91
322321515835872 23
322321594951210 66
322321594980091 23
322321594987103 91
322321594994487 23
322321595001373 66
322321595008047 91
322321595014814 23
322321595021484 23
322321650117279 66
322321650152747 23
322321650159816 91
322321650166502 23
322321650173237 66
322321650179911 23
322321650186585 91
322321726832440 23
322321726859708 66
322321726866764 23
322321726873668 91
322321726880298 23
322321726887002 66
322321789545028 91
322321789575108 23
322321789582377 23
322321789589297 66
322321789596550 91
322321789603200 23
322321789609953 23
322321862176474 66
322321862205361 91
322321862212477 23
322321862219397 23
322321862226256 66
322321862233003 23
322321862239741 91
322321918255608 23
322321918286989 66
322321918294158 23
322321918300870 91
322321918307625 23
322321918314374 66
322321918321050 23
322321918327756 91
322321985391292 23
322321985418902 66
322321985426129 23
322321985432993 91
322321985440558 23
322321985447399 66
322322064124864 23
322322064156982 91
322322064164133 23
322322064170920 66
322322064177628 23
322322064184306 91
322322064190950 23
322322119505765 66
322322119531208 23
322322119538443 91
322322119545228 23
322322119551945 66
322322119558695 23
322322119565345 91
322322186508880 23
322322186537356 66
322322186544638 23
322322186551298 91
322322186557894 23
322322186564628 66
322322265596213 23
322322265641705 91
322322265648906 23
322322265655729 66
322322265662631 23
322322265669335 91
322322265676045 23
322322265682639 66
322322320731327 23
322322320758577 91
322322320765758 23
322322320773824 66
322322320780506 91
322322320787233 23
322322320793796 23
322322397245986 66
322322397272578 91
322322397279642 23
322322397286515 23
322322397293187 66
322322397299896 23
322322397306493 91
322322454833392 23
322322454873557 66
322322454880958 23
322322454887895 91
322322454894601 23
322322454901376 66
322322521765972 23
322322521796102 91
322322521803399 23
322322521810283 66
322322521817013 23
322322521823726 91
322322521830446 23
322322597443157 66
322322597494484 23
322322597501737 91
322322597508488 23
322322597515112 66
322322597521921 91
322322597528720 23
322322597535343 23
322322655928591 66
322322655962241 23
322322655969499 91
322322655976310 23
322322655983084 66
322322655989845 91
322322655996561 23
322322722928954 23
322322722960348 66
322322722967657 23
322322722974832 91
322322722981627 23
322322722988571 66
322322800584140 23
322322800620456 91
322322800627677 23
322322800634377 66
322322800641055 23
322322800647764 91
322322800654480 23
322322857162513 66
322322857188291 23
322322857195480 91
322322857203097 23
322322857209832 66
322322857216488 23
322322857223260 91
322322924319155 23
322322924347827 66
322322924355264 23
322322924362028 91
322322924368711 23
322322924375391 66
322322924382143 91
322322924388836 23
322323002508060 23
322323002535583 66
322323002542537 91
322323002549253 23
322323002555928 23
322323002562576 66
322323065634820 23
322323065673075 91
322323065680345 23
322323065687029 66
322323065694652 23
322323065701365 66
322323065708117 91
322323125475620 91
322323125511642 23
322323125518835 66
322323125525551 91
322323125532362 23
322323192519562 66
322323192563739 23
322323192571000 91
322323192577773 23
322323192584427 66
322323269898373 23
322323269929985 91
322323269937378 23
322323269944177 66
322323269951070 23
322323269957887 91
322323269964573 23
322323326778784 66
322323326814506 91
322323326824650 23
322323326831465 23
322323326838358 66
322323326845022 23
322323326851735 91
322323326858455 23
322323395061149 66
322323395091420 91
322323395098727 23
322323395105504 23
322323395112331 66
322323395119134 23
322323395125824 91
322323466335594 23
322323466375263 66
322323466382550 23
322323466389271 91
322323466395887 23
322323466402549 66
322323527914902 23
322323527942988 66
322323527950083 91
322323527957640 91
322323527964477 23
322323594956449 66
322323594990910 91
322323594998381 23
322323595005182 66
322323595011924 91
322323595018579 23
322323595025263 23
322323673127433 66
322323673154351 23
322323673161707 91
322323673168612 23
322323673175405 66
322323673182111 23
322323673188836 91
322323729007086 23
322323729037665 66
322323729044880 23
322323729051723 91
322323729058504 23
322323729065253 66
322323796087384 91
322323796114324 23
322323796121493 23
322323796128421 66
322323796135274 23
322323796142029 91
322323796148803 23
322323863130950 66
322323863163076 91
322323863170237 23
322323863177132 23
322323863184006 66
322323863190756 23
322323863197479 91
322323930219896 23
322323930246976 66
322323930254471 23
322323930261423 91
322323930268198 23
322323930275019 66
322323930281816 23
322323930288568 91
322323997203783 23
322323997235049 66
322323997241961 23
322323997248641 91
322323997255360 23
322323997262078 66
322324064284143 23
322324064313133 91
322324064320424 23
322324064327298 66
322324064333934 23
322324064340628 91
322324064347401 23
322324142240645 66
322324142271425 91
322324142278549 23
322324142285278 23
322324142291898 66
322324142298578 23
322324142305262 91
322324198440695 23
322324198468787 66
322324198476892 91
322324198483757 23
322324198490556 23
322324198497256 66
322324198503950 91
322324265501212 23
322324265530863 23
322324265537934 66
322324265544710 91
322324265551461 23
322324265558199 23
322324265564886 66
322324332488366 23
322324332517235 91
322324332524395 23
322324332531074 66
322324332537792 23
322324332544478 91
322324332551152 23
322324399698188 66
322324399724572 23
322324399732417 91
322324399739701 23
322324399746490 66
322324399753210 23
322324399759884 91
322324466695719 23
322324466723819 66
322324466731137 91
322324466738155 23
322324466744783 23
322324466751431 66
322324545495024 91
322324545523004 23
322324545530268 23
322324545536994 66
322324545543737 23
322324545550463 91
322324545557081 23
322324600843872 66
322324600881957 91
322324600889442 23
322324600896245 23
322324600902877 66
322324600910343 91
322324600917068 23
322324600923728 23
322324677390414 66
322324677419129 91
322324677426316 23
322324677433416 23
322324677440267 66
322324677447205 23
322324677453905 91
322324742468934 23
322324742505815 66
322324742513237 23
322324742519909 91
322324742526640 23
322324742533320 66
322324812754646 91
322324812784929 23
322324812792338 23
322324812799165 66
322324812805942 23
322324812812644 91
322324812819935 23
322324869153590 66
322324869189922 23
322324869197314 91
322324869204066 23
322324869210853 66
322324869217554 91
322324869224266 23
322324936199081 23
322324936230479 66
322324936237742 91
322324936244581 23
322324936251322 23
322324936258086 66
322324936264770 23
322324936271445 91
322325014730920 23
322325014761612 66
322325014768823 23
322325014775525 91
322325014782344 23
322325014789000 66
322325070538469 91
322325070567054 23
322325070574032 23
322325070580686 66
322325070587517 91
322325070594400 23
322325070601175 23
322325137375649 66
322325137411553 91
322325137418832 23
322325137425520 23
322325137432235 66
322325137438903 91
322325137445662 23
322325204416880 23
322325204443543 66
322325204450786 91
322325204457647 23
322325204464305 23
322325204471168 66
322325281961927 23
322325281992230 91
322325281999902 23
322325282006717 66
322325282013493 91
322325282020172 23
322325282026838 23
322325338562523 66
322325338592148 91
322325338599468 23
322325338606335 23
322325338613102 66
322325338619879 23
322325338626577 91
322325338633386 23
322325405550493 66
322325405584099 23
322325405591516 91
322325405598510 23
322325405605318 66
322325405612037 23
322325405618711 91
322325483951750 23
322325483978712 66
322325483986791 23
322325483993662 91
322325484000459 23
322325484007119 66
322325546119509 23
322325546150663 91
322325546157987 23
322325546164663 66
322325546171254 23
322325546178037 91
322325546184762 23
322325606898702 66
322325606926600 23
322325606933990 91
322325606940960 23
322325606947787 66
322325606954582 23
322325606961334 91
322325685222533 23
322325685255194 66
322325685262439 91
322325685269329 23
322325685276902 23
322325685283638 66
322325685290310 91
322325685297063 23
322325741014788 23
322325741043468 66
322325741050705 23
322325741057456 91
322325741064076 23
322325741070734 66
322325808030431 23
322325808063580 91
322325808070854 23
322325808077727 66
322325808084524 23
322325808091455 91
322325808098242 23
322325887162470 66
322325887188265 91
322325887195663 23
322325887202504 23
322325887209203 66
322325887216561 23
322325887223243 91
322325942063918 23
322325942095060 66
322325942101988 91
322325942108700 23
322325942115408 23
322325942121978 66
322325942128618 23
322325942135306 91
322326009257632 23
322326009284423 66
322326009291679 91
322326009298749 23
322326009305478 23
322326009312172 66
322326088475723 91
322326088505429 23
322326088512564 23
322326088519232 66
322326088525866 23
322326088532699 91
322326088540179 23
322326143297581 66
322326143323376 23
322326143330503 66
322326143337362 91
322326143344159 91
322326220376995 23
322326220409086 66
322326220416265 91
322326220423613 23
322326220430321 66
322326277461210 91
322326277489049 23
322326277496343 23
322326277503053 66
322326277509818 23
322326277516591 91
322326277523335 23
322326344503278 66
322326344533026 23
322326344540142 91
322326344546877 23
322326344554227 66
322326344561006 23
322326344567666 91
322326344574430 23
322326411657794 66
322326411704428 23
322326411711758 91
322326411718567 23
322326411725440 66
322326411732203 23
322326411738909 91
322326478721875 23
322326478749891 66
322326478757030 23
322326478763803 91
322326478770477 23
322326478777165 66
322326545739400 23
322326545767772 91
322326545774847 23
322326545781694 66
322326545788338 91
322326545795678 23
322326545802515 23
322326623677895 66
322326623717097 23
322326623725815 91
322326623736735 23
322326623745071 66
322326623752642 23
322326623763277 91
322326679780359 23
322326679807974 66
322326679815353 91
322326679822097 23
322326679828832 23
322326679835538 66
322326679842196 91
322326679849005 23
322326746854769 23
322326746882723 66
322326746889988 91
322326746896819 23
322326746903401 23
322326746910894 66
322326822247064 91
322326822279465 23
322326822286528 23
322326822293266 66
322326822299842 91
322326822306478 23
322326822313075 23
322326881140303 66
322326881166680 23
322326881173901 91
322326881180635 23
322326881187392 66
322326881194151 91
322326881200837 23
322326948030987 23
322326948058967 66
322326948066374 23
322326948073354 66
322326948080094 91
322327027006810 91
322327027040778 23
322327027049003 66
322327027055810 91
322327027062506 23
322327027069214 66
322327082586112 91
322327082631016 23
322327082638212 23
322327082645004 66
322327082651898 23
322327082658558 91
322327082665192 23
322327158851184 66
322327158882650 23
322327158889851 91
322327158896771 23
322327158903457 66
322327158910187 91
322327158916839 23
322327222958170 23
322327222985673 66
322327222993029 23
322327222999981 91
322327223007482 23
322327223014369 66
322327292280648 91
322327292315634 23
322327292322968 23
322327292329751 66
322327292336493 91
322327292343228 23
322327292349747 23
322327360095649 66
322327360127318 23
322327360134645 91
322327360141483 23
322327360148124 66
322327360154770 23
322327360161595 66
322327417703673 91
322327417745285 91
322327417752386 23
322327417759271 66
322327417765893 91
322327484708924 23
322327484739348 66
322327484746527 91
322327484753356 23
322327484760127 23
322327484766843 66
322327562082284 23
322327562108431 91
322327562115876 23
322327562122673 66
322327562129588 23
322327562136441 91
322327562143160 23
322327618745795 66
322327618776356 23
322327618783358 91
322327618790099 23
322327618796789 66
322327618803513 91
322327618810153 23
322327691151575 23
322327691176495 66
322327691183704 91
322327691191097 23
322327691197904 23
322327691204531 66
322327691211204 91
322327752968064 23
322327752997243 23
322327753004424 66
322327753011237 23
322327753017975 66
