312408182990769 91
312408183023669 91
312408249987765 23
312408250004706 23
312408250011955 66
312408250018871 91
312408250025848 23
312408317000416 66
312408317014442 91
312408317021440 23
312408317028191 66
312408317034952 91
312408383987574 23
312408384000407 66
312408384007250 91
312408384014035 23
312408463193751 66
312408463206683 91
312408463213783 23
312408463222042 66
312408518245912 91
312408518259074 23
312408518266104 66
312408518272985 91
312408518279871 23
312408595097347 66
312408595115841 91
312408595123151 23
312408595130016 66
312408657723318 91
312408657737407 23
312408657744383 66
312408657751143 91
312408730466653 23
312408730485712 66
312408730493135 91
312408730499966 23
312408786462004 66
312408786480015 91
312408786487322 23
312408786493997 66
312408786501570 91
312408853590630 23
312408853607179 66
312408853614335 91
312408853621036 23
312408932409905 66
312408932424953 91
312408932432132 23
312408932439114 66
312408932445866 91
312408988019066 23
312408988034525 66
312408988041559 91
312408988048378 23
312409062721423 66
312409062737712 91
312409062744881 23
312409062751660 66
312409121773578 91
312409121788729 23
312409121795590 66
312409121802216 91
312409189222874 23
312409189241247 66
312409189248507 91
312409189255561 23
312409265651910 66
312409265677713 91
312409265684987 23
312409265691945 66
312409265698629 91
312409323074825 23
312409323098229 66
312409323105331 91
312409390040379 23
312409390056731 66
312409390063966 91
312409390070702 23
312409390077471 66
312409465731568 91
312409465762451 23
312409465769471 23
312409465776251 66
312409465782934 91
312409524373097 23
312409524399258 91
312409524439713 23
312409524448552 23
312409524456843 66
312409524465261 91
312409591351522 23
312409591377459 91
312409591384817 23
312409591391614 23
312409591398354 66
312409668895700 91
312409668922928 23
312409668930364 91
312409668937149 14
312409725558801 23
312409725582645 14
312409725589843 66
312409725596641 91
312409725603318 23
312409725610163 23
312409792601106 66
312409792625674 23
312409792632996 66
312409792639888 91
312409792646652 23
312409792653304 91
312409870873868 23
312409870894655 23
312409870901926 66
312409870908627 91
312409933883794 91
312409933905940 23
312409933913200 23
312409933920081 66
312409933926894 91
312409993746740 23
312409993765698 91
312409993772938 66
312409993780002 91
312409993786684 23
312410060805859 14
312410060825437 23
312410060832684 66
312410060840330 91
312410060846982 23
312410127768593 66
312410127785934 91
312410127792874 91
312410127799781 23
312410127806489 14
312410195036191 23
312410195060470 14
312410195067651 66
312410195074351 91
312410195080973 23
312410195087679 91
312410195094390 23
312410274088958 23
312410274107955 66
312410274115349 91
312410274122238 23
312410274128943 91
312410336700113 14
312410336717989 23
312410336725396 14
312410336732752 66
312410336739456 91
312410336746193 23
312410396039302 23
312410396059230 66
312410396066439 23
312410396073283 66
312410396080033 91
312410463219073 23
312410463232843 91
312410463239839 23
312410463246687 23
312410463253429 66
312410463260206 91
312410541324937 91
312410541339850 23
312410541346921 23
312410597243517 14
312410597256825 66
312410597263867 91
312410597270670 23
312410597277372 66
312410597284716 91
312410664341017 91
312410664356369 23
312410664363477 23
312410664370292 66
312410664377081 91
312410731396477 23
312410731410093 91
312410731417065 14
312410731423864 23
312410731430687 14
312410731437524 66
312410798459459 91
312410798477011 23
312410798484311 91
312410798491015 23
312410798497684 23
312410865548947 66
312410865569890 91
312410865577172 23
312410865584118 91
312410865590834 66
312410932658631 91
312410932675774 23
312410932683006 23
312410932689815 14
312410932696630 66
312410932703477 91
312411010506093 23
312411010521614 91
312411010528708 66
312411067040700 91
312411067056983 23
312411067064239 14
312411067070897 23
312411067077611 14
312411067084402 66
312411067091191 91
312411067097927 23
312411133788890 91
312411133804015 23
312411133810956 23
312411133817659 14
312411133824387 66
312411133832954 91
312411200755495 23
312411200769756 91
312411200776742 66
312411200783543 91
312411267943796 23
312411267957647 23
312411267964679 66
312411267971470 91
312411335233709 23
312411335314496 91
312411335325730 14
312411335335194 23
312411335342655 14
312411335349456 66
312411335356146 91
312411335362901 23
312411413793877 23
312411413816037 66
312411413823182 23
312411413829848 66
312411469039243 91
312411469059873 23
312411469067204 91
312411469074084 23
312411545658268 23
312411545675542 66
312411545682802 91
312411545689645 23
312411545696341 91
312411545703031 23
312411545709866 23
312411610646103 66
312411610661951 91
312411610669255 91
312411610676078 23
312411610682833 14
312411680988372 23
312411681004285 14
312411681011501 66
312411681018165 91
312411681025000 23
312411681031666 23
312411737290254 66
312411737306044 23
312411737313229 91
312411737319933 23
312411804510216 66
312411804524968 91
312411804531853 23
312411804538616 91
312411804545300 23
312411804551958 23
312411882957077 66
312411882971017 91
312411882978110 23
312411882984739 91
312411882991432 66
312411938498742 91
312411938512316 23
312411938519342 14
312411938526159 23
312412011460266 14
312412011476332 66
312412011483509 91
312412011490248 23
312412011497149 91
312412011503869 23
312412011510566 23
312412084252177 66
312412084268323 91
312412084275450 23
312412084282307 91
312412084289110 66
312412139719236 91
312412139733584 23
312412139740873 14
312412139747789 23
312412139754556 14
312412216138436 23
312412216152607 91
312412216159633 91
312412216166347 23
312412216173080 14
312412286237640 23
312412286257415 14
312412286264618 66
312412286271449 91
312412286278749 23
312412286285423 91
312412286292117 23
312412286298862 23
312412341196448 66
312412341212057 91
312412341219345 23
312412341226190 91
312412341232957 14
312412408044808 23
312412408063861 14
312412408071293 66
312412408077919 91
312412408084569 23
312412475162947 91
312412475187537 23
312412475194906 23
312412475201710 14
312412475208471 66
312412475215362 91
312412542356705 23
312412542382666 91
312412542390629 66
312412542397482 91
312412542404146 23
312412619443626 23
312412619471901 66
312412619479081 91
312412619486012 23
312412676316735 91
312412676340081 66
312412676347340 91
312412676354004 23
312412676360843 23
312412676367505 14
312412743397285 66
312412743418096 91
312412743425224 23
312412743432067 91
312412743438794 66
312412819412701 91
312412819433076 23
312412819440020 14
312412819446800 23
312412819454197 14
312412819462039 66
312412877507905 91
312412877528814 23
312412877535814 91
312412877542549 23
312412877549330 23
312412877556118 66
312412956748317 91
312412956770142 23
312412956777309 91
312412956783927 66
312413011649866 91
312413011667171 23
312413011674423 14
312413011681318 23
312413011688035 14
312413011694880 66
312413011701592 91
312413088659919 23
312413088681209 91
312413088688629 23
312413088696244 23
312413088703047 66
312413088709804 91
312413146035366 23
312413146052705 91
312413146059835 66
312413212794792 91
312413212809506 23
312413212816462 23
312413212823323 14
312413212830027 66
312413212836736 91
312413279808693 23
312413279822200 91
312413279829196 66
312413279835826 91
312413279842693 23
312413346841833 14
312413346854423 23
312413346861389 14
312413346868105 66
312413346874745 91
312413346882111 23
312413414024981 23
312413414038418 66
312413414045371 23
312413414052162 66
312413414058860 91
312413414065603 23
312413491853278 91
312413491869420 23
312413491876625 23
312413491883744 66
312413491890527 91
312413548152385 23
312413548166079 91
312413548172987 23
312413548179754 66
312413548186506 91
312413615224907 23
312413615238488 91
312413615245516 66
312413690421894 91
312413690436632 23
312413690443745 14
312413690450479 23
312413690457453 14
312413690464187 66
312413690471151 91
312413749283897 23
312413749299705 91
312413749307057 23
312413749313997 23
312413749320659 14
312413816279473 66
312413816293252 91
312413816300348 23
312413816307046 91
312413816313759 66
312413895118851 91
312413895133261 23
312413895140406 23
312413895147116 66
312413895153837 91
312413950518955 14
312413950531641 91
312413950539303 23
312413950546009 23
312413950552631 14
312413950559235 66
312413950565891 91
312414027004055 23
312414027017121 91
312414027024214 23
312414027030934 23
312414027037671 66
312414027044355 91
312414091198826 23
312414091214475 91
312414091221348 14
312414091228059 23
312414151755389 14
312414151769214 66
312414151776381 91
312414151783198 23
312414151790059 91
312414151796748 23
312414151803454 23
312414228284231 66
312414228297808 91
312414228304883 23
312414228311664 91
312414228318412 66
312414285741033 91
312414285753549 23
312414285760507 14
312414285767217 23
312414352952737 14
312414352966718 66
312414352973654 91
312414352980310 23
312414352986988 91
312414352993676 23
312414353000328 23
312414430301337 66
312414430325184 91
312414430332536 23
312414430339391 91
312414430346250 66
312414487022690 23
312414487040196 66
312414487047307 91
312414487054100 23
312414487060786 66
312414559364882 91
312414559382628 91
312414559389899 23
312414559396535 23
312414621227652 66
312414621242114 91
312414621249016 23
312414621255793 91
312414621262545 14
312414688231185 23
312414688244606 14
312414688251727 66
312414688258562 91
312414688265356 23
312414688272256 23
312414755260480 66
312414755277006 23
312414755284071 23
312414755291185 66
312414755297956 91
312414833495670 23
312414833509537 91
312414833516348 23
312414833523081 23
312414833529773 66
312414889424379 23
312414889439974 66
312414889447161 23
312414889453873 23
312414889460565 66
312414889467314 91
312414970434890 91
312414970452790 91
312415023672954 23
312415023705534 23
312415023815847 66
312415023823112 91
312415023829943 23
312415100919484 91
312415100954383 66
312415100962578 23
312415100969612 66
312415157911601 91
312415157935902 23
312415157943284 91
312415157949989 66
312415225025958 23
312415225040865 66
312415225048450 91
312415225055302 23
312415225062046 23
312415225068799 66
312415302696946 91
312415302711000 23
312415302718047 23
312415302724864 66
312415302731596 91
312415302738369 23
312415358891504 91
312415358909289 23
312415358916601 23
312415358923396 66
312415358931891 91
312415426098731 23
312415426123833 91
312415426130935 66
312415426137639 91
312415504094574 23
312415504125981 23
312415504133210 66
312415504139953 91
312415560119371 91
312415560145352 23
312415560152487 14
312415560159259 23
312415560166090 14
312415560172746 66
312415560179429 91
312415627338231 23
312415627369989 91
312415627377278 23
312415627384025 23
312415627390745 66
312415720304342 91
312415720337504 23
312415720344926 91
312415720351958 66
312415761290553 91
312415761308188 23
312415761315371 14
312415761322168 23
312415761328944 14
312415761335753 66
312415761342482 91
312415761349186 23
312415828377861 91
312415828408699 23
312415828415749 23
312415828422492 66
312415828429168 91
312415907341659 23
312415907371897 91
312415907379060 14
312415907385753 23
312415907392441 14
312415907399189 66
312415962665111 91
312415962695744 23
312415962702740 91
312415962709521 23
312416039225841 23
312416039251214 14
312416039258286 66
312416039265115 91
312416039271851 23
312416039278580 91
312416039285481 23
312416096506145 23
312416096524616 66
312416096532037 91
312416096538976 23
312416096545731 91
312416163742649 14
312416163759471 23
312416163766514 14
312416163773337 66
312416163780055 91
312416163786971 23
312416230702380 91
312416230716690 23
312416230723672 23
312416230730505 14
312416230737201 66
312416297717152 23
312416297731902 66
312416297738936 91
312416297745723 23
312416297752486 91
312416297759293 23
312416376454031 23
312416376470881 66
312416376478245 91
312416376485135 23
312416431946623 91
312416431960917 66
312416431967947 91
312416431974720 23
312416508343875 91
312416508359752 23
312416508367037 14
312416508374339 23
312416508381202 14
312416508387830 66
312416508394460 91
312416566004599 23
312416566020761 91
312416566027850 23
312416566034693 23
312416566041480 66
312416566048162 91
312416641259478 23
312416641278458 91
312416641286023 66
312416700218215 91
312416700234170 23
312416700241602 14
312416700248432 23
312416700255238 14
312416700262192 66
312416700268925 91
312416767250719 23
312416767265539 23
312416767272807 66
312416767279594 23
312416767286371 66
312416834230681 91
312416834244583 23
312416834251649 91
312416834258428 23
312416834265130 23
312416834271835 66
312416911613892 91
312416911628371 23
312416911635296 91
312416911642051 23
312416968422506 66
312416968436936 91
312416968444115 23
312416968451059 91
312416968457769 66
312417035432440 91
312417035446319 23
312417035453571 14
312417035460444 23
312417035467633 14
312417035474396 66
312417112926641 91
312417112942658 23
312417112949409 23
312417112956139 66
312417112962848 91
312417169609466 23
312417169622627 91
312417169629583 23
312417169636444 23
312417169643178 66
312417236801802 23
312417236816065 66
312417236823093 91
312417236829921 23
312417236836735 91
312417236843492 66
312417314849784 91
312417314865156 23
312417314872480 23
312417314879271 66
312417370774421 91
312417370789527 23
312417370796702 91
312417370803469 14
312417437888060 23
312417437902917 14
312417437910088 66
312417437916829 91
312417437923525 23
312417437930324 91
312417437937112 23
312417504960974 23
312417504974505 66
312417504981652 91
312417504988465 23
312417582095376 14
312417582108054 66
312417582115366 23
312417582122205 66
312417582128978 91
312417582135819 23
312417639003238 91
312417639016781 23
312417639024859 23
312417639031721 66
312417639038499 91
312417706221100 23
312417706235848 91
312417706242802 23
312417706249518 66
312417706256130 91
312417784080117 23
312417784095550 91
312417784102811 23
312417784109570 14
312417784116258 23
312417840250066 14
312417840265411 66
312417840272616 91
312417840279313 23
312417840286228 91
312417840292920 23
312417840299733 23
312417915179940 66
312417915195447 91
312417915202371 23
312417915209095 91
312417915215846 66
312417974463753 91
312417974477208 23
312417974484443 14
312417974491325 23
312417974498146 14
312417974504812 66
312418041472756 91
312418041485428 23
312418041492543 91
312418041499354 23
312418041506072 23
312418108479379 66
312418108491349 91
312418108498329 23
312418108505301 91
312418108511945 14
312418187321752 23
312418187337086 14
312418187344802 66
312418187351687 91
312418187358376 23
312418187365116 91
312418187371822 23
312418242871280 23
312418242897941 14
312418242905073 66
312418242911830 91
312418242918701 23
312418309814145 91
312418309836647 23
312418309843893 23
312418309850913 66
312418309857730 91
312418376762811 23
312418376778215 14
312418376785354 91
312418376792118 91
312418376798985 23
312418443839229 14
312418443854299 23
312418443862248 66
312418443869329 91
312418443876107 91
312418443882795 23
312418520505646 14
312418520521461 23
312418520528612 14
312418520535414 66
312418520542179 23
312418520548924 66
312418578165972 23
312418578193119 66
