320487031337028 91
320487086782147 23
320487086801811 66
320487086808898 91
320487163257835 91
320487163285302 23
320487163292642 66
320487163299571 91
320487163306425 23
320487233324100 23
320487233353083 66
320487233360483 23
320487233367256 66
320487233373948 91
320487288168527 91
320487288203227 91
320487288210594 23
320487288217217 66
320487355081666 23
320487355107667 66
320487355115004 91
320487355121751 23
320487355128490 66
320487355135288 91
320487422236609 23
320487422267443 23
320487422274861 66
320487422282581 91
320487422289352 23
320487422296010 66
320487422302873 91
320487489410079 23
320487489437361 66
320487489444550 91
320487489451405 23
320487489458125 23
320487566622763 66
320487566649802 23
320487566656933 91
320487566663856 23
320487566670566 91
320487566677285 66
320487623381465 23
320487623409308 91
320487623416453 66
320487623423113 23
320487623429835 66
320487623436483 23
320487690462286 66
320487690493762 91
320487690501089 91
320487766465158 23
320487766494733 91
320487766502185 23
320487766509055 91
320487766515771 66
320487766522483 23
320487825900436 66
320487825927513 91
320487825934822 23
320487825941629 66
320487825948458 23
320487825955263 66
320487903812285 23
320487903843433 66
320487903850533 91
320487958864304 23
320487958894456 66
320487958901770 91
320487958908428 91
320488035712196 91
320488035744260 23
320488035751384 66
320488035758316 91
320488035765153 91
320488092869111 23
320488092899758 91
320488092907034 66
320488092913871 91
320488092920632 14
320488092927529 23
320488159901425 91
320488159933174 66
320488159940591 91
320488159947458 14
320488159954219 23
320488159961030 91
320488159967810 23
320488227113098 23
320488227138499 14
320488227145688 66
320488227152489 91
320488227159288 14
320488227166537 91
320488227173392 23
320488227180197 66
320488294081502 91
320488294109963 14
320488294117172 91
320488294123881 23
320488294130609 66
320488294137396 91
320488361106726 23
320488361131515 91
320488361138624 23
320488361145602 23
320488361152344 14
320488361159099 66
320488361165779 91
320488439066784 14
320488439095566 91
320488439102916 23
320488439109947 66
320488439116788 91
320488439123530 14
320488439130228 91
320488439137110 23
320488495355009 66
320488495381637 91
320488495388913 23
320488495395710 14
320488495402440 66
320488495409223 91
320488495415905 23
320488562328772 66
320488562358403 91
320488562403069 23
320488562413124 66
320488562422234 91
320488637514402 23
320488637542521 23
320488637549640 66
320488637556489 23
320488637563310 91
320488637570054 23
320488696539078 66
320488696567856 91
320488696575882 23
320488696582764 91
320488696589464 23
320488696596154 23
320488696602874 66
320488763710748 23
320488763738702 91
320488763745881 23
320488763752728 23
320488763759440 14
320488763766080 66
320488763772710 91
320488763779604 23
320488842209255 91
320488842241751 66
320488842248893 23
320488842255656 66
320488842262318 91
320488897754577 23
320488897784753 66
320488897792222 91
320488897798979 23
320488897806202 23
320488964946662 66
320488964973386 91
320488964980563 23
320488964987268 91
320488964993960 23
320488965000729 23
320488965007397 66
320488965014071 23
320489040398599 91
320489040429237 66
320489040436343 23
320489040443216 66
320489040449935 91
320489040456627 91
320489098828418 23
320489098858389 91
320489098865735 66
320489098872536 91
320489098879285 14
320489098886054 23
320489166018646 66
320489166049845 91
320489166057148 91
320489166063971 14
320489166070668 23
320489166077440 66
320489166084098 91
320489240777896 91
320489240810034 14
320489240817410 23
320489240824179 66
320489240830889 91
320489311435407 14
320489311468683 91
320489311475840 23
320489311482667 66
320489311489573 91
320489311496335 14
320489311503070 91
320489367210512 23
320489367234045 66
320489367241304 91
320489367248137 23
320489367255694 66
320489367262451 91
320489434190837 91
320489434220172 23
320489434227474 14
320489434234227 23
320489434240895 14
320489434247668 66
320489434254348 91
320489434261072 23
320489501383750 91
320489501409544 23
320489501416717 23
320489501423491 66
320489501430270 91
320489501437172 23
320489568390788 23
320489568421924 14
320489568428865 66
320489568435592 91
320489568442427 23
320489568449165 66
320489568456656 91
320489568463399 91
320489635458914 23
320489635490676 66
320489635498016 91
320489635504826 91
320489635511645 14
320489635518398 23
320489702349774 66
320489702374264 91
320489702381408 91
320489702388286 14
320489702395044 23
320489702401885 66
320489702408638 91
320489780609321 14
320489780640169 91
320489780647304 23
320489780653992 66
320489780660787 91
320489836746133 14
320489836773091 91
320489836780930 23
320489836787700 66
320489836794385 91
320489836801175 23
320489836807896 91
320489909430212 66
320489909458285 91
320489909465635 14
320489909472418 23
320489909479120 66
320489909485806 91
320489970694021 91
320489970721589 23
320489970728667 14
320489970735577 23
320489970742424 14
320489970749112 66
320489970755875 91
320489970762664 23
320490047917973 66
320490047952637 91
320490047959917 23
320490047967186 23
320490104855001 66
320490104886948 91
320490104894276 23
320490104901403 91
320490104908284 66
320490104915149 91
320490171870710 23
320490171897435 66
320490171904733 91
320490171911560 23
320490171918403 91
320490171925220 66
320490249863475 91
320490249895693 14
320490249902601 23
320490249909293 66
320490249915943 91
320490249922629 91
320490249929374 14
320490306088676 23
320490306113128 66
320490306120943 91
320490306127774 14
320490306134486 91
320490306141480 23
320490373317535 66
320490373347563 91
320490373354887 14
320490373361708 91
320490373368309 23
320490373375012 66
320490373381647 91
320490451121465 23
320490451151002 14
320490451158378 66
320490451165231 91
320490451172237 23
320490451178903 91
320490451185507 23
320490451192207 23
320490507317368 66
320490507348351 91
320490507355329 23
320490507362516 23
320490507369247 14
320490507376046 66
320490507382826 91
320490574472249 23
320490574503171 66
320490574510813 91
320490574517642 91
320490574524423 23
320490653059159 66
320490653085690 91
320490653093060 91
320490653099916 14
320490653106592 23
320490653113258 66
320490653119886 91
320490708414332 91
320490708440125 14
320490708447329 23
320490708454143 66
320490708460930 91
320490775593062 14
320490775623358 91
320490775630633 23
320490775637410 66
320490775644271 91
320490775650939 14
320490775657670 91
320490854479317 23
320490854507665 66
320490854514836 91
320490854521772 23
320490854528542 14
320490854535243 66
320490854541991 91
320490909661353 23
320490909689663 91
320490909696804 66
320490909703504 23
320490909710234 66
320490986292405 91
320490986326087 23
320490986333326 23
320490986340145 66
320490986347856 23
320490986354835 91
320491043935397 23
320491043963435 91
320491043970771 66
320491043977488 23
320491043984256 91
320491043991100 66
320491043997766 23
320491111122131 66
320491111148852 23
320491111156385 66
320491111163277 23
320491111169943 66
320491183400561 91
320491183427402 91
320491183434579 91
320491245059504 23
320491245088570 66
320491245095713 91
320491245102524 91
320491245109160 23
320491323626983 91
320491323653667 66
320491323660915 91
320491323667693 14
320491323674450 23
320491323681154 66
320491379102637 91
320491379134237 23
320491379141348 66
320491379148175 91
320491379154956 23
320491455493536 23
320491455520068 91
320491455527373 23
320491455534416 14
320491455541090 23
320491455547778 14
320491455554398 66
320491455561219 91
320491455567941 23
320491455574698 66
320491455581436 91
320491525550894 23
320491525579797 66
320491525586954 91
320491525593596 23
320491583673519 23
320491583700819 66
320491583708048 23
320491583714877 91
320491583721509 23
320491583728183 91
320491583734876 66
320491647508603 23
320491647537142 66
320491647544679 91
320491647551558 23
320491647558235 91
320491647564876 66
320491714415770 23
320491714443426 91
320491714450587 23
320491714457420 14
320491714464182 91
320491714471574 66
320491781589668 23
320491781620487 66
320491781627867 91
320491781634859 91
320491781641627 23
320491848606112 91
320491848630173 66
320491848637583 91
320491848644479 14
320491848651209 23
320491848657881 66
320491848664586 91
320491915588299 91
320491915616852 14
320491915624116 23
320491915631095 66
320491915638063 91
320491982718834 14
320491982744181 91
320491982751487 23
320491982758273 66
320491982765666 91
320491982772589 14
320491982779334 91
320491982786211 23
320492060024450 66
320492060053050 91
320492060060521 14
320492060067195 91
320492060073941 23
320492060080720 23
320492116865384 14
320492116891081 66
320492116898416 91
320492116905362 23
320492116912145 91
320492116918815 23
320492116925465 23
320492116932181 91
320492116938876 66
320492184002088 91
320492184033439 14
320492184040600 23
320492184047872 91
320492184054596 14
320492262055520 23
320492262084322 14
320492262091336 66
320492262097954 91
320492262104886 23
320492262111538 91
320492262118318 66
320492318005271 23
320492318026842 66
320492318034109 91
320492318041131 23
320492318048049 66
320492318054902 91
320492385162498 23
320492385186246 66
320492385193523 91
320492385200419 23
320492385207326 23
320492452220314 66
320492452251383 23
320492452259399 66
320492452266192 91
320492452272874 23
320492452279620 91
320492452286508 23
320492452293200 23
320492529259753 66
320492529286530 91
320492529294057 23
320492529300904 23
320492529307480 91
320492529314299 66
320492586298090 23
320492586327563 91
320492586334661 66
320492586341388 23
320492586348112 66
320492653320749 23
320492653346287 91
320492653353687 23
320492653360371 91
320492653367082 23
320492653374414 23
320492653382572 66
320492739877702 23
320492739909538 91
320492739916769 66
320492739923536 23
320492739930293 66
320492739937023 91
320492739944047 91
320492787449449 23
320492787473876 66
320492787481130 91
320492787487993 23
320492787494635 66
320492866548875 91
320492866580780 23
320492866588174 23
320492866595206 14
320492866601914 66
320492866608609 23
320492866615335 66
320492921610177 91
320492921636085 23
320492921643540 23
320492921650449 66
320492921657297 23
320492921664385 66
320492921671164 91
320492988666752 91
320492988691769 23
320492988699260 66
320493055832868 23
320493055864587 66
320493055871909 91
320493055878585 23
320493134496601 66
320493134525776 91
320493134533049 91
320493134539834 23
320493134546549 66
320493134553384 91
320493190175726 91
320493190210144 23
320493190217434 91
320493190224913 66
320493265235231 91
320493265263410 23
320493265270742 66
320493265277458 91
320493265284104 23
320493323981681 66
320493324019053 91
320493324026356 23
320493324033141 23
320493324039837 14
320493324046773 66
320493324053723 23
320493391582353 66
320493391632568 91
320493391640008 23
320493391646934 23
320493391653775 66
320493391660495 23
320493391667302 66
320493467651188 91
320493467678701 91
320493467686739 91
320493467693634 23
320493525244110 91
320493525270541 23
320493525277881 91
320493525284652 66
320493525291465 91
320493525298296 14
320493592291303 23
320493592319655 91
320493592326659 66
320493592333568 91
320493592340265 14
320493592347144 23
320493659597021 66
320493659637124 91
320493659644420 91
320493659651176 14
320493659657969 23
320493659664639 23
320493726380346 14
320493726405055 66
320493726447854 23
320493726458052 66
320493726466816 23
320493726474369 66
320493726481152 91
320493793399241 23
320493793424182 66
320493793431387 91
320493793438312 91
320493871007805 23
320493871038070 66
320493871045329 91
320493871052214 91
320493871058909 23
320493927658109 91
320493927688617 66
320493927696084 23
320493927702887 66
320493927709868 91
320493927716653 23
320493994600947 91
320493994627577 23
320493994635370 23
320493994642231 66
320493994648964 91
320493994655640 23
320494068933499 66
320494068958880 91
320494068966029 91
320494068972956 14
320494068979803 23
320494068986520 66
320494068993186 91
320494128890587 14
320494128920956 91
320494128928248 23
320494128935053 66
320494128941737 91
320494195879603 14
320494195905324 23
320494195912893 66
320494195919593 23
320494195926300 66
320494195932986 23
320494195940606 91
320494274191648 23
320494274222171 66
320494274229201 91
320494274236056 23
320494274242732 66
320494274249529 91
320494329994932 91
320494330023230 23
320494330030596 66
320494330037530 91
320494330044246 91
320494397083807 23
320494397112360 91
320494397119586 66
320494397126389 91
320494397133129 14
320494397139930 23
320494476127906 91
320494476156216 23
320494476163332 14
320494476170111 23
320494476177636 14
320494476184562 66
320494476191268 91
320494476198022 23
320494476204646 91
320494476211367 23
320494537109649 23
320494537138574 66
320494537145649 23
320494537152401 91
320494537159160 66
320494537166142 23
320494598495322 66
320494598538837 91
320494598546094 91
320494598552923 23
320494598559758 66
320494665301868 91
320494665324554 23
320494665331761 66
320494665338463 23
320494665345119 66
320494743426174 91
320494743459350 23
320494743466511 91
320494743473463 23
320494743480531 23
320494743487262 66
320494743493962 91
320494799355396 23
320494799382606 66
320494799389939 91
320494799396799 23
320494799403604 66
320494866440915 23
320494866471029 66
320494866478152 23
320494866484856 66
320494866491591 23
320494866498327 66
320494866505086 91
320494940147101 91
320494940179241 91
320494940186522 23
320494940194229 66
320495000554531 91
320495000584785 91
320495000592097 23
320495000599033 23
320495000605769 66
320495000612484 91
320495000619283 23
320495067645957 91
320495067674194 66
320495067681424 23
320495067688194 91
320495067694927 66
320495067701701 91
320495134689133 14
320495134714041 14
320495134721206 23
320495134728061 66
320495134734866 23
320495212591835 66
320495212622251 23
320495212629388 66
