318489489706479 91
318489489744075 23
318489489751399 66
318489568723263 91
318489568754353 91
318489568761562 23
318489624077302 66
318489624103254 91
318489624110578 23
318489624117425 23
318489624124216 66
318489624130932 91
318489624137681 23
318489699083740 66
318489699110843 91
318489699117885 23
318489699124644 66
318489699131360 23
318489769997113 23
318489770023506 66
318489770030621 91
318489825042466 23
318489825066604 91
318489825074008 23
318489825080777 91
318489825087520 66
318489825094280 23
318489901866285 66
318489901890850 91
318489901898154 91
318489901905089 23
318489901912646 23
318489901919286 66
318489901925979 91
318489959382938 23
318489959412849 91
318489959420161 23
318489959426911 66
318490026320339 91
318490026347344 23
318490026354583 66
318490026361382 91
318490026368110 91
318490026375372 23
318490099865554 23
318490099894741 14
318490099901936 66
318490099908741 91
318490099915447 23
318490099922101 14
318490099928866 66
318490099935552 91
318490160579738 23
318490160605220 23
318490160612366 91
318490160661097 23
318490160672591 91
318490160683089 66
318490227468753 91
318490227498956 23
318490227506231 14
318490227512954 23
318490227519656 14
318490227526408 66
318490227533187 91
318490227540461 23
318490305158730 23
318490305187116 66
318490305194297 23
318490305201142 66
318490305207876 91
318490305214625 23
318490361733834 66
318490361763111 91
318490361770156 91
318490361776924 23
318490361783862 23
318490361790614 91
318490361797391 66
318490428732972 91
318490428759979 23
318490428767158 23
318490428773852 91
318490428780687 66
318490507040852 91
318490507065080 23
318490507072259 14
318490507079814 23
318490507086537 14
318490507093199 66
318490507099873 91
318490562971341 23
318490562999626 23
318490563006745 66
318490563013421 23
318490563020101 91
318490563026810 23
318490630110189 66
318490630139291 91
318490630146670 23
318490630153595 66
318490630160559 91
318490630167336 91
318490696920380 23
318490696950095 23
318490696957451 91
318490696964218 66
318490696970926 91
318490696977852 23
318490764086649 23
318490764113999 14
318490764121110 66
318490764127742 91
318490764134412 23
318490764141170 14
318490764147849 66
318490764154609 91
318490831190282 23
318490831217824 66
318490831225059 91
318490831231902 91
318490831238616 23
318490904957654 23
318490904986360 91
318490904993776 66
318490905000595 91
318490905007429 23
318490905014306 14
318490972349321 23
318490972377995 14
318490972385299 66
318490972392774 91
318490972399735 23
318490972406556 91
318490972413466 23
318491039952554 66
318491039990265 91
318491039997195 23
318491040004160 66
318491040010829 91
318491040017474 91
318491107163683 23
318491107200397 14
318491107208057 66
318491107215127 91
318491107221858 91
318491107228554 23
318491107235218 14
318491107241934 23
318491174445100 66
318491174473917 91
318491174480989 23
318491174487762 66
318491174495197 91
318491241875338 91
318491241911647 23
318491241918720 14
318491241925595 23
318491241932352 14
318491241939106 66
318491241945766 91
318491241952523 23
318491300654833 23
318491300684947 91
318491300692190 66
318491300698999 23
318491300705722 66
318491300712366 91
318491367704999 91
318491367746548 23
318491367754445 91
318491367761218 66
318491367767938 23
318491367774540 91
318491434736733 66
318491434769605 14
318491434776885 91
318491434783621 23
318491501825049 91
318491501853747 23
318491501861099 14
318491501867946 23
318491501874843 14
318491501881672 66
318491501888455 23
318491501895119 66
318491501901822 91
318491569063774 23
318491569094323 91
318491569101554 23
318491569108260 23
318491569114822 91
318491569121524 66
318491635911835 91
318491635944031 23
318491635951572 23
318491635958451 66
318491635966154 91
318491703700945 91
318491703727039 23
318491703734208 14
318491703740966 23
318491703747632 14
318491703754536 66
318491703761149 91
318491703767878 23
318491776675656 23
318491776706144 66
318491776713285 91
318491776720156 23
318491776726870 66
318491776733593 23
318491844090347 66
318491844117721 91
318491844125107 23
318491844131858 66
318491844138649 91
318491911422828 23
318491911449689 66
318491911457508 91
318491911464345 91
318491978806250 23
318491978832218 91
318491978839544 23
318491978846480 66
318491978853194 91
318491978859830 23
318492046186287 91
318492046214228 66
318492046221409 91
318492046228184 23
318492046234858 66
318492046241528 91
318492105382026 23
318492105409451 91
318492105416616 66
318492105423429 23
318492105430141 91
318492105436781 66
318492172287288 91
318492172314795 14
318492172322664 14
318492172329473 91
318492172336062 23
318492249135156 66
318492249163110 91
318492249170179 23
318492249177082 66
318492249183722 91
318492306858144 91
318492306904304 23
318492306911624 14
318492306918686 23
318492306925519 14
318492306932497 66
318492306939205 91
318492306945942 23
318492373540184 23
318492373564743 66
318492373571904 23
318492373578616 66
318492373585330 91
318492373591898 23
318492373599415 66
318492449128562 91
318492449157859 91
318492449165153 23
318492449171956 66
318492449178686 91
318492507643487 91
318492507672187 23
318492507679474 23
318492507686261 66
318492507693028 91
318492586448821 91
318492586481210 23
318492586488321 23
318492586495047 66
318492586501731 91
318492641934462 91
318492641959326 23
318492641966489 14
318492641973332 23
318492641980113 14
318492641986893 66
318492641994515 91
318492642001376 23
318492718337225 91
318492718368502 23
318492718375649 23
318492718382635 91
318492718389250 66
318492718395890 91
318492775989360 23
318492776018611 23
318492776025695 14
318492776032522 66
318492776039189 91
318492776046056 23
318492776052690 14
318492776059352 66
318492843022100 91
318492843054978 23
318492843062344 66
318492843069298 91
318492843076014 91
318492843082696 23
318492910069745 23
318492910098345 66
318492910105699 91
318492910112476 23
318492910119266 91
318492910125969 14
318492977150788 23
318492977181031 14
318492977188085 66
318492977194870 91
318492977201679 23
318492977208425 66
318492977215143 91
318492977221999 23
318493044304994 91
318493044335004 66
318493044342229 91
318493044349066 23
318493044355810 23
318493121767495 91
318493121806999 66
318493121815517 91
318493121824261 23
318493121833273 14
318493121842546 66
318493121851089 91
318493178340503 23
318493178369380 14
318493178376589 66
318493178383443 91
318493178390201 23
318493178396815 23
318493248296333 66
318493248318884 91
318493248325936 23
318493248332854 91
318493248339570 23
318493248346361 66
318493320207832 91
318493320243827 23
318493320251173 23
318493320257876 14
318493320264731 66
318493320271443 91
318493320279385 23
318493379663118 23
318493379693289 91
318493379700399 66
318493379707359 23
318493379714254 66
318493446754397 23
318493446783473 66
318493446790720 91
318493446797622 23
318493446804403 91
318493446811258 66
318493524892110 23
318493524917815 66
318493524925097 91
318493524931823 23
318493524938710 66
318493524945389 91
318493580653545 23
318493580677558 66
318493580684966 23
318493580691725 66
318493580699188 91
318493647818249 91
318493647850453 91
318493647857755 23
318493647864745 23
318493647871518 66
318493647878248 91
318493720933489 23
318493720962605 66
318493720969838 91
318493720976653 23
318493720983370 91
318493720990203 66
318493782011110 23
318493782044183 91
318493782051368 66
318493782058060 91
318493849060523 91
318493849091949 14
318493849099106 14
318493849105910 23
318493849112570 91
318493928085633 23
318493928112346 14
318493928119760 66
318493928126479 91
318493928133054 23
318493928139706 66
318493928146322 91
318493928153006 23
318493983096143 91
318493983127933 66
318493983135256 91
318493983142001 23
318493983148953 23
318494060010815 91
318494060037236 66
318494060044385 91
318494060051272 23
318494060057916 23
318494060064591 14
318494060071558 66
318494060078422 91
318494117423771 23
318494117456291 14
318494117463488 66
318494117508870 91
318494117517543 23
318494117526949 23
318494184340135 66
318494184365900 91
318494184373308 23
318494184380024 91
318494184386801 66
318494261304966 23
318494261333448 66
318494261340895 91
318494261347790 23
318494261354452 66
318494261361263 91
318494261367927 23
318494318345884 66
318494318370726 91
318494318377774 91
318494318384410 23
318494318391152 23
318494385619935 91
318494385650656 66
318494385657813 91
318494385664528 23
318494385671202 23
318494385677906 14
318494385684612 66
318494385691379 91
318494463254079 23
318494463282710 14
318494463289893 66
318494463296650 23
318494463303445 66
318494463310153 91
318494519671464 23
318494519695294 66
318494519702308 91
318494519709083 23
318494519715821 66
318494519722507 91
318494592021088 91
318494592050862 23
318494592058639 23
318494592065445 66
318494592072158 91
318494659504679 91
318494659535853 23
318494659543010 23
318494659549927 66
318494659556647 91
318494659563304 23
318494726779780 23
318494726805987 91
318494726813205 66
318494726819965 23
318494726826641 66
318494726833372 91
318494726840062 23
318494794155478 66
318494794183542 91
318494794190707 91
318494794197431 23
318494794204140 23
318494794210854 91
318494861657337 66
318494861691874 23
318494861699117 91
318494861705997 66
318494861712824 91
318494928927065 14
318494928957217 14
318494928964398 91
318494928971141 23
318494928977847 66
318494928984471 91
318494996290638 23
318494996317276 66
318494996324475 91
318494996331272 23
318494996337922 91
318494996344570 14
318495069370189 23
318495069402198 14
318495069409369 66
318495069416164 91
318495069423073 23
318495069430912 23
318495069437816 91
318495069444568 66
318495131243995 23
318495131275302 66
318495131282861 23
318495131289704 66
318495131296430 23
318495190345136 66
318495190371188 91
318495190378601 91
318495190385693 91
318495190392347 23
318495257354249 23
318495257382522 91
318495257389631 66
318495257396538 91
318495257403452 23
318495330519870 23
318495330552615 91
318495330559768 23
318495330566535 23
318495330575074 14
318495330581884 66
318495330588665 91
318495398477492 23
318495398506285 14
318495398513739 66
318495398520496 91
318495398527251 23
318495398534001 66
318495398540903 91
318495465898236 91
318495465923218 23
318495465930327 23
318495465937287 66
318495465944064 91
318495465950860 23
318495465957659 23
318495533222118 91
318495533251606 66
318495533258634 91
318495533265435 23
318495533272256 23
318495533280584 14
318495533287346 66
318495533294024 91
318495600664758 23
318495600689572 91
318495600696886 14
318495600703703 23
318495600710520 14
318495600717322 66
318495668055644 91
318495668085215 23
318495668092468 23
318495668099100 66
318495668105889 91
318495668112619 23
318495668119380 91
318495668126044 66
318495726909459 23
318495726936763 66
318495726944142 91
318495726950952 23
318495793861040 66
318495793894648 91
318495793901907 23
318495793908612 91
318495793915278 66
318495860880122 91
318495860909723 23
318495860917409 23
318495860924160 66
318495860930890 91
318495860937653 23
318495860944425 91
318495860951160 66
318495927993175 23
318495928019695 91
318495928027023 66
318495928033874 91
318495995088012 23
318495995114125 14
318495995121477 66
318495995128292 91
318495995134977 91
318495995141840 23
318495995149484 23
318495995156220 14
318496062236570 66
318496062276253 91
318496062283323 23
318496062290084 14
318496062296708 66
318496062303326 91
318496062310002 23
318496136272944 66
318496136306096 91
318496136313472 91
318496136320224 23
318496136327062 23
318496196307429 66
318496196338220 91
318496196345307 23
318496196352196 91
318496196358911 66
318496196365643 23
318496196372368 91
318496270192050 66
318496270217930 91
318496270225232 23
318496270232228 14
318496270238983 66
318496270245842 91
318496337663622 91
318496337693674 23
318496337700891 14
318496337707779 23
318496337714597 14
318496337721374 66
318496337728145 91
318496404942422 23
318496404966830 23
318496404974029 66
318496404980993 23
318496404987778 66
318496404994754 23
318496472328671 91
318496472359750 91
318496472366853 23
318496472373706 23
318496472381289 66
318496539711302 91
318496539738520 23
318496539745610 23
318496539752441 91
318496539759357 66
318496539766057 23
318496539772794 91
318496539779520 66
318496607076951 23
318496607106787 91
318496607114033 23
318496607120979 14
318496665637933 66
318496665662578 91
318496665669948 23
318496665676928 91
318496665683608 23
318496665690298 23
318496665697065 91
318496665703655 66
318496732712772 91
318496732742942 23
318496732750264 14
318496732756983 23
318496732763824 14
318496732770522 66
318496732777423 91
318496732784152 23
318496799907866 23
318496799934160 66
318496799941323 23
318496799948108 66
318496799954792 91
318496799961549 23
318496867138101 91
318496867169623 23
318496867176739 23
318496867183393 66
318496867190074 91
318496933885617 91
318496933914156 23
318496933921393 23
318496933928474 91
318496933935796 66
318496933942512 91
318496933949162 23
318497000939538 14
318497000969149 23
318497000976047 14
318497000982757 66
318497000989389 91
318497000996057 23
318497001002731 66
318497001009373 91
318497068111086 23
318497068141284 66
318497068148425 91
318497068155465 23
318497068162248 91
318497068168952 66
318497148241777 23
318497148275729 66
318497148282804 91
318497148289601 23
318497209304103 23
318497209334316 66
318497209341440 91
318497209348157 23
318497209354943 91
318497209361809 66
318497209368581 91
318497276755709 23
318497276786046 66
318497276793161 91
318497276800042 23
318497276806954 91
318497276813776 66
318497344458936 23
318497344491321 91
318497344498613 66
318497344505527 91
318497412690042 23
318497412717282 14
318497412724487 66
318497412731175 91
318497412737940 91
318497412744638 23
318497412752230 14
318497478814054 23
318497478843609 14
318497478850717 66
318497478857587 23
318497478864267 66
318497478871011 91
318497478877685 23
318497478884382 91
318497478891040 66
318497537634098 23
318497537665023 66
318497537672351 91
318497537679118 23
318497537685754 91
318497604580479 23
318497604605496 23
318497604612836 91
318497604619496 66
318497604626162 91
318497604632991 23
318497671650001 23
318497671676123 91
318497671683290 66
318497671690199 91
318497671696990 23
318497738719948 23
318497738749195 14
318497738756208 66
318497738762924 91
318497738769548 23
318497738776250 14
318497738783037 66
318497738789703 91
318497805853052 23
318497805879199 91
318497805886449 66
318497805893143 23
318497805899807 66
318497872744599 23
318497872770658 66
318497872777896 23
318497872784731 66
