312445012503274 91
312445074682063 91
312445074702605 23
312445074710049 66
312445074716822 91
312445074723643 23
312445135707223 66
312445135723351 91
312445135730467 23
312445135737268 66
312445135743960 91
312445213793076 23
312445213806436 66
312445213813279 91
312445213819925 23
312445269700364 66
312445269715367 91
312445269722188 23
312445336881659 66
312445336897906 91
312445336905048 23
312445336911916 66
312445336918859 91
312445415758656 23
312445415775514 23
312445415782655 66
312445415789367 91
312445415796136 23
312445470879370 91
312445470895552 66
312445470902635 91
312445470909502 23
312445470916253 23
312445538049024 91
312445538074581 23
312445538082029 23
312445538088842 66
312445538095683 91
312445617105840 91
312445617135111 23
312445617142372 14
312445617149294 23
312445617156197 14
312445617162988 66
312445617169793 91
312445672294592 23
312445672323540 91
312445672330998 23
312445672337791 23
312445672344531 66
312445672351497 91
312445748993252 91
312445749026715 23
312445749033935 14
312445749040727 23
312445749048327 14
312445806425283 66
312445806499924 91
312445806507616 23
312445806514449 91
312445806521225 23
312445806527984 23
312445873520014 66
312445873546559 91
312445873553799 91
312445873560686 23
312445873567406 14
312445940520196 23
312445940545927 14
312445940553198 66
312445940560200 91
312445940567005 23
312445940573895 91
312445940580758 66
312446007597633 91
312446007625237 23
312446007632470 91
312446007639754 23
312446074655037 23
312446074678233 14
312446074685543 66
312446074692402 91
312446074699227 23
312446074705990 91
312446074712797 66
312446152237907 23
312446152268679 23
312446152275774 14
312446152282633 66
312446208683530 91
312446208711574 23
312446208718532 23
312446208725240 66
312446208731952 91
312446275809941 23
312446275836905 66
312446275844012 91
312446275850845 91
312446275857519 23
312446350900432 23
312446350932179 91
312446350939519 66
312446350946239 91
312446350953099 23
312446418174290 23
312446418203973 14
312446418211080 66
312446418217746 91
312446418224438 91
312446418231082 23
312446485770751 14
312446485799357 23
312446485806745 14
312446485813558 66
312446485820288 91
312446485827135 23
312446544211227 91
312446544237855 23
312446544245062 23
312446544251895 66
312446544258620 91
312446611500290 91
312446611527926 23
312446611535296 14
312446611542219 23
312446611549076 14
312446611555879 66
312446611562694 91
312446678123960 23
312446678152769 66
312446678160113 91
312446678166924 91
312446678173652 23
312446745623476 23
312446745652894 66
312446745660115 91
312446745667067 91
312446812327067 23
312446812356310 14
312446812363520 23
312446812370809 14
312446812377608 66
312446812384341 91
312446812392093 23
312446879281478 91
312446879310972 66
312446879318463 23
312446879325310 66
312446946599963 23
312446946636944 91
312446946644202 23
312446946650974 66
312446946657715 91
312447020546822 23
312447020575303 66
312447020582529 91
312447020589227 23
312447020595935 66
312447087756083 23
312447087783926 66
312447087791104 23
312447147545111 66
312447147573457 91
312447147580594 91
312447214754231 23
312447214780853 66
312447214788083 91
312447281855217 91
312447281892514 23
312447281899651 23
312447281906406 66
312447281913279 91
312447348800546 91
312447348826154 23
312447348833168 23
312447348839943 66
312447348846756 91
312447423865151 23
312447423892314 66
312447423899630 91
312447423906503 23
312447489927552 91
312447489954170 66
312447489961345 91
312447489968387 23
312447489975096 14
312447489981885 91
312447489989263 66
312447559402886 91
312447559431244 23
312447559438369 23
312447559445139 14
312447559451830 66
312447617020131 91
312447617047323 91
312447617054411 23
312447617061355 14
312447617068136 23
312447684107814 14
312447684136578 66
312447684143976 91
312447684150703 23
312447684157598 91
312447684164298 23
312447684171051 23
312447751227380 66
312447751257520 91
312447751264878 23
312447751271550 14
312447751278999 66
312447818295999 91
312447818323629 23
312447818331627 91
312447818338476 66
312447892106085 23
312447892138923 66
312447892146198 91
312447892152848 23
312447892159488 66
312447892166169 91
312447952316495 23
312447952348327 91
312447952355479 66
312448030327574 91
312448030362065 23
312448030369192 23
312448030375993 23
312448030382747 66
312448030389484 91
312448030396237 23
312448086521549 66
312448086546381 91
312448086553712 23
312448086560513 66
312448086567276 91
312448153582888 23
312448153611520 91
312448153618661 66
312448153625618 91
312448232514892 23
312448232551087 91
312448232558479 66
312448232565146 23
312448232571816 66
312448287696168 91
312448287720507 23
312448287727992 91
312448287734807 23
312448287741431 23
312448354863358 66
312448354893527 91
312448354900843 23
312448354907597 91
312448354915016 66
312448422020817 23
312448422047202 14
312448422054502 66
312448422061598 91
312448422068293 23
312448499520327 23
312448499548278 66
312448499555578 91
312448499562401 23
312448499569329 91
312448499575973 23
312448499582711 23
312448556488876 66
312448556513509 91
312448556520791 91
312448556527672 23
312448622971533 14
312448622997548 23
312448623004936 14
312448623012020 66
312448623018934 91
312448623026360 23
312448690132729 91
312448690161906 66
312448690170445 91
312448690177266 23
312448690184016 23
312448757251588 91
312448757279539 66
312448757286952 91
312448757293670 23
312448757300389 23
312448757307077 14
312448824281293 66
312448824306392 91
312448824313545 23
312448824320225 66
312448824327000 91
312448902787642 23
312448902817911 91
312448902825207 66
312448902831945 91
312448958336448 23
312448958363410 14
312448958370786 66
312448958377766 91
312448958384521 91
312449025481408 23
312449025502514 14
312449025509488 23
312449025516253 14
312449025522953 66
312449025529742 23
312449092469947 66
312449092492534 23
312449092499790 91
312449092506591 23
312449092513458 66
312449159502693 91
312449159529205 23
312449159536370 23
312449159543124 66
312449159549982 91
312449226510234 23
312449226538568 91
312449226546569 66
312449226553644 91
312449226560330 23
312449293672299 23
312449293694168 66
312449293701466 91
312449293708152 91
312449371967812 23
312449371990214 23
312449371997443 66
312449372004212 91
312449372010951 91
312449427717789 23
312449427736973 14
312449427744116 23
312449427750838 14
312449427757508 66
312449427764237 91
312449427771033 23
312449494890326 91
312449494906501 66
312449494913589 91
312449494920881 23
312449494927698 23
312449568939819 66
312449568958035 91
312449568965910 91
312449568972751 23
312449568979588 14
312449628951392 23
312449628968872 14
312449628975920 66
312449628982717 91
312449628989447 23
312449628996240 91
312449629002896 66
312449696005001 91
312449696024858 23
312449696032353 23
312449696039530 66
312449696046263 91
312449775197296 91
312449775227050 23
312449775234123 14
312449830237779 23
312449830265325 14
312449830272586 66
312449830279466 91
312449830286180 23
312449830292882 91
312449830299564 66
312449907103898 91
312449907133302 23
312449907140510 23
312449907147397 91
312449907154152 66
312449969753943 91
312449969781679 23
312449969789031 23
312449969795838 14
312449969802496 66
312449969809309 91
312450042475273 91
312450042499624 23
312450042506813 14
312450042513664 23
312450042520980 14
312450098524392 66
312450098548928 91
312450098556141 23
312450098562988 66
312450098569755 91
312450165543916 91
312450165573176 23
312450165580489 23
312450165587506 66
312450165594272 91
312450165601057 23
312450244442789 23
312450244467919 66
312450244475056 91
312450244481856 23
312450244488714 91
312450244495452 66
312450299670820 91
312450299694680 23
312450299701899 23
312450299708678 66
312450299716139 91
312450366713501 91
312450366737180 23
312450366744355 23
312450366751393 14
312450366758082 66
312450366764653 91
312450433737419 23
312450433764828 66
312450433772083 91
312450433778745 23
312450500971383 91
312450500995183 66
312450501002336 91
312450501009066 23
312450501015682 14
312450574777731 66
312450574800441 91
312450574807976 91
312450574815065 23
312450574821777 23
312450574828634 14
312450642174606 66
312450642204250 91
312450642211652 23
312450642218419 66
312450642225047 91
312450709550634 23
312450709580539 91
312450709588008 66
312450709594797 91
312450776930985 23
312450776956239 14
312450776963678 91
312450776970493 66
312450776977354 91
312450844333333 23
312450844363918 14
312450844371270 23
312450844378252 14
312450844385075 66
312450844391878 23
312450911800892 91
312450911832100 23
312450911840814 66
312450911847744 91
312450911854418 23
312450970357268 91
312450970382281 66
312450970389468 91
312450970396116 23
312450970402842 23
312451037378681 66
312451037407210 91
312451037414504 91
312451037421210 23
312451104533761 14
312451104558202 23
312451104565548 14
312451104572345 66
312451104578963 91
312451104585623 23
312451104592305 91
312451171484213 23
312451171507276 23
312451171514349 91
312451171521904 66
312451238580679 91
312451238604199 23
312451238611417 14
312451238618393 23
312451238625083 14
312451238631854 66
312451238638660 91
312451238645202 23
312451305527102 91
312451305552441 66
312451305559733 91
312451305566413 23
312451305573169 23
312451372736596 91
312451372758489 66
312451372765622 91
312451372772590 23
312451446513231 14
312451446536498 23
312451446543655 14
312451446550651 66
312451446558329 91
312451446564890 23
312451446571498 91
312451514901020 66
312451514922998 91
312451514930278 23
312451514937173 66
312451581257995 91
312451581282133 23
312451581289189 23
312451581295976 66
312451581302552 91
312451581309188 23
312451648677399 91
312451648701054 66
312451648708301 91
312451648715082 23
312451648721698 23
312451715999010 66
312451716023077 91
312451716030441 91
312451716037353 23
312451716044476 23
312451785021166 14
312451785050381 66
312451785057608 91
312451785064598 23
312451785071570 91
312451785078303 66
312451842249537 91
312451842277399 23
312451842284714 23
312451842291749 14
312451842298527 66
312451842305218 91
312451909216560 91
312451909246946 23
312451909254247 14
312451909261131 23
312451976253462 14
312451976282200 66
312451976289502 91
312451976296420 23
312451976303269 91
312451976310705 23
312452043363058 91
312452043394570 23
312452043401831 14
312452043408885 23
312452043415664 14
312452043422427 66
312452043429199 91
312452110469907 23
312452110500953 91
312452110508311 23
312452110514985 23
312452110521788 66
312452110528538 91
312452185632548 91
312452185666428 23
312452185673675 14
312452185680492 23
312452185687166 66
312452185693893 91
312452252996256 23
312452253021711 91
312452253029689 66
312452311733700 91
312452311764758 23
312452311771961 14
312452311778673 23
312452311785436 14
312452311792154 66
312452311798935 91
312452378751875 23
312452378781456 91
312452378788899 23
312452378795639 23
312452378802349 91
312452378808997 66
312452445697369 91
312452445729094 23
312452445736498 23
312452445743263 14
312452445750006 66
312452445756686 91
312452512810271 91
312452512839208 23
312452512847104 14
312452512853983 23
312452512860804 14
312452580556895 66
312452580588545 91
312452580595706 23
312452580602481 91
312452580609105 66
312452653122169 91
312452653157193 23
312452653164473 23
312452653171262 66
312452653178129 91
312452714604793 23
312452714630962 14
312452714638421 66
312452714646342 91
312452714653121 23
312452714659968 91
312452714666682 23
312452782410997 23
312452782437977 66
312452782445856 91
312452782452659 23
312452855135399 23
312452855159549 14
312452855167053 66
312452855173806 91
312452855180635 23
312452855187484 91
312452855194253 23
312452922503720 23
312452922528774 66
312452922535935 91
312452989891339 91
312452989916987 23
312452989924037 23
312452989930776 14
312452989937593 66
312452989944448 91
312452989951090 23
312453057257094 66
312453057286236 91
312453057293675 23
312453057301071 91
312453057307677 66
312453124815797 91
312453124856520 23
312453124865982 14
312453124874557 91
312453124882967 66
312453183566846 91
312453183592883 23
312453183600249 23
312453183606913 14
312453183613639 66
312453183620376 91
312453250736287 91
312453250762869 23
312453250770145 14
312453250809793 23
312453250819607 14
312453317511059 66
312453317540733 91
312453317548185 23
312453317555002 66
312453317562439 91
312453384796039 91
312453384818974 23
312453384826203 23
312453384832956 66
312453384839654 91
312453451650748 91
312453451677674 23
312453451684859 14
312453451691796 23
312453451698555 91
312453451705470 14
312453518766402 23
312453518792752 14
312453518800000 66
312453518806776 91
312453518813471 23
312453518820109 91
312453518826706 23
312453585857612 23
312453585887272 14
312453585894674 66
312453585902352 23
312453585909157 66
312453652991466 91
312453653016560 23
312453653023958 91
312453653030891 23
312453653037799 23
312453653044459 66
312453726957988 91
312453727001879 91
312453727009197 23
312453727016012 23
312453794299088 66
312453794326949 91
312453794334322 91
312453794341193 23
312453794347913 14
312453861635198 23
312453861661738 14
312453861669037 66
312453861675794 91
312453861682718 23
312453861689881 91
312453861696625 23
312453929000609 23
312453929023729 66
312453929030997 91
312453929037754 91
312453996391878 23
312453996417581 23
312453996424619 14
312453996431428 66
312453996438100 91
312453996444791 23
312454063781216 66
312454063805585 91
312454063813092 23
312454063819972 66
312454063826724 91
312454122481193 91
312454122548272 23
312454122555831 14
312454122562618 66
312454189490817 23
312454189519332 66
312454189526666 91
312454189533424 23
312454189540149 91
312454189546933 23
312454256527606 23
312454256552541 66
312454256559772 23
312454256566424 66
312454323540678 91
312454323565542 23
312454323572735 91
312454323579466 23
312454323586343 23
312454390648427 66
312454390675170 23
312454390682439 91
312454390689268 23
312454457709531 14
312454457736010 66
312454457743123 91
312454457750157 23
312454457757594 91
312454457764332 23
312454524776054 91
312454524804754 23
312454524812102 14
312454524819090 23
312454524825754 14
312454524832457 66
312454524839235 91
312454598595856 23
312454598622673 91
312454598629967 23
312454598636695 91
312454598643404 23
312454598650072 14
312454665994008 23
312454666023708 14
312454666030822 66
312454666037523 91
312454666044380 23
312454666051165 91
312454734069040 23
312454734097503 23
312454734104702 66
312454734111573 91
312454800727124 91
312454800753094 23
312454800760601 23
312454800767440 14
312454800774136 66
312454800780839 91
312454868112986 23
312454868141810 14
312454868149018 66
312454868155802 23
312454868162615 66
312454868169255 23
312454935522364 66
