322452493381068 91
322452493412984 23
322452560536141 91
322452560569270 23
322452560576554 23
322452560583359 66
322452560590021 91
322452560596707 23
322452560603383 66
322452560610051 91
322452627519338 23
322452627544894 66
322452627552104 91
322452627558910 23
322452627565554 66
322452627572325 91
322452706174869 23
322452706205286 91
322452706212934 66
322452706219850 23
322452706226660 91
322452706233467 66
322452761816454 23
322452761845162 91
322452761852346 66
322452761859901 23
322452761866780 91
322452761873515 66
322452834955657 23
322452834987567 91
322452834994650 66
322452835001382 23
322452835008032 91
322452835014833 66
322452835021674 23
322452895826788 91
322452895855446 66
322452895862828 23
322452895869596 91
322452895876458 66
322452895883140 23
322452895889971 91
322452973527327 66
322452973558032 23
322452973565459 91
322452973572195 66
322452973578873 23
322452973586207 91
322452973593111 66
322453029951169 23
322453029977970 91
322453029985579 66
322453029992431 23
322453029999243 91
322453030005976 66
322453097018511 23
322453097049170 91
322453097056279 66
322453097063031 23
322453097069681 91
322453097076452 66
322453175395568 23
322453175423107 91
322453175430278 66
322453175437216 23
322453175444079 91
322453175451029 66
322453175457743 23
322453231218281 91
322453231247083 66
322453231254260 23
322453231260950 91
322453231267785 66
322453231274449 23
322453298267781 91
322453298293606 66
322453298300799 23
322453298307576 91
322453298314288 66
322453298321093 23
322453298327773 91
322453298334484 66
322453365238943 23
322453365272521 91
322453365279517 66
322453365286179 91
322453365292809 23
322453442787628 23
322453442821558 66
322453442828862 91
322453442835695 23
322453442843144 66
322453442849778 91
322453442856363 23
322453499462193 66
322453499489728 91
322453499496857 23
322453499503640 91
322453499510350 66
322453566508432 91
322453566535515 23
322453566542696 23
322453566549560 14
322453566556570 66
322453566563423 91
322453566570111 23
322453566576896 23
322453633582624 91
322453633612060 66
322453633619233 23
322453633626018 66
322453633632778 91
322453633639448 23
322453633646698 66
322453633653444 91
322453700813968 23
322453700851294 91
322453700858469 66
322453700865197 23
322453700871910 91
322453700878660 66
322453779957153 23
322453779985077 91
322453779992171 66
322453779998990 23
322453780005743 91
322453780012443 66
322453780019149 23
322453834666552 66
322453834696417 91
322453834703532 23
322453834710240 91
322453834717224 66
322453834724009 23
322453911871793 91
322453911900453 66
322453911907624 23
322453911914242 91
322453911920880 66
322453911927582 23
322453968934415 91
322453968959299 66
322453968966549 23
322453968973261 91
322453968979913 66
322453968986553 23
322453968993266 91
322454035816008 66
322454035844497 23
322454035851670 91
322454035858460 66
322454035865308 23
322454035872018 91
322454035878680 66
322454102970254 23
322454103010597 91
322454103017887 66
322454103025317 23
322454103032160 91
322454103038985 66
322454170167082 23
322454170199393 91
322454170206481 66
322454170213182 23
322454170219934 91
322454170226711 66
322454170233369 23
322454249153998 91
322454249182527 66
322454249189855 23
322454249196688 66
322454249203420 23
322454249210181 91
322454304136222 23
322454304166885 66
322454304173926 91
322454304180698 23
322454304187433 66
322454304194179 91
322454304201568 23
322454381076597 66
322454381107355 23
322454381114568 66
322454381121395 91
322454381128106 23
322454381134780 66
322454381141402 91
322454445170271 23
322454445204810 66
322454445211849 23
322454445218643 66
322454445225404 91
322454511840389 91
322454511871016 23
322454511878089 66
322454511884700 91
322454511891447 23
322454511898097 66
322454572459617 91
322454572489268 23
322454572496759 66
322454572504169 91
322454572511010 23
322454572517749 66
322454639595718 91
322454639633117 23
322454639640471 91
322454639647252 66
322454639654129 23
322454706577483 66
322454706607937 23
322454706615283 91
322454706622047 23
322454706628894 66
322454706635749 91
322454706642452 23
322454706649156 66
322454706655808 91
322454784305263 23
322454784335249 66
322454784342587 23
322454784349601 66
322454784356353 91
322454840791990 91
322454840819493 23
322454840826813 23
322454840833680 66
322454840840412 91
322454840847121 23
322454907737865 66
322454907762975 91
322454907770281 23
322454907776933 66
322454907783603 91
322454907790351 23
322454985622798 91
322454985649304 66
322454985656754 23
322454985663577 91
322454985670382 66
322454985677167 23
322455041859785 91
322455041884100 66
322455041891191 23
322455041897976 91
322455041905223 66
322455041911958 23
322455041918801 91
322455041925688 66
322455109014368 23
322455109075360 91
322455109082684 66
322455109089648 23
322455109096413 91
322455109103175 66
322455187607485 91
322455187637728 23
322455187644974 23
322455187651676 66
322455187658563 91
322455187665201 23
322455243120352 66
322455243146960 91
322455243154147 23
322455243161072 66
322455243167889 91
322455243174610 23
322455243181962 66
322455315532717 91
322455315562205 23
322455315569332 91
322455315576087 66
322455315582825 23
322455388865747 91
322455388891916 66
322455388899355 23
322455388906027 91
322455388912723 66
322455388919353 23
322455388926200 91
322455388933029 66
322455444326075 23
322455444358281 91
322455444365641 66
322455444372490 23
322455444379283 91
322455444386128 66
322455520839205 23
322455520870147 91
322455520878680 66
322455520885407 91
322455520892071 23
322455520898725 23
322455578502761 14
322455578537539 66
322455578544578 91
322455578551449 23
322455578558276 23
322455578565133 91
322455578571882 66
322455578578695 23
322455578585393 66
322455645541077 91
322455645570360 23
322455645577650 66
322455645584378 91
322455645591235 23
322455712584021 91
322455712615803 66
322455712623099 91
322455712629797 23
322455712637042 23
322455712643789 14
322455712650455 66
322455712657117 91
322455787899934 23
322455787933049 23
322455787940401 66
322455787947443 91
322455787954108 23
322455787960840 66
322455787967558 91
322455846608216 23
322455846639688 66
322455846647108 91
322455846653879 23
322455846660565 91
322455846667485 66
322455913704284 23
322455913738391 91
322455913745520 66
322455913752294 23
322455913758932 91
322455913766359 66
322455913773176 23
322455997739057 91
322455997777667 66
322455997784754 23
322455997791637 91
322455997798257 66
322455997804999 23
322456060021635 91
322456060050924 66
322456060058206 23
322456060065208 91
322456060072087 66
322456060078782 23
322456060085488 91
322456114891731 66
322456114916391 23
322456114923697 91
322456114930305 66
322456114937021 23
322456114943748 91
322456114950446 66
322456182007620 23
322456182042206 66
322456182049372 23
322456182056145 66
322456182062847 23
322456182069443 66
322456182076190 91
322456255426404 91
322456255458103 23
322456255465204 91
322456255471966 66
322456316316256 23
322456316343723 91
322456316351031 66
322456316357755 23
322456316364624 91
322456316371252 66
322456316377920 23
322456393273715 91
322456393300753 66
322456393308226 23
322456393315133 91
322456393322787 66
322456393329626 23
322456393336379 91
322456457050524 66
322456457080599 23
322456457087855 91
322456457094541 66
322456457101223 23
322456457107920 91
322456517291319 66
322456517316386 23
322456517323623 91
322456517330338 66
322456517337128 23
322456517343865 91
322456517350473 66
322456584257472 23
322456584288003 91
322456584294945 66
322456584301691 23
322456584308522 91
322456584315247 66
322456584322860 23
322456651544757 91
322456651572120 66
322456651579486 23
322456651586361 91
322456651593178 66
322456651599834 23
322456718542005 91
322456718573786 66
322456718580879 23
322456718588044 91
322456718594728 66
322456718601334 23
322456718607962 91
322456718614624 66
322456796494353 23
322456796523405 91
322456796530549 66
322456796537415 23
322456796544012 91
322456796550582 66
322456852975916 23
322456853006443 23
322456853013487 66
322456853020324 91
322456853026968 23
322456853033856 23
322456853040552 66
322456853047339 91
322456919682525 23
322456919712824 66
322456919719887 91
322456919726637 23
322456919733426 23
322456919740132 66
322456919746764 91
322456994503015 23
322456994533945 23
322456994541092 66
322456994548167 91
322456994554907 91
322457053792681 23
322457053819918 66
322457053827178 91
322457053834761 23
322457053842164 91
322457053848826 66
322457120802524 23
322457120829414 91
322457120836677 66
322457120843559 91
322457120850325 23
322457120856973 23
322457120863698 91
322457120870406 66
322457199794563 23
322457199823332 91
322457199830515 66
322457199837342 91
322457255013599 91
322457255044857 14
322457255052189 14
322457255059036 91
322457255065714 23
322457255072471 23
322457255079258 14
322457255086535 66
322457255093407 91
322457255100077 23
322457331645298 66
322457331676376 91
322457331683768 23
322457331690567 66
322457331697356 23
322457331704088 66
322457389132486 23
322457389172644 91
322457389179813 91
322457389186642 23
322457389193318 23
322457389200050 66
322457389206692 91
322457456252222 23
322457456275897 66
322457456282897 23
322457456289752 66
322457456296497 23
322457456303263 66
322457523251555 91
322457523279320 91
322457523286531 23
322457523293328 66
322457523299986 91
322457590250655 23
322457590278717 66
322457590285806 23
322457590292705 66
322457590299404 91
322457590306273 91
322457668956913 23
322457668980397 66
322457668987832 23
322457668994594 66
322457669001389 91
322457724733836 91
322457724771606 23
322457724780803 91
322457724789116 23
322457724796953 66
322457724805172 91
322457810131050 23
322457810164483 91
322457810171763 66
322457810178431 23
322457810185099 91
322457810191896 66
322457858567035 91
322457858596146 91
322457858603327 14
322457858609999 14
322457858616745 23
322457858623404 91
322457925583048 23
322457925608389 14
322457925615612 66
322457925622520 23
322457925629184 91
322457925635960 23
322457925642626 66
322457925649279 91
322457925656043 23
322457992695556 91
322457992726441 66
322457992734774 23
322457992741654 66
322457992748452 91
322457992755133 23
322458059829571 23
322458059861351 91
322458059868779 66
322458059875576 23
322458059882355 66
322458059888985 91
322458059895773 23
322458059902419 66
322458138157294 91
322458138181812 23
322458138188943 66
322458138195778 91
322458138202583 23
322458138209374 23
322458201535409 66
322458201567434 91
322458201574737 23
322458201582210 23
322458201588967 66
322458201595802 23
322458201602663 66
322458201609379 91
322458268444110 23
322458268470853 66
322458268478297 91
322458268485161 91
322458268491972 23
322458268498714 23
322458328187284 66
322458328213799 91
322458328221224 23
322458328228091 91
322458328234797 66
322458328241493 23
322458328248246 91
322458328254894 66
322458395324358 91
322458395348874 91
322458395356116 14
322458395363745 14
322458395370516 91
322458395377218 23
322458462181799 23
322458462211983 14
322458462219102 66
322458462226049 91
322458462232788 23
322458462239472 66
322458462246265 91
322458541444456 23
322458541474435 91
322458541481725 66
322458541488590 23
322458541495293 66
322458541501987 91
322458541508661 91
322458541515309 23
322458596387510 23
322458596414177 91
322458596421555 66
322458596428356 23
322458596435605 91
322458596442382 66
322458671405205 91
322458671435816 14
322458671442983 14
322458671449717 91
322458671456486 23
322458671463285 66
322458671470345 91
322458742710715 23
322458742738037 66
322458742745389 91
322458742752204 23
322458742758943 91
322458742765625 14
322458742772369 23
322458797558585 14
322458797589031 66
322458797596210 23
322458797602945 91
322458797609742 23
322458797616430 66
322458797623876 23
322458797630545 66
322458797637229 23
322458874605676 66
322458874634018 91
322458874641169 91
322458874647849 23
322458874654481 66
322458874661097 91
322458931573254 23
322458931604458 91
322458931611462 66
322458931618176 23
322458931625035 91
322458931631667 66
322458998817881 91
322458998846235 23
322458998853579 23
322458998860383 66
322458998867019 91
322458998873657 91
322459076578418 23
322459076607016 23
322459076614092 91
322459076620821 66
322459076627569 91
322459076634262 23
322459076641032 14
322459139539914 66
322459139568787 91
322459139576071 23
322459139582830 14
322459139589556 66
322459139596246 91
322459139602933 23
322459139609619 91
322459139616408 23
322459212043225 23
322459212070889 91
322459212078030 66
322459212084887 91
322459212091702 23
322459212098368 14
322459212105068 66
322459212112624 91
322459266985477 23
322459267022464 14
322459267029657 66
322459267036514 23
322459267043358 66
322459267050162 91
322459267056953 23
322459343792017 66
322459343819098 91
322459343826382 91
322459343833243 23
322459343839959 66
322459343846625 91
322459401074934 23
322459401102486 91
322459401109860 23
322459401116789 66
322459401123566 91
322459468149813 23
322459468185276 14
322459468192910 66
322459468200616 23
322459468207429 66
322459468214095 91
322459468220914 23
322459468227596 66
322459468234419 91
322459535148457 23
322459535173920 66
322459535181075 91
322459535187828 23
322459535194516 91
322459535201287 23
322459602276705 66
322459602306763 91
322459602313970 23
322459602320686 91
322459602327984 66
322459602334837 23
322459602341662 91
322459602348413 66
322459669329013 91
322459669357307 91
322459669365113 14
322459669371864 14
322459669378540 91
322459669385303 23
322459747048731 23
322459747075104 14
322459747082418 66
322459747089227 91
322459747095987 23
322459747102702 66
322459747109336 91
322459803505485 23
322459803532631 66
322459803539826 91
322459803546624 23
322459803553538 91
322459803560150 66
322459803566900 23
322459870534454 66
322459870564876 91
322459870571743 23
322459870578550 23
322459870586920 91
322459870593938 66
322459870600781 23
322459937680128 66
322459937723156 91
322459937730765 23
322459937737835 66
322459937744638 91
322459937751413 91
322459937758154 23
322460004527619 66
322460004553218 23
322460004560372 66
322460004567260 23
322460004573970 66
322460004580650 23
322460004587353 66
