314338310293803 91
314338389694181 91
314338389729112 23
314338389737128 23
314338389744032 66
314338389750714 91
314338389757386 23
314338444643862 23
314338444670255 66
314338444677492 91
314338444684412 23
314338444691208 66
314338511565021 91
314338511585423 23
314338511592477 23
314338511599224 66
314338511605878 91
314338590912290 23
314338590930168 23
314338590937425 66
314338590944204 91
314338590950894 23
314338590958536 66
314338645675937 91
314338645697981 23
314338645705343 23
314338645712125 66
314338645718781 91
314338722790824 23
314338722811973 23
314338722819216 66
314338722826128 91
314338722832961 23
314338779736915 66
314338779751881 91
314338779758804 23
314338779765732 23
314338779772547 66
314338846837208 91
314338846853778 23
314338846860670 66
314338846867283 91
314338846874139 23
314338924085775 23
314338924105059 66
314338924112383 91
314338924119166 23
314338924125832 66
314338980941921 91
314338980958856 23
314338980966083 23
314338980972808 66
314338980979506 91
314338980986261 23
314339048011131 23
314339048028323 66
314339048035760 91
314339048042599 23
314339048049271 66
314339126070678 91
314339126090641 23
314339126097793 23
314339126104948 66
314339126111699 91
314339189907214 23
314339189938388 23
314339189947095 66
314339189953997 91
314339189960735 23
314339189967520 66
314339249318599 91
314339249344556 23
314339249351922 23
314339249358712 66
314339249365527 91
314339316545939 23
314339316572405 23
314339316579547 66
314339316586541 91
314339316593352 23
314339393325135 66
314339393351447 23
314339393358831 66
314339393365672 91
314339450461445 91
314339450482992 23
314339450490161 66
314339450496996 91
314339517436180 23
314339517454249 91
314339517461269 23
314339595249540 66
314339595269402 91
314339595276700 23
314339595283619 66
314339595290513 91
314339651673739 23
314339651692245 66
314339651699519 91
314339651706265 23
314339726354416 66
314339726369955 91
314339726376913 23
314339726383553 23
314339726390195 66
314339785746703 23
314339785760009 66
314339785767019 91
314339785773896 23
314339785780592 23
314339852814145 66
314339852827892 23
314339852834892 66
314339852841737 91
314339919849860 91
314339919864086 23
314339919871168 66
314339919878007 91
314339998494278 23
314339998512402 91
314339998519937 23
314339998526798 23
314340054075138 66
314340054090675 91
314340054098033 23
314340054105047 91
314340054111661 23
314340054118413 23
314340129258631 14
314340129274743 66
314340129281940 91
314340129288817 23
314340129296606 23
314340129303354 66
314340188130515 23
314340188145784 23
314340188152738 66
314340188159567 23
314340188166346 66
314340188172998 91
314340255115371 91
314340255128627 23
314340331672158 23
314340331687473 91
314340331694821 66
314340331701600 23
314340331708272 66
314340331715005 91
314340389371754 23
314340389387232 66
314340389394451 91
314340389401242 23
314340456360831 66
314340456376338 91
314340456384181 23
314340456391082 66
314340456397817 91
314340523467546 23
314340523483033 23
314340523490212 66
314340523497234 23
314340523504079 66
314340590594245 91
314340590608887 91
314340657561459 23
314340657575564 66
314340657582491 91
314340657589166 23
314340657595872 91
314340657602488 23
314340734917758 23
314340734933301 66
314340734940603 91
314340734947428 23
314340734954323 66
314340734961027 91
314340791902388 23
314340791917009 66
314340791924134 91
314340791930903 23
314340858806304 23
314340858819552 23
314340858826399 66
314340858833025 91
314340858839656 23
314340932931075 91
314340932946515 23
314340932953787 23
314340932960690 66
314340932967439 23
314340992858778 66
314340992872428 91
314340992879289 23
314340992885969 23
314340992892648 66
314341059947848 23
314341059962206 66
314341059969256 23
314341059976480 91
314341059983283 23
314341138182287 66
314341138197733 23
314341138204820 66
314341138211468 91
314341194026880 91
314341194042885 23
314341194050201 66
314341194057079 91
314341261114148 23
314341261129610 91
314341261136845 23
314341261143747 23
314341261150526 66
314341261157320 91
314341340130193 23
314341340146088 66
314341340153088 91
314341340159941 23
314341401109915 66
314341401124576 91
314341401132071 23
314341401138804 66
314341401145391 91
314341462625041 23
314341462640416 23
314341462647469 66
314341462654390 23
314341462661282 66
314341529383057 23
314341529396870 66
314341529403944 91
314341607355724 91
314341607370364 23
314341607377410 66
314341607384293 91
314341663552972 23
314341663568169 66
314341663575378 91
314341663582137 23
314341663589000 66
314341730729027 91
314341730760099 23
314341730767877 66
314341730774739 91
314341804028198 23
314341804052656 66
314341804059855 91
314341804066650 23
314341804073346 23
314341864916402 66
314341864943324 23
314341864950602 66
314341864957489 91
314341931842839 91
314341931864167 23
314341931871459 66
314342010715079 23
314342010746072 66
314342010753546 91
314342010760410 91
314342066082000 23
314342066101337 66
314342066108443 91
314342142528912 23
314342142549678 66
314342142557054 91
314342142563825 23
314342142570654 23
314342142577342 66
314342200102390 23
314342200121497 66
314342200128676 91
314342200135499 91
314342267107496 23
314342267125453 66
314342267132761 91
314342267139481 23
314342334196861 23
314342334212032 66
314342334219315 23
314342334226058 66
314342401274973 91
314342401288343 91
314342401295228 23
314342479857355 66
314342479880996 91
314342479888702 23
314342479895517 23
314342479902157 66
314342535321746 23
314342535336689 66
314342535343810 91
314342535350631 91
314342602523699 23
314342602540004 66
314342602547371 91
314342602554049 23
314342669557691 66
314342669573083 91
314342669580147 23
314342669587024 66
314342669593809 91
314342736558675 23
314342736574047 66
314342736580900 91
314342736587571 23
314342813034773 66
314342813053353 23
314342813061598 66
314342813069821 91
314342883085727 91
314342883104293 23
314342883111380 66
314342883118116 91
314342883125066 23
314342937838938 66
314342937857537 91
314342937864764 23
314342937871625 66
314343014960176 91
314343014978205 23
314343014985722 66
314343014992925 91
314343014999543 23
314343077944785 66
314343077959908 91
314343077967149 23
314343077973877 66
314343077980531 91
314343150345149 23
314343150363290 66
314343150370711 91
314343150377588 23
314343206015152 23
314343206030286 66
314343206037254 23
314343206044053 66
314343206050800 91
314343273019208 91
314343273034662 23
314343352324668 66
314343352353859 91
314343352361124 23
314343352368004 23
314343352374692 66
314343407233020 23
314343407251731 66
314343407258935 91
314343407265751 91
314343474447066 23
314343474464794 66
314343474472146 91
314343474479812 23
314343541630850 91
314343541646447 23
314343541653546 23
314343541660244 66
314343541666968 91
314343541673753 23
314343619504818 66
314343619521757 91
314343619529173 23
314343619535968 66
314343675493345 91
314343675508320 23
314343675515242 23
314343675521900 66
314343675528678 91
314343675535453 23
314343742561768 91
314343742578510 66
314343742585679 91
314343742592532 23
314343742599245 23
314343821488498 23
314343821508865 14
314343821516347 66
314343821523239 91
314343821530132 23
314343821536889 23
314343876830525 66
314343876852619 23
314343876859832 66
314343876866651 23
314343876873367 91
314343943811386 91
314343943831342 23
314343943838658 23
314343943845556 66
314343943852338 91
314344010848081 23
314344010866947 66
314344010873985 91
314344010880687 23
314344010887337 66
314344010894030 91
314344088717626 23
314344088734818 66
314344088741849 91
314344088748690 23
314344145058932 66
314344145075519 91
314344145082903 23
314344145089652 66
314344145096326 91
314344212047691 23
314344212063329 66
314344212070550 91
314344212077246 23
314344288796331 66
314344288821573 91
314344288828571 23
314344288835382 23
314344288842163 66
314344346180488 23
314344346202361 66
314344346209645 91
314344346216377 91
314344413427708 23
314344413456728 66
314344413464080 91
314344413510024 23
314344492066194 91
314344492097255 23
314344492104499 23
314344492111314 66
314344492118151 91
314344547382271 23
314344547402112 23
314344547409346 66
314344547416237 91
314344547422975 23
314344547429680 91
314344623877082 66
314344623895904 91
314344623903099 23
314344623909912 23
314344623916773 66
314344681556187 23
314344681572599 66
314344681580675 23
314344681587508 66
314344681594156 91
314344748548943 91
314344748562933 23
314344748569955 66
314344748576677 91
314344815554479 23
314344815568878 66
314344815575675 91
314344815582415 23
314344882565278 66
314344882578890 91
314344882585860 23
314344882592574 66
314344882599351 91
314344961178075 23
314344961194646 66
314344961202344 91
314344961209115 23
314345016836734 66
314345016851544 91
314345016858772 23
314345016865526 23
314345016872313 66
314345083810777 23
314345083824169 66
314345083831308 91
314345083837980 91
314345157701352 23
314345157716923 66
314345157724257 91
314345157731020 23
314345217935145 23
314345217950966 66
314345217958133 23
314345217964978 66
314345217971692 91
314345294389361 91
314345294404743 23
314345364428841 66
314345364445543 91
314345364452927 23
314345364459798 91
314345364466947 23
314345364473623 23
314345419120995 66
314345419136747 23
314345419143956 66
314345419150755 23
314345496308606 66
314345496323161 91
314345553429428 91
314345553444852 23
314345553452123 66
314345553459015 91
314345553465604 23
314345620612513 66
314345620625807 91
314345620632745 23
314345620639489 66
314345620646167 91
314345687395599 23
314345687409518 66
314345687416504 91
314345687423239 23
314345754446412 66
314345754459129 91
314345754466171 23
314345754472811 66
314345754479481 91
314345833610578 23
314345833626135 23
314345833633424 66
314345833640274 23
314345833647000 66
314345888583236 91
314345888597717 91
314345963494803 23
314345963509507 66
314345963516517 91
314345963523298 23
314345963529906 23
314346034903104 66
314346034918979 23
314346034926083 66
314346034932763 91
314346089815606 91
314346089831406 23
314346089838637 66
314346089845510 91
314346089852275 23
314346166794320 66
314346166809786 91
314346166817110 91
314346224103374 23
314346224118328 66
314346224125350 91
314346224132261 23
314346224139052 66
314346291054883 91
314346291070084 23
314346291077084 66
314346291083742 91
314346291090511 23
314346368766456 66
314346368782464 91
314346368789667 23
314346368796412 66
314346368803128 91
314346425295325 23
314346425310718 66
314346425317902 91
314346504106534 23
314346504119814 66
314346504127037 91
314346504133770 23
314346504140516 23
314346559289974 66
314346559303115 23
314346559310146 66
314346559316785 91
314346636017622 91
314346636032105 23
314346636039044 66
314346636045857 91
314346636052654 23
314346693595142 23
314346693617116 66
314346693624021 23
314346693630925 66
314346693637645 91
314346760728316 91
314346760757481 23
314346760765712 23
314346834615020 91
314346834646066 66
314346834653037 23
314346834659870 66
314346834666543 91
314346894679771 23
314346894703028 66
314346894710362 91
314346894717201 23
314346894723869 66
314346894730644 91
314346961860041 23
314346961885001 66
314346961892021 91
314346961898706 23
314347039341452 23
314347039368237 66
314347039375689 23
314347039382681 66
314347095852065 91
314347095870744 91
314347095877843 23
314347162866600 66
314347162884468 91
314347162891446 23
314347162898395 91
314347162905144 23
314347162911784 23
314347235343159 66
314347235360877 91
314347235368094 23
314347235374991 66
314347235381700 91
314347297038208 23
314347297053079 66
314347297060152 91
314347364082567 23
314347364109626 66
314347364116855 91
314347364123594 23
314347364130264 23
314347364137642 66
314347364144384 91
314347364151117 23
314347442517203 66
314347442536399 91
314347442543628 23
314347442550515 66
314347442557111 91
314347498248872 23
314347498265670 66
314347498273148 91
314347498280098 23
314347565254087 66
314347565271416 91
314347565278496 23
314347565285257 91
314347565291925 23
314347642460121 23
314347642476971 66
314347642484215 91
314347642490959 23
314347642497575 66
314347699625250 91
314347699641472 23
314347699648621 66
314347699655523 91
314347766817900 23
314347766833511 66
314347766840652 91
314347766847372 23
314347766854089 23
314347833695868 66
314347833721977 23
314347833729339 66
314347833736178 23
314347833742898 91
314347911736752 23
314347911757394 66
314347911764736 23
314347911771635 66
314347911778343 91
314347967639385 91
314347967655970 23
314348034831468 66
314348034849652 91
314348034856937 23
314348034864074 23
314348034870901 66
314348101725890 23
314348101741793 66
314348101748984 91
314348101755956 91
314348168964285 23
314348168979164 66
314348168986218 91
314348168993017 23
314348235851653 66
314348235868159 91
314348235875272 23
314348235882093 66
314348303080489 23
314348303099987 66
314348303107085 91
314348303114194 91
314348380919138 23
314348380934984 66
314348380942630 91
314348380949533 23
314348380956310 66
314348437082869 23
314348437096133 66
314348437103157 91
314348504281996 91
314348504297388 23
314348504304702 66
314348504311722 91
314348582235822 23
314348582253497 23
314348582260909 66
314348582267758 91
314348582274422 23
314348582281259 66
314348638355573 91
314348638372073 23
314348638379448 66
314348638386236 91
314348705330171 23
314348705344127 66
314348705351366 91
314348705358205 23
314348784172794 66
314348784187826 91
314348784195031 23
314348784202060 23
314348784208969 66
314348839461999 23
314348839476387 66
314348839483389 91
314348839490168 91
314348906526042 91
314348906539450 23
314348906546426 23
314348973570110 66
314348973586318 91
314348973593373 23
314348973600143 66
314348973606944 91
314349051415844 91
314349051431615 23
314349051438711 66
314349051445611 23
314349107812844 66
314349107828743 23
314349107835677 66
314349107842471 23
314349107849077 66
