314376280971999 91
314376281003222 91
314376281011040 23
314376336031543 23
314376336050670 66
314376336058091 91
314376336064928 23
314376336071894 66
314376412845034 91
314376412865457 23
314376412872833 66
314376412879568 91
314376412886312 23
314376470061883 66
314376470084108 91
314376470091383 23
314376470098357 23
314376537239203 66
314376537258666 91
314376537265934 23
314376537272725 66
314376537279435 91
314376537286314 23
314376610846852 66
314376610864379 91
314376610871574 23
314376610878280 66
314376671233441 91
314376671250872 23
314376671258212 66
314376671264955 91
314376671271764 23
314376738409602 66
314376738424023 91
314376738430908 23
314376738437667 66
314376816089901 91
314376816106988 23
314376816114266 23
314376816121073 66
314376816128326 91
314376816135069 23
314376872814179 23
314376872830524 91
314376872837645 66
314376872844383 23
314376872851087 66
314376939622114 91
314376939645816 23
314376939653162 66
314376939659904 91
314376939666751 23
314377018080772 66
314377018102179 91
314377018109450 23
314377018116325 66
314377073903508 91
314377073936497 23
314377073944036 66
314377073950853 91
314377073957728 23
314377140940310 66
314377140966413 91
314377140973960 23
314377140980866 66
314377219461142 91
314377219499298 23
314377219506749 66
314377219513799 23
314377219520630 91
314377274886650 23
314377274913883 66
314377274921239 91
314377274928125 23
314377351215720 23
314377351237404 91
314377351244653 66
314377351251546 23
314377351258220 66
314377351264883 91
314377421334989 23
314377421359666 91
314377421366682 66
314377421373576 91
314377481972389 23
314377481994014 23
314377482001300 66
314377482008020 91
314377482014829 23
314377543106947 66
314377543128486 91
314377543135850 23
314377543142562 91
314377610275946 23
314377610293182 14
314377610300556 66
314377610307341 91
314377610314122 23
314377610320941 23
314377688533542 66
314377688549618 23
314377688556813 66
314377688563626 91
314377688570525 23
314377744352916 23
314377744368616 66
314377744376428 23
314377744383201 66
314377744390020 91
314377811320361 91
314377811333840 23
314377811340856 66
314377878536481 91
314377878551205 23
314377878558233 91
314377878565127 66
314377878571912 91
314377945461190 23
314377945475387 23
314377945482262 66
314377945489029 91
314377945495768 23
314378012546426 66
314378012561062 91
314378012568213 23
314378012575048 66
314378012581744 91
314378079538639 23
314378079554345 66
314378079561580 91
314378079568357 23
314378157750666 66
314378157767947 91
314378157775311 91
314378157782093 23
314378157788808 23
314378213798086 66
314378213813848 91
314378213821168 91
314378213828095 23
314378213834906 14
314378213841693 23
314378280797393 14
314378280812304 66
314378280819582 91
314378280826358 23
314378280833169 66
314378280840033 91
314378359036326 23
314378359051995 66
314378359059438 91
314378359066285 23
314378415023674 66
314378415038314 91
314378415045254 23
314378415052223 66
314378415059040 91
314378482052146 91
314378482067602 23
314378482074735 23
314378482081415 14
314378482088311 66
314378482095007 91
314378482101725 23
314378560999583 23
314378561014223 66
314378561021269 23
314378561027911 23
314378561034616 66
314378616323079 91
314378616338710 23
314378616346235 23
314378616353541 66
314378616360315 23
314378692867125 66
314378692880876 91
314378692888077 91
314378755866439 23
314378755882312 66
314378755889764 23
314378755896698 66
314378755903483 91
314378828217908 91
314378828232620 23
314378884601802 66
314378884616391 23
314378884623621 66
314378884630705 91
314378951813163 91
314378951827145 23
314378951834261 66
314378951840998 91
314379030206142 23
314379030222304 91
314379030230203 66
314379030236915 91
314379030243628 23
314379085564259 23
314379085579399 66
314379085586639 91
314379085593661 23
314379085600409 66
314379085607120 91
314379152752805 23
314379152766825 66
314379152773739 91
314379152780518 23
314379219767084 66
314379219782365 91
314379219789474 91
314379219796229 23
314379219803033 23
314379297419292 66
314379297435203 91
314379297442587 23
314379297449436 66
314379297456571 91
314379354004139 23
314379354019271 14
314379354026605 66
314379354033372 91
314379354040149 23
314379421010637 66
314379421024096 91
314379421031090 23
314379421037983 91
314379499379832 23
314379499394349 14
314379499401416 66
314379499408226 91
314379499414878 23
314379499421599 23
314379567054254 66
314379567086026 23
314379567093277 66
314379567100374 91
314379567107247 23
314379622229330 23
314379622255353 66
314379622262359 23
314379622269081 66
314379622275774 91
314379689430384 91
314379689460162 23
314379689467136 66
314379766707828 23
314379766732792 66
314379766739903 91
314379766746597 91
314379823416721 23
314379823444391 23
314379823451598 66
314379823458385 91
314379823465137 23
314379890505660 23
314379890523252 66
314379890530377 23
314379890537387 66
314379890544343 91
314379966679227 91
314379966697236 23
314380024569895 66
314380024589234 91
314380024596278 23
314380024603012 91
314380024609755 66
314380091578529 91
314380091598362 23
314380091606070 23
314380091613187 66
314380091619746 91
314380169893243 23
314380169907970 66
314380169915318 91
314380169922313 23
314380225766148 66
314380225780090 23
314380225787166 66
314380225794019 91
314380225801196 23
314380225807955 66
314380292768396 91
314380292780964 23
314380292788071 66
314380292794859 91
314380292801608 23
314380371863846 91
314380371877142 66
314380371884164 91
314380371891325 23
314380434945571 23
314380434975842 66
314380434983196 91
314380434990154 23
314380434996858 66
314380435003647 91
314380494280236 23
314380494311591 66
314380494318549 91
314380494325223 23
314380561205432 91
314380561229825 23
314380561237131 66
314380561243970 91
314380639171849 23
314380639198260 66
314380639205524 91
314380639212246 23
314380639218930 14
314380695247700 66
314380695266479 91
314380695273698 23
314380695280560 23
314380695287242 66
314380695293880 23
314380762304622 66
314380762328257 91
314380762335438 23
314380762342430 23
314380762349145 91
314380835648615 23
314380835671870 66
314380835679191 91
314380835686204 23
314380835693021 66
314380835699839 91
314380896421408 91
314380896439002 23
314380896446179 23
314380896453069 66
314380963617222 91
314380963631866 23
314380963638693 66
314380963645282 91
314381042329987 23
314381042345512 14
314381042352830 66
314381042359570 91
314381042366198 23
314381042372921 91
314381042379595 23
314381097579464 23
314381097595257 14
314381097602408 66
314381097609160 23
314381097615911 66
314381174265045 91
314381174284832 23
314381174292787 23
314381174299677 66
314381174306383 91
314381174313136 23
314381231833227 91
314381231850232 66
314381231857343 91
314381231864176 23
314381231871033 23
314381298812135 66
314381298828595 91
314381298835700 23
314381298842604 66
314381298849348 91
314381365876643 23
314381365892264 66
314381365899353 91
314381365906186 23
314381432821218 66
314381432837124 91
314381432844265 91
314381432851324 23
314381432858782 23
314381511534361 66
314381511549059 91
314381511556164 23
314381511562930 66
314381511569739 91
314381567071195 23
314381567088144 14
314381567095474 66
314381567102281 23
314381567108931 66
314381567115625 91
314381641418594 23
314381641434324 66
314381641441591 91
314381641448442 23
314381641455151 66
314381712819864 91
314381712836563 23
314381712843805 91
314381712850517 66
314381768308836 23
314381768325811 66
314381768332853 23
314381768339553 66
314381768346272 91
314381844708660 91
314381844724179 23
314381844731654 66
314381844738454 91
314381902334650 23
314381902349034 66
314381902356104 91
314381902363116 23
314381969521253 66
314381969534863 91
314381969541931 23
314381969548722 66
314381969555499 91
314382046689322 23
314382046706889 91
314382046714241 66
314382046721211 91
314382046727869 23
314382111824567 23
314382111858997 66
314382111866096 91
314382111872947 23
314382182115272 66
314382182141345 91
314382182148486 23
314382182155254 66
314382182162083 91
314382237835405 23
314382237859641 91
314382237866897 66
314382237873669 91
314382237880446 23
314382304826423 23
314382304847465 66
314382304854857 91
314382304861706 23
314382384023655 14
314382384044028 66
314382384051273 91
314382384058108 23
314382384065643 91
314382384072359 23
314382384079084 23
314382438855123 66
314382438871923 91
314382438879281 23
314382438886126 14
314382438892834 66
314382438899615 91
314382512515684 23
314382512535473 23
314382512542618 66
314382512549435 23
314382512556206 66
314382585309522 91
314382585328692 23
314382585335979 23
314382585342796 66
314382585349529 23
314382640061236 66
314382640077400 91
314382640084748 91
314382717205708 23
314382717221043 66
314382717228425 91
314382717235279 23
314382717242287 91
314382717249099 66
314382774213036 91
314382774227955 23
314382774234834 23
314382774241547 66
314382841231341 91
314382841247068 23
314382841254342 66
314382841261159 91
314382908313398 23
314382908328096 66
314382908335202 91
314382908341937 23
314382908348707 91
314382908355506 66
314382975450997 91
314382975466679 23
314382975474489 23
314382975481308 23
314382975488189 14
314383042611970 66
314383042625578 91
314383042632650 23
314383042639596 91
314383042646411 23
314383042653208 23
314383042659831 66
314383120446522 91
314383120464090 23
314383120471173 66
314383120478142 91
314383176596765 23
314383176613616 14
314383176620821 66
314383176627593 23
314383176634314 66
314383176641026 91
314383243665457 23
314383243680103 66
314383243687260 91
314383243694018 23
314383320380618 23
314383320395789 66
314383320402932 23
314383320409735 66
314383320416433 91
314383377787420 91
314383377803001 23
314383377810454 66
314383444792248 23
314383444806823 66
314383444813960 91
314383444820845 91
314383511973584 23
314383511987689 66
314383511994888 23
314383589621014 66
314383589635412 91
314383589642700 91
314383646034742 23
314383646047583 66
314383646055135 91
314383646061923 23
314383646068583 91
314383646075416 23
314383713038941 23
314383713051662 66
314383713058710 91
314383713065431 23
314383780256775 66
314383780272626 91
314383780279837 23
314383780286666 91
314383780293457 66
314383847280846 91
314383847294524 23
314383847301610 23
314383847308409 66
314383847315260 91
314383914282687 23
314383914298134 66
314383914305220 91
314383914312096 23
314383914319228 14
314383992878507 66
314383992894642 91
314383992901865 23
314383992908692 91
314383992915469 23
314383992922143 23
314384048494200 23
314384048508104 14
314384048515098 66
314384048521995 23
314384048528788 66
314384048535514 91
314384048542209 23
314384115496969 66
314384115510923 91
314384115518014 23
314384115524756 66
314384115531517 91
314384182501352 23
314384182513845 66
314384182520859 91
314384182527919 23
314384249719645 66
314384249735506 91
314384249742554 23
314384249749371 23
314384249756027 66
314384326069793 23
314384326085919 66
314384326093078 91
314384326099836 91
314384383783729 23
314384383799448 66
314384383806621 23
314384383813432 66
314384450774151 91
314384450788322 91
314384528011746 23
314384528027582 66
314384528034731 91
314384528041701 23
314384528048359 23
314384528055057 66
314384592236514 91
314384592251526 23
314384592258516 91
314384592265341 66
314384592272130 91
314384652171066 23
314384652201192 66
314384652208375 91
314384652215180 23
314384652221906 23
314384729362033 66
314384729386348 91
314384729393555 91
314384729400374 23
314384729407147 23
314384789355663 23
314384789388773 14
314384789396050 66
314384789402801 91
314384789409505 23
314384789416155 23
314384853298904 66
314384853324853 23
314384853332313 66
314384853339120 91
314384853346012 23
314384931329666 23
314384931351944 66
314384931359189 23
314384931365956 66
314384931372608 91
314384987349305 91
314384987365777 23
314384987372654 66
314384987379391 91
314385060414452 23
314385060434420 66
314385060441746 91
314385060448599 23
314385121643086 66
314385121660177 91
314385121667278 91
314385121673996 23
314385121680664 66
314385188822778 91
314385188842539 23
314385188849885 66
314385188856734 91
314385188863452 23
314385255566689 66
314385255581546 91
314385255588715 23
314385255595639 66
314385255602454 91
314385334711548 23
314385334741348 66
314385334748539 91
314385334755296 23
314385334762050 66
314385334768749 91
314385389823767 23
314385389842681 66
314385389850131 91
314385389856926 23
314385456827859 66
314385456844030 91
314385456851895 23
314385456858792 66
314385456865587 91
314385456872281 23
314385523839634 66
314385523857091 91
314385523864244 23
314385523871077 66
314385523877878 91
314385601764883 23
314385601778911 66
314385601786253 91
314385601793032 23
314385601800179 23
314385658042145 66
314385658057626 91
314385658064835 23
314385658071600 66
314385725067152 23
314385725084522 66
314385725091739 91
314385725098556 23
314385725105866 66
314385725112546 91
314385803760785 23
314385803776656 66
314385803783945 91
314385803790951 23
314385859268768 66
314385859283826 23
314385859290989 66
314385859297866 91
314385859304719 91
314385926344297 23
314385926364923 66
314385926372179 91
314385926378857 23
314385993331968 66
314385993350071 91
314385993357633 23
314385993364506 66
314385993371339 91
314386070983708 23
314386070999352 66
314386071007106 91
314386071014193 23
314386127526368 66
314386127542144 91
314386127549414 91
314386127556364 23
314386127563162 23
314386194551535 66
314386194565336 91
314386194572324 23
314386194579079 66
314386194585829 91
314386266959668 23
314386266972807 66
314386266979908 91
314386266986584 23
314386328694432 66
314386328713266 91
314386328720581 91
314386328727402 23
314386328734929 23
314386395769373 66
314386395784321 91
314386395791556 23
314386395798435 66
314386395805252 91
314386474226988 23
314386474243687 14
314386474251089 66
314386474257955 23
314386474264619 66
314386529789565 23
314386529806584 23
314386529813878 66
