103741405807630 91
103741405844331 23
103741405852532 66
103741472917825 91
103741550542197 23
103741550571344 66
103741607174776 91
103741607208080 23
103741607215424 66
103741752572345 91
103741808274389 23
103741808303376 66
103741808311104 91
103741875277556 23
103741875314380 66
103741875321994 91
103741942375879 23
103741942407542 66
103742019760802 91
103742019790989 23
103742019798500 66
103742076626805 91
103742076662948 23
103742076670404 66
103742143573129 91
103742221775762 23
103742221809265 66
103742221816893 91
103742352827802 23
103742352858882 66
103742352866743 91
103742411722783 23
103742411753583 66
103742411760891 91
103742479110971 23
103742479152484 66
103742479160399 91
103742546103730 23
103742546132810 66
103742625125121 91
103742679991554 23
103742680022008 66
103742680029641 91
103742747151643 23
103742747186541 66
103742747194024 91
103742814077724 23
103742814107657 66
103742881272018 91
103742958173153 23
103742958206986 66
103742958214728 91
103743015434504 23
103743015477768 66
103743015485256 91
103743082331598 23
103743149521007 23
103743149553629 66
103743149561193 91
103743216540960 23
103743216570553 66
103743216578382 91
103743283555595 23
103743283591060 66
103743283598623 91
103743350774153 23
103743350808662 66
103743417787197 91
103743417820081 23
103743484873274 66
103743484902778 91
103743558707282 23
103743558755997 66
103743626197010 91
103743626231171 91
103743693467225 23
103743693501151 66
103743760933883 23
103743760966716 66
103743760974346 91
103743828344042 23
103743828372621 66
103743828380124 91
103743896213364 23
103743896242722 66
103743954301294 91
103743954363493 23
103744021437783 66
103744021488625 91
103744088474934 23
103744088507130 66
103744155508883 91
103744155542644 91
103744222622952 23
103744222661183 66
103744222668675 23
103744222675681 66
103744289635326 91
103744356716501 23
103744356747953 66
103744430480081 91
103744497811375 23
103744497850103 66
103744497857728 91
103744565236606 23
103744565267996 66
103744565275945 91
103744632571069 23
103744632600738 66
103744632608177 91
103744767330561 23
103744767366516 66
103744767373979 91
103744767381092 23
103744767387919 66
103744826132359 91
103744893291466 23
103744893329125 66
103744893336821 91
103744960249077 23
103744960281538 66
103744960289542 91
103745027429456 23
103745027460989 66
103745094498764 91
103745161510735 23
103745161556446 66
103745161564092 91
103745228477193 23
103745228508304 66
103745295739066 91
103745369658042 23
103745369707992 66
103745369718548 91
103745436994867 23
103745437028952 66
103745504345993 91
103745504382620 23
103745504390296 66
103745571759525 91
103745639087203 23
103745639123349 66
103745639130934 91
103745697970752 23
103745698000351 66
103745764975359 91
103745765006250 23
103745765013652 66
103745832235334 91
103745906519424 23
103745906561114 66
103745974778498 91
103746041217899 23
103746041255033 66
103746041262908 91
103746108635593 23
103746108666584 66
103746167545616 91
103746167582454 23
103746234746330 66
103746234782308 91
103746301677500 23
103746301715155 66
103746301722606 91
103746368837544 23
103746368870260 66
103746435688550 91
103746435729070 23
103746502958922 66
103746502993249 91
103746579314794 23
103746579353412 66
103746636968859 91
103746637001562 23
103746704376759 66
103746704422923 91
103746771395777 23
103746771432859 66
103746771440430 91
103746844223918 23
103746905184996 66
103746905220823 91
103746972482519 23
103746972518449 66
103746972526235 91
103747039347644 23
103747039383690 66
103747118681333 91
103747118717681 23
103747173555806 66
103747173591351 91
103747247116128 23
103747247154711 66
103747247162431 91
103747319917355 23
103747319956579 66
103747374668837 91
103747374701900 23
103747374709179 66
103747451800843 91
103747523413154 23
103747523456072 23
103747523464043 66
103747523471039 91
103747575821396 23
103747575859600 66
103747642971927 91
103747710017575 23
103747710055542 66
103747710063172 91
103747777203972 23
103747777256423 66
103747855136261 91
103747911338631 23
103747911371777 66
103747911379215 91
103747978562612 23
103747978613592 66
103748055015231 91
103748112363191 23
103748112393364 66
103748112400850 91
103748179542103 23
103748179572893 66
103748246558890 91
103748324499521 23
103748324534072 66
103748324541656 91
103748380660605 23
103748380695127 66
103748380702670 91
103748447778482 23
103748447808238 66
103748514758340 91
103748581938199 23
103748581975257 66
103748581982975 91
103748648959430 91
103748715924475 23
103748715956564 66
103748715963955 23
103748715971477 66
103748793637190 91
103748793673491 23
103748793680783 66
103748850315178 91
103748991334764 91
103748991367950 23
103748991375613 23
103748991382579 66
103749058718248 23
103749058748254 66
103749058755604 91
103749126104696 23
103749126136005 66
103749126143787 91
103749193475685 23
103749193507314 66
103749260925871 91
103749319511244 23
103749319545194 66
103749319552910 91
103749386686396 23
103749386718502 66
103749453684587 91
103749520780506 23
103749520813378 66
103749520821146 91
103749616688751 23
103749616724409 66
103749663148996 91
103749730567191 23
103749730613592 66
103749730621035 91
103749789117694 23
103749789208599 66
103749789220064 91
103749863000541 23
103749863038766 66
103749923148942 91
103749990260919 23
103749990295503 66
103749990303056 91
103750057443006 23
103750057499107 66
103750124403128 91
103750124443849 23
103750124451553 66
103750201882638 91
103750258518781 23
103750258551110 66
103750258558555 91
103750325607156 23
103750325656839 66
103750403802160 91
103750466003812 23
103750466042019 66
103750466049487 91
103750526812587 23
103750526843544 66
103750605120641 91
103750660924503 23
103750660955590 66
103750660963017 91
103750727930237 23
103750727975564 66
103750727983328 91
103750807086078 23
103750807119724 66
103750862128719 91
103750929359165 23
103750929390442 66
103750929398150 91
103750996512931 23
103750996543288 66
103751063209293 91
103751063242819 23
103751063250331 66
103751130268508 91
103751197473801 23
103751197507310 66
103751197514920 91
103751271074605 23
103751271105791 66
103751338457983 91
103751405849740 23
103751405885730 66
103751405893241 91
103751473253901 23
103751473288378 66
103751540608738 91
103751608005876 23
103751608037980 66
103751608045483 91
103751666803040 23
103751666834962 23
103751666842433 66
103751666849411 91
103751733997937 23
103751734031662 66
103751801007963 91
103751868042694 23
103751868077772 66
103751868085394 91
103751935017093 23
103751935049860 66
103752002216292 91
103752069212878 23
103752069245518 66
103752069252800 91
103752136277701 23
103752136309974 66
103752136317523 91
103752277548346 23
103752277581232 23
103752277588813 66
103752277595737 91
103752345093378 23
103752345140877 66
103752479726327 91
103752547059067 23
103752547095524 66
103752605970110 91
103752672822031 91
103752672852234 23
103752672859576 66
103752739895880 23
103752739926262 66
103752739933702 91
103752806920967 23
103752806953301 66
103752874056360 91
103752874092408 23
103752941096519 66
103752941128196 91
103753008448208 23
103753008484222 66
103753008491898 91
103753075209998 23
103753075244839 66
103753149293478 91
103753149330260 23
103753149337791 66
103753216664284 91
103753216698254 23
103753284057639 66
103753284095708 91
103753351437175 23
103753351473794 66
103753351481150 91
103753425225503 23
103753425276231 66
103753477697735 91
103753544655271 23
103753544687602 66
103753544695298 91
103753611949498 23
103753611981151 91
103753678953117 23
103753679000776 66
103753679008281 23
103753745892349 66
103753745928872 91
103753812915710 23
103753812950972 23
103753812958521 66
103753812966170 91
103753880102317 23
103753880133988 66
103753947174259 91
103754023954288 23
103754023987570 66
103754023995320 91
103754081233057 23
103754081267260 66
103754081274832 91
103754148249878 23
103754148282517 66
103754148290162 91
103754225939171 23
103754225972075 66
103754282517003 91
103754349608069 23
103754349649799 66
103754349657334 91
103754423969865 23
103754424003057 66
103754491333832 91
103754558750381 23
103754558790646 66
103754558798255 91
103754626057777 23
103754626094459 66
103754626102090 91
103754685008042 23
103754685038894 66
103754685047002 91
103754752036970 23
103754752070594 23
103754752078164 23
103754752085139 66
103754819146465 91
103754887099062 23
103754887135122 66
103754887142798 91
103754953211473 23
103755020175869 66
103755020215946 91
103755087361034 23
103755087395227 66
103755087402857 91
103755087410519 23
103755154502290 66
103755154535100 91
103755228333774 23
103755228363693 66
103755295607475 91
103755362982387 23
103755363013967 66
103755363021446 91
103755430370464 23
103755497735400 66
103755497768242 91
103755556656619 23
103755556687902 66
103755556695439 91
103755623755889 23
103755623790821 66
103755690926228 91
103755757962118 23
103755757995424 23
103755758002889 66
103755758009887 91
103755824984077 23
103755825018216 66
103755825025739 91
103755892005522 23
103755892037020 66
103755959046534 91
103756032659318 23
103756032709282 66
103756032717607 91
103756099947450 23
103756099976283 66
103756167352254 91
103756234720946 23
103756234752889 66
103756234760277 91
103756302110397 23
103756302140018 66
103756302147336 91
103756369608212 23
103756369640998 66
103756436838974 91
103756495786767 23
103756495815491 66
103756495823493 91
103756562666394 23
103756562695223 66
103756629827055 91
103756696742767 23
103756696774377 66
103756696781939 91
103756764026193 23
103756764056456 66
103756764064124 91
103756831112454 23
103756831149109 66
103756898084219 91
103756965146287 23
103756965185155 66
103756965193171 91
103757045393961 23
103757106406589 66
103757106438395 91
103757173782190 23
103757173811500 66
103757173819266 91
103757241198432 23
103757241230608 66
103757241238020 91
103757309006877 23
103757309039546 66
103757367529657 91
103757434473398 23
103757434506622 66
103757434514821 91
103757501926935 23
103757501958934 66
103757568715508 91
103757568752107 23
103757635735815 66
103757635772845 91
103757702739393 23
103757702770668 66
103757702778064 91
103757769905936 23
103757769936700 66
103757836948287 91
103757910766218 23
103757910796726 66
103757910804748 91
103757993963298 23
103757994001401 66
103758045655556 91
103758045689067 23
103758113003497 66
103758113034971 91
103758180274044 23
103758180305705 66
103758180313323 91
103758247716206 23
103758306444462 66
103758306477994 91
103758373479785 23
103758373512868 66
103758373522006 91
103758440653871 23
103758440709264 66
103758507731041 91
103758507770690 23
103758574801266 23
103758574839918 66
103758574847458 91
103758641753232 23
103758641800750 66
103758641808389 91
103758708722689 23
103758708752501 66
103758782500730 91
103758849964155 23
103758849998121 66
103758850006350 91
103758917347543 23
103758917376965 66
103758984634108 91
103759052011773 23
103759052047752 66
103759052055114 91
103759119680552 23
103759119712923 23
103759119720275 66
103759119727273 91
103759178236225 23
103759178285342 66
103759245381195 91
103759312524764 23
103759312559642 66
103759312566823 91
103759379744377 23
103759379777709 66
103759446520607 91
103759446550627 23
103759446558224 66
103759513594557 91
103759580699423 23
103759580734453 66
103759580741844 91
103759647795437 23
103759647839724 66
103759721606694 91
103759788937575 23
103759788968486 66
103759788975866 91
103759856325517 23
103759856357647 66
103759923730708 91
103759923766818 23
103759991089252 66
103759991121569 91
103760058500680 23
103760058537150 66
103760058544647 91
103760117251143 23
103760117285719 66
103760184197167 91
103760251212596 23
103760251246278 66
103760251253944 91
103760318408442 23
103760318443885 66
103760385416631 91
103760452518836 23
103760452554128 66
103760452561959 91
103760529042344 23
103760529078466 66
103760529086085 91
103760660753867 23
103760660800395 66
103760660807835 91
103760720711124 23
103760720741644 66
103760720749077 91
103760787993380 23
103760788027157 66
103760854928005 91
103760854964154 23
103760854971594 66
103760933702198 91
103760989030260 23
103760989061303 66
103760989068873 91
103761063573021 23
103761063605959 66
103761131174835 91
103761198386916 23
103761198424014 66
103761198431510 91
103761257228244 23
103761257260134 66
103761324318957 91
103761324350928 23
103761324358662 66
103761391559569 91
103761471235060 23
103761471270623 66
103761471278442 91
103761525632026 23
103761525670111 66
103761592603448 91
103761659632360 23
103761659662066 66
103761659669225 91
103761726861869 23
103761726901012 66
103761793880840 91
103761793915062 23
103761793922325 66
103761867925816 91
103761935293150 23
103761935327332 66
103761935334796 91
103762002757990 23
103762002803729 66
103762070133040 91
103762137464900 23
103762137500785 66
103762137508422 91
103762196448104 23
103762196482569 66
103762263415916 91
103762263452609 23
103762330325963 66
103762330356847 91
103762397358347 23
103762397390879 66
103762397398470 91
103762464544842 23
103762464576074 66
103762531557811 91
103762598547105 23
103762598581329 66
103762598588747 91
103762665843876 23
103762665890919 66
103762739801400 91
103762807022400 23
103762807058271 66
103762807065794 91
103762874418324 23
103762874450409 66
103762874458019 91
103762941810699 23
103762941849046 66
103763009575473 91
103763068127234 23
103763068165123 23
103763068172535 66
103763068179436 91
103763135286274 23
103763135319798 66
103763135327351 91
103763269407742 23
103763269442447 66
103763269450205 91
103763336384957 23
103763336429894 23
103763336437618 66
103763336444846 91
103763403332114 23
103763403362050 66
103763470493858 91
103763538190637 23
103763538225224 66
103763538232977 91
103763604573021 23
103763604601704 66
103763604609513 91
103763678719169 23
103763678750512 66
103763746108700 91
103763813512187 23
103763813545986 66
103763813553652 91
103763880869743 23
103763948301153 66
103763948340363 91
103763948347735 23
103763948354669 23
103764007102612 23
103764007140309 66
103764007147490 91
103764074148893 23
103764074181562 66
103764074188874 91
103764141156506 23
103764141186509 66
103764208210807 91
103764275323088 23
103764275360079 66
103764275368278 91
103764342438646 23
103764342476375 66
103764409415494 91
103764409447242 23
103764476476229 66
103764476543258 91
103764550484628 23
103764550518936 66
103764550526213 91
103764687891241 23
103764687925932 66
103764687933692 91
103764744701892 23
103764744728934 66
103764744737252 91
103764811844625 23
103764811882256 23
103764811890174 66
103764889867209 91
103764945836501 23
103764945872171 66
103764945879807 91
103765018904151 23
103765018937916 66
103765018945545 91
103765080127635 91
103765157176694 23
103765157217581 66
103765157225201 23
103765157232613 91
103765157239591 23
103765157246418 66
103765214237369 23
103765214277781 66
