98972355294045 91
98972422364882 23
98972422399409 66
98972422407013 91
98972489321958 23
98972556552794 66
98972556590745 91
98972623612806 23
98972623652513 66
98972690492007 91
98972767956371 23
98972767991920 66
98972824638086 91
98972891741184 23
98972891772833 66
98972891780690 91
98972969195030 23
98972969227415 66
98973027947772 91
98973092945773 91
98973092978482 23
98973092986091 66
98973171229271 23
98973171264736 66
98973171272371 91
98973294122689 23
98973294151240 23
98973294158916 66
98973294165938 91
98973372491439 23
98973372525123 66
98973428435732 91
98973428470423 23
98973495314981 66
98973495346079 91
98973574402758 23
98973574432447 91
98973629431154 23
98973629461000 66
98973629468266 23
98973629475163 66
98973706961154 91
98973763582958 23
98973763613845 66
98973763621585 91
98973841678734 23
98973841706130 66
98973897972798 91
98973965070681 23
98973965140550 66
98973965149103 91
98974043616232 23
98974043649505 66
98974098857875 91
98974165979497 23
98974166011536 66
98974166018733 91
98974239772123 23
98974239804625 66
98974307086022 91
98974374481682 23
98974374509511 66
98974374517980 91
98974441865102 91
98974509383049 23
98974509435690 66
98974568349760 23
98974568381004 66
98974568388366 91
98974647975343 23
98974702436624 66
98974702469498 91
98974779635058 23
98974779669312 66
98974836721688 91
98974903697690 23
98974903733746 66
98974903741653 91
98974970927180 23
98975038048971 66
98975038083722 91
98975114729047 23
98975114766059 66
98975171986826 91
98975172019777 23
98975239124790 66
98975239162294 91
98975306115158 23
98975306155752 66
98975373253817 91
98975446968569 23
98975447001113 66
98975447009392 91
98975514316846 23
98975581709152 66
98975581744727 91
98975649137841 23
98975649173074 23
98975649180641 66
98975649187567 91
98975783902428 23
98975783934775 23
98975783942356 66
98975783949487 91
98975842750857 23
98975909736542 66
98975909767652 91
98976053986379 23
98976054017267 66
98976054024877 91
98976111206097 23
98976111240342 66
98976245016021 91
98976312073173 23
98976312103546 66
98976312111351 91
98976379075515 23
98976457224839 66
98976457255908 91
98976513413247 91
98976513449474 23
98976513456999 66
98976587573987 23
98976587607635 66
98976587615380 91
98976647387555 23
98976647414927 66
98976714455559 91
98976781453705 23
98976781484213 66
98976860492715 91
98976915754213 91
98976915789973 23
98976915797657 66
98976990482431 23
98976990517485 66
98976990525207 91
98977116932551 23
98977116967722 66
98977116975452 91
98977193736253 23
98977193773164 66
98977193780748 91
98977251321271 23
98977318591170 66
98977318616734 91
98977318624400 23
98977385134063 66
98977385166923 91
98977531017684 23
98977531053941 66
98977531061514 91
98977586367796 23
98977586402681 66
98977586410239 91
98977662979894 23
98977663024144 66
98977720881814 91
98977720923305 23
98977787559231 23
98977787592220 66
98977787600067 91
98977854588293 23
98977854620855 66
98977854628529 91
98978000195969 23
98978000226831 66
98978000234660 91
98978055836327 23
98978055871245 23
98978055878909 66
98978122847929 91
98978202193558 23
98978202230349 66
98978202237892 91
98978262401188 23
98978262435460 66
98978262443126 91
98978324080431 23
98978324113952 66
98978391136096 91
98978458256654 23
98978458286967 66
98978458294836 91
98978592505034 91
98978592538968 23
98978592546644 66
98978659329025 23
98978659358727 66
98978736662269 91
98978736693655 91
98978793538257 23
98978793567488 66
98978884994300 23
98978885031368 66
98978885038895 91
98978927758961 23
98978927794776 66
98978994696570 91
98979061724060 23
98979061756729 66
98979061764250 91
98979128818421 23
98979128847296 66
98979205869221 91
98979271732983 23
98979271770105 66
98979271777731 91
98979330326021 23
98979330362720 66
98979330370062 91
98979464213786 23
98979464254412 23
98979464262206 66
98979464269212 91
98979531406788 23
98979531441422 66
98979598327276 91
98979675136704 91
98979675167128 23
98979675174786 66
98979732586883 23
98979732635125 66
98979799554608 91
98979877085586 23
98979877123356 23
98979877130985 91
98979877138599 23
98979877145675 66
98979939321693 23
98979939355880 66
98979939363452 91
98980000840101 23
98980078339730 66
98980078368912 91
98980134867057 91
98980201984723 23
98980202024518 66
98980280595690 23
98980280632814 66
98980280640522 91
98980336046814 23
98980336074930 66
98980481632433 91
98980537339017 23
98980537382242 66
98980537389739 91
98980604251178 23
98980604280051 66
98980683567575 91
98980738505628 23
98980738539751 66
98980738547401 91
98980805504984 23
98980805541166 66
98980805548929 91
98980884862515 23
98980939632082 66
98980939660812 91
98981016744718 23
98981016778817 66
98981084686957 91
98981140925247 23
98981140959519 66
98981140967335 91
98981215435150 23
98981215469735 66
98981215477367 91
98981344987807 23
98981345016955 66
98981345024527 91
98981420030506 23
98981420070094 66
98981476147515 91
98981543305050 23
98981543347551 66
98981616103586 91
98981616131684 23
98981677292756 66
98981677328221 91
98981744511035 23
98981744540380 66
98981823269642 91
98981878538989 23
98981878568592 66
98981878576239 91
98981955289284 23
98981955325183 66
98982012781911 91
98982086393173 23
98982086424361 66
98982086432200 91
98982153758731 23
98982153789660 66
98982221230325 91
98982288526490 23
98982288559775 66
98982355885565 91
98982423277725 23
98982423309897 66
98982423317444 91
98982482062376 23
98982482094019 66
98982549251111 91
98982616245177 23
98982616277966 66
98982616285827 91
98982683267308 23
98982683298611 23
98982683306303 66
98982750459079 91
98982817513871 23
98982817549386 66
98982817556929 91
98982884522572 23
98982958088853 66
98982958120202 91
98983025527973 23
98983025562595 66
98983025570279 91
98983152888715 23
98983152925729 66
98983152933503 91
98983220060713 23
98983220100786 66
98983287715166 91
98983364994021 23
98983365024610 66
98983421137636 91
98983495779055 23
98983495816140 66
98983495823476 91
98983563186387 23
98983563226138 66
98983630583717 91
98983689440940 23
98983689468628 66
98983689476419 91
98983756450043 23
98983756484582 66
98983756491999 91
98983890663103 23
98983890708717 66
98983890716564 91
98983957656514 23
98983957687819 66
98984024716490 91
98984092014321 23
98984092049410 66
98984092057079 91
98984158951700 23
98984158984938 23
98984158992329 66
98984232729777 91
98984300108185 23
98984300143046 66
98984300150734 91
98984367494980 23
98984367529228 66
98984434881454 91
98984434913127 23
98984502291514 66
98984502332766 91
98984561202726 23
98984561238198 66
98984561245802 91
98984695280533 23
98984695314591 66
98984695322154 91
98984762521191 23
98984762557579 66
98984829982180 91
98984896612913 23
98984896653260 66
98984896661022 91
98984963531958 23
98984963571737 66
98984963579624 91
98985030653510 23
98985030687997 66
98985104467357 91
98985104502558 23
98985171812327 66
98985171844875 91
98985239149849 23
98985306591675 66
98985306625006 91
98985375389099 23
98985375416950 66
98985375424815 91
98985500169675 23
98985500199365 66
98985500207554 91
98985567529673 23
98985567567339 66
98985567575268 91
98985634553493 23
98985634582585 66
98985701310051 91
98985768485070 23
98985768516761 66
98985768524447 91
98985835515847 23
98985835552239 66
98985835559714 91
98985969455812 23
98985969487453 66
98985969495594 91
98986043748804 23
98986043790550 66
98986110958974 91
98986110993479 23
98986111001137 66
98986178299404 91
98986245782892 23
98986245821790 66
98986313048689 91
98986372030363 23
98986372064490 66
98986372072166 91
98986439011446 23
98986439038929 91
98986506279245 23
98986506315687 66
98986573078479 23
98986573115134 66
98986573123003 91
98986651072249 23
98986651109820 66
98986707296784 91
98986774284031 91
98986774314794 23
98986774322569 66
98986853004586 23
98986853039751 66
98986916005266 91
98986916041047 91
98986975560439 23
98986975590586 66
98987042521995 23
98987042551085 66
98987042558542 91
98987120307310 23
98987120352732 66
98987176849752 91
98987244007408 23
98987244062590 66
98987244072705 91
98987316769455 23
98987316806831 66
98987377959617 91
98987444987735 23
98987445028168 66
98987445035892 91
98987523518824 23
98987523550863 66
98987523558459 91
98987579166491 23
98987579196068 66
98987646316338 91
98987713585339 91
98987780443121 23
98987780475522 66
98987847581229 23
98987847633558 66
98987847641085 91
98987914533667 23
98987914577069 66
98987992749955 91
98987992782889 23
98987992790462 66
98988048524487 91
98988116049828 23
98988116079008 66
98988182708325 91
98988249785946 91
98988249818776 23
98988249826546 66
98988317028232 23
98988317059486 66
98988317067076 91
98988396005871 91
98988451008296 23
98988451038720 66
98988527935150 23
98988527963653 66
98988719251482 91
98988786362918 23
98988786391566 66
98988786399322 91
98988920458508 23
98988920496495 66
98988920504289 91
98988993688899 23
98988993726080 66
98989066519200 91
98989121674994 23
98989121707570 66
98989121715184 91
98989255717879 91
98989255751000 23
98989255758702 66
98989255765875 23
98989322912743 66
98989322946406 91
98989389842093 23
98989389875188 66
98989658320101 91
98989725301878 23
98989725330282 66
98989801563128 91
98989859377444 23
98989859410839 66
98989859418539 91
98989926521949 23
98989926564315 66
98989993542377 91
98990071018994 23
98990071053803 66
98990071061549 91
98990127725375 23
98990127761517 66
98990196576743 91
98990263031040 23
98990263060585 66
98990342220555 91
98990395953593 23
98990395988511 66
98990395996376 91
98990463036740 23
98990463069342 66
98990540097744 91
98990597069302 23
98990597104893 66
98990664179654 91
98990798264213 23
98990798294645 66
98990798302321 91
98990865253258 23
98990865286321 66
98990943340766 91
98990999471197 23
98990999502498 66
98990999510321 91
98991066540042 23
98991066577124 66
98991133695443 91
98991200734694 23
98991200768441 66
98991200776099 91
98991267748971 23
98991267778291 66
98991346742778 91
98991401954938 23
98991401983904 66
98991401991507 91
98991478467485 23
98991478503458 66
98991536029734 91
98991616818526 23
98991616850585 66
98991616858006 91
98991737247981 23
98991737293332 66
98991737301408 91
98991815819131 23
98991815857886 66
98991871532774 91
98991944553471 23
98991944587275 66
98991944594902 91
98992005390934 23
98992083080201 66
98992083119107 91
98992139793855 23
98992139833310 66
98992206651859 91
98992206688824 23
98992285080209 66
98992285114818 91
98992340858005 23
98992340922377 66
98992407973850 91
98992475043356 23
98992475083848 66
98992475091642 91
98992552315656 23
98992552350165 23
98992552357819 66
98992609103615 91
98992676296456 23
98992676327364 66
98992743180955 91
98992810364101 23
98992810392992 66
98992810400698 91
98992944604702 23
98992944634289 66
98992944641987 91
98993021458480 23
98993021490328 66
98993078488854 91
98993078520754 23
98993145568895 66
98993145605375 91
98993212701304 23
98993212735755 66
98993279801126 91
98993358860345 23
98993358897777 66
98993358905386 91
98993413851723 23
98993413885179 66
98993490770867 91
98993548015500 23
98993548046629 66
98993548054229 91
98993682262008 23
98993682293647 66
98993682301448 91
98993749226255 23
98993749272238 66
98993816308776 91
98993893916300 23
98993893952820 66
98993893960615 91
98993950538656 23
98993950571123 66
98994017715465 91
98994094808003 23
98994094844397 66
98994094852061 91
98994161210389 23
98994161254765 66
98994218628205 91
98994285747314 23
98994285784317 66
98994363143697 91
98994427243890 91
98994427287439 23
98994486984117 66
98994487018877 23
98994487026601 66
98994564678390 91
98994624356284 23
98994624389856 66
98994624397550 91
98994688223256 23
98994688265635 66
98994766447206 91
98994822302950 23
98994897498298 66
98994897532994 91
98994956508412 23
98994956547049 66
98995023869829 91
98995090701233 23
98995090752596 66
98995090760200 91
98995169683287 23
98995169716551 66
98995224777996 91
98995291662599 23
98995291692713 66
98995291700433 91
98995358683335 23
98995358716627 66
98995425876271 91
98995502821246 23
98995502853209 66
98995502860691 91
98995559945609 23
98995559974999 66
98995627009425 91
98995694205301 23
98995694239282 66
98995761112355 91
98995828328558 23
98995828362017 66
98995828369619 91
98995917528665 23
98995917564685 66
98995962317227 91
98996029576279 23
98996029613552 66
98996029620892 91
98996104127367 23
98996163516097 66
98996163545019 91
98996230656072 23
98996230695097 66
98996230702594 91
98996312413669 23
98996364686048 66
98996364714776 91
98996441407776 23
98996441462533 66
98996498948206 91
98996566073198 23
98996566107005 66
98996566114675 91
98996642643126 23
98996642691002 66
98996700330468 91
98996767146842 23
98996767177292 66
98996834210094 91
98996901227815 23
98996901258377 66
98996975254784 91
98997035426348 23
98997035456427 66
98997035463934 91
98997111757514 23
98997111789720 66
98997181888991 91
98997236664017 23
98997236697510 66
98997236704975 91
98997370667751 23
98997370700226 66
98997370707896 91
98997437855237 23
98997437887407 66
98997504918365 91
98997571916926 23
98997571952306 66
98997571959986 91
98997651025400 23
98997706178075 66
98997706211485 91
98997781077937 23
98997781108560 66
98997781116173 91
98997907354968 23
98997907390935 66
98997907398440 91
98997984255054 23
98997984290611 66
98997984298329 91
98998108508530 23
98998108542023 66
98998108549645 91
98998186255245 23
98998186290442 66
98998250174837 91
98998321615954 23
98998321652320 66
98998321659827 91
98998376738080 23
98998376769795 66
98998453536404 91
98998453575288 23
98998511067994 66
98998511101589 91
98998577893892 23
98998577926919 66
98998644939286 91
98998712127443 23
98998712164726 66
98998712172212 91
98998846275480 91
98998846315311 23
98998846322975 66
98998922629993 23
98998922660180 66
98998992724248 91
98998992756778 91
98998992764588 23
98999052895410 66
98999052924348 91
98999052932029 23
98999052939009 66
98999114508644 23
98999114550014 66
