106104939224419 91
106105006365808 23
106105006400014 66
106105073417587 91
106105073449178 23
106105073456789 66
106105152208668 91
106105219703968 23
106105219741921 66
106105219749303 91
106105284094576 23
106105284125875 66
106105341793102 91
106105341827030 23
106105341835058 66
106105414310396 91
106105475791129 23
106105475823852 66
106105475831242 91
106105542962719 23
106105542992187 66
106105543000122 91
106105610031380 23
106105610063888 66
106105687408127 91
106105744052479 23
106105744082086 66
106105744089838 91
106105811202509 23
106105811235910 66
106105811243598 91
106105878094690 23
106105878127612 66
106105945480488 91
106105945515021 23
106105945522697 66
106106012297272 91
106106090609064 23
106106090640691 66
106106090648337 91
106106146530399 23
106106146562319 66
106106213808634 91
106106280638195 23
106106280695933 66
106106280703802 91
106106357848593 23
106106357882372 91
106106414755409 23
106106414785050 66
106106481825257 23
106106481859274 66
106106481866706 91
106106559827106 23
106106559866445 66
106106559874400 91
106106615869225 23
106106615898452 66
106106615906047 91
106106682951987 23
106106682983115 66
106106682990823 91
106106750048339 23
106106750078640 66
106106827035976 91
106106827065469 23
106106884353149 66
106106884387950 91
106106951263192 23
106106951295714 66
106106951303174 91
106107029030675 23
106107029064247 66
106107029071672 91
106107091186102 23
106107091216261 66
106107152481152 91
106107152513895 23
106107230331708 66
106107230363369 91
106107286617725 23
106107286648552 66
106107286655974 91
106107353663627 23
106107353693747 66
106107432281542 91
106107487729294 91
106107487760505 23
106107487768146 66
106107571598811 91
106107571635287 23
106107571642782 66
106107633645558 23
106107633686793 66
106107633694427 91
106107688943979 23
106107688976195 66
106107688983846 91
106107765444500 23
106107765476996 66
106107823322401 91
106107823358427 23
106107823366083 66
106107890035958 91
106107957105931 23
106107957137479 66
106108024342570 91
106108091414916 23
106108091448156 66
106108168716629 91
106108168746461 23
106108168754143 66
106108225517131 91
106108292697678 23
106108292729918 66
106108292737411 91
106108367274308 23
106108367311543 66
106108367319202 91
106108493695368 23
106108493728592 66
106108493736113 91
106108572005529 23
106108572034681 66
106108572042271 91
106108627888735 23
106108627917636 66
106108694883284 91
106108694910936 23
106108768093197 66
106108768126762 91
106108829231647 23
106108829265937 66
106108829273440 91
106108896126485 23
106108896157219 66
106108975247135 91
106108975277851 23
106109030239266 66
106109030272311 91
106109107578695 23
106109107614033 66
106109164410818 91
106109231435669 23
106109231469225 66
106109231477055 91
106109308436399 23
106109308469060 66
106109308476830 91
106109365788990 23
106109365822033 66
106109365829918 91
106109432554851 23
106109432585565 66
106109432593313 91
106109510408262 23
106109510449848 66
106109566851507 91
106109639294732 23
106109639339421 66
106109639346854 91
106109700871366 23
106109700903090 66
106109777645003 91
106109777684863 23
106109777692579 66
106109835136285 91
106109902293637 23
106109902337821 66
106109902345546 91
106109979624952 23
106110036244024 66
106110036282707 91
106110103312414 23
106110103346199 66
106110103353653 91
106110180882471 23
106110180915846 66
106110180923540 91
106110237408372 23
106110237438551 66
106110304495785 91
106110304529196 23
106110304536520 66
106110382847982 91
106110447221249 23
106110447266695 66
106110447279902 91
106110505740752 23
106110505780260 66
106110505787871 91
106110584154585 23
106110584188191 66
106110639855237 91
106110706911948 23
106110706946278 66
106110706953823 91
106110797414815 23
106110797453375 66
106110797461075 91
106110841272376 23
106110841305791 66
106110908197388 91
106110975144393 23
106110975177051 66
106110975184592 91
106111053497951 23
106111053535293 66
106111053542930 91
106111109362493 23
106111109392875 66
106111176463759 91
106111176495130 23
106111176502885 66
106111255318785 91
106111310466052 23
106111310500212 66
106111310507757 91
106111385529412 23
106111385564416 66
106111385572056 91
106111452911698 23
106111452945356 66
106111511674324 91
106111578771730 23
106111578803039 66
106111578810805 91
106111645813683 23
106111645847755 66
106111645855731 91
106111712920100 23
106111712954945 66
106111779876011 91
106111847110426 23
106111847143080 66
106111847150619 91
106111914090433 23
106111914122071 66
106111914129403 91
106111981113349 23
106111981146989 66
106111981190095 91
106112055089202 23
106112122462691 66
106112122493274 91
106112189850440 23
106112189880914 66
106112189888156 91
106112257690717 23
106112257735434 66
106112257743014 91
106112324601635 23
106112324630480 66
106112383525452 91
106112383556349 23
106112450747201 66
106112450780445 91
106112517960527 23
106112517991098 66
106112517998711 91
106112584772246 23
106112584803044 66
106112584810712 91
106112651807000 23
106112651838564 66
106112718802624 91
106112718833734 23
106112785821252 66
106112785852697 91
106112852966827 23
106112853001700 66
106112853009374 91
106112926806439 23
106112926837718 66
106112994199084 91
106112994227901 23
106112994235502 66
106113061594362 91
106113129002990 23
106113129037212 66
106113129044968 91
106113196322990 23
106113196358362 66
106113196366014 91
106113263850795 23
106113263896947 66
106113322552262 91
106113322582700 23
106113389709411 66
106113389761652 91
106113456557631 23
106113456589974 66
106113456597390 91
106113523675031 23
106113523705680 66
106113590785439 91
106113590815215 23
106113672123462 66
106113672164846 91
106113724843358 23
106113724878437 66
106113724886050 91
106113798560559 23
106113798591713 66
106113865909313 91
106113865939910 23
106113865947530 66
106113933347943 91
106114000672430 23
106114000704266 66
106114000713913 91
106114068387284 23
106114068428854 66
106114068436447 91
106114135417524 23
106114204269464 66
106114204308429 91
106114261323923 23
106114261358364 66
106114261365849 91
106114328554782 23
106114328589044 66
106114328596552 91
106114395477582 23
106114395506123 66
106114462566596 91
106114462599510 23
106114462606998 66
106114529708075 91
106114529743658 23
106114596907810 66
106114596941452 91
106114675443712 23
106114675475681 66
106114675483910 91
106114730970623 23
106114731004171 23
106114807377840 66
106114807409209 91
106114807416464 23
106114807423573 66
106114881351935 91
106114931969645 23
106114931997446 66
106114932005552 91
106114999078613 23
106114999110354 66
106115066216445 91
106115066247125 23
106115066254853 66
106115133178489 91
106115210574641 23
106115210607266 66
106115210614803 91
106115267431127 23
106115267462734 66
106115334415924 91
106115402520839 23
106115402550814 66
106115402559144 91
106115468592712 23
106115468623084 66
106115535787026 91
106115535824572 23
106115535831989 66
106115602717376 91
106115669661248 23
106115669693587 66
106115669700991 91
106115736750994 23
106115736781452 66
106115736789158 91
106115815826448 23
106115815866529 66
106115815874696 91
106115870928715 23
106115870959577 66
106115937946170 91
106116017220737 23
106116017255526 66
106116017263214 91
106116072141571 23
106116072178007 66
106116072185773 91
106116149075962 23
106116149109658 66
106116149117055 91
106116206344664 23
106116206372139 66
106116273488517 91
106116273524525 23
106116273532176 66
106116340678578 91
106116407531634 91
106116407564534 23
106116407571988 66
106116486294205 23
106116486321542 66
106116486329485 91
106116541682892 23
106116541714573 66
106116618189151 91
106116675932121 23
106116675967971 66
106116675977608 91
106116753565518 23
106116753596658 66
106116753604191 91
106116809912247 23
106116809942715 66
106116876861963 91
106116876893262 91
106116955648425 23
106116955683602 66
106117011101080 23
106117011129182 66
106117011136697 91
106117083456053 23
106117083489550 66
106117083497522 91
106117156884401 23
106117156918178 66
106117212397694 91
106117212431290 23
106117212439002 66
106117288692036 91
106117288725113 23
106117346375212 66
106117346407959 91
106117413366119 23
106117413397553 66
106117413405287 91
106117480720733 23
106117480768375 91
106117480776960 23
106117555851067 66
106117555886226 23
106117555894282 66
106117614655170 91
106117681666850 23
106117681694048 66
106117681701496 91
106117748921495 91
106117748957304 23
106117748964781 66
106117828130140 23
106117828165030 66
106117828172842 91
106117882845733 23
106117882879958 66
106117882887678 91
106117950055669 23
106117950087579 23
106117950129939 66
106118017062863 91
106118017096583 23
106118084542167 66
106118084572265 91
106118161221611 23
106118161258355 66
106118161266023 91
106118218412874 23
106118218442306 66
106118285365975 91
106118352545414 23
106118352579989 66
106118352587702 91
106118419441823 23
106118419477511 66
106118486662966 91
106118553533137 23
106118553569089 66
106118553577020 91
106118620636871 23
106118620668433 66
106118620676144 91
106118694326123 23
106118694363064 66
106118761734234 91
106118761767246 23
106118829328161 66
106118829380381 91
106118896556300 23
106118896597935 66
106118896608510 91
106118963952893 23
106118963998681 66
106118964009448 91
106119031233671 23
106119031267922 66
106119090221085 91
106119090271502 23
106119090279039 66
106119157127087 91
106119224314892 23
106119224353018 66
106119224361496 91
106119291321927 23
106119291353494 66
106119358348573 91
106119358378413 23
106119425353423 66
106119425384857 91
106119492562025 23
106119492597479 66
106119492605000 91
106119570109585 23
106119570142604 66
106119570150039 91
106119693647768 23
106119693682696 66
106119693690478 91
106119760796227 23
106119760826645 66
106119760834128 91
106119827987343 23
106119828020492 66
106119828027906 91
106119894898691 23
106119894937682 66
106119961988749 91
106119962024483 23
106119962032453 66
106120039345357 91
106120096169607 23
106120096212154 66
106120096219655 91
106120173893232 23
106120173936620 66
106120173944217 91
106120240598080 23
106120240628180 66
106120297405740 91
106120364321749 23
106120364353281 66
106120364360880 91
106120442571281 23
106120442603473 66
106120442611078 91
106120498463644 23
106120498501384 66
106120565533904 91
106120632530422 23
106120632563394 66
106120632571255 91
106120709852898 23
106120709887516 66
106120709895158 91
106120766827910 23
106120766858384 66
106120833993588 91
106120911804091 23
106120911834256 66
106120911841905 91
106120968018171 23
106120968048942 66
106120968056264 91
106121042906204 23
106121042938147 66
106121102132092 91
106121169216797 23
106121169248643 66
106121169256222 91
106121236278225 23
106121236310125 66
106121236317669 91
106121315103344 23
106121315133941 66
106121315141593 91
106121370353892 23
106121370386102 66
106121437344171 91
106121437372729 23
106121504792722 66
106121504827273 91
106121504834929 23
106121571502519 66
106121648248155 91
106121705678796 23
106121705743154 66
106121705751027 91
106121772729246 23
106121772763616 66
106121772771042 91
106121839811706 23
106121839844340 66
106121906933456 91
106121973904501 23
106121973942889 66
106121973950392 91
106122051522957 23
106122051558402 66
106122051566040 91
106122108167177 23
106122108203490 66
106122175094249 91
106122175127026 23
106122175134759 66
106122249551403 91
106122316909051 23
106122316947740 66
106122316955213 91
106122384313375 23
106122384340399 66
106122384348061 91
106122451758622 23
106122510455668 66
106122510491529 91
106122510499257 23
106122577722405 66
106122577799687 91
106122644613798 23
106122644652061 66
106122644659539 91
106122711866793 23
106122711912870 66
106122778675963 91
106122778710953 23
106122778718438 66
106122845713067 91
106122913320425 23
106122913355271 66
106122913362954 91
106122980166620 23
106122980198279 66
106123058654631 91
106123114032707 23
106123114073345 66
106123114081033 91
106123190456204 23
106123190488408 66
106123260446948 91
106123315200583 91
106123315236776 23
106123315244537 66
106123315251625 23
106123315258595 66
106123389401581 91
106123389433900 23
106123449412603 66
106123449445159 91
106123516404530 23
106123516437875 66
106123583581215 91
106123583618275 23
106123583625731 66
106123650620662 91
106123650653117 23
106123650660570 66
106123729661266 91
106123729695079 23
106123802129770 66
106123802165052 91
106123851825717 23
106123851859148 66
106123851866492 91
106123996935075 23
106123996972052 66
106123996979742 91
106124067345490 23
106124067383813 66
106124119971396 91
106124187185790 23
106124187222212 66
106124187229812 91
106124254106358 23
106124254142708 66
106124254150678 91
106124321416373 23
106124321452075 66
106124321459588 91
106124388271746 23
106124388313144 66
106124466174728 91
106124466203961 23
106124466211884 66
106124522574036 91
106124589571686 23
106124589605218 66
106124589613016 91
106124656605382 23
106124656640327 66
106124723653241 91
106124790693213 23
106124790721943 66
106124790729486 91
106124869386097 23
106124869416563 66
106124869424106 91
106124924848392 23
106124924878361 66
106124924885792 91
106125066272690 23
106125066305318 66
106125066312898 91
106125066319851 23
106125066326958 66
106125136625454 91
106125193099185 23
106125193129999 66
106125193137741 91
106125260320058 23
106125260354658 66
106125338559016 91
106125394272531 23
106125394302890 66
106125394310548 91
106125461281809 23
106125461312400 66
106125461320287 91
106125536554251 23
106125536585401 66
106125536592759 91
106125603954865 23
106125603992623 66
106125662600246 91
106125729540381 23
106125729571812 66
106125729579213 91
106125796766945 23
106125796798740 66
106125796806557 91
106125863797698 23
106125863831513 66
106125930800686 91
106125930838152 23
106125930845876 66
106125998087222 91
106126065017710 23
106126065049049 66
106126065056667 91
106126152817694 23
106126152858441 66
106126206301593 91
106126206358701 23
106126206366819 23
106126273701655 66
106126273737415 91
106126341098614 23
106126341154618 66
106126341163805 91
106126408357086 23
106126408396039 66
106126408403628 91
106126475636345 23
106126534591709 66
106126534622131 91
106126534629767 23
106126534636922 66
106126601510446 91
106126668523244 23
106126668555269 66
106126668562742 91
106126743162854 23
106126743194397 66
106126810540024 91
106126810577319 23
106126877824921 66
106126877862755 91
106126936751225 23
106126936787558 66
106126936795520 91
106127003821618 91
106127003862512 91
106127003870694 23
106127003877628 66
106127071739844 23
106127071770294 66
106127071777942 23
106127071785119 66
