305119651732848 91
305119707977157 23
305119708013026 66
305119774781356 91
305119841867729 23
305119841894495 66
305119841901898 91
305119909099894 23
305119909122200 66
305119976302342 91
305120043043448 23
305120043066435 66
305120043073512 91
305120120901541 23
305120120931972 66
305120120939093 91
305120177349097 23
305120244272086 66
305120244299780 91
305120311450617 23
305120311473772 66
305120311481089 91
305120378494437 23
305120378521481 66
305120445616689 91
305120524213154 23
305120524249124 66
305120524256482 91
305120579763804 23
305120579789822 66
305120646775677 91
305120713760262 91
305120791321983 23
305120791347857 66
305120791355076 23
305120791363137 66
305120847896054 91
305120914988401 91
305120915015443 23
305120993305368 66
305120993336164 23
305120993343329 66
305121049244889 91
305121116229214 91
305121116254231 23
305121183287508 66
305121183319932 23
305121183327292 66
305121260573304 91
305121260605854 91
305121317469901 23
305121317494980 66
305121384493070 23
305121384518550 66
305121462597006 91
305121462633076 91
305121524636420 23
305121524659324 66
305121585742160 23
305121585767837 66
305121663800189 91
305121663826300 91
305121719700105 23
305121719726265 66
305121719733416 23
305121786905677 66
305121786927880 91
305121865751303 91
305121920887280 23
305121920910378 66
305121920918169 23
305121920925026 66
305121988099973 91
305122067033753 91
305122122065512 23
305122122089025 66
305122122096282 91
305122122103334 23
305122198903259 66
305122198924522 23
305122198931671 66
305122198938494 91
305122323279050 23
305122323305145 23
305122323312640 66
305122390519547 91
305122390548937 91
305122457555351 23
305122457581941 66
305122524574564 23
305122524602421 66
305122602169538 91
305122602196260 91
305122658803921 23
305122658828944 66
305122658836109 23
305122725809470 66
305122800733415 91
305122800762662 91
305122859744235 23
305122859760921 66
305122859768305 23
305122927007131 66
305122927029158 91
305123005432021 91
305123061055177 23
305123061080480 66
305123061087862 23
305123061094707 66
305123128049474 91
305123201509924 91
305123201533068 23
305123262273038 66
305123262294132 23
305123262302104 66
305123338598598 91
305123338626724 91
305123396263200 23
305123396284938 66
305123463478165 23
305123463499509 66
305123530526358 91
305123530551019 91
305123597511933 23
305123597540379 66
305123664668468 23
305123664698484 66
305123731640324 91
305123731664989 91
305123798712898 23
305123798744254 66
305123798751455 23
305123865965507 66
305123865996492 91
305123943859765 91
305123999948043 23
305123999975913 66
305123999983289 23
305123999990023 66
305124072623489 91
305124134390613 91
305124134419878 23
305124211142481 66
305124211170881 23
305124211178028 66
305124268110593 91
305124335592202 91
305124335618211 23
305124335625553 23
305124413224942 66
305124413258817 91
305124413266029 23
305124413272817 23
305124469394704 66
305124469410939 23
305124469418264 66
305124469425186 91
305124536462778 23
305124614352088 66
305124614375494 91
305124670525406 23
305124670555080 66
305124670562912 91
305124737896961 23
305124737930622 66
305124816313330 91
305124871746091 23
305124871770997 66
305124871778096 91
305124938781737 23
305124938808931 66
305124938816116 91
305125017598068 23
305125072958584 66
305125072981419 91
305125149454934 23
305125149478318 66
305125149485402 91
305125219586718 23
305125219617973 66
305125274088377 91
305125341248584 23
305125341274764 66
305125341281880 91
305125408334066 23
305125408362687 66
305125408369922 91
305125486844056 23
305125542535336 66
305125542563511 91
305125609558638 23
305125609585003 66
305125609592262 91
305125676605276 23
305125743725845 66
305125743754052 91
305125810615881 23
305125810637959 66
305125810645196 91
305125890124389 23
305125890156314 66
305125944863265 91
305126022014437 23
305126022045218 66
305126022052605 91
305126078919072 23
305126078939829 23
305126078946812 66
305126078953611 91
305126146060175 23
305126223265351 66
305126223296605 91
305126280125220 23
305126280150722 66
305126280157865 91
305126347291902 23
305126347316770 66
305126425230962 91
305126481362231 23
305126481386767 66
305126481394160 91
305126548407515 23
305126548436839 66
305126548444124 91
305126615423222 23
305126692480987 66
305126692507539 91
305126749550998 23
305126749573250 66
305126749580495 91
305126816727070 23
305126816752873 66
305126894421832 91
305126950763206 23
305126950785649 23
305126950792888 66
305127025523160 91
305127025545687 91
305127085052369 23
305127085081190 66
305127152076377 23
305127152103506 66
305127219070801 91
305127219096876 91
305127297692371 23
305127297720081 66
305127353117429 23
305127353138079 66
305127420207654 91
305127420228137 91
305127487264269 23
305127487287620 66
305127487295041 23
305127554290305 66
305127554313431 91
305127630844181 91
305127688524651 23
305127688547942 66
305127688555493 23
305127688562588 66
305127755519155 91
305127822524395 91
305127822546061 23
305127889643682 66
305127889673488 23
305127889680739 66
305127956698146 91
305128034098880 91
305128034129155 23
305128090843038 66
305128090868679 23
305128090876015 66
305128157951662 91
305128157979097 91
305128232125368 23
305128232147893 66
305128292324855 23
305128292347949 66
305128359104930 91
305128359131792 91
305128437406197 23
305128437435845 66
305128437442947 23
305128493318017 66
305128560329158 91
305128560360481 91
305128639528411 23
305128639570508 66
305128639577822 23
305128639584745 23
305128708401711 66
305128708437751 91
305128761560033 91
305128828632039 23
305128828676727 66
305128828683898 23
305128828690765 66
305128906690633 91
305128962869629 91
305128962903946 23
305129029776434 66
305129029799910 23
305129029807033 66
305129103194755 91
305129103222075 91
305129163869782 23
305129163891226 66
305129230964536 23
305129230990959 66
305129309837846 91
305129309865900 91
305129365217174 23
305129365243477 66
305129441729048 23
305129441753848 66
305129499278429 91
305129499307092 91
305129566233081 23
305129566255014 66
305129566262328 23
305129633441627 66
305129700454655 91
305129700517639 91
305129779050458 23
305129779080387 66
305129779087534 91
305129779094395 23
305129834548526 23
305129834575753 66
305129834583160 23
305129908998462 66
305129909021023 91
305129980315637 23
305129980344045 66
305129980352079 91
305130035754220 23
305130035784518 66
305130112268277 91
305130182299941 23
305130182327035 66
305130182334303 91
305130236972047 23
305130236996593 66
305130237003724 91
305130314216292 23
305130377200094 66
305130377228245 91
305130449558937 23
305130449586502 66
305130449593927 91
305130505137510 23
305130505155237 66
305130572268193 91
305130651496513 23
305130651523236 66
305130651530390 91
305130706449996 23
305130706473307 66
305130706480542 91
305130773454187 23
305130840521260 23
305130840549389 66
305130918756035 91
305130918781346 91
305130974737437 23
305130974760891 66
305131041739367 23
305131041761765 66
305131120734416 91
305131175987698 23
305131176009632 66
305131176016791 91
305131243056151 91
305131243087536 23
305131310026965 66
305131310053740 23
305131310060857 66
305131387947057 91
305131444348159 91
305131444377895 23
305131511242687 66
305131511270621 91
305131511277749 23
305131511284585 23
305131588052999 66
305131588084546 23
305131588091887 66
305131588098739 91
305131645426892 23
305131645453383 23
305131712451335 66
305131712477995 91
305131791261332 23
305131791291319 66
305131791298506 91
305131846593158 23
305131846615031 66
305131846622463 91
305131923161217 23
305131980689116 66
305131980708803 91
305132047744039 23
305132047767696 66
305132047774908 91
305132124370008 23
305132124394542 66
305132181895314 91
305132248970470 23
305132248996817 66
305132249004064 91
305132326357487 23
305132326386251 66
305132326393593 91
305132383112547 23
305132450418043 66
305132450451908 91
305132517504491 23
305132517528341 66
305132517535578 91
305132584252228 23
305132663703665 66
305132663737263 91
305132718526665 23
305132718560416 66
305132718567653 91
305132795544394 23
305132795570511 66
305132852481243 91
305132919689571 23
305132919711362 66
305132919718506 91
305132986693199 23
305132986720491 66
305132986727795 91
305133053746957 23
305133132835362 66
305133132865862 91
305133188119631 23
305133188147651 66
305133188155035 91
305133262735316 23
305133262765904 66
305133334114522 91
305133389128661 23
305133389158087 66
305133389165683 91
305133466023620 23
305133466053505 66
305133466060710 91
305133523123312 23
305133590183138 66
305133590208368 91
305133668021292 23
305133668047558 66
305133668054745 91
305133724469740 23
305133724494107 66
305133803342860 91
305133858517345 23
305133858541590 66
305133858548791 91
305133935270921 23
305133935309679 66
305133992680721 91
305134059692347 23
305134059721904 66
305134059729793 91
305134133768690 23
305134133794552 66
305134133801902 91
305134193789884 23
305134260867330 66
305134260891995 91
305134338475641 23
305134338506023 66
305134338513310 91
305134394992347 23
305134395020369 66
305134462078337 91
305134534560626 23
305134534589237 66
305134534596641 91
305134596484919 23
305134596512464 66
305134596519659 91
305134663256762 23
305134741739794 66
305134741769409 91
305134797543984 23
305134797573506 66
305134797580778 91
305134864505121 23
305134864533014 66
305134941690508 91
305134998582199 23
305134998605511 66
305134998612416 91
305135065660514 23
305135065685008 23
305135065692266 66
305135210947435 91
305135210976811 91
305135267050560 23
305135267079516 66
305135267086793 91
305135267093580 23
305135333965679 23
305135333991003 66
305135333998017 23
305135400949527 66
305135400977891 91
305135468200770 23
305135468226085 66
305135468233421 91
305135535179570 23
305135535202799 66
305135602184721 91
305135680134070 23
305135680162619 66
305135680170104 91
305135736403906 23
305135736441209 66
305135736448510 91
305135803411538 23
305135881427618 66
305135881451099 91
305135937471914 23
305135937501388 66
305135937508637 91
305136004640997 23
305136004671272 66
305136083465042 91
305136138697299 23
305136138727154 66
305136138734349 91
305136205708639 23
305136205739501 66
305136205746648 91
305136272792401 23
305136339882831 66
305136339911788 91
305136416659985 23
305136416689645 23
305136416696765 66
305136416703639 91
305136478730389 23
305136478767879 66
305136541070657 91
305136618635322 23
305136618664829 66
305136618672106 91
305136675493586 23
305136675523129 66
305136675530314 91
305136754038631 23
305136809381721 66
305136809409562 91
305136886040473 23
305136886069411 66
305136886076497 91
305136943668748 23
305136943704060 23
305137010812956 66
305137077726866 91
305137077755983 91
305137144773415 23
305137144799933 66
305137144807303 23
305137211742876 66
305137289209986 91
305137289242295 91
305137345987023 23
305137346014891 66
305137346023311 23
305137346030112 91
305137413114584 23
305137413148064 66
305137413155384 23
305137480061793 66
305137480091654 91
305137547109527 23
305137547140604 66
305137547147802 91
305137614243018 23
305137614273500 66
305137692456686 91
305137748405586 23
305137748437438 66
305137748444754 91
305137815535458 23
305137815570092 66
305137815577611 91
305137888467723 23
305137949536110 66
305137949563954 91
305138016703960 23
305138016734253 66
305138016741649 91
305138095793829 23
305138150682214 66
305138150706197 91
305138227689695 23
305138227724382 66
305138227731713 91
305138284929026 23
305138284955361 66
305138358754156 91
305138418966062 23
305138418994197 66
305138419001668 91
305138486112599 23
305138486140756 66
305138486147902 91
305138553126666 23
305138630799513 66
305138630830579 91
305138687315936 23
305138687340412 66
305138687347704 91
305138761586202 23
305138761614234 66
305138821844768 91
305138888428277 23
305138888456802 66
305138888463993 91
305138955450767 23
305138955503138 66
305138955510903 91
305139034081763 23
305139089799820 23
305139089832996 66
305139089840265 91
305139162469759 23
305139162503554 66
305139162510632 91
305139223746602 23
305139223774465 66
305139291007727 91
305139358047065 23
305139358079195 66
305139358086555 91
305139437378417 23
305139437411683 66
305139437419076 91
305139492094787 23
305139565373059 66
305139565406354 91
305139626215647 23
305139626238516 66
305139626245693 91
305139693228015 23
305139770512660 66
305139827434648 91
305139827455344 91
305139894449679 23
305139894471781 66
305139894479045 23
305139972566189 66
305139972599829 91
305140028664264 91
305140095687922 23
305140095711334 66
305140095718438 23
305140095725201 66
305140173734372 91
305140229705362 91
305140296920411 23
305140296946224 66
305140296953427 91
305140296960281 23
305140375659843 23
305140375685348 66
305140375692807 23
305140375700358 66
305140436431258 91
305140498046528 23
305140498078464 66
305140498085587 91
305140565216134 23
305140565252050 66
305140565259337 91
305140643060878 23
305140699275341 66
305140699304695 91
305140766424718 23
305140766456926 66
305140766464863 91
305140833653611 23
305140833685781 66
305140900865822 91
305140967596515 23
305140967668450 66
305140967677152 91
305141046268742 23
305141046298599 66
305141046305927 91
305141101575231 23
305141178209411 66
305141178240959 91
305141244433153 23
305141244473512 66
305141244482387 91
305141303010458 23
305141379413935 66
305141379440050 91
305141437041477 23
305141437068395 66
305141437075665 91
305141503971744 23
305141503996079 66
305141571192141 91
305141638265589 23
305141638296293 66
305141638303440 91
305141712391051 23
305141712418533 66
305141712425872 91
305141772235254 23
305141839448003 66
305141839478703 91
305141916653608 23
305141916680725 66
305141916688178 91
305141973421273 23
305141973446630 23
305142040438253 66
305142113423293 91
305142113454580 91
305142174649428 23
305142174673908 66
305142174681733 23
305142241754898 66
305142241784577 91
305142319957166 91
305142375941287 23
305142375969307 66
305142375976529 23
305142375983347 66
305142443000519 91
305142510080873 91
305142510110398 23
305142577019123 66
305142577040051 23
305142577047158 66
305142644083398 91
305142711105737 91
305142711129615 23
305142711136750 66
305142789119399 23
305142789144335 66
305142845311732 91
305142845337008 91
305142912581558 23
305142912619060 66
305142979717195 23
305142979740649 66
305143046495206 91
305143046519597 91
305143113514159 23
305143113538667 66
305143113545704 23
305143192329169 66
305143247729973 91
305143324245498 23
305143324271352 66
305143324278670 91
305143324285481 91
305143389257391 23
305143389283307 66
305143459602280 23
305143459631915 66
305143515980441 91
305143516008891 91
305143582979539 23
305143583051771 66
305143661597059 23
305143661631157 66
305143717251587 91
305143717282041 91
305143784280258 91
305143784310107 23
305143784317264 23
305143784324012 66
305143851277325 23
305143851307419 66
305143851314769 23
305143928825690 66
