298913868166570 91
298914002938697 23
298914002970565 66
298914002977813 91
298914070320404 23
298914140859052 66
298914140890531 91
298914205052859 23
298914205088052 66
298914205096012 91
298914263936608 23
298914331053199 66
298914331081682 91
298914400809153 23
298914400837440 66
298914400844525 91
298914470314422 23
298914537729170 66
298914537755967 91
298914607245909 23
298914607275510 66
298914607282754 91
298914674572784 23
298914674599718 66
298914674606807 91
298914807247238 23
298914807272418 66
298914807279426 91
298914870499331 23
298914870542195 66
298914870549376 91
298915009415340 23
298915009441958 66
298915009449029 91
298915076738729 23
298915076764726 66
298915076773768 91
298915202922186 23
298915202948929 66
298915202956003 91
298915270073528 23
298915270103402 66
298915336842660 91
298915403854635 91
298915403878994 23
298915471243472 66
298915471269497 91
298915471276465 23
298915538112054 23
298915538139867 66
298915538147167 23
298915605158097 66
298915678957349 91
298915678986686 91
298915746453006 23
298915746481774 66
298915817951972 91
298915817984377 23
298915817991606 23
298915881131180 66
298915881163245 23
298915881170396 66
298915948609450 91
298916015846275 91
298916015875108 23
298916081695663 66
298916081729497 23
298916081736666 66
298916141592354 91
298916215984138 91
298916216014886 23
298916283227871 66
298916283256060 91
298916283263124 23
298916350679847 23
298916350705045 66
298916350712318 23
298916418041553 66
298916418075153 91
298916485493605 91
298916544099120 23
298916544129504 66
298916544170918 91
298916611125651 23
298916611155338 23
298916611162527 66
298916678326568 91
298916746482213 23
298916746510770 66
298916746518257 91
298916879418993 23
298916879445451 66
298916879452505 91
298916946621134 23
298916946650548 66
298916946657501 91
298917080719882 23
298917080746714 66
298917080753724 91
298917147642065 23
298917147664937 66
298917147672344 91
298917281915791 23
298917281948918 66
298917358384889 91
298917358403313 91
298917415856635 23
298917415877587 66
298917482897218 91
298917482913274 23
298917482920397 23
298917549936054 66
298917549950333 23
298917549957331 66
298917616966479 91
298917695690486 91
298917695713518 23
298917751243313 66
298917751266153 91
298917751273391 23
298917818198725 23
298917818219417 66
298917818226614 23
298917896983275 66
298917952462058 91
298917952481912 91
298918028869753 23
298918028889753 66
298918086503395 91
298918086520468 23
298918086527736 23
298918153516020 66
298918153533540 23
298918153540441 66
298918220604631 91
298918296101799 91
298918296123485 23
298918366156706 66
298918366174998 91
298918366182091 23
298918421976938 23
298918421999175 66
298918422006314 23
298918489096531 66
298918489126261 91
298918568155573 91
298918622963585 23
298918622980074 66
298918622987138 91
298918697049268 23
298918697067164 23
298918697074315 66
298918769399995 23
298918769413906 66
298918824222084 91
298918824238260 91
298918901521040 23
298918901549439 66
298918958510227 91
298918958535354 23
298918958542421 23
298919025459552 66
298919025475749 23
298919025482896 66
298919097842819 91
298919159798538 91
298919159826333 23
298919226709271 66
298919226734481 91
298919226741547 23
298919304590838 23
298919304617706 66
298919360893671 23
298919360914474 66
298919428003751 91
298919428052154 91
298919495239395 23
298919495258178 66
298919561879018 91
298919561894774 23
298919561901827 23
298919628954390 66
298919628969599 23
298919628976611 66
298919695962055 91
298919773783162 91
298919773801141 23
298919830223628 66
298919830241128 91
298919830248179 23
298919897253313 23
298919897271091 66
298919897278441 23
298919897285068 91
298919964416943 23
298919964430794 66
298920031423096 23
298920031436460 66
298920098455651 91
298920098469285 91
298920177002395 23
298920177018250 66
298920232707735 91
298920232722570 23
298920299726053 23
298920299744265 66
298920299751430 23
298920299758118 66
298920366691781 91
298920444299716 91
298920500976687 23
298920500994078 66
298920501001418 91
298920501008177 23
298920567887516 23
298920567903504 66
298920646213719 23
298920646232074 66
298920701996325 91
298920702011254 91
298920769156199 23
298920769169594 66
298920836216855 91
298920836232468 23
298920836239605 23
298920913452759 66
298920913469635 23
298920913476814 66
298920970492066 91
298921037418814 91
298921037433716 23
298921115389029 66
298921115405527 91
298921115412573 23
298921177585178 23
298921177601795 66
298921177608775 23
298921238613392 66
298921316701180 91
298921316715057 91
298921372735188 23
298921372749431 66
298921439803067 91
298921439817797 23
298921439824848 23
298921439831588 66
298921518721825 23
298921518747092 66
298921574240857 91
298921640966116 91
298921640979181 23
298921720013803 66
298921720042634 91
298921720049893 23
298921775238883 23
298921775262635 66
298921775269661 23
298921851905659 66
298921851932084 91
298921909228172 91
298921976406052 23
298921976423457 66
298921976430759 91
298922043460856 23
298922043480044 23
298922043487921 66
298922110437331 23
298922110454597 66
298922177429479 91
298922255100749 91
298922255119124 23
298922255126534 66
298922311682288 91
298922311696421 23
298922378690504 23
298922378704806 66
298922378711723 23
298922378718476 66
298922453675454 91
298922512876419 91
298922512891958 23
298922579888962 66
298922579904152 91
298922579911486 23
298922658352620 23
298922658366878 66
298922713957350 23
298922713973094 66
298922781220785 91
298922781235356 91
298922854433880 23
298922854448461 66
298922915269834 91
298922915283979 23
298922915290938 23
298922915297625 23
298922982193501 66
298922982207080 23
298922982214092 66
298923061586350 91
298923116322456 91
298923116335217 23
298923193484100 66
298923193496704 91
298923193503597 23
298923250514337 23
298923250526943 66
298923250533780 23
298923317589809 66
298923394781088 91
298923394796160 91
298923451691235 23
298923451704418 66
298923518792513 91
298923518807354 23
298923518814953 23
298923518821953 66
298923596854162 23
298923596869671 66
298923653210190 91
298923725503472 91
298923725519079 23
298923725526244 66
298923787018740 91
298923787034120 23
298923864001006 23
298923864018291 66
298923864025576 23
298923921222565 66
298923921238045 91
298923988282036 91
298924065952387 23
298924065971351 66
298924065978685 91
298924122416694 23
298924122430030 23
298924122436773 66
298924189450657 23
298924189464579 66
298924267230658 91
298924267247655 91
298924323504913 23
298924323520406 23
298924390742336 66
298924390758661 91
298924390765905 23
298924390772702 23
298924469250379 66
298924469266716 23
298924469274001 66
298924524769493 91
298924599334516 91
298924599365160 23
298924670542966 66
298924670571678 91
298924670578813 23
298924726085717 23
298924726110203 66
298924726117414 23
298924802456505 66
298924872457091 91
298924872473577 91
298924927226368 23
298924927246312 66
298924994209982 91
298924994226041 23
298924994233235 23
298925061220304 66
298925061235261 23
298925061242344 66
298925139928304 91
298925195574639 91
298925195603222 23
298925262458704 66
298925262474822 91
298925262481940 23
298925341678246 23
298925341696987 66
298925341704425 23
298925396611704 66
298925396628041 91
298925463622489 91
298925542963658 23
298925542979275 23
298925542986388 66
298925542993092 91
298925597823031 23
298925597838668 23
298925597845996 66
298925674964409 23
298925674990595 66
298925732268565 91
298925732285945 91
298925799044257 23
298925799064213 66
298925876193447 91
298925876213347 23
298925876220625 23
298925933174364 66
298925933190209 23
298925933197302 66
298926000171284 91
298926078106249 91
298926078123310 23
298926134402154 66
298926134417976 91
298926134425213 23
298926201401511 23
298926201416034 66
298926201423179 23
298926268412022 66
298926345321266 91
298926345335616 91
298926402640780 23
298926402653832 66
298926469737812 91
298926469759345 23
298926469766559 23
298926547322679 66
298926547341024 23
298926547348243 66
298926603783149 91
298926678415320 91
298926678427997 23
298926737901521 66
298926737915497 91
298926737922465 23
298926804911485 23
298926804924568 66
298926804931510 23
298926872118771 66
298926872131520 91
298926950539421 91
298927006162371 23
298927006177696 66
298927006184662 91
298927081383242 23
298927081413223 23
298927081420537 66
298927140489434 23
298927140516999 66
298927207467821 91
298927207492464 91
298927274525456 23
298927274552221 66
298927341492340 91
298927341511773 23
298927408595631 23
298927408618504 66
298927408625502 23
298927408632164 66
298927475599160 91
298927542638541 91
298927542656362 23
298927609725370 66
298927609739837 91
298927609746921 23
298927687029040 23
298927687047224 23
298927687054443 66
298927744009244 23
298927744022591 66
298927811216618 91
298927811229444 91
298927884987601 23
298927885004968 66
298927945081289 91
298927945096331 23
298927945103806 23
298928012176790 66
298928012193979 23
298928012201135 66
298928090258448 91
298928146219195 91
298928146234710 23
298928213399519 23
298928213415446 66
298928213422670 91
298928213429603 23
298928292226205 23
298928292250208 66
298928292257510 23
298928353169661 66
298928414475969 91
298928414493577 91
298928481670966 23
298928481690053 66
298928559466835 91
298928559486902 23
298928559494179 23
298928559501978 66
298928615702426 23
298928615722127 66
298928683506609 91
298928756095631 91
298928756118659 23
298928756125812 66
298928816998662 91
298928817025922 23
298928883997008 23
298928884019651 66
298928884026883 23
298928884033611 66
298928962793122 91
298929018279790 91
298929094627270 23
298929094654236 66
298929094661564 91
298929094668401 23
298929152399324 23
298929152426549 66
298929219599052 23
298929219631900 66
298929286788629 91
298929286818006 91
298929353540285 23
298929353570383 66
298929431983415 91
298929432018087 23
298929432025298 23
298929487584693 66
298929487614533 23
298929487621738 66
298929554731841 91
298929633222784 91
298929633251716 23
298929688792910 66
298929688818639 91
298929688825691 23
298929765170662 23
298929765359853 66
298929765368589 23
298929835238176 66
298929890273504 91
298929890298327 91
298929967092475 23
298929967119524 66
298930030178515 91
298930097482181 23
298930097510195 66
298930097518070 91
298930164957442 23
298930232302879 66
298930232332502 91
298930292434014 23
298930292452095 66
298930292459531 91
298930370725683 23
298930370744997 66
298930426456486 91
298930493645459 91
298930572649760 23
298930572667196 66
298930572674512 91
298930627685601 23
298930627703187 23
298930627710576 66
298930703910182 23
298930703926087 66
298930773968238 91
298930773986186 91
298930828886740 23
298930828903385 66
298930905865539 91
298930905880156 23
298930905887999 23
298930963138193 66
298930963153961 23
298930963161383 66
298931030124498 91
298931097221280 91
298931097237247 23
298931164160765 66
298931164176189 91
298931164183391 23
298931231356091 23
298931231371591 66
298931309107482 23
298931309123552 66
298931365418783 91
298931365434431 91
298931432425664 23
298931432445298 66
298931499619173 91
298931499637177 23
298931499644242 23
298931566529646 66
298931566546044 23
298931566553122 66
298931633655696 91
298931700821416 91
298931700840304 23
298931778307541 66
298931778326367 91
298931778333443 23
298931834818984 23
298931834834424 66
298931834841597 23
298931909091143 66
298931969221569 91
298931969235736 91
298932036086756 23
298932036110759 66
298932036117823 91
298932103313327 23
298932103337849 23
298932103345171 66
298932181600456 23
298932181628456 66
298932237289870 91
298932237318193 91
298932309916284 23
298932309944235 66
298932371365078 91
298932371391306 23
298932438517403 23
298932438546803 66
298932438554151 23
298932438561012 66
298932515762287 91
298932572693751 91
298932572722632 23
298932639708859 66
298932639733699 91
298932639740866 23
298932712812979 23
298932712839277 66
298932780170070 23
298932780196801 66
298932847568663 91
298932847593561 91
298932914967813 23
298932914993367 66
298932987236258 91
298932987260323 23
298932987267554 23
298933049747541 66
298933049779878 23
298933049786978 66
298933117095911 91
298933184492975 91
298933184520317 23
298933243290028 66
298933243317833 91
298933243325320 23
298933310510410 23
298933310539147 66
298933310546408 23
298933377607321 66
298933444510338 91
298933444535798 91
298933511583154 23
298933511613338 66
298933578734733 91
298933578763813 23
298933578771235 23
298933578777946 66
298933645657259 23
298933645676519 66
298933722317313 91
298933779879206 91
298933779897006 23
298933779904227 66
298933846860347 91
298933846878453 23
298933924314189 23
298933924345047 66
298933924352536 23
298933981133328 66
298933981158467 91
298934059628660 91
298934115581877 23
298934115616519 66
298934115623722 91
298934182350331 23
298934182381932 23
298934182389119 66
298934261606131 23
298934261635521 66
298934316437652 91
298934316456789 91
298934383385119 23
298934383402346 66
298934450388365 91
298934450404560 23
298934450411910 23
298934450418749 66
298934528784479 91
298934584599660 23
298934651618439 66
298934651633191 91
298934730731996 23
298934730748513 66
298934730755702 91
298934785674043 23
298934852849358 66
298934852864428 91
298934920092442 23
298934920105806 66
298934920112748 91
298934997970250 23
298935054205549 66
298935054220667 91
298935121085369 23
298935121097607 66
298935121104523 91
298935193981000 23
298935255130399 66
298935255146038 91
298935322313068 23
298935322328260 66
298935322335387 91
298935401254248 23
298935401271215 23
298935456366191 66
298935456382094 91
298935533122002 91
298935590701596 23
298935590718692 66
298935590726143 91
298935664365857 23
298935664396277 23
298935664403520 66
298935724701816 23
298935724725851 66
298935791820085 91
298935791846419 91
298935858784615 23
298935858801486 66
298935936420620 91
298935936443358 23
298935992936011 23
298935992952608 66
298935992959678 23
298935992966459 66
298936067176547 91
298936127245112 91
298936127263803 23
298936194480133 66
298936194502370 91
298936194510384 23
298936261277245 23
298936261296572 66
298936339638252 23
298936339655320 66
298936395368237 91
298936395384171 91
298936467944328 23
298936467960247 66
298936529405257 91
298936529435033 23
298936529442404 23
298936596407286 66
298936596422272 23
298936596429290 66
298936663614912 91
298936730603743 91
298936730619089 23
298936808828253 66
298936808844188 91
298936808851407 23
298936872938579 23
298936872953910 66
298936872961180 23
298936931891969 66
298936931907693 91
298937010105574 91
298937065923572 23
298937065939926 66
298937065947101 91
298937138920729 23
298937138950348 23
298937138957433 23
298937212157911 66
298937212185330 23
298937212192543 66
298937267298681 91
298937334237643 91
298937334262375 23
298937334269592 66
298937401370180 91
298937401388551 23
298937479356197 23
298937479372748 66
298937479379957 23
298937535425929 66
298937535444304 91
298937602479235 91
298937681456465 23
298937681483972 23
298937681492157 66
298937681498964 91
298937736935483 23
298937736971449 23
298937736978630 66
298937803838581 23
298937803869552 66
298937870829169 91
298937870856441 91
298937948694159 23
298937948734867 66
298938004894016 91
298938004914545 23
298938004921991 23
298938071925875 66
298938071941518 23
298938071948506 66
298938139054123 91
298938206258359 91
298938206277024 23
298938273435599 66
298938273452811 91
298938273459648 23
298938351867159 23
298938351895451 66
298938351903891 23
298938407286698 66
298938483693091 91
298938483710680 91
298938541398948 23
298938541414863 66
298938608405233 91
298938608420959 23
298938608428132 23
298938608434824 66
298938675570945 23
298938675584825 66
298938742622157 91
298938820966553 91
298938820981674 23
298938820988686 66
298938876745327 91
298938876758891 23
298938943828135 23
298938943841940 23
298938943848846 91
298939017948565 91
298939017964130 23
298939077992048 14
298939078007034 23
298939078014947 66
298939144973361 23
298939144986170 66
298939144993275 23
298939212080559 66
