101618178518816 91
101618241577902 23
101618313873960 66
101618313911056 91
101618370106740 23
101618370145131 66
101618370152783 91
101618437189174 23
101618437222917 66
101618515778285 91
101618571356098 23
101618571389791 66
101618571397036 91
101618638349079 23
101618638383971 66
101618638391462 91
101618705570894 23
101618705616366 66
101618772614494 91
101618772644969 23
101618850705623 66
101618850755086 91
101618906632459 23
101618906672142 66
101618973897439 91
101618973933157 23
101619040904534 66
101619040952450 91
101619107948430 23
101619107984537 66
101619107992134 91
101619248710126 23
101619248743710 66
101619248751166 91
101619316081700 23
101619316114053 66
101619383469206 91
101619450919428 91
101619450964913 23
101619450972473 66
101619532953958 91
101619532993671 23
101619533001413 66
101619589177763 23
101619589213709 66
101619589220900 91
101619644365047 23
101619644395016 91
101619720985987 23
101619721018101 66
101619721025541 23
101619778510075 66
101619778549822 91
101619845522552 91
101619845558905 23
101619845566591 66
101619918996955 23
101619919028280 66
101619979640165 91
101620046825430 23
101620046866730 66
101620046874426 91
101620124247735 23
101620124279514 66
101620181164743 91
101620247960328 23
101620247992954 66
101620248000508 91
101620326210661 23
101620326243235 66
101620382055611 91
101620382089567 23
101620449108991 66
101620449140412 91
101620527505944 23
101620527536275 66
101620527543884 91
101620583282356 23
101620583319450 66
101620650505096 91
101620729613144 23
101620729653132 66
101620729661307 91
101620790068036 23
101620790097611 66
101620790104921 91
101620851503440 23
101620918686915 66
101620918716346 91
101620996717647 23
101620996749497 66
101620996756954 91
101621052844655 23
101621119862013 66
101621119899421 91
101621193010764 23
101621193042401 66
101621193049852 91
101621253933269 23
101621253968651 66
101621253975888 91
101621322122023 23
101621388238344 66
101621388284977 91
101621388292574 23
101621388299582 66
101621465920820 91
101621522214762 23
101621522249957 66
101621522257663 91
101621589240301 23
101621589272048 66
101621667200765 91
101621723447598 23
101621723480745 66
101621723488359 91
101621790502615 23
101621790533331 66
101621790540816 91
101621869176016 23
101621869209201 66
101621869216835 91
101621924569812 23
101621924605475 66
101622001162967 91
101622064054364 23
101622064087473 66
101622064095169 91
101622131480090 91
101622198810664 23
101622198844528 23
101622198852749 66
101622266215712 23
101622266250750 66
101622266258368 91
101622333630689 91
101622333670135 23
101622333677980 66
101622401072143 23
101622401118015 66
101622401125605 91
101622535712774 23
101622535745205 66
101622535753022 91
101622603101141 23
101622603131193 66
101622603139334 91
101622670479404 23
101622670512387 66
101622670519827 91
101622729380256 91
101622729417676 23
101622796626528 66
101622796665995 23
101622863647344 66
101622863680920 91
101622930652363 23
101622930686896 66
101622997745983 91
101623131871665 23
101623131902803 66
101623131910421 91
101623198861328 23
101623198891941 66
101623198899647 91
101623272670747 23
101623272703073 66
101623272710733 91
101623340114441 23
101623340146884 66
101623407612129 91
101623474799419 23
101623474832793 66
101623474840443 91
101623542167899 91
101623542201117 23
101623542209302 66
101623609595188 23
101623609627078 66
101623668559097 91
101623735347841 23
101623735379292 66
101623735387099 91
101623802544815 23
101623802576104 66
101623869519077 91
101623936660348 23
101623936690719 66
101623936698323 91
101624003613461 23
101624003643887 66
101624003652084 91
101624070744968 23
101624070775214 66
101624137874195 91
101624211805518 23
101624211840013 66
101624279119867 91
101624346520785 23
101624346552724 66
101624346560299 91
101624413913100 23
101624413944643 66
101624481439025 91
101624540182713 23
101624540213509 66
101624540222054 91
101624607278715 23
101624607309891 66
101624607317752 91
101624674277481 91
101624674308357 23
101624674316087 66
101624741341289 23
101624741374106 66
101624741381889 91
101624808488246 23
101624808519206 66
101624875632803 91
101624953808219 23
101624953842153 66
101625009666117 91
101625076754081 23
101625076788944 66
101625076796844 91
101625155778417 23
101625155812904 66
101625210791783 91
101625284357257 91
101625284396817 23
101625357218137 66
101625357253839 23
101625412081287 66
101625412116401 91
101625489121283 23
101625489155666 66
101625489164214 91
101625546191372 23
101625546228005 66
101625546235762 91
101625624450029 23
101625624488783 66
101625680248922 91
101625747530520 91
101625747563157 23
101625747570795 66
101625814470535 23
101625814503026 66
101625814510694 91
101625892212537 23
101625892244155 66
101625892252197 91
101625948490871 23
101625948524819 66
101626015699251 91
101626092136071 23
101626092165040 91
101626092172395 23
101626149723307 66
101626149759407 23
101626149767330 66
101626149774497 91
101626216733911 23
101626216772417 23
101626216780044 66
101626283832374 91
101626361383284 91
101626361415066 23
101626361422495 66
101626361429663 23
101626361436501 66
101626418150018 91
101626485299797 23
101626485335774 66
101626485343253 91
101626552111509 23
101626552151496 66
101626552159447 91
101626686289653 23
101626686322813 66
101626686330324 91
101626753279812 23
101626753311898 66
101626753319054 91
101626830629567 23
101626830665593 66
101626887516909 91
101626954604771 91
101626954637912 23
101626954645517 66
101627032009405 23
101627032042031 66
101627032049737 91
101627089795193 23
101627089824784 66
101627089832331 91
101627155754644 23
101627155784797 66
101627233877827 91
101627289811314 23
101627289844645 66
101627289852264 91
101627356924871 23
101627356970739 66
101627356978752 91
101627424007466 91
101627491049744 23
101627491081542 66
101627491089504 23
101627558038230 66
101627625135754 91
101627692224142 23
101627692255837 66
101627766272596 91
101627833625748 91
101627833656891 23
101627833664346 66
101627900956344 23
101627900989781 66
101627900997706 91
101627974561108 23
101627974595416 66
101627974602992 91
101628035725980 23
101628035762014 66
101628035769875 91
101628094634615 23
101628094663820 66
101628161629935 91
101628237957921 23
101628237994677 66
101628238002299 91
101628295945804 23
101628295982430 66
101628295990055 91
101628363066141 23
101628363108423 66
101628429925372 91
101628429953660 23
101628497122339 66
101628497154221 91
101628564294335 23
101628564331161 66
101628564338481 91
101628638230962 23
101628638265549 66
101628638273072 91
101628705300581 23
101628705332805 66
101628772661603 91
101628840087496 23
101628840124640 66
101628840132462 91
101628907450032 91
101628907481631 23
101628974852010 66
101628974881312 23
101628974888907 66
101629033811552 91
101629033859609 23
101629105382523 66
101629105419028 91
101629168603685 23
101629168632445 66
101629168639930 91
101629234719112 23
101629234752264 66
101629234759829 91
101629368952211 23
101629368987613 66
101629368995051 91
101629445943688 23
101629445978839 66
101629445986420 91
101629503014579 23
101629503050450 66
101629503058046 91
101629570174786 23
101629570210021 66
101629570217719 91
101629637192015 23
101629637224036 66
101629712612230 91
101629771338155 23
101629771370866 66
101629771378387 91
101629838392474 23
101629838426111 66
101629905531579 91
101629905566740 23
101629972414660 66
101629972445631 91
101630039653985 23
101630039682556 66
101630039690377 91
101630106593724 23
101630106625152 66
101630173662227 91
101630240739733 23
101630240827550 66
101630240836759 91
101630314815277 23
101630314854602 66
101630382201127 91
101630449510189 23
101630449544424 66
101630516848845 91
101630584247180 23
101630584281619 66
101630584289106 91
101630651610926 23
101630651646000 66
101630651653179 91
101630710524781 23
101630710555997 66
101630710563725 91
101630777258156 23
101630844369264 66
101630844402719 91
101630911387202 23
101630911423624 66
101630911430996 91
101630978618356 23
101630978650377 66
101630978658014 91
101631045463741 23
101631045500729 91
101631112618330 23
101631112655917 66
101631112663337 23
101631186411039 66
101631186443945 91
101631253855898 91
101631253894215 23
101631253901784 66
101631321202457 23
101631321240002 66
101631390674042 91
101631456045708 23
101631523341029 66
101631523374134 91
101631582125311 23
101631582163940 66
101631649051432 91
101631716246405 91
101631716277010 23
101631716284925 23
101631716291895 66
101631783304681 91
101631783338414 23
101631783345814 66
101631850301480 23
101631850335030 66
101631850342674 91
101631917319750 23
101631917349144 66
101631984489825 91
101631984521520 23
101631984529065 66
101632051530018 91
101632125586491 23
101632125617792 66
101632125625428 91
101632193077841 23
101632193126230 66
101632193133805 91
101632260337567 23
101632260367620 23
101632327681012 66
101632327715566 91
101632395159882 91
101632395196614 23
101632395204163 66
101632453955097 23
101632453992979 66
101632454000586 91
101632521034256 23
101632588067002 66
101632588102602 91
101632655220525 23
101632655254276 66
101632655261702 91
101632722310072 23
101632722341016 66
101632796165026 91
101632856380190 23
101632856414692 66
101632856422528 91
101632923437545 23
101632923469641 66
101632923477144 91
101632997228047 23
101633064611502 66
101633064666166 91
101633132075105 23
101633132112859 66
101633132120750 91
101633199379314 23
101633199410525 66
101633199418006 91
101633266926201 23
101633266968661 66
101633334108868 91
101633392966706 23
101633393011361 66
101633393018830 91
101633470321066 23
101633470351965 66
101633526976419 91
101633594010412 23
101633594040440 66
101633672292061 91
101633728235011 23
101633728268947 66
101633728276741 91
101633728283800 23
101633795253096 66
101633795291841 91
101633862253763 23
101633862287841 66
101633862295473 91
101633947661549 91
101633996485897 23
101633996518079 66
101634063462668 23
101634063499820 66
101634063507391 91
101634141518644 23
101634141556927 66
101634141564550 91
101634197712296 23
101634197741206 66
101634272578364 91
101634331817868 91
101634331849549 23
101634331857154 66
101634398815787 23
101634398848331 66
101634398855764 91
101634465906273 91
101634465938783 23
101634544732551 66
101634544766417 23
101634544774048 66
101634544781071 91
101634600290892 23
101634600325784 66
101634667011698 91
101634734118639 23
101634734154122 66
101634734161740 91
101634877887369 23
101634877921206 91
101634877928798 23
101634877935743 66
101634935313193 23
101634935345362 91
101634935352863 23
101634935391927 66
101635002569609 23
101635002614785 66
101635002622282 91
101635069458676 91
101635136502007 23
101635136535026 66
101635136542613 23
101635136549852 66
101635203687850 91
101635297641452 23
101635297678393 66
101635297686041 91
101635337773089 23
101635337805837 66
101635404797744 91
101635479187136 23
101635479220233 66
101635479227806 91
101635552391913 23
101635552427116 66
101635605994280 91
101635684437598 23
101635684471930 66
101635684479596 91
101635740232369 23
101635740263756 66
101635740271394 91
101635886378115 23
101635886411571 66
101635886419252 91
101636008452364 23
101636008499464 66
101636008507115 91
101636075435276 23
101636075466657 66
101636075474233 91
101636209703851 23
101636209739018 66
101636209746481 91
101636276690065 23
101636276718353 66
101636276726129 91
101636350268906 23
101636350301267 66
101636410951323 91
101636477966406 23
101636477998288 66
101636478005984 91
101636545012575 23
101636622860267 66
101636622891974 91
101636690294946 23
101636690333625 66
101636690341055 91
101636753170068 23
101636753207231 66
101636753214810 91
101636813151930 23
101636813182072 23
101636880298955 66
101636880327219 91
101636947606323 23
101636947639599 66
101636947647226 91
101637031808047 23
101637031847235 66
101637031855090 91
101637081482608 23
101637081515546 66
101637081523109 91
101637156108013 23
101637227473323 66
101637227503332 91
101637359385925 23
101637359422021 66
101637359429884 91
101637416859328 23
101637416892868 66
101637416900411 91
101637483985112 23
101637484024471 66
101637561280436 91
101637624241590 23
101637624272961 66
101637624280554 91
101637696648184 23
101637696680997 66
101637752137190 91
101637828508970 23
101637828541693 66
101637828549069 91
101637898570319 23
101637898604868 66
101637898612186 91
101638020396347 23
101638020427071 66
101638020434894 91
101638087410556 23
101638087444131 66
101638087451421 91
101638154511343 23
101638154545158 66
101638154552739 91
101638221569671 23
101638221601525 66
101638221608923 91
101638355785080 91
101638355820575 23
101638355828329 66
101638422830244 23
101638422863622 66
101638422871397 91
101638496892098 23
101638496926104 66
101638496933790 91
101638564083425 23
101638564121375 66
101638624120188 91
101638691223097 23
101638691254770 66
101638691262339 91
101638758144984 23
101638758178755 66
101638758186505 91
101638825110794 23
101638825156086 66
101638825165613 91
101638899211699 23
101638899244147 66
101638899251426 91
101638966231319 23
101638966262139 66
101639033611273 91
101639101076022 23
101639101105546 66
101639101113220 91
101639168405883 23
101639168442731 66
101639235794712 91
101639294614813 23
101639294646544 66
101639294654238 91
101639361761263 91
101639361800662 23
101639361808253 66
101639428698476 23
101639428734431 66
101639428742019 91
101639495720322 23
101639495747340 66
101639563023280 91
101639630044082 23
101639630077650 66
101639696963296 91
101639763977452 23
101639764006349 66
101639764013989 91
101639831185705 23
101639831218120 66
101639831225641 91
101639907980173 23
101639908013352 66
101639965375450 91
101640032403119 23
101640032436150 66
101640099439458 91
101640099471479 23
101640166456969 66
101640166488855 91
101640233482538 23
101640233518862 66
101640233526358 91
101640300683284 23
101640300713748 66
101640300721217 91
101640434734177 23
101640434767029 66
101640434774544 91
101640501750015 23
101640501783233 66
101640501791158 91
101640575638215 23
101640575670337 66
101640643015255 91
101640643049533 23
101640643057156 66
101640643064120 91
101640710459991 23
101640710497619 66
101640777828679 91
101640845275323 23
101640845307943 66
101640845317413 91
101640912537733 23
101640912571305 66
101640971396835 91
101641038348249 91
101641038383852 23
101641038391536 66
101641112592542 23
101641112623714 66
101641112631293 91
101641179930723 23
101641179968972 66
101641179976360 91
101641247380298 91
101641314766856 23
101641314805183 91
101641314812885 23
101641314819993 66
101641382100682 23
101641382134556 66
101641440694452 23
101641440731868 66
