99525111445797 91
99525178648612 23
99525245664848 66
99525245699546 91
99525321913770 23
99525321944757 66
99525321952129 91
99525391985524 23
99525392017217 91
99525446903358 23
99525446932321 66
99525522666333 23
99525522695353 91
99525522702900 23
99525522709765 66
99525593660832 23
99525593694579 66
99525649883034 91
99525782236324 91
99525782266157 23
99525782273821 66
99525849275690 23
99525849316956 66
99525849325066 91
99525927187979 23
99525927219097 66
99525983417787 91
99526062482931 23
99526062511738 66
99526062519510 91
99526117462929 91
99526117498106 23
99526194558060 66
99526194596776 23
99526194604550 66
99526251669029 91
99526251700024 23
99526318671277 66
99526318707015 91
99526393001927 91
99526393035391 23
99526393042831 23
99526460407727 66
99526460443989 91
99526460451502 23
99526460458379 66
99526527721954 23
99526595096485 66
99526595127549 91
99526595135384 91
99526662469977 23
99526662501801 66
99526721246744 23
99526721283589 66
99526788373862 91
99526855317131 23
99526855345814 66
99526855353579 91
99526922313433 91
99526922352900 23
99526989324533 66
99526989355818 91
99527056491607 23
99527056521464 66
99527056529069 23
99527056536043 66
99527123725833 91
99527190907739 91
99527190943047 23
99527190950880 66
99527257609297 23
99527257648561 66
99527257656209 91
99527324656401 23
99527391861643 66
99527391894968 91
99527391902631 23
99527458993753 66
99527459043083 91
99527525921345 91
99527525958066 23
99527525965583 66
99527592953379 23
99527592982346 66
99527592989835 91
99527666862637 91
99527734249652 23
99527734282880 66
99527801602858 91
99527801633314 23
99527801640927 66
99527801648118 23
99527868979885 66
99527869010221 91
99527936365743 91
99527936402646 23
99527936410111 66
99528003772499 23
99528003804817 66
99528003812471 91
99528062500964 23
99528062537786 66
99528129449435 91
99528196641358 23
99528196679885 66
99528196687687 91
99528263563768 91
99528263595053 23
99528263602546 66
99528330634600 91
99528330666979 23
99528330674359 66
99528397843290 23
99528397871447 66
99528397879306 91
99528464861714 23
99528464893536 66
99528538594629 91
99528605952087 23
99528605986210 66
99528673304888 91
99528740669108 23
99528740701534 66
99528740709198 91
99528875493687 91
99528875522636 23
99528875530402 66
99528875537441 23
99528934323791 66
99528934357783 91
99528934365288 91
99529001336675 23
99529001376022 66
99529068512684 23
99529068562817 66
99529068573291 91
99529135612532 23
99529135650634 91
99529135658386 23
99529202698026 66
99529202730346 23
99529202737729 66
99529202744839 91
99529336574128 23
99529336608279 66
99529336615903 91
99529403852610 91
99529403890439 23
99529403898086 66
99529478286469 23
99529478319546 66
99529478327159 91
99529554699943 91
99529554736281 23
99529612399095 23
99529612429752 66
99529612437271 91
99529679898349 23
99529679935388 66
99529679943221 23
99529747224936 66
99529747268320 91
99529810386686 23
99529810421602 66
99529810429376 91
99529873325020 23
99529873359290 66
99529940396789 91
99530007447265 23
99530007478288 66
99530007485809 91
99530074465554 23
99530074501094 66
99530141541069 91
99530208614794 91
99530208645513 23
99530275572197 66
99530275603297 23
99530275610762 66
99530275617723 91
99530349386918 23
99530349415793 66
99530416819314 91
99530416853491 23
99530494533416 66
99530494568197 91
99530551530003 23
99530551565266 66
99530618903446 91
99530686259345 23
99530686291046 66
99530686298633 91
99530745159079 23
99530745204627 66
99530812183019 91
99530879248315 23
99530879283786 66
99530879291210 91
99530946485250 23
99531013326993 66
99531013368621 91
99531080543654 23
99531080576468 66
99531147816229 91
99531214520673 23
99531214585701 66
99531214593572 91
99531288475359 23
99531288510868 66
99531355856424 91
99531423243541 23
99531423281733 66
99531423289393 91
99531490655420 23
99531490698667 66
99531557980406 91
99531635102860 23
99531635138852 66
99531684020839 91
99531751080389 23
99531751109437 66
99531751116982 91
99531818131353 23
99531818165943 66
99531818173689 91
99531890566663 23
99531890602528 66
99531890610099 91
99531952164678 23
99532019470478 66
99532019500747 91
99532086434444 23
99532086468241 66
99532086476198 91
99532161862066 23
99532161891644 66
99532220448792 91
99532288367454 23
99532288439969 66
99532354626476 91
99532421662662 23
99532421698529 66
99532421706209 91
99532488755914 23
99532488788332 66
99532488795756 91
99532555917193 23
99532555945817 66
99532629744474 91
99532697181965 23
99532697212387 66
99532697220029 91
99532764477700 23
99532832113495 66
99532832190261 91
99532832200252 23
99532899299921 66
99532899328215 91
99532966670397 23
99533025240735 66
99533025273983 91
99533025281580 91
99533092338380 23
99533092368108 66
99533092375874 23
99533159524738 66
99533159553917 91
99533226449652 91
99533226477805 23
99533226485467 66
99533293544597 23
99533293586180 66
99533293593884 91
99533360784422 91
99533428085264 23
99533428134250 66
99533428144615 91
99533494683624 23
99533494716506 66
99533568822096 91
99533568856595 23
99533568864142 66
99533568871008 23
99533636245249 66
99533636277946 91
99533703590592 23
99533703619823 66
99533703627344 91
99533771009569 23
99533771039910 66
99533771047723 91
99533897257108 23
99533897290440 91
99533897298516 23
99533897305597 66
99533964163071 91
99533964193630 23
99533964201069 66
99534031337025 23
99534031366441 66
99534031374169 91
99534107548754 23
99534107584492 66
99534107592110 91
99534165381292 23
99534165415793 66
99534165423221 91
99534232451647 23
99534299592771 66
99534299625751 91
99534366801034 23
99534366835314 66
99534366842619 91
99534440703890 91
99534440741473 23
99534440749203 66
99534507921440 23
99534507950498 66
99534507958019 91
99534575342481 91
99534642695858 23
99534642724582 66
99534642732248 23
99534642739694 66
99534710077650 91
99534777426752 91
99534777457550 23
99534777465021 66
99534836088189 23
99534836124259 66
99534836131754 91
99534903148943 91
99534970138277 23
99534970169037 66
99534970176417 23
99534970183359 66
99534970190276 91
99535037328841 23
99535104238617 66
99535104270664 91
99535171373692 91
99535171409096 23
99535171416762 66
99535238546386 23
99535238581146 66
99535238588645 91
99535312294817 23
99535312329813 66
99535312337719 91
99535379631895 23
99535447118675 66
99535447157821 91
99535514541758 23
99535514584008 66
99535514591895 91
99535649167048 91
99535649199589 23
99535649207201 66
99535708081831 23
99535708114210 66
99535708121953 91
99535774882170 23
99535774911692 66
99535774919237 91
99535842130643 23
99535909103607 66
99535909136284 91
99535909144030 23
99535976146566 66
99536043147700 91
99536043175967 23
99536110339587 66
99536110370830 91
99536177464114 23
99536177500150 66
99536177507914 91
99536251415610 23
99536251455621 66
99536251463125 91
99536319932664 91
99536386163214 23
99536386201513 66
99536386209048 23
99536386216644 66
99536453505829 91
99536520890866 23
99536520922994 66
99536520930644 91
99536588308027 23
99536588338383 66
99536646756378 91
99536713905417 23
99536713933467 66
99536713941085 91
99536781029668 23
99536781076465 66
99536781084000 91
99536848090233 23
99536915107125 66
99536915145540 91
99536991762437 23
99536991798171 66
99536991805789 91
99537049345429 23
99537049382561 66
99537049389927 91
99537123093567 23
99537123127507 66
99537190498196 91
99537257866198 23
99537257898187 66
99537257905577 91
99537325282562 91
99537325323573 23
99537392764248 66
99537392798144 23
99537392806089 66
99537460073054 91
99537519014556 23
99537519049126 66
99537519056707 91
99537585927985 23
99537585964011 66
99537652799059 91
99537719797520 23
99537719829605 66
99537719837291 91
99537787033077 23
99537787073757 66
99537854272158 91
99537921092308 23
99537921123468 66
99537921131033 91
99538004993235 23
99538005029247 66
99538005036931 91
99538062212422 23
99538062248539 66
99538062256074 91
99538129748798 23
99538129796044 66
99538197010026 91
99538264425924 91
99538264465820 23
99538264473667 66
99538331715174 23
99538331753290 66
99538331761096 91
99538390650435 23
99538390676981 66
99538390684578 91
99538457780871 91
99538524743785 23
99538524777950 66
99538524785445 23
99538524792437 66
99538591735997 91
99538658854268 91
99538658888448 23
99538658896069 66
99538725968204 23
99538726008086 66
99538726015816 91
99538792867009 91
99538860122895 23
99538860156394 66
99538860164002 91
99538933941791 23
99538933970475 66
99538933977984 23
99538994209679 66
99538994239175 91
99539061214779 23
99539061243948 66
99539128208591 91
99539195417198 91
99539262431169 23
99539262461042 66
99539262468575 91
99539329661219 23
99539329689754 66
99539329697520 23
99539329704627 66
99539403478098 91
99539403512756 23
99539470905646 66
99539470952789 91
99539538252726 23
99539538291208 66
99539538298858 91
99539605615722 23
99539605652319 66
99539605659971 91
99539673000371 23
99539673033814 66
99539740392473 91
99539798906901 91
99539798941042 23
99539798948627 66
99539865923435 91
99539865955390 23
99539865963122 66
99539933114476 23
99539933147708 66
99539933155472 91
99540000070838 23
99540000103700 66
99540067149185 91
99540067181216 91
99540134306792 23
99540134340664 66
99540201469798 23
99540201504762 66
99540201512309 91
99540275189739 91
99540275226762 23
99540344353625 66
99540344383822 91
99540344391918 23
99540409953200 66
99540409990127 23
99540477334989 66
99540477380249 91
99540536616739 91
99540536648632 23
99540536656151 66
99540536663100 23
99540614527608 66
99540614557616 91
99540670905856 23
99540670947015 66
99540670954615 91
99540737943271 23
99540737975933 23
99540816542270 66
99540816585628 91
99540816593344 91
99540871970631 23
99540872005855 66
99540872013557 23
99540872020488 66
99540939114100 91
99541006076726 91
99541083704433 23
99541083735448 66
99541083742945 91
99541083749850 23
99541140305632 66
99541140338699 91
99541207358353 23
99541207394194 66
99541207401942 23
99541285712937 66
99541285743548 91
99541341408282 91
99541341438917 23
99541341446354 66
99541408471265 23
99541408507613 66
99541408515190 91
99541475720794 91
99541552962254 23
99541552998668 66
99541553006507 23
99541553013594 66
99541553020503 91
99541609635127 91
99541676831371 23
99541676882320 66
99541676892828 23
99541743911294 66
99541743943669 91
99541811512942 23
99541811548573 66
99541811556303 91
99541877899620 23
99541877931241 66
99541877938647 91
99541956195789 91
99542012135301 23
99542012163591 66
99542012171307 23
99542079188471 66
99542079237441 91
99542155211026 23
99542155239929 66
99542155247400 91
99542213340641 91
99542213376757 23
99542280402854 66
99542280435679 23
99542280443206 66
99542414565910 91
99542491312202 23
99542491349217 91
99542491356809 23
99542491363684 66
99542548866652 91
99542548899168 23
99542548906760 66
99542615590709 23
99542615622418 66
99542615630289 91
99542682841907 23
99542682874039 91
99542749941928 23
99542749981323 66
99542749988842 23
99542749996759 66
99542828779927 91
99542883863253 23
99542883894890 66
99542883902622 91
99542960516002 23
99542960546593 66
99542960554158 91
99543018307101 91
99543018339535 23
99543085236591 66
99543085299535 91
99543085307929 23
99543152412916 66
99543152454697 23
99543152466018 66
99543219279845 91
99543286310719 23
99543286343602 66
99543286350882 91
99543427434468 23
99543427466815 91
99543427474489 23
99543427481563 66
99543495157233 23
99543495207058 66
99543495216814 91
99543554630726 23
99543554664086 66
99543621699128 91
99543688710214 23
99543688746966 66
99543688754757 91
99543755745760 23
99543755783715 66
99543755791277 91
99543830520125 23
99543896961592 66
99543896991050 91
99543964454478 23
99543964490194 66
99543964497956 91
99544031736665 91
99544031771661 23
99544031779122 66
99544099320056 23
99544099362979 66
99544099370790 91
99544166488934 23
99544166522472 66
99544225497820 91
99544292296792 23
99544292331553 66
99544292339050 91
99544361311585 23
99544361339454 66
99544426631109 91
99544426682901 23
99544426690370 66
99544494183084 91
99544560560289 23
99544560595126 66
99544560602775 91
99544627584671 23
99544627614727 66
99544627622296 91
99544768774394 23
99544768810429 66
99544768818021 91
99544836244081 23
99544836288106 66
99544903513819 91
99544970838968 91
99544970869481 23
99544970876913 23
99544970884380 66
99545038392842 23
99545038427317 66
99545038435110 91
99545097068448 23
99545097100376 66
99545097107951 91
99545164266987 91
99545231283726 23
99545231316855 66
99545231324400 23
99545231331445 66
99545231338330 91
99545365359193 23
99545365392751 66
99545365401139 91
99545433188111 23
99545433229834 66
99545433237548 91
99545499516503 23
99545499548182 66
99545499555767 91
99545566621832 23
99545566653458 66
99545640432507 91
99545707807225 23
99545707843648 66
99545707851235 91
99545783532435 91
99545783568843 23
99545783576603 66
99545842728315 23
99545842766904 66
99545842774606 91
99545910029763 91
99545910061054 23
99545977311214 23
99545977343945 66
99545977351510 23
99545977358589 66
99545977365537 91
99546103250994 23
99546103286282 66
99546103294159 91
99546170279170 23
99546170314697 66
99546170322448 91
99546237230014 23
99546237263616 66
99546237271300 91
99546304485827 91
99546304528075 23
99546371583018 66
99546371627023 23
99546371634707 66
99546438614847 91
99546505551933 23
99546505617107 66
99546505625620 91
99546572525750 23
99546572557743 91
99546572565493 23
99546648982069 66
99546649022144 91
99546718976795 23
99546719006658 66
99546719014368 23
99546774202428 66
99546774252943 91
99546774260498 91
99546850884017 23
99546850920644 66
99546915048561 23
99546915081532 66
99546915089163 91
99546975006840 91
99546975034792 23
99547052145581 66
99547052177606 23
99547052185183 66
99547052192185 91
99547109199998 91
99547176065666 23
99547176101173 66
99547176108844 23
99547254164857 66
