303437932535631 91
303437989704293 23
303437989729610 66
303438056910712 91
303438123686995 23
303438123715973 66
303438190766164 91
303438190790055 91
303438257882337 23
303438257908738 66
303438257916161 91
303438335786794 23
303438335813704 23
303438335821051 66
303438391930668 23
303438391957352 66
303438459159802 91
303438459188613 91
303438534383856 23
303438534413755 66
303438534421107 91
303438534428137 23
303438593215075 23
303438593243851 66
303438593250950 23
303438660200271 66
303438660227197 91
303438739098664 91
303438794404649 23
303438794428687 66
303438794436079 91
303438794442926 23
303438871001106 23
303438871030520 66
303438871037880 23
303438871044716 66
303438935110723 91
303438995602411 91
303438995624917 23
303439072266337 66
303439072290336 91
303439072297789 23
303439072304807 23
303439129657995 66
303439129680294 23
303439129687517 66
303439196619230 91
303439196646603 91
303439274199949 23
303439274223159 66
303439330849078 91
303439330871754 23
303439330878943 23
303439330885816 66
303439403318793 23
303439403341891 66
303439464923433 91
303439464951429 91
303439532089115 23
303439532112637 66
303439532119720 91
303439599143237 23
303439599165625 23
303439599172969 66
303439677459853 23
303439677488591 66
303439677495804 91
303439733206831 91
303439806200707 23
303439806225951 66
303439806233267 91
303439806240633 23
303439867308901 23
303439867332190 66
303439867339278 23
303439944733486 66
303439944758519 91
303440001508670 91
303440068739474 23
303440068767211 66
303440068774314 91
303440068781116 23
303440146790812 23
303440146824782 66
303440146831969 23
303440146838839 66
303440202793304 91
303440269913673 91
303440269945141 23
303440336783320 66
303440336806659 91
303440336813922 23
303440336820776 23
303440413986869 66
303440414018341 23
303440414025733 66
303440470834937 91
303440470850884 91
303440538038804 23
303440605123856 66
303440605151023 23
303440605158297 66
303440605165066 91
303440672122829 91
303440751246043 23
303440751273957 66
303440751281307 91
303440751288150 23
303440806392383 23
303440806422781 66
303440806430064 23
303440806436781 66
303440883126814 91
303440940398304 91
303440940422313 23
303441007362253 66
303441007385733 91
303441007392912 23
303441007399892 23
303441074551999 66
303441074578782 23
303441074585794 66
303441141587279 91
303441141607555 91
303441220442284 23
303441220469536 66
303441275839909 91
303441275868384 23
303441275875855 23
303441275882806 66
303441352294841 23
303441352320399 66
303441409898366 91
303441409925412 91
303441483112878 23
303441483139764 66
303441483146923 91
303441543954259 23
303441543979164 23
303441543986447 66
303441611203312 23
303441611230227 66
303441611237485 91
303441678160605 91
303441755616198 23
303441755647412 66
303441755654660 91
303441755661493 23
303441812255527 23
303441812284018 66
303441812290843 23
303441879231248 66
303441879247358 91
303441956939760 91
303441956968845 23
303442013442843 66
303442013461399 91
303442013468806 23
303442013475836 23
303442080587692 66
303442080610693 91
303442158812406 23
303442214880326 66
303442214903449 91
303442281686373 91
303442348708606 23
303442348731012 66
303442348738394 91
303442348745321 23
303442426136341 23
303442426167384 66
303442426174511 23
303442482926698 66
303442482949671 91
303442549935127 91
303442549956610 23
303442628051726 66
303442628078951 91
303442628086211 23
303442628134827 23
303442684200794 66
303442684231391 23
303442684238759 66
303442759136725 91
303442759159085 91
303442818196771 23
303442818219087 66
303442885177611 91
303442885201725 23
303442885209155 23
303442885216107 66
303442952423982 23
303442952450714 66
303443031265177 91
303443031290596 91
303443086432804 23
303443086456665 66
303443153467747 23
303443153494615 66
303443153501858 91
303443220644470 91
303443287722988 23
303443287749864 66
303443287757642 91
303443287764757 23
303443364488090 23
303443364516078 66
303443364523408 23
303443364530180 66
303443421784834 91
303443488862320 91
303443488888282 23
303443488895302 66
303443555876848 91
303443555901211 23
303443555908491 23
303443623068921 66
303443623089957 23
303443623097176 91
303443690078030 23
303443690100882 66
303443690107973 23
303443690114752 91
303443757162117 23
303443757189188 66
303443757196898 23
303443833704704 66
303443833731149 91
303443891429745 91
303443958363724 23
303443958392196 66
303443958399603 91
303443958406546 23
303444025364362 23
303444025401271 66
303444025409570 23
303444025416455 66
303444092405675 91
303444159514093 91
303444159536737 23
303444236926891 66
303444236950532 91
303444236957717 23
303444236964645 23
303444293929890 66
303444293958298 23
303444293965371 66
303444360708719 91
303444360736504 91
303444433923445 23
303444433948778 66
303444494887917 91
303444494916539 23
303444494923676 23
303444494930310 66
303444561929102 23
303444561956981 66
303444640190165 91
303444640219806 91
303444696103722 23
303444696130356 66
303444696137825 91
303444763171647 23
303444763200152 23
303444763207508 66
303444836856654 23
303444836886435 66
303444836893968 91
303444897112109 91
303444964322646 23
303444964345029 66
303444964352245 91
303444964359214 23
303445043499853 23
303445043530757 66
303445043537894 23
303445098332098 66
303445098349216 91
303445175293574 91
303445232586224 23
303445232609570 66
303445232616837 91
303445232623606 23
303445299603434 23
303445299624583 66
303445299631762 23
303445299638470 66
303445366602880 91
303445433813022 91
303445433836089 23
303445512681085 66
303445512708321 91
303445512715800 23
303445512722452 23
303445567868081 66
303445567891677 23
303445567899152 66
303445642611674 91
303445642638294 91
303445713924461 23
303445713948153 66
303445713955378 91
303445769115492 23
303445769137540 23
303445769144862 66
303445845826513 23
303445845853411 66
303445845860675 91
303445903187146 91
303445970245046 23
303445970267224 66
303445970274717 91
303445970281355 23
303446047853665 23
303446047883458 66
303446047890671 23
303446110836910 66
303446110865583 91
303446183166264 91
303446238599729 23
303446238630018 66
303446238637300 91
303446238644100 23
303446315067481 23
303446315096960 66
303446315104286 23
303446315110986 66
303446385108633 91
303446439633266 91
303446439652037 23
303446439659210 66
303446506772927 91
303446506795548 23
303446506803971 23
303446573889957 66
303446573913526 23
303446573920666 66
303446652365896 91
303446652393783 91
303446707904573 23
303446707931418 66
303446775101823 91
303446775124378 23
303446775131591 23
303446775138386 66
303446842096291 23
303446842119187 66
303446909132738 91
303446909155639 91
303446976172919 23
303446976197749 66
303446976204837 91
303447055615498 23
303447055638510 66
303447110392584 23
303447110414787 66
303447110422115 91
303447187448389 91
303447244448504 23
303447244477206 66
303447244484381 91
303447244491238 23
303447311604440 23
303447311626798 66
303447311634062 23
303447388974146 66
303447389011771 91
303447445904234 91
303447445931341 23
303447512799911 66
303447512830011 91
303447512837272 23
303447512844081 23
303447590797509 66
303447590828927 23
303447590836293 66
303447646886813 91
303447646913966 91
303447713891341 23
303447781155220 66
303447781183131 91
303447781190521 23
303447781197216 23
303447858049095 66
303447858078399 23
303447858085568 66
303447915080237 91
303447915098645 91
303447982158029 23
303447982182050 66
303447982189091 91
303448060058885 23
303448060093193 23
303448060100344 66
303448116267785 23
303448116286636 66
303448116293783 91
303448183322442 91
303448250419761 23
303448250442008 66
303448250449431 91
303448250456795 23
303448327173766 23
303448327198943 23
303448327206155 66
303448327212941 91
303448384749013 23
303448384772344 23
303448384779324 66
303448451893110 23
303448451914112 66
303448529146595 91
303448591310028 23
303448591344074 66
303448591351382 91
303448591358084 91
303448652860714 23
303448652883737 66
303448730449877 91
303448730475771 23
303448730483183 66
303448787086981 23
303448787109496 66
303448854177763 91
303448854208257 91
303448932415085 23
303448932439449 66
303448932446422 91
303448932453245 23
303448988134470 23
303448988157610 66
303448988165634 23
303449055336041 91
303449055358479 23
303449055365875 66
303449133720633 23
303449133747555 66
303449189379552 91
303449189402539 91
303449256433827 23
303449256461570 66
303449256468749 91
303449335711022 23
303449335740566 23
303449335747597 66
303449335755013 23
303449390573137 66
303449457589490 91
303449457613248 91
303449536988849 23
303449537016937 66
303449537024380 23
303449591754300 23
303449591770275 66
303449591777235 91
303449591784106 91
303449668887071 23
303449668920910 23
303449725856488 66
303449725881083 91
303449725888312 23
303449725895254 66
303449793034263 23
303449793056734 66
303449867361364 91
303449867384689 91
303449927172027 23
303449927202539 66
303449927209670 91
303449994189536 23
303449994210612 23
303449994218212 66
303450072125997 23
303450072148448 66
303450072155612 91
303450128219700 91
303450195537621 23
303450195566691 66
303450195574006 91
303450195580781 23
303450268186000 23
303450268209543 66
303450268216834 23
303450329416595 66
303450329440216 91
303450396493524 91
303450475459287 23
303450475492664 66
303450475500030 91
303450475507764 23
303450530938258 23
303450530963001 66
303450530969961 23
303450530976814 66
303450607265727 91
303450664951685 91
303450664979761 23
303450738515005 66
303450738543076 91
303450738550458 23
303450738557432 23
303450808591521 66
303450808620011 23
303450808627931 66
303450866056306 91
303450866084503 91
303450932995210 23
303450933016270 66
303451010536259 91
303451010565656 23
303451010572868 23
303451010580194 66
303451067064424 23
303451067082324 66
303451134322202 91
303451134343369 91
303451211807523 23
303451211834109 66
303451211841489 91
303451268374988 23
303451268399892 23
303451268406779 66
303451335405004 23
303451335427431 66
303451335434549 91
303451413736624 91
303451469616600 23
303451469640201 66
303451469647436 91
303451469654307 23
303451536621400 23
303451536646067 66
303451536653206 23
303451615041446 66
303451615065618 91
303451670743213 91
303451737843050 23
303451737864173 66
303451737871585 91
303451737878308 23
303451817053500 23
303451817081333 66
303451817088381 23
303451817095222 66
303451872112776 91
303451939065386 91
303451939086833 23
303452006129711 66
303452006156844 91
303452006164140 23
303452006171019 23
303452084287766 66
303452084315390 23
303452084322616 66
303452140304610 91
303452140335544 91
303452207447683 23
303452207477880 66
303452207485280 91
303452286254506 23
303452286284628 23
303452286291660 66
303452341490171 23
303452341516869 66
303452341524364 91
303452408567662 91
303452475451510 23
303452475469296 66
303452475476845 91
303452475483770 23
303452553514315 23
303452553543870 66
303452553551405 23
303452609869458 66
303452609888580 91
303452676674506 91
303452755532388 23
303452755567312 66
303452755574523 91
303452755581436 23
303452810873702 23
303452810897383 66
303452810904848 23
303452810911687 66
303452877845391 91
303452956724448 91
303452956749744 23
303453012101533 66
303453012123064 91
303453012130314 23
303453012137322 23
303453088599493 66
303453088620750 23
303453088627921 66
303453146296500 91
303453146322971 91
303453213319253 23
303453213342172 66
303453289882125 91
303453289905774 23
303453289912977 23
303453289919716 66
303453347391951 23
303453347415998 66
303453414594934 91
303453414620960 91
303453491869257 23
303453491896294 66
303453491903706 91
303453548590163 23
303453548614472 23
303453548621874 66
303453615606682 23
303453615628781 66
303453615636062 91
303453682813521 91
303453749943708 23
303453749976711 66
303453749984013 91
303453749990926 23
303453816919590 23
303453816951192 66
303453816958134 23
303453895221912 66
303453895255676 91
303453950961930 91
303454018038042 23
303454018061922 66
303454018069248 91
303454018075969 23
303454085090656 23
303454085111827 66
303454085119106 23
303454085125889 66
303454152084884 91
303454152108455 91
303454219306493 23
303454286213815 66
303454286234710 91
303454286242032 23
303454286248857 23
303454364326109 66
303454364349024 23
303454364356893 66
303454420499520 91
303454420524981 91
303454495081579 23
303454495107537 66
303454495114761 91
303454554509594 23
303454554531700 23
303454554538913 66
303454621793989 23
303454621818646 66
303454621825903 91
303454688957433 91
303454767617206 23
303454767644988 66
303454767652395 91
303454767659262 23
303454822747834 23
303454822770173 66
303454822777566 23
303454897968709 66
303454897990757 91
303454968848193 91
303455024069858 23
303455024101032 66
303455024108348 91
303455024115093 23
303455100802785 23
303455100831859 66
303455100839121 23
303455100845928 66
303455158127871 91
303455225130741 91
303455225152634 23
303455298806690 66
303455298833240 91
303455298840298 23
303455298847010 23
303455359407595 66
303455359432560 23
303455359440529 66
303455426429815 91
303455426456011 91
303455504086363 23
303455504116050 66
303455560537205 91
303455560553878 23
303455560560945 23
303455560567786 66
303455627616300 23
303455627636325 66
303455706053197 91
303455706081133 91
303455766924216 23
303455766942704 66
303455766949998 91
303455828802694 23
303455828831215 23
303455828838472 66
303455895831541 23
303455895853355 66
303455973195736 91
303455973219749 91
303456030073996 23
303456030097513 66
303456030104851 91
303456030112400 23
303456097053231 66
303456097080298 23
303456169875447 66
303456169898637 91
303456231125046 91
303456298313896 23
303456298335127 66
303456298342447 91
303456298349212 23
303456376560809 66
303456376589453 91
303456376596501 23
303456432332207 23
303456432357206 66
303456432364582 23
303456499481308 66
303456499502614 91
303456566417155 91
303456633547985 23
303456633575881 66
303456633583120 91
303456633590558 23
303456700716964 23
303456700742840 66
303456700750194 23
303456700757019 66
303456767965874 91
303456845726708 91
303456845755191 23
303456901887700 66
303456901916090 91
303456901923197 23
303456901929994 23
303456968986045 66
303456969019882 23
303456969027216 66
303457047097682 91
303457047127645 91
303457103054600 23
303457103075528 66
303457170068616 91
303457170098407 23
303457170105718 23
303457170113082 66
303457249042308 23
303457249071213 66
303457304114413 91
303457304133408 91
303457380872655 23
303457380900792 66
303457380907981 91
303457380914802 23
303457443822437 23
303457443848091 66
303457443856087 23
303457516216928 66
303457516239485 91
303457572383141 91
303457639477743 23
303457639499059 66
303457639506294 91
303457639513172 23
303457718210155 66
303457718242290 23
303457718249666 66
303457773851839 91
303457840783896 91
303457840809472 23
303457907816415 66
303457907843021 91
303457907850542 23
303457907857584 23
303457985417022 66
303457985449860 23
303457985457210 66
303458041881198 91
303458041909177 91
303458109171862 23
303458109203058 66
303458187456829 91
303458187482239 23
303458187490641 23
303458187497405 66
303458243138666 23
303458243165355 66
303458310252403 91
303458310280232 91
303458377368663 23
303458377394360 66
303458377401512 91
303458454684094 23
303458454713394 23
303458454720776 66
303458511272177 23
303458511288868 66
303458511296115 91
303458578513200 91
303458654690266 23
303458654720024 23
303458654727871 66
303458654734796 91
303458654741539 23
303458712467088 66
303458712486022 23
303458779742001 66
303458779769997 91
303458857859555 91
303458913692186 23
303458913715762 66
303458913724024 91
303458913730778 23
303458980902783 23
303458980925316 66
303458980932630 23
303458980939575 66
303459059817945 91
303459122809432 91
303459122832074 23
303459181958640 66
303459181981679 91
303459181988804 23
303459181995549 23
303459249010169 66
303459249032445 23
303459249039485 66
303459327094969 91
303459327122653 91
303459383159073 23
303459383182897 66
303459383190329 91
303459450314520 23
303459450338185 91
303459450345437 23
303459450352197 23
303459523579410 66
303459523600477 23
303459523607461 66
303459584437091 23
303459584465177 66
