103676217755246 91
103676296609313 23
103676296644116 66
103676352066642 91
103676428484871 23
103676428517091 66
103676428524659 91
103676486114208 23
103676486144201 66
103676553175727 91
103676629821653 23
103676629855245 66
103676629862796 91
103676687355301 23
103676687388404 66
103676687396249 91
103676754381130 23
103676754421219 23
103676831702303 66
103676831738946 91
103676888578958 23
103676888611502 66
103676888619319 91
103676955583258 23
103676955615016 66
103677022637658 91
103677098994897 23
103677099026747 66
103677099034582 91
103677169063037 23
103677169094070 66
103677223750044 91
103677223782716 23
103677223790089 66
103677301099125 91
103677357960646 23
103677357991544 66
103677357999103 91
103677492312786 23
103677492345730 66
103677492353466 91
103677559295008 23
103677559341755 66
103677559349620 91
103677626224689 23
103677626257400 66
103677699995158 91
103677700027336 23
103677700034815 66
103677767408222 91
103677834763121 23
103677834798316 66
103677902131356 91
103677902159389 23
103677902166885 66
103677969513576 91
103678036911991 23
103678036943174 23
103678036950582 66
103678036957741 91
103678095742775 23
103678095772336 66
103678162749077 91
103678229908388 23
103678229944740 66
103678229952737 91
103678297009481 23
103678297042984 66
103678363954417 91
103678431178360 23
103678431233509 66
103678431243287 91
103678498144516 23
103678498186956 66
103678565291421 91
103678565357442 23
103678565365184 66
103678639334900 91
103678706567396 23
103678706607286 66
103678706617542 91
103678773881090 23
103678773920629 66
103678841226977 91
103678908768121 23
103678908857414 66
103678908865677 91
103678967591397 23
103678967624103 66
103679034650522 91
103679101740014 23
103679101770635 66
103679101778273 91
103679178992696 23
103679179022939 66
103679236035762 91
103679303071707 23
103679303105403 66
103679303112993 91
103679369967179 23
103679369999823 66
103679370007584 91
103679504187733 23
103679504223457 66
103679504231163 91
103679571412972 23
103679571453527 66
103679571461028 91
103679638107516 23
103679638143075 66
103679705358445 91
103679772364825 23
103679772396822 66
103679772463816 91
103679846310316 23
103679846343367 66
103679913912635 91
103679991580922 23
103679991620621 66
103679991628516 91
103680048492167 23
103680048525437 66
103680048532846 91
103680115945022 23
103680174783353 66
103680174818044 91
103680241915477 23
103680241986970 66
103680241995907 91
103680308805293 23
103680308837610 66
103680378928360 91
103680450634481 23
103680450664288 66
103680450671777 91
103680518019374 23
103680518050349 66
103680585633529 91
103680644415461 23
103680644448957 66
103680644457033 91
103680711157348 23
103680711185860 66
103680711193516 91
103680778300553 23
103680778329203 66
103680845331254 91
103680912506299 23
103680912535667 66
103680912543387 91
103680979491870 23
103680979523080 66
103681046483817 91
103681046515635 23
103681120281073 66
103681120318006 91
103681187639595 23
103681187675446 66
103681254977002 91
103681322367310 23
103681322401352 66
103681322408883 91
103681389735648 23
103681389766184 66
103681389773629 91
103681457172706 23
103681457209581 66
103681516091067 91
103681583107361 23
103681583137558 66
103681583145817 91
103681650381835 23
103681650416012 66
103681717600206 91
103681717633729 23
103681784272595 66
103681784304274 91
103681851362125 23
103681851393462 66
103681918446153 91
103681918477894 23
103681918485419 66
103681985499189 91
103682071223627 23
103682071258227 66
103682071266204 91
103682126694467 23
103682194171836 66
103682194205301 91
103682261535954 23
103682261579698 23
103682261587416 66
103682261594585 91
103682328865025 23
103682328894838 66
103682396294585 91
103682455074331 23
103682455108050 66
103682455115796 91
103682522074705 23
103682522115057 66
103682589098230 91
103682589132023 23
103682656209407 66
103682656242389 91
103682723248940 23
103682723280468 23
103682723288180 66
103682723295236 91
103682790288507 23
103682790320733 66
103682857956166 91
103682858008338 23
103682924629711 66
103682924675227 91
103682998427943 23
103682998457564 66
103683065781895 91
103683065814171 23
103683133200245 66
103683133233738 91
103683200596512 23
103683200628760 66
103683200636183 91
103683268042896 23
103683268080517 66
103683326775026 91
103683393828338 23
103683393860250 66
103683393867777 91
103683460905860 23
103683460936801 66
103683528000476 91
103683595005309 23
103683595036147 66
103683595043531 91
103683662110966 23
103683662143075 66
103683729311579 91
103683796511068 23
103683796541146 66
103683796548671 91
103683863273240 23
103683863305929 66
103683863313428 91
103683937518571 23
103684004914270 66
103684004942410 91
103684072288767 23
103684072318810 66
103684072326410 91
103684139730725 23
103684139763726 66
103684207050794 91
103684265826800 23
103684265862247 66
103684265870114 91
103684332751139 23
103684332778839 66
103684399836810 91
103684399872075 23
103684399879661 66
103684466976620 91
103684534152285 23
103684534201597 66
103684534208999 91
103684601071687 23
103684668058105 66
103684668092524 91
103684741956787 23
103684741996426 66
103684742004671 91
103684809261256 23
103684809299336 66
103684876606601 91
103684944105485 23
103684944144850 66
103684944152457 91
103685011353095 23
103685011384365 66
103685078741191 91
103685078776101 23
103685078783519 66
103685137512538 91
103685204690188 23
103685204720863 66
103685204728587 91
103685350288728 23
103685350329517 66
103685350337044 91
103685405815588 23
103685405853483 66
103685405860829 91
103685472863996 23
103685472899004 66
103685539933701 91
103685539968647 23
103685618347937 66
103685618384367 91
103685680975442 23
103685681011617 66
103685748321030 91
103685815765145 23
103685815799618 66
103685815807048 91
103685883111471 23
103685883144417 66
103685883152121 91
103686009411918 23
103686009445995 66
103686009453554 91
103686076468748 23
103686076499144 66
103686076506918 91
103686143606675 23
103686143638491 66
103686210666850 91
103686210699289 23
103686277629083 66
103686277660686 91
103686344846425 23
103686344880885 23
103686344888750 66
103686411838551 91
103686478902902 23
103686478933106 66
103686478940991 91
103686552680067 23
103686552717250 66
103686552724867 91
103686620178418 23
103686620214297 66
103686687427310 91
103686754825991 23
103686754858730 66
103686754866738 91
103686822202329 23
103686822234955 66
103686890075093 91
103686948442143 23
103686948478046 66
103686948506694 91
103687015422104 23
103687015451059 66
103687082598034 91
103687082653048 23
103687082663709 66
103687150215544 91
103687216642345 23
103687216689545 66
103687216697973 91
103687283588418 23
103687283619158 66
103687350786922 91
103687417755427 23
103687417786340 66
103687417793919 91
103687491791466 23
103687491826289 23
103687559130557 66
103687559161860 91
103687626565592 23
103687626602334 66
103687626609925 91
103687693914682 23
103687693948618 66
103687761278866 91
103687828696393 23
103687828731538 66
103687828740672 91
103687887467605 23
103687887500460 66
103687887509681 91
103687954554156 23
103687954587463 66
103688021724935 91
103688088542663 23
103688088574970 66
103688088582615 91
103688165731076 23
103688165760964 66
103688222666493 91
103688289739151 23
103688289773958 66
103688289781525 91
103688356658487 23
103688356691756 66
103688423827756 91
103688423859019 23
103688423866654 66
103688490984583 91
103688569845056 23
103688624991032 66
103688625026779 91
103688711091153 23
103688711127879 66
103688765061009 91
103688765099292 23
103688765107040 66
103688826354932 91
103688893297876 23
103688893337515 66
103688972409080 91
103688972445714 23
103688972453271 66
103689027514840 91
103689104178108 91
103689104208009 23
103689104215653 66
103689161508590 23
103689161548782 66
103689161556415 91
103689235503009 23
103689235558440 66
103689295717341 91
103689295750507 23
103689295757822 66
103689362724777 91
103689429706280 23
103689429738778 66
103689429746317 91
103689507460257 23
103689563949313 66
103689563982227 91
103689638260366 23
103689638299797 66
103689698230122 91
103689765152519 23
103689765189385 66
103689765197246 91
103689832107193 23
103689832179323 66
103689910700805 91
103689966341090 23
103689966371294 66
103690039020119 91
103690039055167 91
103690100742494 23
103690100775830 66
103690100783611 23
103690100791168 66
103690167564518 91
103690244072923 23
103690244116922 66
103690244124479 91
103690313991333 23
103690368690837 66
103690368719244 91
103690441914685 23
103690441949422 66
103690441956969 91
103690509336010 91
103690576751157 23
103690576783176 66
103690576790764 23
103690644084071 66
103690711461241 91
103690779484781 23
103690779517259 66
103690779524725 91
103690846333343 23
103690846371225 66
103690846378730 91
103690913563194 23
103690972229395 66
103690972264228 91
103691039733704 23
103691039766334 66
103691039773894 91
103691106453874 23
103691173454048 66
103691173483951 91
103691240721494 23
103691240770582 66
103691240780907 91
103691307677171 23
103691307710641 66
103691374663307 91
103691448432556 23
103691448464830 66
103691448472466 91
103691515833349 23
103691515871656 23
103691583395668 66
103691583440065 91
103691583448115 23
103691583455202 66
103691650514476 91
103691717991800 23
103691718028261 66
103691785338726 91
103691844271237 23
103691844316625 23
103691844324244 91
103691911431255 23
103691911469350 66
103691911476817 23
103691911483942 66
103691978223859 91
103691978260939 23
103691978268997 66
103692045361933 91
103692112569939 23
103692112606898 66
103692112614739 91
103692179773143 23
103692179810325 66
103692246481453 91
103692246515492 23
103692246523164 66
103692320269206 91
103692387511083 23
103692387544492 66
103692387552174 91
103692525978650 23
103692526024607 66
103692526032649 91
103692582007841 23
103692582044573 66
103692582053192 91
103692648919493 23
103692648956378 66
103692727715015 91
103692727748680 23
103692783163084 66
103692783200713 91
103692850178411 23
103692850208016 66
103692850215427 91
103692917214726 91
103692994923464 23
103692994958914 66
103692994966640 23
103693051435663 66
103693051473511 91
103693118493199 23
103693118527352 66
103693118535074 91
103693185614237 23
103693185651329 66
103693252427340 91
103693319552817 23
103693319585139 66
103693319592715 91
103693393338921 23
103693393371366 66
103693393379056 91
103693460715437 23
103693528103486 66
103693528147179 91
103693595473332 23
103693595504939 66
103693595512261 91
103693730247279 23
103693730280153 66
103693730287871 91
103693789143071 23
103693789177153 66
103693856309187 91
103693923251897 23
103693923288258 66
103693923295894 91
103693990316416 23
103693990348017 66
103693990355606 91
103694057333260 23
103694124332917 66
103694124365244 91
103694191634933 23
103694191681409 66
103694191688984 91
103694267951976 23
103694332392373 66
103694332430596 91
103694400133552 23
103694400162948 66
103694400170597 91
103694467161366 23
103694467191715 66
103694534592567 91
103694602028121 23
103694602059337 66
103694602066945 91
103694660862060 23
103694660899538 66
103694660907300 91
103694728086221 23
103694804118900 66
103694804152362 91
103694862072242 23
103694862105094 66
103694862112682 91
103694943219089 23
103694943273304 66
103695005323758 91
103695063368758 23
103695063412373 66
103695063443469 91
103695130436671 23
103695130476531 66
103695204261455 91
103695271552761 23
103695271585655 66
103695271593619 91
103695338896285 23
103695338927932 66
103695338935503 91
103695406551722 23
103695473866671 66
103695473922789 91
103695541043170 23
103695541079043 66
103695541086900 91
103695599817588 23
103695599849852 66
103695667006619 91
103695734136752 23
103695734169853 66
103695734177421 91
103695800997536 23
103695801036895 66
103695868041818 91
103695935268655 23
103695935303440 66
103695935310860 91
103696002239362 23
103696002277723 66
103696002285329 91
103696143243283 23
103696143281421 66
103696143289103 91
103696210729671 23
103696210777418 66
103696210784901 91
103696277988011 23
103696278022284 66
103696345511024 91
103696412756239 23
103696412792200 66
103696412799725 91
103696480399411 23
103696480430241 66
103696538910593 91
103696605822963 23
103696605857311 66
103696605864826 91
103696672942210 23
103696672978022 66
103696672985401 91
103696740128570 23
103696740166782 66
103696807098897 91
103696874122616 23
103696874153965 66
103696874161518 91
103696941175246 23
103696941211207 66
103697014981096 91
103697015012439 23
103697082318728 66
103697082349222 91
103697217095028 23
103697217127444 66
103697217135109 91
103697284491965 23
103697284525346 66
103697351871746 91
103697410697990 23
103697410728215 66
103697477676519 91
103697544775471 23
103697544811022 66
103697544818543 91
103697611939771 23
103697611977334 66
103697611984967 91
103697678917231 23
103697678948349 66
103697745936454 91
103697813402171 23
103697813448498 66
103697813456439 91
103697880167058 23
103697880201708 66
103697954057194 91
103698021430369 23
103698021459063 66
103698021466500 91
103698088855001 23
103698088889243 66
103698156272854 91
103698223577381 23
103698223611335 66
103698223618870 91
103698291003019 23
103698291036556 66
103698291044164 91
103698349510252 23
103698349539772 66
103698416840240 91
103698483937127 23
103698483973350 66
103698483981052 91
103698550787783 23
103698550820128 66
103698617763194 91
103698684884075 23
103698684916038 66
103698684923465 91
103698751900881 23
103698751937916 66
103698826029798 91
103698826094182 23
103698826103582 66
103698893209506 91
103698960534617 23
103698960566023 66
103698960573445 91
103699028008541 23
103699095301635 66
103699095330922 91
103699162718572 23
103699162750209 66
103699162757613 91
103699221415761 23
103699288443897 66
103699288478742 91
103699366936600 23
103699366966403 66
103699366974262 91
103699422624404 23
103699422655323 66
103699489639462 91
103699489673114 23
103699563493352 66
103699563536424 91
103699623795242 23
103699623826531 66
103699623834098 91
103699700150663 23
103699700185759 66
103699770313735 91
103699825067847 23
103699825103169 66
103699825110573 91
103699902167865 23
103699959091945 66
103699959121285 91
103700026115575 23
103700093345327 66
103700093380430 91
103700160516919 91
103700160564429 23
103700160572893 66
103700239477052 23
103700239513357 66
103700239521520 91
103700294507467 23
103700294539899 66
103700369344729 91
103700440694456 23
103700440723928 66
103700440731548 91
103700495855817 23
103700495892614 66
103700572647449 91
103700572682161 91
103700630212809 23
103700630257061 66
103700696872862 23
103700696904672 66
