299206130876175 91
299206207718525 23
299206207738367 66
299206207745966 91
299206264877664 23
299206332062117 66
299206332076429 91
299206399061607 91
299206466099865 23
299206466115456 66
299206466122850 91
299206545199650 23
299206545231506 23
299206545238622 66
299206600369452 23
299206600389346 66
299206676878510 91
299206734406001 23
299206734424102 66
299206801496784 91
299206868664784 91
299206868684639 23
299206935638311 66
299206935659876 91
299206935667463 23
299207014322581 23
299207014342883 66
299207014349871 23
299207069726983 66
299207069741908 91
299207136785820 91
299207136799929 23
299207215490460 66
299207215507109 91
299207215514359 23
299207270953209 66
299207270968726 23
299207347405767 66
299207347423313 91
299207417447727 91
299207417461938 23
299207472413135 66
299207472427195 91
299207472434257 23
299207547411585 23
299207547427186 66
299207606259899 91
299207673217798 23
299207673232810 66
299207750632089 91
299207750648593 91
299207807449017 23
299207807464985 66
299207874426870 91
299207874440182 23
299207874447170 23
299207874453953 66
299207952594422 23
299207952607724 66
299208015569031 91
299208087966841 23
299208142685177 66
299208142699273 91
299208219839041 91
299208276892374 23
299208276907518 66
299208276914657 91
299208343899244 23
299208343915089 23
299208343922352 66
299208416354663 23
299208416368929 66
299208416376116 91
299208478122887 91
299208545158951 23
299208545174133 66
299208545181524 91
299208623132968 23
299208623157181 23
299208623164511 66
299208679362013 23
299208679378061 66
299208679385075 91
299208746345949 91
299208813378852 23
299208813392657 66
299208813416316 91
299208880415399 23
299208880431296 66
299208947605103 23
299208947618864 66
299209014618545 91
299209014632629 91
299209092299995 23
299209092315972 66
299209092323204 91
299209148735017 23
299209148749610 23
299209148756582 66
299209215795652 23
299209215809451 66
299209282787998 91
299209282801364 91
299209349903664 23
299209349916364 66
299209349923266 91
299209417005544 23
299209417021039 23
299209417028308 66
299209495525162 23
299209495539590 66
299209551397960 91
299209551413611 91
299209627414876 23
299209627430407 66
299209692428330 91
299209692441871 23
299209692448927 23
299209692455555 66
299209762751150 23
299209762766764 66
299209819376928 91
299209819392214 91
299209886407026 23
299209886421464 66
299209964729046 91
299209964743406 23
299209964750468 23
299210020612262 66
299210020627660 23
299210020635033 66
299210087602045 91
299210087615110 91
299210154629061 23
299210154644779 66
299210232093741 91
299210232122256 23
299210232131312 66
299210288909938 23
299210288929104 66
299210355892642 91
299210355909587 91
299210434026721 23
299210434042604 66
299210496100776 91
299210496118915 23
299210496126215 23
299210557103804 66
299210557120874 23
299210557128125 66
299210635234337 91
299210635253311 91
299210691308529 23
299210691325902 66
299210758409961 91
299210758434343 23
299210758441518 23
299210837222339 66
299210837245286 23
299210837252682 66
299210892394668 91
299210959567181 91
299210959580423 23
299211038503499 23
299211038520383 66
299211038527387 23
299211038534323 66
299211093620136 91
299211093635510 91
299211170379532 23
299211170395544 66
299211170402751 91
299211227730658 23
299211227745261 66
299211294800277 23
299211294815093 66
299211361988630 91
299211362018795 91
299211428905070 23
299211428920534 66
299211496148836 91
299211496176098 23
299211496184323 23
299211496191081 66
299211573636378 23
299211573655521 66
299211630441068 91
299211630460523 91
299211697167840 23
299211697182427 66
299211772224442 91
299211772243235 23
299211772250485 66
299211831385774 23
299211831403221 66
299211898378073 91
299211898422943 91
299211976878589 23
299211976894578 66
299212032605985 91
299212032619845 23
299212032626808 23
299212099624440 66
299212099639261 23
299212099646414 66
299212172947998 91
299212172963116 91
299212233831876 23
299212233844500 66
299212300831340 91
299212300846068 23
299212300853364 23
299212380156896 66
299212380174498 23
299212380181868 66
299212434908368 91
299212512005684 91
299212512020704 23
299212512028090 66
299212569116856 91
299212569131349 23
299212569138447 23
299212636124481 66
299212636137139 23
299212636144054 66
299212713287156 91
299212770257948 91
299212770273882 23
299212770281223 66
299212837434791 91
299212837459253 23
299212915284295 23
299212915300733 66
299212915308319 23
299212915315037 66
299212971382036 91
299213044032387 91
299213044046582 23
299213105595500 66
299213105609544 91
299213105616669 23
299213182534269 66
299213182551723 23
299213182559165 66
299213239643798 91
299213306707345 91
299213306720934 23
299213384687984 66
299213384721580 91
299213384729190 23
299213441104006 23
299213441127550 66
299213441135011 23
299213507901021 66
299213507915067 91
299213585775840 91
299213585792477 23
299213642203835 66
299213642218970 91
299213642226024 23
299213709436739 23
299213709453285 66
299213709460744 23
299213787759153 66
299213787776657 91
299213843231990 91
299213843247333 23
299213910350908 66
299213910365985 91
299213910373192 23
299213989020608 66
299213989036329 23
299214044582972 66
299214044599559 91
299214120915499 91
299214120931102 23
299214191069479 66
299214191097157 91
299214191105353 23
299214245658142 66
299214245674539 23
299214312829524 66
299214312844460 91
299214379846756 91
299214379860402 23
299214458258032 66
299214458277377 91
299214458284485 23
299214513913492 23
299214513933663 66
299214513940886 23
299214581006162 66
299214660207444 91
299214715100271 23
299214715115034 66
299214782287578 91
299214861476131 91
299214861490296 23
299214916327826 66
299214916343841 91
299214916351292 23
299214916358113 66
299214993435837 23
299214993460009 66
299215050582948 91
299215117548466 91
299215117562649 23
299215194664185 66
299215194679628 91
299215194686855 23
299215251597750 23
299215251609978 66
299215251616996 23
299215251623769 66
299215396602352 91
299215452799444 23
299215452813134 66
299215520006567 91
299215520023147 91
299215586906516 23
299215586921451 66
299215663981914 91
299215663998197 23
299215664005432 23
299215721212596 66
299215721228177 23
299215721236239 66
299215788405859 91
299215922400034 23
299215922415036 66
299215922422191 91
299215996962673 91
299216056419590 23
299216056435569 66
299216056442577 91
299216123432416 23
299216123447724 66
299216190507497 23
299216190524299 66
299216269045875 91
299216269060716 91
299216324666206 23
299216324698756 66
299216324706412 91
299216399863244 23
299216399878688 66
299216458876946 23
299216458891449 66
299216525872570 91
299216525887924 91
299216602243914 23
299216602259501 66
299216602266624 91
299216672350949 23
299216672367256 23
299216672374570 66
299216727134680 23
299216727150184 66
299216794165438 91
299216794181324 91
299216861164679 23
299216861179774 66
299216861186836 91
299216928254075 23
299216928271211 23
299216928278280 66
299217005713431 23
299217005732261 66
299217062435644 91
299217129581345 23
299217203520072 66
299217203534541 91
299217263609172 91
299217330617579 23
299217330632169 66
299217330639348 91
299217330646263 23
299217408760034 66
299217408774120 23
299217464841499 23
299217464855521 66
299217464862622 91
299217531789246 91
299217610728038 23
299217610743307 66
299217610750600 91
299217671688844 23
299217671703677 23
299217671710888 66
299217733003512 23
299217733017147 66
299217800192656 91
299217877971380 23
299217877986843 66
299217934593354 91
299218001236286 91
299218001250862 23
299218074584048 66
299218074597833 91
299218074604912 23
299218135597260 66
299218135613152 23
299218135620579 66
299218202598860 91
299218281205671 91
299218281220780 23
299218336607286 66
299218336623024 91
299218336629980 23
299218413090052 23
299218413103741 66
299218413110702 23
299218470828335 66
299218470843508 91
299218537832704 91
299218537847408 23
299218604886204 66
299218604902208 91
299218604909248 23
299218672092223 66
299218672111515 23
299218672118521 66
299218750434782 91
299218806103934 91
299218806122208 23
299218873097484 66
299218873113791 91
299218873120920 23
299218951712095 66
299218951725775 23
299218951732862 66
299219007321624 91
299219074339231 91
299219074354601 23
299219153854649 66
299219153888038 91
299219153895315 23
299219208619260 66
299219208639946 23
299219285557839 66
299219285574172 91
299219348531798 91
299219348547379 23
299219420890939 66
299219420906009 91
299219420913115 23
299219476835456 66
299219476849385 23
299219543822937 66
299219543837470 91
299219622867693 91
299219622883006 23
299219677998394 66
299219678012766 91
299219678019881 23
299219745029418 66
299219745041986 23
299219811996093 66
299219812009741 91
299219890102011 91
299219890117348 23
299219946413068 66
299219946427579 91
299219946434919 23
299220013666431 23
299220013681354 66
299220013688240 23
299220092080935 66
299220092098674 91
299220147376973 91
299220147395171 23
299220214549513 66
299220214564547 91
299220214571766 23
299220281559308 23
299220281572453 66
299220281579338 23
299220359292479 66
299220359308312 91
299220415615861 91
299220482855731 23
299220482871535 66
299220482878720 91
299220482885638 23
299220559332138 66
299220559347532 23
299220616861964 66
299220616878524 91
299220683864164 91
299220762560826 23
299220762575303 66
299220762582602 91
299220762589341 23
299220818088525 66
299220818104484 23
299220894458573 66
299220894473961 91
299220952120146 91
299221019326721 23
299221019340054 66
299221019347112 91
299221095755671 23
299221095771576 23
299221095778876 66
299221153373628 23
299221153387535 66
299221153394577 91
299221220349406 91
299221297730781 23
299221297754263 66
299221297761301 91
299221354590258 23
299221354606157 23
299221354613086 66
299221421626936 23
299221421643595 66
299221421650790 91
299221488638926 91
299221556004652 23
299221556021643 66
299221556028927 91
299221622840250 23
299221622854944 23
299221622862031 66
299221700977072 23
299221700993601 66
299221757012145 91
299221757027601 91
299221831184903 23
299221831199122 66
299221831206327 91
299221891004337 23
299221891019160 66
299221958210506 23
299221958224747 66
299222025437745 91
299222025454000 91
299222104189564 23
299222104203455 66
299222104210529 91
299222159284341 23
299222159300374 66
299222234067535 23
299222234083464 66
299222305458649 91
299222305472287 91
299222360547752 23
299222360562534 66
299222360569602 91
299222437372321 23
299222437387729 23
299222437394960 66
299222494628742 23
299222494645399 66
299222561813942 91
299222561828815 91
299222639341066 23
299222639354807 66
299222695867398 91
299222695883172 23
299222695890397 23
299222774695010 66
299222774709327 23
299222774716454 66
299222830163874 91
299222830184657 91
299222906623013 23
299222906642208 66
299222964068546 91
299222964083252 23
299222964090409 23
299223031286905 66
299223031302470 23
299223031309703 66
299223105141787 91
299223165462798 23
299223232325428 66
299223309958816 91
299223309973856 91
299223366516979 23
299223366535266 66
299223366542567 91
299223433606636 23
299223433624502 66
299223505956081 23
299223505975924 66
299223567815990 91
299223567832603 91
299223634812497 23
299223634828233 66
299223634835984 91
299223713110745 23
299223713127030 23
299223713134217 66
299223768914976 23
299223768930783 66
299223836010749 91
299223836027078 91
299223913075463 23
299223913091575 23
299223970131970 66
299223970146573 23
299223970153883 66
299223970160780 91
299224037204527 91
299224104402645 23
299224104416047 66
299224104423116 91
299224104429945 23
299224182292318 66
299224182308404 23
299224238381754 66
299224238397610 91
299224305383062 91
299224372423860 23
299224372438711 66
299224372445681 91
299224372452466 23
299224439606654 66
299224439622585 23
299224506633581 66
299224506648728 91
299224573592765 91
299224651526699 23
299224651543046 66
299224651550100 91
299224707849374 23
299224707865013 23
299224707872474 66
299224774846255 23
299224774860852 66
299224774867818 91
299224852799713 91
299224909084149 23
299224909097614 66
299224909104680 91
299224976108988 23
299224976124372 23
299224976132136 66
299225054749836 23
299225054765125 66
299225110139957 91
299225177310770 23
299225177324891 66
299225244226578 91
299225321974369 91
299225321989053 23
299225378368264 66
299225378382878 91
299225378390041 23
299225445586128 23
299225445601323 66
299225445608549 23
299225524041810 66
299225579636116 91
299225653069869 23
299225653085754 66
299225713829433 91
299225713843854 91
299225780832448 23
299225780845603 66
299225857129336 91
299225857145241 23
299225857152309 23
299225927181146 66
299225927195017 23
299225927202019 91
299225982027693 23
299225982041872 66
299225982048825 23
299226049118482 66
299226049135195 91
299226116222302 91
299226116238502 23
299226194520475 66
299226194535181 91
299226194542575 23
299226250616695 23
299226250632364 66
299226250639409 23
299226317250363 66
299226317263958 91
299226396411948 91
299226451548110 23
299226451563784 66
299226451571051 91
299226518645365 23
299226518660023 66
299226518667230 23
299226585582704 66
299226585598209 91
299226663639444 91
299226719811174 23
299226719826806 66
299226719834361 91
299226786824481 23
299226786839443 23
299226786846694 66
299226859613999 23
299226859630421 66
299226920866558 91
299226992577579 23
299226992592967 66
299227066930934 91
299227122130993 91
299227122150078 23
299227198793839 66
299227198812745 91
299227198819964 23
299227256444911 23
299227256462660 66
299227256469841 23
299227256476618 91
299227329898212 23
299227329913893 66
299227390341721 23
299227390357650 66
299227457673219 91
299227457687933 91
299227524533552 23
299227524547200 66
299227524554337 91
299227602129400 23
299227602158997 23
299227602166399 66
299227658683980 23
299227658705312 66
299227732806881 91
299227792814862 23
299227859833164 66
299227859850026 91
299227927034582 91
299227927052202 23
299228005285144 66
299228005304038 91
299228005311124 23
299228061046995 66
299228061067902 23
299228133609398 66
299228133629036 91
299228195219956 91
299228195234380 23
299228262434269 66
299228262447795 91
299228262454821 23
299228329589311 23
299228329603109 66
299228329610132 23
299228408547109 66
299228408563356 91
299228463385035 91
299228536512348 23
299228536532063 66
299228536539326 91
299228536546218 23
299228609847649 66
299228609864101 23
299228664609270 66
299228664624849 91
299228741744119 91
299228798835978 23
299228798851404 66
299228798858728 91
299228798865631 23
299228865841131 66
299228865857096 23
299228943680750 66
299228943697066 91
299228999892068 91
299229067080855 23
299229067097261 66
299229067104613 91
299229144990375 23
299229145005558 91
299229145012733 23
299229145019528 23
299229201135595 66
299229201150701 23
299229201157886 66
299229268127339 23
299229268141206 66
