92072029735724 91
92072097114540 23
92072097134456 66
92072164500796 91
92072231850808 23
92072231868052 66
92072299239681 91
92072366636811 23
92072366654148 66
92072425391160 91
92072492588135 23
92072492606118 66
92072492613603 91
92072626738275 23
92072626768856 66
92072626776351 91
92072760895126 23
92072760926642 66
92072760934211 91
92072827896101 91
92072894937764 23
92072895025085 66
92072895034398 91
92072968865323 23
92072968894554 66
92072968902087 23
92073036294340 66
92073036328119 91
92073103647433 23
92073103678110 66
92073103685472 91
92073238401301 23
92073238434877 66
92073238442434 91
92073305905940 23
92073305955865 66
92073305967638 91
92073431412615 23
92073431444046 66
92073431451678 91
92073498591039 23
92073498612894 66
92073565560073 91
92073632679386 23
92073632704629 66
92073699894686 91
92073766862535 23
92073766887363 66
92073766895055 91
92073840562234 23
92073840582462 66
92073907947610 91
92073975279602 91
92074042948668 23
92074043004360 66
92074043014432 23
92074110135366 66
92074110164068 91
92074179528468 91
92074236271546 23
92074236296304 66
92074236304388 23
92074236311875 66
92074303399760 91
92074370293196 23
92074370313092 66
92074370320673 91
92074504455945 23
92074504478093 66
92074504485749 91
92074571455789 91
92074638685412 23
92074638704310 66
92074705691052 23
92074705709352 66
92074705717155 91
92074779666579 23
92074779689542 66
92074779697262 91
92074847033197 23
92074847057323 66
92074914423679 91
92074981835421 23
92074981855321 66
92074981862989 91
92075049667885 23
92075049687490 66
92075049694924 91
92075175184258 91
92075175217271 23
92075175225023 66
92075242297096 23
92075242325186 66
92075242332740 91
92075376325062 23
92075376356083 66
92075376363737 91
92075443521920 91
92075510418573 23
92075510444175 66
92075510451915 23
92075577466166 66
92075577486003 91
92075651384693 23
92075651401869 91
92075718747630 23
92075718765241 66
92075718772939 23
92075786174509 66
92075786198090 91
92075853527994 23
92075853548581 66
92075853556181 91
92075920877808 23
92075920895696 66
92075988261290 91
92076047145906 23
92076047162668 66
92076047170156 91
92076114313422 91
92076181140805 23
92076181156889 66
92076248168126 91
92076248184486 23
92076248192097 66
92076315196928 23
92076315213587 66
92076315221004 91
92076449598115 23
92076449616806 91
92076449624492 23
92076449631642 66
92076516555983 23
92076516590426 66
92076590532462 91
92076590564322 91
92076657905939 23
92076657937129 66
92076725253307 23
92076725279664 66
92076725287028 91
92076792632276 23
92076860102392 66
92076860133499 91
92076918909953 91
92076918936333 23
92076985904318 66
92076985929644 91
92077053099639 23
92077053123147 66
92077053130692 23
92077120125325 66
92077120151165 91
92077187100633 23
92077254107646 66
92077254124732 91
92077321336964 91
92077321359688 23
92077321367657 66
92077388343558 91
92077388364778 23
92077462178780 66
92077462197370 23
92077462204789 66
92077529594458 91
92077596960278 91
92077596986162 23
92077664421813 66
92077664456213 91
92077731729456 23
92077731758524 66
92077731766318 23
92077799119166 66
92077799145361 91
92077857890164 23
92077857923704 66
92077857931273 91
92077991903390 23
92077991935234 66
92077991943081 91
92078059083816 23
92078126156877 66
92078126184533 91
92078193327971 23
92078193348541 91
92078193356126 23
92078193363002 66
92078260442865 91
92078327330685 23
92078327367294 66
92078327375033 23
92078401296306 66
92078401323270 91
92078468685338 23
92078468707569 66
92078468715154 91
92078603415440 23
92078603438613 66
92078603446323 91
92078670791299 91
92078729571643 23
92078729617435 66
92078729625366 23
92078796774167 66
92078796793011 91
92078863774372 23
92078863791363 66
92078930796668 91
92078997862934 23
92078997886040 66
92078997893672 91
92079132032558 23
92079132057299 66
92079132064812 91
92079199051927 23
92079273026383 66
92079273047700 91
92079340408801 23
92079340427182 66
92079340434615 91
92079407731426 23
92079475135627 66
92079475154072 91
92079542520163 23
92079542537231 91
92079609879341 23
92079609895668 66
92079668558359 91
92079668574590 23
92079668581942 66
92079735536260 23
92079735552954 66
92079735560543 91
92079802728739 23
92079869752146 66
92079869768781 91
92079936775181 23
92079936791345 66
92079936798886 91
92080003793269 23
92080071051408 66
92080071075344 91
92080144775023 23
92080144807948 66
92080144815535 91
92080212186104 23
92080212220945 91
92080279525931 23
92080279556998 23
92080279564246 66
92080279571205 23
92080346883968 66
92080346908864 91
92080414254003 23
92080414276021 66
92080414283798 91
92080540505171 91
92080540535625 23
92080540543286 66
92080607922667 91
92080607966258 23
92080674904531 66
92080674931986 23
92080741698985 66
92080741731888 91
92080808748389 23
92080808776437 66
92080808783898 91
92080875833384 23
92080875861708 66
92080942799065 91
92081009890772 91
92081009919414 23
92081009927061 66
92081083873319 23
92081083901635 66
92081151203934 91
92081151225384 23
92081218564143 66
92081218582369 91
92081285962235 23
92081285979158 66
92081353412606 91
92081420783191 91
92081420816817 23
92081420824368 66
92081479568463 23
92081479593673 66
92081479601314 91
92081613544739 23
92081613566763 66
92081613574421 91
92081680562319 23
92081747553538 66
92081814691992 91
92081881803848 23
92081881824016 66
92081881831587 91
92081955558819 23
92081955580159 66
92082022979446 91
92082092392548 91
92082092419515 23
92082092427369 66
92082157717828 23
92082157743360 66
92082225073851 91
92082292426747 23
92082292447809 66
92082351400198 91
92082418210061 23
92082418228683 66
92082485346711 91
92082552403710 23
92082552430927 66
92082619431922 91
92082753886335 23
92082753920601 66
92082753928454 91
92082820751363 23
92082820812315 66
92082894680736 91
92082962115504 23
92082962152095 66
92082962159672 91
92083029458503 91
92083096916797 23
92083096946153 66
92083164184711 23
92083164208927 66
92083164216231 91
92083231583668 23
92083290165918 66
92083290185361 91
92083357164847 91
92083357181580 23
92083424186069 66
92083424203279 23
92083424210831 66
92083491386701 91
92083558398962 23
92083558418656 66
92083625626908 91
92083692472852 23
92083692524546 66
92083766346562 91
92083833987465 23
92083834003827 66
92083834011754 91
92083901406173 23
92083968478230 66
92083968495217 91
92084035894198 23
92084103383314 66
92084103417663 91
92084162018426 91
92084162082516 23
92084162090283 66
92084229179317 23
92084229207562 66
92084296084999 91
92084363158325 91
92084363181220 23
92084363188869 66
92084430364575 23
92084430393291 66
92084430400528 91
92084564501399 23
92084564543793 91
92084564551561 23
92084564558777 66
92084631408284 91
92084631429135 23
92084631436632 66
92084705780196 23
92084772840458 66
92084772861381 91
92084840194958 91
92084840214255 23
92084840221786 66
92084907635079 23
92084907654449 66
92084975006042 91
92085033888662 23
92085033911080 66
92085033918623 91
92085100904441 23
92085100928525 66
92085168063533 91
92085235150841 23
92085235183713 66
92085235191290 91
92085302093563 91
92085369312797 23
92085369337404 66
92085369345059 23
92085436297619 66
92085436325469 91
92085503354178 23
92085503381600 66
92085644587767 91
92085711940494 91
92085711965482 23
92085779328104 66
92085779349192 91
92085846718489 23
92085846737416 66
92085846746003 23
92085914056595 66
92085914074919 91
92085972876961 23
92086039804162 66
92086039825758 91
92086106805636 91
92086106821802 23
92086174018268 66
92086174037281 23
92086174044890 66
92086174051938 91
92086308149579 23
92086308181461 66
92086308189430 91
92086375289035 91
92086442292578 23
92086442313568 66
92086442321250 23
92086516288142 66
92086516308560 91
92086651166877 23
92086651205697 66
92086651213448 91
92086718479531 23
92086718510223 66
92086785827553 91
92086844737332 23
92086911808158 66
92086911826050 91
92086979041312 23
92086979061161 66
92086979068742 91
92087045801593 23
92087045819700 66
92087179958612 91
92087246988213 23
92087247007899 66
92087313999850 91
92087392144177 91
92087392167833 23
92087392175482 66
92087455371687 23
92087455390429 66
92087455398088 91
92087522739758 23
92087522757618 66
92087590110021 91
92087657507455 23
92087657525973 91
92087726971370 23
92087726992352 66
92087783698738 91
92087783732656 23
92087783740344 66
92087850803522 23
92087850837186 66
92087850844750 91
92087917882945 91
92087917909664 23
92087984788146 23
92087984811896 66
92088051819460 23
92088051843285 66
92088051850677 91
92088118908235 23
92088118938331 91
92088186008640 23
92088186032683 66
92088186040319 23
92088186047444 66
92088259825953 91
92088327096482 23
92088327122289 66
92088394480286 91
92088461886352 91
92088461920376 23
92088461931013 66
92088529280996 23
92088529304885 66
92088529312631 91
92088596589319 23
92088655348204 66
92088655366613 91
92088789617513 23
92088789644588 66
92088789655329 91
92088856514087 23
92088923626841 66
92088923644160 91
92088990829200 91
92089058743848 23
92089058762495 66
92089125044891 91
92089125062983 23
92089198792812 66
92089198810948 23
92089198818688 66
92089268478904 91
92089333643270 23
92089333662496 66
92089333670166 91
92089400936591 23
92089400957072 66
92089527297733 91
92089594528147 91
92089661480988 23
92089661499840 66
92089661507441 91
92089728503156 23
92089728521131 66
92089728528738 23
92089795505591 66
92089795522727 91
92089862505882 23
92089862522990 66
92089929741823 91
92089996783857 23
92089996802165 66
92090137939523 91
92090205335577 91
92090205359733 23
92090272657628 66
92090272677789 23
92090340149108 66
92090340181551 91
92090407448045 91
92090407474370 23
92090407482106 66
92090466321203 91
92090533297366 23
92090533329041 66
92090533336631 23
92090600317955 66
92090600346900 91
92090667500395 91
92090667528065 23
92090734590322 66
92090734616431 23
92090734624135 66
92090801624514 91
92090868836129 91
92090868881701 23
92090935711236 66
92090935781888 23
92090935791229 66
92091009645689 91
92091077012198 23
92091077031062 66
92091077038617 91
92091144367986 23
92091144387297 66
92091211775723 91
92091279130979 23
92091279148861 91
92091279156428 23
92091346498944 66
92091346517913 23
92091346525629 66
92091346532677 91
92091472149264 91
92091472170359 23
92091472177946 66
92091539402207 23
92091539436322 66
92091539444442 91
92091673436117 23
92091673465249 66
92091673472913 91
92091740433195 91
92091807634199 23
92091807661954 66
92091883457873 23
92091883488190 66
92091883495906 91
92091948759499 23
92091948786218 66
92091948793433 91
92092016124914 91
92092083484875 23
92092083509067 23
92092083516982 66
92092150883337 91
92092150907819 23
92092150915488 23
92092218230451 66
92092218251065 91
92092276903156 23
92092276922742 66
92092276930206 23
92092343990677 66
92092344008632 91
92092411057577 91
92092478078636 23
92092478095762 66
92092545334813 23
92092545354411 66
92092545361825 91
92092612296821 23
92092612314530 66
92092612321935 91
92092753054796 23
92092753082935 66
92092753090559 91
92092820450247 91
92092887872308 23
92092887902790 66
92092887910388 91
92092955246660 23
92092955273560 66
92093022618388 91
92093022647597 23
92093022654995 66
92093090018121 23
92093090041953 66
92093148951109 91
92093216037311 23
92093216056090 66
92093216063887 91
92093283239326 91
92093350029673 23
92093350049625 66
92093417073756 23
92093417095374 66
92093417102861 91
92093484101301 91
92093551247393 23
92093551265251 66
92093618273996 23
92093618321640 66
92093618329429 91
92093759538703 23
92093759566136 66
92093759573876 91
92093894279269 23
92093894300225 66
92093894307973 91
92094029039805 91
92094029059178 23
92094029067111 66
92094087719721 23
92094087739219 66
92094154736864 91
92094221936313 91
92094221953620 23
92094221961296 66
92094288950962 23
92094288968494 66
92094288976096 91
92094355978923 23
92094355996588 66
92094423043272 91
92094490150089 23
92094490168088 66
92094563880176 91
92094631252883 23
92094631274384 66
92094698644391 91
92094766016963 23
92094766036083 66
92094766043489 91
92094833461386 23
92094900758231 66
92094900780308 91
92094959573571 23
92094959591278 23
92095026601067 66
92095093738369 91
92095160772773 23
92095160800439 66
92095160809591 91
92095227960205 23
92095295107361 66
92095295141554 91
92095362272954 91
92095429047334 23
92095429071951 66
92095429079558 23
92095429086681 66
92095429127488 91
92095570406328 23
92095570438218 66
92095570445834 91
92095637764892 23
92095705171869 66
92095705205268 91
92095772562289 23
92095772591305 66
92095772598783 91
92095839939745 23
92095839967906 66
92095898604921 91
92095965686761 91
92095965711227 23
92095965718633 66
92096032700085 23
92096032726562 66
92096032734021 91
92096100245462 23
92096166733232 66
92096166761373 91
92096233923535 23
92096233947739 66
92096233955135 91
92096300927859 23
92096300947765 66
92096374679243 91
92096442030713 23
92096442047889 66
92096442055329 91
92096509455664 23
92096576820456 66
92096576838527 91
92096644200022 91
92096711610607 23
92096711635992 66
92096711643519 91
92096770409998 23
92096770431611 66
92096837461572 23
92096837484110 66
92096837491609 91
92096904463019 23
92096904486421 66
92097038708818 91
92097105598652 23
92097105616620 66
92097105624278 91
92097239866295 91
92097239887567 23
92097239895900 66
92097313791310 23
92097313809144 66
92097313816832 91
92097381153283 23
92097381170486 66
92097381177818 91
92097515906218 23
92097515926715 66
92097515934267 91
92097583366282 91
92097642223725 23
92097642241955 66
92097709403284 23
92097709420430 66
92097709428444 91
92097776406083 23
92097843439181 66
92097843457733 91
92097910534342 23
92097910564933 66
92097910572653 91
92097977558916 91
92097977584645 23
92097977592286 66
92098044755196 23
92098044787684 66
