301484055837542 91
301484133909390 23
301484133930941 66
301484133938368 91
301484196055781 23
301484256921648 66
301484256939780 91
301484335185590 91
301484335205163 23
301484391142840 66
301484391157643 91
301484391164878 23
301484458244086 66
301484458268101 23
301484458275244 66
301484537133290 91
301484537151848 91
301484592259112 23
301484592273191 66
301484659331913 91
301484659346096 23
301484659353217 66
301484738431937 23
301484738448868 66
301484793582870 91
301484793598054 91
301484870315642 23
301484870331754 66
301484870338748 91
301484927624420 23
301484927640442 66
301484927647848 23
301484994625141 66
301484994640875 91
301485061801206 91
301485061813490 23
301485128842475 66
301485128855688 91
301485128862714 23
301485195784352 66
301485195797503 23
301485195804561 66
301485273573801 91
301485273590667 91
301485330021055 23
301485330035133 66
301485396992368 91
301485397004576 23
301485397011447 66
301485472312121 23
301485472347093 66
301485531486663 91
301485598877275 23
301485598914797 66
301485676846953 91
301485732384999 91
301485732399655 23
301485732406782 66
301485799539047 91
301485799554034 23
301485799561085 66
301485866596430 23
301485866613256 66
301485944043907 91
301485944059327 91
301486000620045 23
301486000637985 66
301486000645521 91
301486067807721 23
301486067820962 66
301486146092435 91
301486146109054 23
301486146116492 23
301486201844857 66
301486201858320 23
301486201865421 91
301486268911799 23
301486268925531 66
301486268932557 23
301486268939400 66
301486336052145 91
301486402965864 23
301486470050937 66
301486470063143 91
301486537086963 91
301486537101890 23
301486615222364 66
301486615238931 91
301486615246287 23
301486671402679 66
301486671420358 23
301486743999370 66
301486744019823 91
301486882447412 23
301486882462444 66
301486882469189 91
301486939573059 91
301487006589876 23
301487006605403 66
301487006612491 91
301487006619314 23
301487084437078 66
301487084453474 23
301487141029299 66
301487207874184 91
301487285716566 23
301487285731141 66
301487342001319 91
301487342014400 91
301487409001893 23
301487409015348 66
301487409022521 91
301487487653068 23
301487487671093 66
301487543221354 23
301487543237361 66
301487543244651 91
301487610394746 91
301487610410158 23
301487688952487 66
301487688966519 91
301487688973539 23
301487744287283 66
301487744303365 23
301487744310562 66
301487821027312 91
301487945580239 23
301487945595617 66
301487945602804 91
301488012624220 91
301488079627725 23
301488079642139 66
301488079649029 91
301488079655777 23
301488158183102 66
301488158200702 23
301488213848485 66
301488213864679 91
301488281051913 91
301488281080915 23
301488360229612 66
301488360257904 91
301488360265159 23
301488360271962 66
301488414922691 23
301488414943932 66
301488482111430 91
301488482128021 91
301488561409687 23
301488561423393 66
301488561430226 91
301488616144867 23
301488616160066 66
301488693339248 23
301488693364931 66
301488750251167 91
301488817330024 23
301488817344664 66
301488894565816 91
301488894579341 91
301488951580828 23
301488951597189 66
301489018565473 91
301489018579395 23
301489018586520 66
301489096545623 23
301489096560891 66
301489152622304 91
301489219825531 23
301489219840132 66
301489219847569 91
301489286714598 91
301489286728477 23
301489286735437 66
301489363798475 91
301489363812469 23
301489363819626 66
301489421010471 91
301489421026034 23
301489421033324 23
301489488033085 66
301489488048604 91
301489488055584 23
301489565751748 23
301489565766559 66
301489565773617 23
301489565780374 91
301489622215601 23
301489622229325 66
301489622236396 23
301489622243231 91
301489696869066 23
301489696885371 66
301489756188659 23
301489756203864 91
301489756211069 23
301489823276951 66
301489823291769 23
301489823299019 91
301489823305749 23
301489890366775 66
301489890384432 23
301489890391720 66
301489969013068 91
301489969028114 91
301490024574032 23
301490024586935 66
301490091591114 91
301490091605010 23
301490091612078 66
301490158582060 23
301490158594881 66
301490225615124 91
301490302208032 23
301490302223864 66
301490359801731 91
301490426841893 91
301490426855738 23
301490426862789 66
301490493869307 23
301490493884057 66
301490493891138 91
301490561134379 91
301490628057362 23
301490628070793 66
301490628077799 91
301490628084523 23
301490705445192 66
301490705457862 23
301490762296062 66
301490829326151 91
301490903515978 23
301490903539142 91
301490903546559 23
301490963390481 66
301490963408816 23
301490963416049 91
301491030574677 23
301491030591294 66
301491030598374 23
301491030605143 91
301491108709919 23
301491108726264 66
301491164765029 23
301491164792104 91
301491164799313 23
301491164806152 66
301491231612349 23
301491231631674 66
301491310682736 91
301491371696241 23
301491371719474 66
301491432816200 91
301491432833495 91
301491499963770 23
301491499978321 66
301491577904075 91
301491577919274 23
301491577926449 66
301491634008039 23
301491634021696 66
301491701189725 91
301491774532567 23
301491774546915 66
301491835185119 91
301491902500701 91
301491902524996 23
301491981231117 66
301491981257915 91
301491981265343 23
301491981272077 66
301492036465038 23
301492036483272 66
301492113031520 91
301492170545316 23
301492237637788 66
301492237655045 91
301492304638337 91
301492304651629 23
301492371844196 66
301492371890195 91
301492371897497 23
301492450406337 66
301492450421455 23
301492450428811 66
301492505883833 91
301492505898062 91
301492580309611 23
301492580324486 66
301492651636881 91
301492651652483 23
301492651659662 66
301492707131685 23
301492707145602 66
301492783524640 91
301492783538819 91
301492841170615 23
301492841184016 66
301492841190966 91
301492908350518 23
301492908374622 66
301492908381874 23
301492985519381 66
301493048491001 91
301493120837928 23
301493120852499 66
301493176580165 91
301493176593168 91
301493243616540 23
301493243632345 66
301493243639632 91
301493322814154 23
301493322831029 66
301493377842979 23
301493377858475 66
301493377865741 91
301493451358564 91
301493451373288 23
301493524075026 66
301493524090688 91
301493524097841 23
301493579022429 66
301493579037725 23
301493655977368 66
301493655992247 91
301493713011560 91
301493713041098 23
301493713048881 66
301493780203369 91
301493780218374 23
301493780225517 66
301493847459421 23
301493847471482 66
301493914149171 91
301493914165376 91
301493993283660 23
301493993301553 66
301493993308770 91
301494048355030 23
301494048373699 66
301494125166462 91
301494125183210 23
301494125190594 23
301494182564847 66
301494182581770 23
301494182588836 91
301494249641601 23
301494249661726 66
301494249668710 23
301494249675432 91
301494326487108 23
301494326503439 66
301494326510727 23
301494383801841 66
301494450809836 91
301494528423997 23
301494528438876 66
301494584860046 91
301494584876538 91
301494652070375 23
301494652083246 66
301494652090417 91
301494718990223 23
301494719005277 66
301494719012846 23
301494786062218 66
301494853086920 91
301494920264653 23
301494920277538 66
301494997657609 91
301494997674602 91
301495054397826 23
301495054417193 66
301495054424422 91
301495121346749 23
301495121360721 66
301495188562413 23
301495188577859 66
301495265005192 91
301495334944520 23
301495334962851 66
301495389653869 91
301495389670840 91
301495466828790 23
301495466845677 66
301495529045338 91
301495529062826 23
301495529070255 66
301495590935612 23
301495590960856 66
301495668132793 91
301495725032311 23
301495725047433 66
301495792015011 91
301495870133451 91
301495870153230 23
301495870160311 66
301495926439399 91
301495926455625 23
301495926462823 66
301495993171718 23
301495993187760 66
301496071377301 91
301496071391549 91
301496127374680 23
301496127391058 66
301496127398426 91
301496194455467 23
301496194471304 66
301496273337970 23
301496273357168 66
301496273365258 91
301496328623540 91
301496328639348 23
301496395621998 66
301496395636292 91
301496395643205 23
301496474624060 66
301496474640458 23
301496529860855 66
301496529874809 91
301496606525799 91
301496606540016 23
301496606546984 66
301496663886874 91
301496663902292 23
301496663909572 66
301496731067411 23
301496731080968 66
301496805089500 91
301496805103418 91
301496865123289 23
301496865141366 66
301496865148541 91
301496932121670 23
301496932136795 66
301497009805242 23
301497009821838 66
301497009829108 91
301497066273883 91
301497133441407 23
301497133473951 66
301497133481186 91
301497133487911 23
301497205876769 66
301497205893718 23
301497267621032 66
301497267640976 91
301497334584472 91
301497334598227 23
301497413035457 66
301497413051473 91
301497413058807 23
301497413065513 66
301497468824785 23
301497468838962 66
301497535825435 91
301497535842092 91
301497613007538 23
301497613024312 66
301497613031356 91
301497669913143 23
301497669927137 66
301497737019885 23
301497737034661 66
301497804020968 91
301497882258617 23
301497882274844 66
301497938200664 91
301497938214863 91
301498005417582 23
301498005433358 66
301498072629360 91
301498072642775 23
301498072649739 66
301498139374818 23
301498139388949 66
301498206358112 91
301498273572870 23
301498273590927 66
301498351431432 91
301498407611018 91
301498407626036 23
301498407633080 66
301498474605024 91
301498474620384 23
301498474627828 66
301498552721925 23
301498552740628 66
301498608834456 91
301498608849315 91
301498675842886 23
301498675856222 66
301498675863327 91
301498754701650 23
301498754717237 66
301498810053809 23
301498810067397 66
301498877083005 91
301498944056861 23
301498944072179 66
301499021927439 91
301499021942988 91
301499078296839 23
301499078311792 66
301499145297198 23
301499145309317 66
301499145316136 91
301499223944961 91
301499223966594 23
301499279590005 66
301499279610702 91
301499279617881 23
301499353012076 66
301499353029260 23
301499353036570 66
301499413585345 91
301499480624429 91
301499480640698 23
301499480647578 66
301499557083949 91
301499557101264 23
301499557108554 66
301499627149876 23
301499627165700 66
301499681847284 91
301499681862286 91
301499749040272 23
301499749060647 66
301499749067635 91
301499816059525 23
301499816082825 66
301499894430633 23
301499894451881 66
301499894459056 91
301499950214912 91
301499950232172 23
301500017206796 66
301500017221261 91
301500017228211 23
301500096335035 66
301500096352822 23
301500096360319 66
301500151613600 91
301500218411825 91
301500218427304 23
301500218434439 66
301500285522966 91
301500285545806 23
301500285554170 66
301500363614349 23
301500363634307 66
301500419676646 91
301500419695882 91
301500486676744 23
301500486694334 66
301500486701533 91
301500559622317 23
301500559642713 66
301500621041130 91
301500687834722 23
301500687850311 66
301500766853096 91
301500766868870 91
301500822059521 23
301500822074428 66
301500822081704 91
301500898750275 23
301500898766696 66
301500898773865 23
301500956140621 66
301500956157332 91
301501029917625 91
301501029933219 23
301501090325956 66
301501090341875 91
301501090349020 23
301501157335809 66
301501157350885 23
301501157358074 66
301501224442391 91
301501224465294 91
301501302166862 23
301501302194812 66
301501358659418 91
301501358686034 23
301501358693324 66
301501432789095 91
301501492584371 23
301501492600825 66
301501559799232 91
301501559813021 91
301501626800402 23
301501626813722 66
301501705251081 91
301501705267271 23
301501705274448 66
301501760860164 23
301501760876272 66
301501833544358 91
301501895015582 23
301501895031123 66
301501962026252 91
301502038438123 91
301502038454852 23
301502038462254 66
301502108482739 91
301502108498460 23
301502108505945 66
301502163410379 23
301502163424148 66
301502236445265 91
301502236461626 91
301502297448851 23
301502297466619 66
301502297473872 91
301502364477435 23
301502364492689 66
301502431555448 23
301502431570667 66
301502431577685 91
301502498555522 91
301502498569039 23
301502577693570 66
301502577707869 91
301502577714879 23
301502632793613 66
301502632807607 23
301502699800906 66
301502699816436 91
301502766810569 91
301502766826462 23
301502766833625 66
301502844932816 91
301502844949051 23
301502844956354 66
301502901064712 23
301502901079833 66
301502968073586 91
301503046879894 23
301503107510715 66
301503107527646 91
301503169330602 91
301503169344335 23
301503236290844 66
301503236303929 91
301503236310702 23
301503314106079 66
301503314121823 91
301503314128984 23
301503370517391 23
301503370533533 66
301503370540539 91
301503370547507 23
301503437653305 23
301503437675007 66
301503504581958 23
301503504599686 66
301503571765424 91
301503638788074 23
301503638804293 66
301503717408382 91
301503772818050 23
301503772831618 66
301503772839310 91
301503849285376 91
301503849303960 23
301503906941138 66
301503906954518 91
301503906961653 23
301503974120395 66
301503974145684 91
301503974152977 23
301504041247062 23
301504041264156 66
301504041271484 91
301504041278307 23
301504108131266 23
301504108145175 23
301504108152229 66
301504108158896 91
301504186584663 23
301504186601885 23
301504186609076 66
301504242426354 91
301504242440022 23
301504242447016 23
301504309632721 66
301504309645763 23
301504309652787 91
301504309659522 23
301504383561299 66
301504383576752 23
301504383583885 91
301504443490941 23
301504443505578 66
301504443512488 23
301504443519116 91
301504510647095 23
301504510668011 66
301504589869007 23
301504589886491 66
301504644775357 91
301504721740634 23
301504721757498 66
301504784394021 91
301504784410960 91
301504857088301 23
301504857103987 66
301504857111116 91
301504913064958 23
301504913080386 66
301504980074941 23
301504980090206 66
301504980097345 91
301505059025688 23
301505114097920 66
