307729133821120 91
307729200593348 23
307729200608848 66
307729200615981 91
307729267646247 23
307729267659064 66
307729334726545 91
307729334739934 23
307729401786402 66
307729401803480 91
307729480560579 23
307729480578155 66
307729480585239 91
307729536006856 23
307729536021848 66
307729612467028 91
307729612483631 91
307729670088489 23
307729670103362 66
307729670110662 91
307729737222941 23
307729737237110 23
307729737244124 66
307729737250752 23
307729813754154 66
307729813769747 91
307729871333765 91
307729871351307 23
307729938295756 66
307729938310020 91
307729938317197 23
307729938324154 23
307729938330863 66
307730015734371 23
307730015749216 66
307730015757033 91
307730072464489 91
307730139489237 23
307730139502734 66
307730139509859 91
307730139516650 23
307730206698100 23
307730206711223 66
307730206718152 23
307730206724996 66
307730273718594 91
307730273734089 91
307730353019218 23
307730353035882 66
307730353043119 91
307730353049888 23
307730407744044 23
307730407758742 66
307730407765949 23
307730484919374 66
307730484935922 91
307730484943162 91
307730547592138 23
307730547616616 66
307730620333551 91
307730620358968 23
307730620366115 23
307730620372920 66
307730676098327 23
307730676126427 66
307730676133232 91
307730743327415 91
307730743348200 23
307730822260781 66
307730822281139 91
307730822288346 23
307730822295159 23
307730877260233 66
307730877279009 23
307730877286146 66
307730944396371 91
307730944410324 91
307731023567074 23
307731023591214 66
307731023599093 91
307731023605931 23
307731078440525 23
307731078458264 66
307731078465590 23
307731078472405 66
307731155455605 91
307731155474686 91
307731212798239 23
307731212812320 66
307731212819346 91
307731280002333 23
307731280017423 23
307731280024504 66
307731280031220 23
307731355442532 66
307731355457690 91
307731413763999 91
307731413779291 23
307731413786492 66
307731480955983 91
307731480968889 23
307731480976376 23
307731480983123 66
307731558690925 23
307731558706253 66
307731558713587 91
307731614996861 91
307731682033661 23
307731682047902 66
307731682055146 91
307731682061858 23
307731682068627 23
307731760651844 66
307731760668192 23
307731760675435 66
307731823597260 91
307731823612489 91
307731883277592 23
307731883292626 66
307731883299674 91
307731883306624 23
307731950272186 23
307731950285488 66
307731950292523 23
307731950299412 23
307732027914452 66
307732027941730 91
307732027949054 91
307732084510468 23
307732084528545 66
307732084535924 91
307732151575288 23
307732151595934 23
307732151603179 66
307732224404219 23
307732224419269 66
307732224426368 91
307732285721389 91
307732285734423 23
307732352687227 66
307732352701846 91
307732352708864 23
307732352715710 23
307732352722474 66
307732431170762 23
307732431192804 91
307732431199872 23
307732486785203 66
307732486800573 23
307732486807601 66
307732554016098 91
307732554037454 91
307732620993817 23
307732621008123 66
307732621015169 91
307732621021866 23
307732688021768 23
307732688039029 66
307732688046256 23
307732688053224 66
307732755019134 91
307732755035190 91
307732822240693 23
307732822259733 66
307732822267128 91
307732900368825 23
307732900388691 23
307732900396419 23
307732900403145 66
307732956368746 91
307732956387611 23
307732956394853 23
307732956401650 66
307733023608593 23
307733023635604 66
307733023642819 91
307733090512568 91
307733090540258 23
307733157509149 66
307733157534357 91
307733157541524 23
307733157548231 23
307733224676008 66
307733224699914 23
307733224707363 66
307733303624247 91
307733303651056 91
307733359045461 23
307733359062766 66
307733359070945 91
307733359077931 23
307733435473215 66
307733435491604 23
307733435498787 66
307733500489177 91
307733500505716 91
307733570840931 23
307733570863319 66
307733570870693 91
307733627068898 23
307733627093901 23
307733627101086 66
307733627107969 23
307733694096792 66
307733694111834 91
307733772864900 91
307733772889555 23
307733772896764 66
307733828263537 91
307733828279839 23
307733828286776 23
307733828294110 66
307733901306044 23
307733901324876 66
307733901332139 91
307733974082284 91
307734029287325 23
307734029301910 66
307734029308868 91
307734029315685 23
307734029322373 23
307734105983020 66
307734105999486 23
307734106006591 66
307734163386566 91
307734163400502 91
307734230482524 23
307734230496154 66
307734230503286 91
307734230510049 23
307734297696194 23
307734297709834 66
307734297716709 23
307734297724071 66
307734364678441 91
307734364692586 91
307734431707895 23
307734431721471 66
307734431728734 91
307734509208089 23
307734509224229 23
307734509231422 66
307734509238145 23
307734565951790 66
307734565969095 91
307734632959248 91
307734632975416 23
307734709160973 66
307734709175929 91
307734709183065 23
307734709190069 23
307734709196693 66
307734767002193 23
307734767018100 66
307734767025269 91
307734834032581 91
307734901214045 23
307734901227564 66
307734901234774 91
307734901241540 23
307734978420650 23
307734978433127 66
307734978439956 23
307734978446640 66
307735035327747 91
307735035342274 91
307735102393788 23
307735102408180 66
307735102415381 91
307735102422592 23
307735169358511 23
307735169370924 66
307735169377844 23
307735236502682 66
307735236526458 91
307735236533518 91
307735303619052 23
307735303635581 66
307735381683881 91
307735381700595 23
307735381707731 23
307735381714526 66
307735438019511 23
307735438033946 23
307735438041092 66
307735438047923 91
307735504773428 91
307735504786020 23
307735580302577 66
307735580332933 91
307735580340202 23
307735580347049 23
307735638884000 66
307735638905777 23
307735638912994 66
307735706125163 91
307735706150166 91
307735785051063 23
307735785074765 66
307735785082674 91
307735785089547 23
307735840103327 23
307735840124952 23
307735840132236 66
307735840139196 91
307735840145872 23
307735916856681 23
307735916874354 66
307735916881468 23
307735916888199 66
307735981071598 91
307735981087877 91
307736041443311 23
307736041475829 66
307736041483269 91
307736118214288 23
307736118241940 23
307736118249226 66
307736175549520 23
307736175569631 66
307736175576786 91
307736242613693 91
307736242641335 23
307736242648782 23
307736320098762 66
307736320118279 91
307736320125607 23
307736320132442 66
307736376569397 23
307736376587350 66
307736449228225 91
307736449247202 91
307736510709017 23
307736510728203 66
307736510735521 91
307736510742322 23
307736577764105 23
307736577779041 66
307736577786105 23
307736577792839 91
307736644765366 23
307736644779080 66
307736644786082 23
307736644793549 66
307736723362528 91
307736723376912 91
307736779122597 23
307736779147534 66
307736779155031 91
307736852111776 23
307736852132995 23
307736852140078 66
307736852147052 23
307736913041120 66
307736913058594 91
307736990611402 91
307736990630495 23
307737047319429 66
307737047334147 23
307737047341147 66
307737047347827 91
307737114308002 91
307737192535867 23
307737192551605 66
307737192558912 91
307737192567073 23
307737192573773 23
307737248413801 66
307737248427681 23
307737248434856 66
307737315416968 91
307737315433847 91
307737382600981 23
307737382616520 66
307737382623621 91
307737382630321 23
307737459766974 23
307737459785777 66
307737459793208 23
307737459800111 66
307737517041778 91
307737517061169 91
307737583783007 23
307737583803570 66
307737650739610 91
307737650756758 23
307737650763981 23
307737650771226 66
307737717933998 23
307737717949066 66
307737717956241 91
307737797114231 91
307737797130752 23
307737851999577 66
307737852014548 91
307737852021882 23
307737852028780 23
307737929004086 66
307737929020670 23
307737929028014 66
307737986229837 91
307737986244635 91
307738053240001 23
307738053256515 66
307738053263606 91
307738053270304 23
307738120311591 23
307738120338028 66
307738120345254 23
307738120352823 66
307738187338309 91
307738187364728 91
307738266415127 23
307738266442503 66
307738266449724 91
307738321445845 23
307738321467847 23
307738321475253 66
307738321482215 23
307738398214522 66
307738398235711 91
307738455716691 91
307738455733266 23
307738455740461 66
307738528995673 23
307738529011751 66
307738529019061 91
307738589715150 91
307738589729213 23
307738656731280 66
307738656746225 91
307738656754120 23
307738656760969 23
307738723905299 66
307738723918996 23
307738723925979 66
307738801435622 91
307738801452498 91
307738857985369 23
307738858001199 66
307738858008576 91
307738858015485 23
307738925020579 23
307738925036170 66
307738925043436 23
307738925050295 66
307739002744028 91
307739002760154 91
307739059233225 23
307739059250725 66
307739059257906 91
307739126242209 23
307739126256274 23
307739126263549 66
307739126270260 23
307739204680133 66
307739204695909 91
307739260403960 91
307739260417789 23
307739260424610 23
307739327422933 66
307739327436322 23
307739327443161 66
307739327449781 91
307739394500669 91
307739394515053 23
307739471960752 66
307739471983637 91
307739471990822 23
307739471997626 23
307739528818970 66
307739528834539 23
307739528841692 66
307739595997811 91
307739596011360 91
307739673893473 23
307739673909384 66
307739673916649 91
307739673923531 23
307739729788387 23
307739729803012 23
307739729810187 66
307739729817149 91
307739729823962 23
307739805004579 23
307739805020351 66
307739805027512 23
307739805034434 66
307739863979750 91
307739863994060 91
307739931025925 23
307739931040390 66
307739998280974 23
307739998314510 66
307739998321846 91
307740077222594 91
307740077257451 23
307740077265547 66
307740132288436 91
307740132305045 23
307740132312312 23
307740132319133 66
307740199260162 23
307740199277922 66
307740266258130 91
307740333464486 23
307740333477760 66
307740410359682 91
307740410377973 91
307740467591309 23
307740467610225 66
307740467617286 91
307740467624205 23
307740534554639 23
307740534570952 66
307740534578113 23
307740534584829 66
307740601932268 91
307740601963277 91
307740668865232 23
307740668890374 66
307740668897639 91
307740735852132 23
307740735877487 23
307740735884755 66
307740735891646 23
307740813641670 66
307740813666727 91
307740870028100 91
307740870045578 23
307740937168097 66
307740937195669 91
307740937203230 23
307740937210107 23
307740937216808 66
307741011625949 23
307741011648337 66
307741011655634 91
307741071231657 91
307741138234124 23
307741138248526 66
307741138256102 91
307741138262910 23
307741138269768 23
307741216843281 66
307741216857177 23
307741216864287 66
307741272323048 91
307741272338682 91
307741348743219 23
307741348758370 66
307741348765331 91
307741348772054 23
307741418807576 23
307741418824539 66
307741418831673 23
307741418838331 66
307741479783891 91
307741479800162 91
307741540608337 23
307741540623757 66
307741607805779 91
307741607820569 23
307741607828611 23
307741607835378 66
307741686034117 23
307741686048788 66
307741686055748 91
307741741796313 91
307741741814573 23
307741808851576 66
307741808865195 91
307741808872397 23
307741808879196 23
307741882682221 66
307741882699057 23
307741882706313 91
307741882712991 23
307741882719929 23
307741942985236 66
307741942999708 23
307741943006648 91
307741943013320 23
307742010003823 66
307742010018018 23
307742010025783 91
307742089290629 23
307742089306724 66
307742089313986 23
307742089320781 66
307742144238754 91
307742144254655 91
307742221172214 23
307742221187964 66
307742221195243 91
307742221202120 23
307742278255725 23
307742278271554 66
307742278278718 23
307742345450204 66
307742345466249 91
307742412451816 91
307742412466715 23
307742412473892 66
307742479477703 91
307742479491474 23
307742479498347 23
307742479505836 66
307742558509171 23
307742558525354 66
307742558532511 91
307742613685121 91
307742613699277 23
307742688486701 66
307742688503648 91
307742688511008 23
307742688517861 23
307742759786700 66
307742759800702 23
307742759807929 66
307742814918616 91
307742814933489 91
307742891715566 23
307742891732123 66
307742891739269 91
307742891745988 23
307742948947891 23
307742948961714 66
307742948968774 23
307742948975987 66
307743015985822 91
307743016000948 91
307743093639783 23
307743093656255 66
307743093663564 91
307743156675515 23
307743156702608 23
307743156709849 66
307743156716962 23
307743229029957 66
307743229054151 91
307743284310672 91
307743284336418 23
307743360903482 66
307743360922768 91
307743360929945 23
307743360936760 23
307743360943386 66
307743418492621 91
307743485449085 23
307743485467741 66
307743552533315 91
307743552550705 91
307743619616777 23
307743619633254 66
307743619640308 91
307743619647038 23
307743698240334 23
307743698267409 66
307743698274682 23
307743698281658 66
307743754048599 91
307743754068231 91
307743820781212 23
307743820796536 66
307743820803594 91
307743820810488 23
307743900135711 23
307743900153086 66
307743900160319 23
307743960314532 66
307743960329851 91
307744022013696 91
307744022029698 23
307744022037026 66
307744089037115 91
307744089050946 23
307744089058055 23
307744089064904 66
307744156128740 23
307744156143402 66
307744156150885 91
307744223199037 91
307744290250448 23
307744290265447 66
307744290272482 91
307744290279178 23
307744290285838 23
307744367433651 66
307744367449682 23
307744367457091 66
307744424453593 91
307744424467104 91
307744491474745 23
307744491487013 66
307744491494544 91
307744491501486 23
307744570656986 23
307744570674512 66
307744570681834 23
307744570688800 66
307744625594982 91
307744625613068 91
307744702551480 23
307744702571695 66
307744702579085 91
307744759791970 23
307744759810462 23
307744759817587 66
307744759824685 23
307744826770489 66
307744826788397 91
307744904092421 91
307744904126233 23
307744961084300 66
307744961108303 91
307744961115569 23
307744961122691 23
307744961129400 66
307745027983477 23
307745027999758 66
307745028006754 91
307745105831219 91
307745162324912 23
307745162353214 66
307745162360516 91
307745162367349 23
307745162374279 23
307745229231152 66
307745229248563 23
307745229255766 66
307745296212502 91
307745296225824 91
307745373021731 23
307745373038584 66
307745373045893 91
307745373052740 23
307745430341820 23
307745430359368 66
307745430367696 23
307745430374800 66
307745497395103 91
307745497408618 91
307745574987778 23
307745575004636 66
307745637292517 91
307745637320988 23
307745637328094 23
307745637334974 66
307745698681646 23
307745698708898 66
307745698716077 91
307745776334533 91
307745776359546 23
307745833130101 66
307745833154156 91
307745833161299 23
307745833168175 23
307745899956607 66
307745899983959 23
307745899990921 66
307745978255105 91
307745978272275 91
307746033990772 23
307746034008994 66
307746034016230 91
307746034022850 23
307746101057028 23
307746101071694 66
307746101078599 23
307746101085434 66
307746179508619 91
307746179523872 91
307746235197777 23
307746235212418 66
307746235219257 91
307746311422090 23
307746311436386 23
307746311443428 66
307746311450239 23
307746381497030 66
307746381511207 91
307746436254060 91
307746436269890 23
307746503466267 66
307746503481557 91
307746503488752 23
307746503495657 23
307746503502452 66
307746582782181 23
307746582797076 66
307746582804324 91
307746637488067 91
307746714695482 23
307746714712411 66
307746714719850 91
307746714726717 23
307746714733437 23
307746771685464 66
307746771700943 23
307746771708339 66
307746838694567 91
307746838708329 91
307746913224873 23
307746913240440 66
307746913248229 91
307746913255208 23
307746972938001 23
307746972953528 66
307746972960958 23
307746972967703 66
307747039919766 91
307747039932821 91
307747117925990 23
307747117940702 66
307747173974143 91
307747173988443 23
307747173995396 23
307747174002306 66
307747241165664 23
307747241179695 66
307747241186630 91
307747314040065 91
307747314056319 23
307747375215288 66
307747375230556 91
307747375237723 23
307747375245145 23
307747442222724 66
307747442236493 23
307747442243374 66
307747521196213 91
307747521212331 91
307747576393510 23
307747576406488 66
307747576413398 91
307747576420191 23
307747653070022 23
307747653083712 66
307747653090710 23
307747653097457 66
307747710517431 91
307747710531016 91
307747777599382 23
307747777614040 66
307747777621265 91
307747777628171 23
307747854438294 91
307747854453811 23
307747854462374 23
307747854469080 66
307747912111547 23
307747912134731 66
307747912142085 23
307747978779366 66
