307782795877273 91
307782852466868 23
307782852488148 66
307782852495872 91
307782919536654 23
307782991978898 66
307782992010122 91
307783053713806 23
307783053733798 66
307783053742172 91
307783120730262 91
307783199073341 23
307783199089394 66
307783199096433 91
307783199103418 23
307783199110183 23
307783255010451 66
307783255024510 23
307783255031755 66
307783322198509 91
307783322213674 91
307783399032158 23
307783399047583 66
307783399054943 91
307783399061904 23
307783455968314 23
307783455983786 23
307783455991889 66
307783455998860 91
307783456005641 23
307783523272419 23
307783523303591 66
307783523310551 23
307783523317313 66
307783602400857 91
307783602426540 91
307783657295557 23
307783657321683 66
307783657329101 91
307783734314468 23
307783734341406 23
307783734348483 66
307783734355187 23
307783791435443 66
307783791453371 91
307783791460675 91
307783858432109 23
307783858449929 66
307783935545220 91
307783935561425 23
307783935568856 23
307783935575624 66
307783992509363 23
307783992526843 66
307783992535339 91
307784059650046 91
307784137515677 23
307784137533686 66
307784137541165 23
307784137548076 66
307784137554821 91
307784193709842 23
307784193724500 66
307784260938990 91
307784260953358 91
307784338768649 23
307784338784212 66
307784338791488 23
307784338798166 66
307784394922480 91
307784394936446 91
307784461935373 23
307784461949291 66
307784461956315 91
307784461962977 23
307784540758533 23
307784540774710 66
307784540781854 23
307784540788549 66
307784596167130 91
307784596180967 91
307784663170480 23
307784663184060 66
307784663191221 91
307784663197899 23
307784730276294 23
307784730289449 66
307784730296371 23
307784730303131 66
307784807982408 91
307784807999978 91
307784864419126 23
307784864434731 23
307784864442582 66
307784931524192 23
307784931538892 23
307784931546141 66
307784931553049 91
307785009926070 91
307785009940801 23
307785065631228 66
307785065646591 91
307785065653732 23
307785065660402 66
307785139083188 23
307785139098415 66
307785139105699 91
307785199721697 91
307785199736972 23
307785266865276 66
307785266879999 91
307785266887296 23
307785266894270 23
307785334008661 66
307785334023357 23
307785334031632 66
307785334038425 91
307785401202405 91
307785479133842 23
307785479147562 66
307785479154520 91
307785479161220 23
307785479167939 23
307785534999595 66
307785535013399 23
307785535020434 66
307785602185902 91
307785602199611 91
307785680418573 23
307785680431787 66
307785680438906 91
307785680445765 23
307785736243242 23
307785736255967 66
307785736262836 23
307785736269661 66
307785803322790 91
307785803337969 91
307785882550626 23
307785882578464 66
307785882585797 91
307785937448301 23
307785937462796 23
307785937469973 66
307785937476637 23
307786004620155 66
307786004650235 91
307786004657229 91
307786071750863 23
307786071776266 66
307786149663186 91
307786149688688 23
307786149695891 23
307786149702752 66
307786205742706 23
307786205764541 66
307786205771774 91
307786272735150 91
307786272754489 23
307786345646525 66
307786345665021 91
307786345672445 23
307786345679308 23
307786345686055 66
307786406977890 23
307786406993660 66
307786407000598 91
307786473945679 91
307786552876094 23
307786552892202 66
307786552899550 91
307786552906449 23
307786552913425 23
307786608239154 66
307786608261361 23
307786608268763 66
307786684853456 91
307786684876765 91
307786742202219 23
307786742216935 66
307786742223851 91
307786742231304 23
307786815912477 23
307786815928778 66
307786815936114 23
307786815942885 66
307786876439427 91
307786876455298 91
307786943438326 23
307786943453165 66
307786943460302 91
307786943467092 23
307787010710006 23
307787010745501 66
307787010752666 23
307787010759554 66
307787088077296 91
307787088102599 91
307787144697016 23
307787144716115 66
307787218812268 23
307787218828688 66
307787218835688 91
307787278832830 91
307787278847047 23
307787278853832 66
307787345809059 91
307787345824731 23
307787345832169 23
307787345838940 66
307787412994033 23
307787413008651 66
307787413015886 91
307787491314634 91
307787491332601 23
307787546992986 66
307787547008649 91
307787547015870 23
307787547022720 23
307787547029553 66
307787619601293 23
307787619619588 66
307787619627059 91
307787681173801 91
307787748178721 23
307787748196854 66
307787748203963 91
307787748210746 23
307787748217448 23
307787815195316 66
307787815213068 23
307787815220124 66
307787894529231 91
307787894549362 91
307787949454657 23
307787949476976 66
307787949484097 91
307787949491079 23
307788022479218 23
307788022498492 66
307788022505717 23
307788022512522 66
307788083462709 91
307788083481058 91
307788150648446 23
307788150662279 66
307788150669548 91
307788150677121 23
307788217654210 23
307788217666631 66
307788217673641 23
307788217680478 66
307788284678898 91
307788351642974 23
307788351656398 66
307788351663425 91
307788429688862 91
307788429703562 23
307788485977878 66
307788485996882 23
307788486004154 66
307788486010973 91
307788553065777 91
307788553092500 23
307788553099653 66
307788631066843 91
307788631093932 23
307788631101230 23
307788631107995 66
307788687236811 23
307788687261224 66
307788687268439 91
307788754262505 23
307788754285822 66
307788832955346 91
307788832975368 91
307788893544240 23
307788893560731 66
307788893568016 23
307788893574897 66
307788893581761 91
307788955391670 91
307789022415107 23
307789022429920 66
307789022437177 91
307789022444049 23
307789022450868 23
307789100179666 66
307789100197752 23
307789100204878 66
307789156540179 91
307789156557995 91
307789223596094 23
307789223610190 66
307789223617536 91
307789223624367 23
307789290629143 23
307789290644551 66
307789290651692 23
307789290658412 66
307789357702525 91
307789357716700 91
307789424821577 23
307789424835889 66
307789424842875 91
307789503442048 23
307789503458409 23
307789503465787 23
307789503472604 66
307789503479369 91
307789559210912 23
307789559226115 23
307789559233221 66
307789559240600 23
307789625968530 66
307789625982098 91
307789692943430 91
307789692956591 23
307789692963669 66
307789760289537 91
307789760302728 23
307789760309772 23
307789760316549 66
307789836614210 23
307789836630362 66
307789836637704 91
307789894260943 91
307789894275931 23
307789961214755 23
307789961229668 66
307789961236998 91
307789961243748 23
307789961250471 66
307790038554975 23
307790038569773 91
307790038577176 23
307790095561884 66
307790095584927 23
307790095592189 66
307790162462616 91
307790162481933 91
307790229474027 23
307790229491352 66
307790229498428 91
307790229505102 23
307790296678014 23
307790296693333 66
307790296700780 23
307790296707699 66
307790363685650 91
307790363700863 91
307790441808961 23
307790441824309 66
307790441831643 91
307790441838498 23
307790497759682 23
307790497776341 66
307790497784248 23
307790497791292 66
307790564938257 91
307790564952366 91
307790631950162 23
307790631963096 66
307790631970161 91
307790698946209 23
307790698959157 23
307790698966133 66
307790698972918 23
307790770941843 66
307790770957532 91
307790845104560 91
307790845123689 23
307790845130946 66
307790900217917 91
307790900237296 23
307790900244579 23
307790900251338 66
307790967228965 23
307790967245836 66
307791046367868 91
307791101588241 23
307791101615601 66
307791101622812 91
307791178308832 91
307791235591817 23
307791235616038 66
307791235623249 91
307791235630050 23
307791235636692 23
307791302690629 66
307791302715445 23
307791302722588 66
307791378369703 91
307791378396134 91
307791436930214 23
307791436951929 66
307791436959170 91
307791436966160 23
307791503852377 23
307791503874087 66
307791503881546 23
307791503888904 66
307791581536710 91
307791581552530 91
307791638212235 23
307791638227835 66
307791638235080 91
307791638241788 23
307791705013978 23
307791705032779 66
307791705042298 23
307791705051375 66
307791783475666 91
307791783491279 91
307791846453035 23
307791846466458 66
307791846473526 91
307791906180406 23
307791906194279 23
307791906201408 66
307791906208338 23
307791973187096 66
307791973201041 91
307792050721254 91
307792050736954 23
307792050744245 66
307792107412023 91
307792107426144 23
307792107433204 23
307792107439921 66
307792174444228 23
307792174459846 66
307792174466974 91
307792247243082 91
307792247258007 23
307792308640037 66
307792308656725 91
307792308663914 23
307792308670815 23
307792308677570 66
307792375670935 23
307792375685736 66
307792375692816 91
307792453980421 23
307792509676358 66
307792509692458 91
307792509699804 91
307792576879032 23
307792576894484 66
307792576901836 23
307792643888638 66
307792643903728 91
307792643910887 91
307792710996729 23
307792711011853 66
307792711019044 91
307792711025702 23
307792777922884 23
307792777938209 66
307792777945290 23
307792777952050 66
307792845110974 91
307792845125205 91
307792923149345 23
307792923163096 66
307792923170015 91
307792923176870 23
307792979192348 23
307792979209635 66
307792979217069 23
307793046199726 66
307793046215416 91
307793046222667 91
307793113381231 23
307793113395822 66
307793113402955 91
307793180390847 23
307793180404070 23
307793180410988 66
307793180417805 23
307793247419423 66
307793247432417 91
307793326418575 91
307793326434598 23
307793381608283 66
307793381621657 91
307793381628560 23
307793381635319 23
307793381642080 66
307793458322700 23
307793458339067 91
307793458346286 23
307793458353168 23
307793523322387 66
307793523338455 91
307793523345596 23
307793523352469 23
307793593748291 66
307793593779795 23
307793593786835 66
307793593793614 91
307793650100944 91
307793717319255 23
307793717349910 66
307793717357369 91
307793717364288 23
307793717371069 23
307793795718714 66
307793795740450 23
307793795747609 66
307793851061860 91
307793851081660 91
307793924106901 23
307793924124425 66
307793924131574 91
307793924138230 23
307793996919820 23
307793996938462 66
307793996945796 23
307793996952738 66
307794052259254 91
307794052274457 91
307794128795118 23
307794128810715 66
307794128817928 91
307794128825206 23
307794186439080 23
307794186453223 66
307794186460237 23
307794253430271 66
307794253444452 91
307794253451618 91
307794320656593 23
307794320684084 23
307794387714511 66
307794387730502 23
307794387737396 66
307794387744193 91
307794454667793 91
307794454684000 23
307794454691263 66
307794532056657 91
307794532070917 23
307794532077802 23
307794532084595 66
307794588729597 23
307794588744435 66
307794588751804 91
307794655905032 91
307794655918903 23
307794731990458 66
307794732006421 91
307794732013687 23
307794732020590 23
307794789973462 66
307794789988288 23
307794789995439 66
307794790002111 91
307794857041606 91
307794924149047 23
307794924164105 66
307794924171369 91
307794924178256 23
307794924184960 23
307795001368670 66
307795001388602 23
307795001395898 66
307795058255637 91
307795058276228 91
307795125414475 23
307795125429739 66
307795125436656 23
307795192436784 66
307795192455091 91
307795192462197 91
307795259428188 23
307795259442785 66
307795259450516 91
307795259457339 23
307795326438562 23
307795326451917 66
307795326458971 23
307795404545197 66
307795404561740 91
307795404569086 91
307795460608562 23
307795460624262 66
307795460631362 91
307795527602221 23
307795527617374 23
307795527624416 66
307795527631193 23
307795603180314 66
307795603211635 91
307795661809727 91
307795661828255 23
307795728989924 66
307795729005205 91
307795729012473 23
307795729020078 23
307795729026998 66
307795807741883 23
307795807757078 66
307795807764134 91
307795862992682 91
307795863007738 23
307795939672162 66
307795939692082 91
307795939699231 23
307795939706020 23
307796003884354 66
307796003904045 23
307796003911383 66
307796003918278 91
307796064168619 91
307796141043328 23
307796141076268 66
307796141083944 91
307796141090837 23
307796198453422 23
307796198532837 66
307796198541441 23
307796198548310 66
307796265514669 91
307796265541613 91
307796343086365 23
307796343115425 66
307796343122916 91
307796343129812 23
307796399512025 23
307796399529583 66
307796399536969 23
307796399543901 66
307796472046631 91
307796472063148 91
307796533658078 23
307796533671784 66
307796533678943 91
307796600710402 23
307796600726220 23
307796600733679 66
307796600740647 23
307796667764220 66
307796667779474 91
307796746157669 23
307796801910483 66
307796801927761 91
307796874948264 91
307796874964555 23
307796936136951 66
307796936152753 91
307796936160009 23
307796936166725 23
307796936173568 66
307797013400050 91
307797070151947 23
307797070167242 66
307797070174550 91
307797137136260 91
307797215421769 23
307797215439915 66
307797215447309 91
307797215454217 23
307797215460919 23
307797271511165 66
307797271533400 23
307797271540517 66
307797338409960 91
307797338424626 91
307797405421960 23
307797405436955 66
307797405444170 91
307797405450963 23
307797482624399 23
307797482640469 66
307797482647753 23
307797482654560 66
307797539594478 91
307797539610031 91
307797606617022 23
307797606631764 66
307797606639210 91
307797606645860 23
307797673718756 23
307797673734068 66
307797673741229 23
307797740953897 66
307797740968854 91
307797819926875 23
307797875240068 66
307797875258890 91
307797951804009 91
307797951818347 23
307797951825582 66
307798009074442 91
307798009090301 23
307798009097564 23
307798009104460 66
307798076148002 23
307798076162261 66
307798076169175 91
307798143160398 91
307798143175478 23
307798210173906 66
307798210188765 91
307798210196109 23
307798210202902 23
307798289116769 66
307798289131047 23
307798289138799 66
307798289145612 91
307798344385506 91
307798421012869 23
307798421028040 66
307798421035149 91
307798421041990 23
307798421048652 23
307798478637327 66
307798478653453 23
307798478661278 66
307798551926516 91
307798551956508 91
307798612745371 23
307798612762901 66
307798612770498 91
307798612777723 23
307798679865204 23
307798679894836 66
307798679902320 23
307798679909192 66
307798746993901 91
307798747017898 91
307798824385551 23
307798824414866 66
307798824422019 91
307798824429017 23
307798880987131 23
307798881004880 66
307798881012029 23
307798947980425 66
307798948001136 91
307798948008626 91
307799025551999 23
307799025569272 66
307799025576459 91
307799082171375 23
307799082188464 23
307799082195678 66
307799149189838 23
307799149206138 66
307799149213652 91
307799227569135 91
307799227589922 23
307799283421721 66
307799283438959 91
307799283446339 23
307799283453253 23
307799283460172 66
307799350657849 23
307799350688961 66
307799350696363 91
307799417523175 91
307799494792312 23
307799494812010 23
307799494819143 66
307799494825918 23
307799494832572 23
307799551568754 66
307799551584904 91
307799551592264 91
307799618593593 23
307799618607046 66
307799618614070 23
307799696715027 66
307799696731310 91
307799696739263 91
307799752780195 23
307799752798777 66
307799752806274 91
307799752813079 23
307799827873021 23
307799827890388 66
307799827897523 23
307799827904308 66
307799887018731 91
307799887032996 91
307799954212686 23
307799954226119 66
307799954233254 91
307799954240125 23
307800020974084 23
307800020987185 66
307800020994229 23
307800099980988 66
307800099995068 91
307800100002320 91
307800155138647 23
307800155151935 66
307800222210573 91
307800222226055 23
307800222233186 23
307800222240075 66
307800289348566 23
307800289363119 66
307800289370304 91
307800356388660 91
307800356401727 23
307800433153167 66
307800433166485 91
307800433174074 23
307800433180863 23
307800433187656 66
307800490433109 23
307800490448812 66
307800490455949 91
307800557651886 91
307800624659660 23
307800624675369 66
307800624682681 91
307800624689780 23
307800624696772 23
307800691757701 66
307800691771317 23
307800691778331 66
307800758670876 91
307800758686757 91
307800836404627 23
307800836419908 66
307800836427091 91
307800836433985 23
307800892849549 23
307800892865617 66
307800892872852 23
307800892879754 66
307800892886434 91
307800959911072 91
307800959924324 23
307801034443694 66
307801034459444 23
307801034466589 66
