303805504802602 91
303805581726304 23
303805581760988 66
303805581768137 91
303805638649662 23
303805638673846 91
303805705636752 23
303805705670089 23
303805705677604 66
303805781751748 91
303805781781048 23
303805781788243 23
303805781795003 66
303805839848059 91
303805839871527 23
303805839878662 23
303805839885547 23
303805906835494 66
303805906861616 91
303805906869082 23
303805906877078 66
303805985002746 91
303805985035892 23
303805985043069 23
303806041088307 66
303806041107933 91
303806041114927 23
303806041121652 23
303806108125066 66
303806108151934 91
303806108159435 23
303806108166356 23
303806186877660 23
303806186905622 66
303806186912890 91
303806186919648 23
303806186926332 23
303806249880582 66
303806249907999 91
303806249915194 23
303806309242243 23
303806309266709 66
303806309273902 91
303806309280818 23
303806376318438 23
303806376340810 66
303806376347735 91
303806376354679 23
303806454117961 23
303806454141294 66
303806454148986 91
303806454155825 23
303806510535696 23
303806510569392 66
303806510576722 91
303806510583589 23
303806577547422 23
303806577576136 23
303806577583721 66
303806577590609 91
303806650654559 23
303806650680998 66
303806650688402 91
303806650695266 23
303806711903686 23
303806711933058 66
303806711940162 91
303806778696362 23
303806778722987 23
303806778730323 66
303806778737099 91
303806857435471 23
303806857465869 23
303806857473207 66
303806912872493 91
303806912897355 23
303806912904766 23
303806912911699 23
303806912918587 66
303806989278517 91
303806989304302 23
303806989311582 23
303806989318320 23
303807047119115 66
303807047145968 91
303807047153195 23
303807047159962 66
303807114155407 91
303807114184164 23
303807114191154 23
303807181157229 66
303807181183288 91
303807181190495 23
303807181197340 23
303807248151282 66
303807248173032 91
303807248180451 23
303807248187372 23
303807326618806 66
303807326648429 91
303807326655811 23
303807382232521 23
303807382252237 66
303807382259424 91
303807382266169 23
303807449342991 23
303807449365852 23
303807449373069 66
303807449379892 91
303807449386616 23
303807516365374 66
303807516388498 91
303807516395683 23
303807583519550 23
303807583547214 66
303807583554421 91
303807583562113 23
303807650572446 23
303807650593140 66
303807650600214 91
303807650606943 23
303807729823864 23
303807729847157 66
303807729854503 91
303807729861346 23
303807784799029 23
303807784823730 66
303807784830874 91
303807784837683 23
303807861755997 23
303807861785674 66
303807861792779 91
303807926708743 23
303807926731191 23
303807926738453 66
303807926745409 91
303807997051661 23
303807997074103 23
303807997081787 66
303808053071035 91
303808053096539 23
303808053103917 23
303808053110815 66
303808120094265 91
303808120122929 23
303808120130072 23
303808120136931 66
303808199039655 91
303808199063549 23
303808199070950 23
303808254129976 66
303808254152573 91
303808254159985 23
303808254166917 23
303808327539624 66
303808327564822 91
303808327572062 23
303808327579007 23
303808400348056 66
303808400378691 91
303808400386439 23
303808400393177 23
303808455332913 66
303808455357835 91
303808455364946 23
303808532282296 23
303808532309791 66
303808532317006 91
303808532323964 23
303808589590239 23
303808589619042 66
303808589626259 91
303808589632996 23
303808656538813 23
303808656566716 66
303808656573606 91
303808656580360 23
303808723689079 23
303808723708781 66
303808723715872 91
303808723722632 23
303808790895638 23
303808790918159 66
303808790925432 91
303808790932366 23
303808857624116 23
303808857646449 23
303808857653656 66
303808857660556 91
303808935505404 23
303808935531690 23
303808935538859 66
303808935545798 91
303808991867587 23
303808991887801 23
303808991895251 66
303808991902324 91
303809059061042 23
303809059084095 23
303809059091291 66
303809135411420 91
303809135434632 23
303809135441781 23
303809135448729 66
303809193120633 91
303809193150807 23
303809193157805 23
303809193164459 66
303809260139413 91
303809260209321 23
303809260220150 23
303809260228685 66
303809327128146 91
303809327151441 23
303809327158564 23
303809404677922 66
303809404703159 91
303809404710426 23
303809404717273 23
303809461409458 66
303809461437200 91
303809461444413 23
303809461451172 23
303809528406723 66
303809528429107 91
303809528437358 23
303809528445022 23
303809595409611 66
303809595432976 91
303809595440206 23
303809662592954 23
303809662615917 66
303809662622983 91
303809662629800 23
303809729672592 23
303809729703911 66
303809729711229 91
303809729717963 23
303809807993858 23
303809808028124 66
303809808035506 91
303809808042450 23
303809863684659 23
303809863707152 66
303809863714383 91
303809863721234 23
303809930751172 23
303809930774031 66
303809930781556 91
303809930788395 23
303809997946001 23
303809997974498 66
303809997982135 91
303809997988916 23
303810064898651 23
303810064924889 66
303810064932191 91
303810132171452 23
303810132202926 23
303810132210236 66
303810132217055 91
303810211253460 23
303810211284924 23
303810211292351 66
303810266099756 91
303810266120834 23
303810266128046 23
303810266134804 66
303810343094882 91
303810343124238 23
303810343132141 23
303810343139171 66
303810407338907 91
303810407366653 23
303810407373848 23
303810467309695 66
303810467326893 91
303810467334137 23
303810467340992 23
303810544445922 66
303810544488769 91
303810544498352 23
303810544507800 23
303810601505544 66
303810601526854 91
303810601534132 23
303810601541174 23
303810668571078 66
303810668596672 91
303810668603855 23
303810746398142 23
303810746431348 66
303810746441067 91
303810746450375 23
303810802771634 23
303810802802515 66
303810802809804 91
303810802816794 23
303810875447469 23
303810875468843 23
303810875475799 66
303810875482489 91
303810875489191 23
303810937166141 23
303810937195571 66
303810937202955 91
303810937209746 23
303811003862480 23
303811003885359 66
303811003892731 91
303811003899620 23
303811070968679 23
303811071002555 66
303811071009591 91
303811071016947 23
303811149586725 23
303811149609762 66
303811149617304 91
303811149624052 23
303811205104968 23
303811205129703 66
303811205136840 91
303811272112941 23
303811272137451 23
303811272144517 66
303811350924121 91
303811350955836 23
303811350963203 23
303811350970154 66
303811406325126 91
303811406350025 23
303811406357324 23
303811406364246 66
303811482885024 91
303811482917271 23
303811482924713 23
303811482932405 66
303811540459425 91
303811540490491 23
303811540497468 23
303811607355425 66
303811607386161 91
303811607393400 23
303811607400068 23
303811674728835 66
303811674759643 91
303811674766908 23
303811674773677 23
303811741729780 66
303811741760862 91
303811741768272 23
303811741775027 23
303811808571050 66
303811808593312 91
303811808600358 23
303811886101382 23
303811886131255 66
303811886138504 91
303811886145910 23
303811886152673 23
303811942788955 66
303811942808722 91
303812009796302 23
303812009818308 66
303812076850903 91
303812144082264 23
303812144110100 91
303812223343610 23
303812223367272 66
303812223374624 91
303812223381541 23
303812278172913 23
303812278204041 66
303812278211318 91
303812355261959 23
303812355290697 23
303812355297854 66
303812355304638 91
303812412388540 23
303812412420179 23
303812412428605 66
303812479333281 91
303812479358114 23
303812479365380 23
303812479372141 66
303812546350709 91
303812546373864 23
303812546381097 23
303812546387950 23
303812613428766 66
303812613455837 91
303812613463022 23
303812613469807 66
303812692523068 91
303812692552303 23
303812692559685 23
303812747543951 66
303812747569768 91
303812747577000 23
303812747583748 23
303812824447727 66
303812824472253 91
303812824479867 23
303812824486629 23
303812881913133 66
303812881942424 91
303812881949794 23
303812881956507 23
303812955219666 66
303812955250991 91
303812955258190 23
303813016131931 23
303813016159634 66
303813016166754 91
303813016173636 23
303813082930745 23
303813082957025 66
303813082964456 91
303813082971832 23
303813150009800 23
303813150034684 66
303813150042022 91
303813150048939 23
303813227726236 23
303813227754175 66
303813227761350 91
303813227768177 23
303813284123991 23
303813284155322 66
303813284162585 91
303813284169378 23
303813351129228 23
303813351153428 66
303813351160623 91
303813351167454 23
303813429181611 23
303813429250849 66
303813429258215 91
303813485278260 23
303813485295560 23
303813485302514 66
303813485309500 91
303813552347830 23
303813552371431 23
303813552412351 23
303813552420244 66
303813630994271 91
303813631021175 23
303813631028455 66
303813686539926 91
303813686561644 23
303813686568874 23
303813686575676 66
303813753576780 91
303813753605019 23
303813753612102 23
303813753618874 66
303813820613801 91
303813820636726 23
303813820644009 23
303813898161885 66
303813898183126 91
303813898190460 23
303813898197391 23
303813954821740 66
303813954847878 91
303813954855123 23
303813954861940 23
303814021924141 66
303814021953432 91
303814021960589 23
303814100157986 23
303814100183281 66
303814100190572 91
303814100197403 23
303814155972758 23
303814155995397 66
303814156002679 91
303814156009371 23
303814231278519 23
303814231303862 66
303814231311208 91
303814231317991 23
303814290074334 23
303814290102411 66
303814290109863 91
303814290116851 23
303814357090594 23
303814357117325 66
303814357124508 91
303814357131955 23
303814424360818 23
303814424387699 66
303814424394804 91
303814424401597 23
303814503443643 23
303814503473540 66
303814503481015 91
303814558361669 23
303814558390584 23
303814558397916 66
303814558404737 91
303814625381338 23
303814625406520 23
303814625413579 66
303814692489393 91
303814692515659 23
303814692522985 23
303814692529830 66
303814759639152 91
303814759669012 23
303814759677046 23
303814759684511 66
303814836631498 91
303814893596150 23
303814893616366 66
303814960679942 91
303815027909119 23
303815027931310 66
303815095161148 91
303815161835169 23
303815161857343 66
303815239859809 91
303815296085294 23
303815296110545 91
303815363189149 23
303815363215407 66
303815363222687 91
303815363229546 23
303815437847000 23
303815437871384 66
303815437878806 91
303815437885609 23
303815497297525 23
303815497321256 66
303815497328763 91
303815497335763 23
303815564385183 23
303815564408075 23
303815564415091 66
303815564421864 91
303815643098624 23
303815643128362 23
303815643135609 66
303815643142613 91
303815698540478 23
303815698562510 23
303815698569615 66
303815698576359 91
303815775056748 23
303815775088294 23
303815775095397 66
303815832634911 91
303815832666222 23
303815832673534 23
303815832680389 66
303815899710107 91
303815899738922 23
303815899746095 23
303815899752950 66
303815976263644 91
303815976292804 23
303815976299997 23
303815976306907 66
303816033809089 91
303816033832412 23
303816033839565 23
303816033846249 66
303816100802593 91
303816178354342 23
303816178385063 66
303816235080626 91
303816302149491 23
303816302179796 66
303816369061650 91
303816436322160 23
303816436346511 66
303816503231420 91
303816581559656 23
303816581588740 66
303816637273626 91
303816711860075 23
303816771456032 66
303816771483910 91
303816838484377 23
303816905708157 66
303816984844056 91
303817039668425 23
303817039692116 66
303817114703778 91
303817186052709 23
303817186078879 66
303817240895584 91
303817317945395 23
303817317971172 66
303817375090623 91
303817442119596 23
303817442140250 66
303817519953761 91
303817582892970 23
303817582917914 66
303817655270249 91
303817710424782 23
303817710452804 66
303817787172050 91
303817844660383 23
303817911535973 66
303817911558154 91
303817978597497 91
303817978618745 23
303818045861775 66
303818045926297 23
303818045934432 66
303818045941132 91
303818124547176 91
303818179859442 23
303818179886102 66
303818179893327 23
303818179900132 66
303818256553333 91
303818256578963 91
303818313974149 91
303818314003521 23
303818314012106 23
303818381035936 66
303818381057686 91
303818381064829 23
303818381071632 23
303818457647720 66
303818457673542 91
303818457680880 23
303818515280656 23
303818515302155 66
303818515309636 91
303818515316666 23
303818582358018 23
303818582388375 66
303818582395709 91
303818582402504 23
303818649330119 23
303818649351797 66
303818649359087 91
303818649365799 23
303818716325096 23
303818716350032 66
303818716357282 91
303818716364145 23
303818793877771 23
303818793909124 66
303818793916436 91
303818793923239 23
303818850523939 23
303818850555980 66
303818850563290 91
303818850570204 23
303818926835466 23
303818926862507 66
303818926869812 91
303818996901025 23
303818996922741 23
303818996930252 66
303818996936984 91
303819051621978 23
303819051642793 23
303819051649916 66
303819128851368 91
303819128881683 23
303819128888975 23
303819128895786 66
303819185950644 91
303819185974889 23
303819185982374 23
303819185989197 66
303819253166352 23
303819253226445 66
303819253234393 91
303819330163609 91
303819387062619 23
303819387094720 66
303819387101885 23
303819387108623 66
303819387115366 91
303819454061123 91
303819532125611 23
303819532155351 66
303819532162779 23
303819532169669 91
303819588282349 91
303819588307227 23
303819588314625 23
303819655299077 66
303819655327266 91
303819655334397 23
303819722308889 23
303819722330593 66
303819722338007 91
303819722344848 23
303819799347783 23
303819799375107 66
303819799382381 91
303819799389206 23
303819856539973 23
303819856563015 66
303819856570327 91
303819856577329 23
303819923532287 23
303819923557913 66
303819923564973 91
303819923571672 23
303820001257308 23
303820001280977 66
303820001288321 91
303820001295226 23
303820063437491 23
303820063460283 66
303820063467557 91
303820124696848 23
303820124719723 23
303820124727057 66
303820124733721 91
303820202588643 23
303820202615025 23
303820202622307 66
303820258967324 91
303820258989946 23
303820258997052 23
303820259003777 66
303820326067015 91
303820326092865 23
303820326100116 23
303820326107249 66
303820404520768 91
303820404546071 23
303820404553234 23
303820404560051 66
303820460078175 91
303820460105552 23
303820460112807 23
303820527306268 66
303820527335464 91
303820527342676 23
303820527349627 23
303820605843335 66
303820605873485 91
303820605880542 23
303820605887196 23
303820661345681 66
303820661375276 91
303820661382745 23
303820661389687 23
303820737741416 66
303820737769213 91
303820737776531 23
303820807872160 23
303820807905821 23
303820807913062 66
303820807919927 91
303820807926595 23
303820862638260 23
303820862668113 66
303820862675670 91
303820862682366 23
303820929604977 23
303820929633969 66
303820929641152 91
303820929647822 23
303820996568669 23
303820996588003 66
303820996595217 91
303820996602001 23
303821063684033 23
303821063707524 66
303821063714843 91
303821063721771 23
303821141069681 23
303821141100914 66
303821141109720 91
303821141116967 23
303821197822395 23
303821197841279 23
303821197848438 66
303821197855082 91
303821264892108 23
303821264920255 66
303821264927315 91
303821339533094 23
303821339560142 23
303821339567510 66
303821399391608 91
303821399420622 23
303821399427984 23
303821399434815 66
303821466063082 91
303821466088803 23
303821466095982 23
303821466102793 66
303821544192508 91
303821544225847 23
303821544234295 23
303821544241212 66
303821600262565 23
303821600289157 66
303821600296538 91
303821667272766 23
303821667297729 91
303821740322005 91
303821740348887 23
303821801435442 23
303821801468044 66
303821801475487 91
303821801482283 23
303821868523538 23
303821868550114 66
303821868557146 91
303821868564024 23
303821947477955 23
303821947505278 23
303821947512923 66
303821947519881 23
303822002585927 66
303822002613191 91
303822002620579 23
303822002627318 91
303822002634012 23
303822079454269 23
303822079482412 66
303822136804866 23
303822136876621 66
303822136884063 91
303822136890950 23
303822136897621 66
303822136904375 91
303822203868519 23
303822280768321 66
303822280801229 23
303822280808535 66
303822280815404 91
303822338051040 91
303822338086206 91
303822405143239 23
303822405174851 23
303822405182199 23
303822405189813 66
303822405196581 91
303822482619434 23
303822482648250 66
303822539006788 91
303822539026113 23
303822539033479 23
303822539040259 66
303822606284360 91
303822606318184 23
303822606325363 23
303822606332174 66
303822684032296 91
303822684063680 23
303822684071018 23
303822740231247 66
303822740246325 91
303822740253193 23
303822740259996 23
303822807299370 66
303822807356790 91
303822807364464 23
303822807371846 23
303822885914060 66
303822885941934 91
303822885949463 23
303822885956300 23
303822941664643 23
303822941694512 66
303822941701856 23
303823008721960 66
303823008757036 91
303823008764364 23
303823008771282 66
303823087202681 91
303823087231681 23
303823087239081 91
303823087245787 23
303823087252470 23
303823142733776 66
303823142765135 91
303823142772276 23
303823219064933 23
303823219090507 66
303823219098456 91
303823219105311 23
303823289122971 23
303823289146025 66
303823289153373 91
303823289160250 23
303823343905981 23
303823343930781 23
303823343938159 66
303823343944992 91
303823411192318 23
303823411225882 66
303823411233073 91
303823411239929 23
303823478308302 23
303823478333203 66
303823478340319 91
303823556387016 23
303823556414606 23
303823556421938 66
303823612119832 91
303823612147880 23
303823612155588 23
303823612162377 66
303823679289370 91
303823679317223 23
303823679324547 91
303823679331360 23
303823758360635 23
303823758386938 14
303823758394270 66
303823758400998 23
303823813313649 23
303823813337499 66
303823813344541 23
303823880421074 66
