317609128976568 91
317609129016020 23
317609208124351 66
317609208155904 91
317609263329093 23
317609263360271 66
317609263367462 91
317609339975943 23
317609340004265 23
317609340011466 66
317609340018229 91
317609399194993 23
317609399222259 66
317609464316291 91
317609464341851 23
317609464348914 66
317609531578185 91
317609531604393 23
317609531611654 66
317609598616334 91
317609598645501 23
317609677339243 66
317609677374153 91
317609732688881 23
317609732717233 66
317609732724374 91
317609809215715 23
317609809241728 66
317609809248921 91
317609866803532 23
317609866830199 66
317609866837506 91
317609933831521 23
317609933855846 66
317610000900378 91
317610000928706 23
317610000935851 66
317610068089027 91
317610068120764 23
317610146475737 66
317610146499461 91
317610202109716 23
317610202135445 66
317610276881123 91
317610276911645 91
317610336320136 23
317610336345368 66
317610336352570 23
317610336359256 66
317610336365872 91
317610403381727 23
317610403409452 66
317610479831147 91
317610479859918 23
317610479866924 66
317610549771641 91
317610549799498 23
317610549806613 66
317610604523398 91
317610604554725 23
317610679744330 66
317610679769315 91
317610738645979 23
317610738674269 66
317610738682600 91
317610805732408 23
317610805759722 66
317610805767022 91
317610872899160 23
317610872926675 66
317610872933683 91
317610940296268 23
317610940325719 66
317611007025631 91
317611007070697 23
317611085051002 23
317611085097426 66
317611147995304 91
317611148026557 23
317611220301979 66
317611220329679 91
317611275338417 23
317611275374791 66
317611275382046 91
317611352173269 23
317611352203876 66
317611352211677 91
317611409359200 23
317611409389501 66
317611409396719 91
317611476350399 23
317611476380970 66
317611476388187 91
317611548689753 23
317611548714621 66
317611548721719 91
317611610597493 23
317611610627871 66
317611610635168 91
317611677599361 23
317611677626882 66
317611677634268 91
317611755422225 23
317611755448387 66
317611811573121 91
317611811596513 23
317611811603668 66
317611878864604 91
317611878893980 23
317611878901058 66
317611945846520 91
317611945876704 23
317611945883859 66
317612012849981 91
317612012876424 23
317612012883695 66
317612079843597 91
317612079876727 23
317612147025090 66
317612147054771 91
317612224624740 23
317612224653448 23
317612224660613 66
317612224667491 91
317612281106208 23
317612281134433 66
317612281141690 91
317612348147120 23
317612348175627 66
317612348182613 91
317612415349496 23
317612415391319 66
317612415400622 91
317612482309963 23
317612482337135 66
317612482344366 91
317612549376440 23
317612549404122 66
317612549411505 91
317612627958987 23
317612627986285 66
317612627993581 91
317612683528898 23
317612683552366 66
317612683559529 91
317612750595703 23
317612750623845 23
317612750630898 66
317612817595042 91
317612817622801 23
317612817629974 66
317612895158260 91
317612895191062 23
317612895198502 66
317612951914681 91
317612951940502 23
317612951947478 66
317613019146907 91
317613019179385 23
317613097127478 66
317613097157876 91
317613097165355 23
317613153268007 66
317613153293561 91
317613220061193 23
317613220091401 66
317613220098437 91
317613287095184 23
317613287125163 66
317613287132334 91
317613364320284 23
317613364347878 66
317613364355099 91
317613421379050 23
317613421405882 66
317613421413155 91
317613488312288 23
317613488341499 66
317613488348487 91
317613566263741 23
317613566293716 66
317613566300913 91
317613628467947 23
317613628499099 23
317613628506174 66
317613689575101 91
317613689604006 23
317613689611185 66
317613767709057 91
317613767748408 23
317613767755388 66
317613823617594 91
317613823643963 23
317613823651251 66
317613890682474 91
317613890713779 23
317613890721222 66
317613969628532 91
317613969668337 23
317614024811045 66
317614024844090 91
317614024851317 23
317614091801144 66
317614091826595 91
317614170821133 23
317614170850150 66
317614170857162 91
317614226050467 23
317614226077739 66
317614226084809 91
317614312187044 23
317614312223502 66
317614312230599 91
317614360111872 23
317614360133851 66
317614360140880 91
317614427457848 23
317614427495218 66
317614427503400 91
317614494188623 23
317614494216768 23
317614494224258 66
317614494231003 91
317614561351259 23
317614561377817 66
317614561385060 91
317614628357267 23
317614628385651 66
317614706113051 91
317614762544976 91
317614762568037 23
317614762575621 66
317614762582301 23
317614762589060 66
317614829685582 91
317614829719158 23
317614829726357 66
317614904565787 91
317614904594163 23
317614904601298 66
317614964045161 91
317614964090034 23
317614964097179 66
317615030915485 91
317615030939487 23
317615109242959 66
317615109269042 91
317615109276139 23
317615165054802 66
317615165082496 91
317615241203135 23
317615241234704 66
317615241243888 91
317615305323533 23
317615305351002 66
317615305358117 91
317615366163410 23
317615366188197 23
317615366195437 66
317615366202407 91
317615433184300 23
317615433216259 66
317615433224253 91
317615512514665 23
317615512540398 66
317615512547883 91
317615567378124 23
317615567411610 66
317615567418696 91
317615644524155 23
317615644553675 66
317615644560870 91
317615701378943 23
317615701405597 66
317615701412744 91
317615768553795 23
317615768582170 23
317615768589306 66
317615845722465 91
317615845752310 23
317615845759418 66
317615902623842 91
317615902652890 23
317615969597826 23
317615969624352 23
317615969631382 66
317615969638044 91
317616047652584 91
317616047681672 23
317616047688825 66
317616103897157 23
317616103927810 23
317616103934969 66
317616176419157 91
317616176445344 91
317616176452543 23
317616237981504 66
317616238012760 23
317616238020478 66
317616238027333 91
317616314955475 23
317616314982204 66
317616314989332 91
317616372127617 23
317616372160205 66
317616372167368 91
317616439080748 23
317616439106549 66
317616439113843 91
317616516984223 23
317616517014500 66
317616517021647 91
317616573342723 23
317616573372407 66
317616573379582 91
317616645767825 23
317616645799860 23
317616645806967 66
317616645813727 91
317616718290450 23
317616718334260 66
317616718341626 91
317616774543359 23
317616774572017 66
317616774579087 91
317616841666669 23
317616841700092 66
317616920107872 91
317616920135516 23
317616920142679 66
317616975624510 91
317616975656747 23
317616975692813 66
317617042738672 91
317617042766435 23
317617042773642 23
317617121421617 66
317617121450405 91
317617121457856 23
317617177152087 66
317617243946229 91
317617243972357 91
317617243979451 23
317617310989711 66
317617311014698 23
317617311022016 66
317617311028804 91
317617378045290 23
317617378071896 66
317617378078936 91
317617450370941 23
317617450396326 66
317617450403602 91
317617512285360 23
317617512344999 23
317617512355155 66
317617512363732 91
317617590625872 23
317617590656553 66
317617590663716 91
317617646342906 23
317617646378879 66
317617646386091 91
317617713338045 23
317617713362688 66
317617713369879 91
317617792565196 23
317617792592598 66
317617847557811 91
317617847582311 23
317617847589569 66
317617914594548 91
317617914624123 23
317617914631441 66
317617993870035 91
317617993900632 23
317617993907996 66
317618048630050 91
317618048653556 23
317618125764508 66
317618125793192 91
317618125801053 23
317618182932968 66
317618249865767 91
317618249889591 91
317618249896977 23
317618327058653 66
317618327089821 23
317618327097059 66
317618327103898 91
317618384088806 23
317618384119191 66
317618384126304 91
317618451102268 23
317618451133183 66
317618451140349 91
317618529021489 23
317618529047733 66
317618529055205 91
317618585258877 23
317618585285885 66
317618585292883 91
317618652294673 23
317618652322041 66
317618652329200 91
317618728240115 23
317618728287335 66
317618728294598 91
317618803335554 23
317618803360440 66
317618853552721 91
317618853582909 23
317618853590052 66
317618920571673 91
317618920605873 23
317618920613162 66
317618998243223 91
317618998269951 23
317618998277382 66
317619054636808 91
317619054668219 23
317619121769463 66
317619121796699 91
317619121803737 23
317619188946985 66
317619188978864 91
317619256137437 23
317619256167064 66
317619256174308 91
317619322908791 23
317619322968398 66
317619322977082 91
317619401567783 23
317619401596644 66
317619401603745 91
317619457030978 23
317619457055766 66
317619524100663 91
317619524125791 91
317619591158821 23
317619591187344 66
317619591194414 23
317619591201334 66
317619591208124 91
317619658349241 23
317619658375722 66
317619734660727 91
317619792458303 91
317619792492420 23
317619792501256 66
317619792509453 23
317619859466053 66
317619859498315 91
317619926605843 91
317619926630130 23
317619926637560 66
317619926644433 23
317619993584874 66
317619993616539 91
317619993624609 23
317619993632038 66
317620060658385 91
317620060686655 23
317620060693743 66
317620137985436 91
317620138017586 23
317620194804195 66
317620194829695 91
317620261845920 23
317620261875154 66
317620261882495 91
317620335985793 23
317620336017508 66
317620336024739 91
317620395816511 23
317620395841676 66
317620395848819 91
317620463042051 23
317620463069329 66
317620463076457 91
317620542137601 23
317620542159374 66
317620542167991 91
317620597084029 23
317620597112823 66
317620597119807 91
317620664096473 23
317620664124047 66
317620664131029 91
317620743313502 23
317620743343029 66
317620743350376 91
317620804238877 23
317620804276580 66
317620865353634 91
317620865378325 23
317620865385581 66
317620937891474 91
317620937924450 23
317620937931583 66
317621010412413 91
317621010438134 23
317621010445178 66
317621066595196 91
317621066625855 23
317621066633660 66
317621133594354 91
317621133617987 23
317621207044519 66
317621207070299 91
317621207077524 23
317621274416488 66
317621274448656 91
317621341791587 23
317621341822087 66
317621341829280 91
317621409239932 23
317621409267507 66
317621409274658 91
317621476556180 23
317621476584574 66
317621476591834 91
317621543938960 23
317621543964243 66
317621543971744 91
317621611297237 23
317621611326478 66
317621611333667 91
317621670295081 23
317621670329275 66
317621670336142 91
317621737321031 23
317621737352225 66
317621737359501 91
317621804261639 23
317621804283767 66
317621881928861 91
317621881956531 23
317621881963545 66
317621938472952 91
317621938502545 23
317621938509775 66
317622005558291 91
317622005582329 23
317622005589367 66
317622083858251 91
317622083887410 23
317622083894635 66
317622146850244 91
317622146880161 23
317622206751129 66
317622206783353 91
317622206790329 23
317622273685434 66
317622273710697 91
317622351104306 23
317622351132517 66
317622351139670 91
317622408040803 23
317622408083053 66
317622408090457 91
317622474897085 23
317622474923603 66
317622474930979 91
317622547655624 23
317622547685276 66
317622547692527 91
317622609037421 23
317622609063396 66
317622609070611 91
317622676116663 23
317622676145667 23
317622676152908 66
317622676159657 91
317622757475549 23
317622757503614 66
317622757511000 91
317622810317185 23
317622810343979 66
317622810351477 91
317622877378881 23
317622877406453 66
317622944334243 91
317622944359753 23
317622944367022 66
317623011626281 91
317623011658139 23
317623011665437 66
317623078569767 91
317623078597685 23
317623078604785 66
317623145688280 91
317623145720942 23
317623145728097 66
317623223577276 91
317623223604680 23
317623280024716 66
317623280052302 91
317623280059447 23
317623347220030 66
317623347253634 91
317623414348177 23
317623414382630 66
317623414389988 91
317623480854594 23
317623480880248 66
317623480887327 91
317623547931335 23
317623547956238 66
317623547963624 91
317623626927259 23
317623626968442 66
317623626975796 91
317623682171289 23
317623682199544 66
317623682207532 91
317623758739860 23
317623758771995 66
317623758779285 91
317623823804745 23
317623823833039 66
317623823840195 91
317623894085755 23
317623894113425 66
317623950328785 91
317623950354345 23
317623950361766 66
317624017380255 91
317624096045529 91
317624096070598 23
317624096077702 66
317624096084527 23
317624151573840 66
317624151604093 91
317624151611467 23
317624151618236 66
317624224549088 91
317624224580220 23
317624297370974 66
317624352872288 91
317624352897566 91
317624352904597 23
317624429219528 23
317624429249978 66
317624429257070 23
317624429264022 66
317624429270783 91
317624487003723 23
317624487032236 66
317624487039514 91
317624553960009 23
317624553992941 66
317624554000047 91
317624627428129 23
317624627455404 66
317624627462618 91
317624688212053 23
317624688242739 66
317624688250658 91
317624766670509 23
317624766701547 66
317624766708589 91
317624839240650 23
317624839276810 66
317624839283772 91
317624889300898 23
317624889325670 66
317624889332827 91
317624956405095 23
317624956434424 66
317625032450359 91
317625032481413 23
317625032488582 66
317625092175938 91
317625092202074 23
317625092209426 66
317625169818872 91
317625169851199 23
317625169858396 23
317625224584287 66
317625224614074 91
317625224621206 23
317625301697613 66
317625301723439 91
317625301730801 23
317625358756945 66
317625358785724 91
317625426083589 23
317625426112378 66
317625426119448 91
317625493113166 23
317625493141401 66
317625493148603 91
317625559868906 23
317625559891561 66
317625559898633 91
317625627004399 23
317625627030711 66
317625627038043 91
317625705037993 23
317625705067657 66
317625705074918 91
317625761068546 23
317625761096359 66
317625761103679 91
317625828121679 23
317625828151157 66
317625828158173 91
317625903510649 23
317625903540920 66
317625903548272 91
317625962364283 23
317625962393363 66
317626029328878 91
317626108206131 91
317626108238778 23
317626108246126 66
317626108252731 23
317626163530140 66
317626163560089 91
317626163567407 23
317626163574351 66
317626240102609 91
317626240131907 23
317626304306698 66
317626304337095 91
317626304344345 23
317626364682798 66
317626364714292 91
317626441416311 23
317626441449209 23
317626441456429 66
317626441463199 91
317626498770025 23
317626498797715 66
317626498804956 91
317626565835397 23
317626565863850 66
317626565871385 91
317626643505541 23
317626643550001 66
317626643557166 91
317626700046709 23
317626700071509 66
317626700078815 91
317626775572608 23
317626775600220 66
317626775607702 91
317626834097033 23
317626834125693 66
317626834132723 91
317626901407012 23
317626901445467 66
317626968259138 91
317626968282399 23
317626968289449 66
317627046629001 91
317627046653548 23
317627046660880 66
317627102333285 91
317627102357099 23
317627102364312 66
317627182402134 91
317627182426582 23
317627182433704 66
317627236524297 91
317627236555729 23
317627313858656 66
317627313883599 91
317627370720199 23
317627370748885 23
317627370755929 66
317627370762720 91
317627437729564 23
317627437754935 66
317627437762132 91
317627515841061 23
317627515873549 66
317627515880684 91
317627572128830 23
317627572157588 66
317627572164685 91
317627572171552 91
317627638910087 23
317627638940525 66
317627638947527 23
317627638954595 23
317627717203562 66
