311678992654061 91
311679053744378 23
311679053771185 66
311679120607111 91
311679120727509 23
311679187686641 66
311679187716175 91
311679265138796 23
311679265166080 66
311679265173438 91
311679322082177 23
311679322103740 23
311679322111245 66
311679322118030 91
311679388859563 23
311679388883918 66
311679388891172 91
311679466408189 23
311679466433846 66
311679522874327 91
311679522895663 23
311679590062974 66
311679590084855 91
311679590092094 23
311679668374431 66
311679668396059 91
311679724044901 23
311679724061938 66
311679724069027 91
311679791211605 23
311679791226747 66
311679791234089 91
311679858216311 23
311679858230757 66
311679858237828 91
311679935542165 23
311679935556887 66
311679992301548 91
311679992317883 91
311680059750857 23
311680059782554 66
311680059789946 23
311680059797602 66
311680137600796 91
311680193564828 23
311680193583225 66
311680193590420 91
311680268667908 23
311680268683670 66
311680268691793 91
311680327984827 23
311680328018473 66
311680328025791 91
311680394765951 23
311680394792881 23
311680461790621 66
311680461808358 91
311680540955061 91
311680540988114 23
311680540995524 66
311680596160963 23
311680596192292 66
311680663074559 91
311680730133255 23
311680730158771 66
311680730166008 91
311680797428379 23
311680797456815 66
311680797464006 91
311680874077100 23
311680874102829 66
311680874111438 91
311680931300201 23
311680931322776 66
311680931329945 91
311680998399978 23
311680998420391 66
311680998427541 91
311681065426296 23
311681065442794 66
311681065449959 91
311681132525329 23
311681132544880 66
311681132551852 91
311681199585170 23
311681199606829 66
311681199614004 91
311681277252107 23
311681277273183 66
311681277280748 91
311681333887084 23
311681333911751 66
311681401101097 91
311681401125971 23
311681475267134 66
311681475286465 91
311681475293676 23
311681534863381 66
311681534880429 91
311681601954276 23
311681601969354 66
311681602009769 91
311681680492014 23
311681680507643 66
311681680514754 91
311681736006820 23
311681736020046 66
311681736027197 91
311681812387876 23
311681812404186 66
311681812411439 91
311681882427523 23
311681882442233 66
311681943433027 91
311681943448481 91
311682004264527 23
311682004280201 66
311682004287259 23
311682004294094 66
311682071436352 91
311682149659641 23
311682149673514 66
311682149680439 91
311682205497058 23
311682205512711 66
311682205519934 91
311682272436724 23
311682272451299 66
311682346327688 91
311682406734413 91
311682406754202 23
311682406761188 66
311682473727573 23
311682473742147 66
311682552940142 91
311682607939157 23
311682607953370 66
311682607961456 91
311682684808011 23
311682684821629 66
311682684828776 91
311682741966409 23
311682741980628 66
311682741987606 91
311682809177428 23
311682809191693 66
311682809198653 91
311682876201895 23
311682876215822 66
311682876222917 91
311682943201131 23
311682943213613 66
311682943220458 91
311683022107461 23
311683022123776 66
311683022131001 91
311683077325929 23
311683077340603 66
311683077347914 91
311683152244326 23
311683152269703 66
311683152276892 91
311683223464327 23
311683223491631 66
311683278614831 91
311683278639182 23
311683355377754 66
311683355398951 91
311683355406193 23
311683412901121 66
311683412922445 91
311683480025515 23
311683480042231 66
311683480049474 91
311683557312195 23
311683557335012 66
311683557342442 91
311683620318632 23
311683620345671 23
311683620352808 66
311683692756632 91
311683692794747 91
311683748076710 23
311683748107661 66
311683748114987 23
311683748121764 66
311683824641985 91
311683894601342 23
311683894626069 66
311683894633067 91
311683949260661 23
311683949281245 66
311683949288420 91
311684016290195 23
311684016317251 23
311684083547166 66
311684083590350 91
311684161935576 91
311684161972899 23
311684161980105 66
311684217600711 23
311684217627063 66
311684284594961 91
311684284624421 23
311684363907670 66
311684363933870 91
311684418802729 23
311684418827060 66
311684418834289 91
311684495052946 23
311684495074022 23
311684495081300 66
311684565134299 91
311684565157465 91
311684619904753 23
311684619924950 66
311684619932180 23
311684619938938 66
311684697009886 91
311684754109584 23
311684754137288 66
311684754144718 91
311684821046929 23
311684821070321 66
311684821077176 91
311684898294874 23
311684898314846 23
311684898322489 66
311684955233982 91
311684955250384 91
311685022222550 23
311685022237457 66
311685022244759 23
311685100224360 66
311685156332907 91
311685156349508 23
311685223394313 66
311685223410014 91
311685223417000 23
311685290589588 66
311685290604066 91
311685367570846 23
311685367594441 23
311685367601811 66
311685424640439 91
311685491832517 23
311685491850299 66
311685491858309 91
311685569440091 23
311685569456485 66
311685569463612 91
311685625818536 23
311685625833214 66
311685625841056 91
311685692839235 23
311685692852946 66
311685692859946 91
311685759938872 23
311685759953002 23
311685759960119 66
311685836668022 91
311685836682539 91
311685894168677 23
311685894213375 66
311685894221197 23
311685961182531 66
311685961196121 91
311686038628057 23
311686038644889 66
311686100803089 91
311686100818560 23
311686162437329 66
311686162452518 91
311686162459457 23
311686239908534 66
311686239923728 91
311686296469642 23
311686296484012 66
311686296491066 91
311686363711314 23
311686363741191 66
311686363748474 91
311686442045377 23
311686442079305 66
311686442086701 91
311686497826010 23
311686497855118 66
311686497862375 91
311686564789430 23
311686564817896 66
311686564825063 91
311686643257165 23
311686643286072 66
311686643293283 91
311686698924238 23
311686698945645 66
311686698952884 91
311686766049694 23
311686766078610 66
311686766085618 91
311686845186042 23
311686845211904 66
311686845218966 91
311686900278182 23
311686900300536 66
311686900307765 91
311686967285143 23
311686967310542 66
311687046477107 91
311687046506740 23
311687101310693 66
311687101334920 91
311687101342298 23
311687178358975 66
311687178381552 91
311687235456712 23
311687235476147 66
311687235483097 91
311687302405245 23
311687302419981 66
311687302427150 91
311687376949790 23
311687376978979 66
311687376986403 91
311687436642616 23
311687436660788 66
311687436668126 91
311687503660990 23
311687503690845 66
311687503698050 91
311687581666723 23
311687581694838 66
311687581702095 91
311687638096071 23
311687638122025 66
311687638130837 91
311687705286633 23
311687705315773 66
311687705322896 91
311687777718990 23
311687777758377 66
311687777766089 91
311687839218577 23
311687839248512 66
311687906070074 91
311687906098167 23
311687984858293 66
311687984885579 91
311687984892748 23
311688040161487 66
311688040185313 91
311688040192341 23
311688117129665 66
311688117158154 91
311688185037826 23
311688185067878 66
311688185075539 91
311688241516049 23
311688241543966 66
311688241551039 91
311688308524297 23
311688308550871 66
311688308558134 91
311688375621962 23
311688375649781 66
311688375657115 91
311688442742697 23
311688442773624 66
311688442780992 91
311688509737336 23
311688509761224 66
311688509768558 91
311688577017325 23
311688577046687 66
311688577053902 91
311688643893613 23
311688643922838 66
311688643929933 91
311688721375386 23
311688721406154 66
311688721413337 91
311688777963965 23
311688777987626 66
311688845037485 91
311688845060486 23
311688923339806 66
311688923387883 91
311688923397204 23
311688979256953 66
311688979279824 91
311688979287222 23
311689046239118 66
311689046260814 91
311689124599486 23
311689124625398 66
311689124632518 91
311689180534862 23
311689180564641 66
311689180571731 91
311689247522527 23
311689247546852 66
311689247554862 91
311689326544632 23
311689326568490 66
311689326575981 91
311689381637114 23
311689381662751 66
311689381670119 91
311689448646278 23
311689448672188 66
311689448679498 91
311689515698063 23
311689515719562 66
311689515726883 91
311689593778266 23
311689593797061 66
311689593804282 91
311689649811179 23
311689649829351 66
311689649836832 91
311689717078031 23
311689717092574 66
311689795716186 91
311689795735979 23
311689851013797 66
311689851031085 91
311689851038319 23
311689918038330 66
311689918063011 91
311689985278773 23
311689985306508 66
311689985313709 91
311690063012608 23
311690063041801 66
311690119292270 91
311690119315387 91
311690186536652 23
311690186563039 66
311690186570431 23
311690186577306 66
311690264987680 91
311690320535464 23
311690320559762 66
311690320566859 91
311690387609767 23
311690387642675 66
311690387650574 91
311690466315981 23
311690466343102 66
311690521858145 91
311690521890146 91
311690598175961 23
311690598205592 66
311690598212689 23
311690655755060 66
311690728562645 91
311690728587389 23
311690795946403 66
311690795971406 91
311690795978815 23
311690863330966 66
311690863358928 91
311690930697888 23
311690930722639 66
311690930729885 91
311690998099114 91
311690998129976 23
311691065543746 66
311691065574093 23
311691065581349 66
311691132859250 91
311691200256135 23
311691200284320 66
311691200291696 91
311691267603817 23
311691267628134 66
311691267635353 91
311691326513256 23
311691326539671 66
311691326547035 91
311691393556444 23
311691393586039 66
311691393593071 91
311691472366252 23
311691472401835 66
311691472409211 91
311691527844560 23
311691527878733 66
311691527886192 91
311691604235814 23
311691604261050 66
311691661754523 91
311691661772133 23
311691728786516 66
311691728802868 91
311691728810216 23
311691796000555 66
311691796015617 91
311691875541209 23
311691875556458 66
311691875563735 91
311691929975039 23
311691929988530 66
311691929995546 91
311692007468866 23
311692007488188 66
311692007495563 91
311692064173787 23
311692064189459 66
311692064196670 91
311692131193666 23
311692131208545 66
311692131215571 91
311692205978335 23
311692205992222 66
311692205999321 91
311692265405193 23
311692265421214 66
311692265428369 91
311692332399043 23
311692332414033 66
311692332421161 91
311692410691843 23
311692410707473 66
311692410714680 91
311692466464319 23
311692466479275 66
311692466486456 91
311692533643909 23
311692533658281 66
311692608935366 91
311692608956221 23
311692667760532 66
311692667783274 91
311692667790759 23
311692734741534 66
311692734759006 91
311692802037731 23
311692802069735 66
311692802077126 91
311692879945544 23
311692879974783 66
311692879981956 91
311692936063516 23
311692936089279 66
311692936096601 91
311693003107746 23
311693003128487 66
311693003135519 91
311693070201396 23
311693070221330 23
311693070228525 66
311693137280047 91
311693137311774 91
311693204250984 23
311693204273173 66
311693204280364 23
311693204287131 66
311693271399232 91
311693349102926 23
311693349122402 66
311693349129713 91
311693405427094 23
311693405442096 66
311693405449228 91
311693477837582 23
311693477853805 66
311693547101844 91
311693547133094 23
311693616408130 66
311693616439032 91
311693616446368 23
311693673779514 66
311693673807707 91
311693740822006 23
311693740846520 66
311693740853816 91
311693818408493 23
311693818437439 66
311693818444743 91
311693875119627 23
311693875142528 66
311693875149928 91
311693942317762 23
311693942341480 23
311693942348725 66
311694009229829 91
311694009256479 91
311694082999951 23
311694083026603 66
311694083033750 23
311694083040345 66
311694150313443 91
311694217690103 23
311694217718529 66
311694285155885 91
311694285186712 91
311694352452550 23
311694352478357 23
311694419850342 66
311694419878583 23
311694419886054 66
311694419892927 91
311694478671835 91
311694478695884 23
311694478703206 66
311694545768468 23
311694545793306 66
311694612742101 91
311694679880752 23
311694679911212 66
311694679918484 91
311694746798151 23
311694746820857 66
311694746828014 91
311694813880968 23
311694813904510 66
311694813911556 91
311694881225216 23
311694881258134 66
311694881265410 91
311694948004884 23
311694948029344 66
311694948036814 91
311695022042627 23
311695022070862 66
311695022078190 91
311695089457545 23
311695089487574 66
311695089494810 91
311695156784291 23
311695156807407 66
311695156815817 91
311695224176860 23
311695224199519 66
311695224206630 91
311695291541249 23
311695291565910 66
311695291573191 91
311695359040947 23
311695359073013 66
311695417532503 91
311695417555307 23
311695484515475 66
311695484543079 91
311695484550408 23
311695551513458 66
311695551536929 91
311695618639727 23
311695618665605 66
311695618672870 91
311695685727393 23
311695685753303 66
311695685760947 91
311695752731604 23
311695752760137 66
311695752767363 91
311695820412241 23
311695820436109 66
311695820443393 91
311695893899373 23
311695893930556 66
311695893937871 91
311695961125808 23
311695961152093 66
311695961160129 91
311696035114189 23
311696035144935 66
311696035152245 91
311696095853135 23
311696095878315 66
311696095885355 91
311696163260924 23
311696163283590 66
311696163290930 91
311696230631272 23
311696230655581 66
311696230662782 91
311696289307647 23
311696289328780 66
311696356337469 91
311696356361341 23
311696423469585 66
311696423494960 91
311696423502348 23
311696490510962 66
311696490537345 91
311696557530157 91
311696557552038 23
311696624591986 66
311696624616588 23
311696624623864 66
311696691766144 91
311696765527900 23
311696765551913 66
311696765559134 91
311696833005311 23
311696833039883 66
311696833047331 91
311696900254947 23
311696900281510 66
311696900288687 91
311696967606076 23
311696967632729 66
311696967639801 91
311697034933287 23
311697034954132 66
311697034961410 91
311697103865542 23
311697103891550 66
311697103898929 91
311697161180900 23
311697161207182 66
311697228248294 91
311697228273136 23
311697228280287 66
311697305823819 91
311697305848647 23
311697362309104 66
311697362332458 91
311697362339659 23
311697429441524 66
311697429461784 91
311697429469242 91
311697507111525 23
311697507134902 23
311697507142447 66
311697507149299 23
311697507155969 66
