305719682111377 91
305719737439539 23
305719737459996 66
305719737467346 91
305719813972114 23
305719883997687 66
305719884026503 91
305719938698920 23
305719938722406 66
305720015896485 91
305720015921080 91
305720080907138 23
305720080934349 66
305720080941874 91
305720080949270 23
305720151263919 23
305720151294729 66
305720151302067 23
305720151308912 91
305720206979426 23
305720207009214 66
305720207016485 23
305720273999405 66
305720274026112 91
305720353216918 91
305720353246935 23
305720353254261 66
305720408355977 91
305720408390508 23
305720408397812 23
305720408404661 66
305720481714144 23
305720481741110 23
305720481748472 66
305720481755285 91
305720554501270 91
305720609373448 23
305720609398823 66
305720609406062 91
305720609412835 23
305720609419475 23
305720686426056 66
305720686456423 23
305720686463993 91
305720743502311 23
305720743533760 66
305720743541040 23
305720743547720 66
305720810544533 91
305720810574486 91
305720877679546 23
305720877708125 66
305720877715328 91
305720944763153 23
305720944790068 23
305720944797288 66
305720944803924 23
305720944810582 91
305721011783943 23
305721011812202 66
305721089771524 23
305721089807691 66
305721089815004 91
305721145925665 91
305721145945446 23
305721212969963 66
305721213002429 91
305721213009778 23
305721213016686 23
305721289695546 66
305721289729337 23
305721289736763 91
305721289743476 23
305721347095975 66
305721347121924 23
305721347129398 91
305721414166399 23
305721414189543 66
305721414197169 23
305721414203982 66
305721481160100 91
305721558891091 23
305721558918860 66
305721615396558 91
305721615418565 91
305721682453625 23
305721682480778 66
305721749485810 91
305721749511438 23
305721749518410 23
305721749525110 66
305721816496633 91
305721816522217 23
305721816529499 23
305721816536225 66
305721883678636 23
305721883703884 66
305721883711160 91
305721962103054 91
305722017699200 23
305722017727872 66
305722017735678 91
305722017742901 23
305722084726256 23
305722084748360 23
305722084755440 66
305722084762406 91
305722084769306 23
305722151845295 23
305722151872746 66
305722151879951 23
305722151886728 66
305722218947615 91
305722295366595 23
305722295397853 66
305722365436106 91
305722420118086 91
305722420142818 23
305722420150341 66
305722497398018 91
305722497431759 23
305722497439145 23
305722497446044 66
305722561609004 23
305722561644827 91
305722561652185 23
305722561658835 66
305722621227191 23
305722621242742 66
305722621249627 91
305722698664493 91
305722755460768 23
305722755483023 66
305722755490713 91
305722755497631 23
305722822483867 23
305722822512817 66
305722822519974 23
305722822526760 91
305722900522649 23
305722900547185 66
305722900554479 23
305722900561264 66
305722956684663 91
305722956707831 91
305723029639411 23
305723029663620 23
305723090884288 66
305723090912853 23
305723090920089 66
305723090926859 91
305723157728922 91
305723157751633 23
305723224987398 66
305723225011161 91
305723225018723 23
305723225025574 66
305723303781467 23
305723303810385 66
305723358976232 91
305723426025074 23
305723426048212 66
305723493203831 91
305723493226951 91
305723571013956 23
305723571039363 66
305723571046721 91
305723571053605 23
305723627393728 23
305723627421056 66
305723627428121 23
305723627435097 91
305723694249775 23
305723694277849 66
305723694284978 23
305723772973881 66
305723772997572 91
305723828504869 91
305723828533728 23
305723895516506 66
305723895545309 91
305723895552518 23
305723895559480 23
305723895566156 66
305723962546356 23
305723962573883 91
305723962581066 23
305724040269343 66
305724040298359 23
305724040305595 66
305724096660493 91
305724175812706 23
305724175848802 66
305724236265480 91
305724236295066 91
305724297930106 23
305724297953910 66
305724297961115 91
305724365003286 23
305724365032426 23
305724365039654 66
305724365046676 23
305724365053378 91
305724443613067 23
305724443648135 66
305724443655252 23
305724499104390 66
305724499127176 91
305724566290851 91
305724566312873 23
305724645443425 66
305724645470389 91
305724645478556 23
305724645485435 23
305724700278488 66
305724700305758 23
305724700313050 91
305724700320090 23
305724767359189 66
305724767380543 23
305724767387744 91
305724767394510 23
305724846738993 66
305724846763091 23
305724846770407 66
305724901482375 91
305724901504799 91
305724978670281 23
305724978706559 66
305724978714074 91
305724978720919 23
305725035610373 23
305725035636584 66
305725035643733 23
305725035651081 91
305725109437682 23
305725109470031 66
305725109477208 23
305725169766954 66
305725169796712 91
305725236945990 91
305725236979012 23
305725304072914 66
305725304104229 91
305725304111543 23
305725304118404 23
305725304125169 66
305725381904134 23
305725381936616 91
305725381943966 23
305725438055451 66
305725438082763 23
305725438090121 66
305725505138343 91
305725505166832 91
305725583250998 23
305725583281565 66
305725583288756 91
305725583295650 23
305725639154154 23
305725639174804 66
305725639181911 23
305725639188667 91
305725706192893 23
305725706214313 66
305725706221239 23
305725785204620 66
305725785235209 91
305725785242551 91
305725840477322 23
305725840506501 66
305725913100496 91
305725913128003 23
305725913135313 23
305725913142114 66
305725986500286 23
305725986527186 91
305725986534530 23
305725986541974 66
305726041909304 23
305726041945358 66
305726041952861 91
305726118334087 91
305726175751814 23
305726175775693 66
305726175783007 91
305726175828857 23
305726242744595 23
305726242770272 66
305726242777612 23
305726242784487 91
305726320298551 23
305726320328076 66
305726320335679 23
305726320342580 66
305726376938253 91
305726376962604 91
305726443931661 23
305726443954091 66
305726443961455 91
305726521661729 23
305726521690720 23
305726521698084 66
305726578220310 23
305726578255262 91
305726578262600 23
305726578269403 66
305726645267819 23
305726645292335 66
305726645299570 91
305726723665129 91
305726779306353 23
305726779329921 66
305726779337255 91
305726779344026 23
305726779351040 23
305726846348678 66
305726846381348 23
305726846388348 91
305726846395127 23
305726913546424 66
305726913572376 23
305726913580309 66
305726990869200 91
305726990900571 91
305727047694267 23
305727047730291 66
305727047737616 91
305727047744510 23
305727114705560 23
305727114736664 66
305727114743833 23
305727114750741 91
305727181992453 23
305727182024198 66
305727182031377 23
305727248860166 66
305727315760383 91
305727394181981 23
305727394216069 66
305727394223608 91
305727449918199 91
305727517116712 23
305727517154011 66
305727517162177 91
305727517169095 23
305727517175771 23
305727592093419 66
305727592117352 23
305727592124479 91
305727651396087 23
305727651425606 66
305727651432689 23
305727651439522 66
305727718248270 91
305727785232485 23
305727785254827 66
305727863243313 91
305727863265705 91
305727919422433 23
305727919448888 66
305727986448704 91
305727986471140 23
305727986478480 23
305727986485128 66
305728060241257 23
305728060269428 91
305728060276814 23
305728060283651 66
305728120489485 23
305728120512887 66
305728120520203 91
305728187704978 91
305728266483102 23
305728266509869 66
305728266517089 91
305728266523829 23
305728321747778 23
305728321773288 66
305728321780536 23
305728321787282 91
305728398537658 23
305728398564552 66
305728398572016 23
305728398578789 66
305728455961033 91
305728455988470 91
305728522941294 23
305728522968200 66
305728522975745 91
305728590117727 23
305728590150764 23
305728590157826 66
305728657106283 23
305728657131173 23
305728657139636 66
305728657182786 91
305728735750724 91
305728735781154 23
305728791491909 66
305728791510907 91
305728791518012 23
305728791524648 23
305728866075493 66
305728866102859 23
305728866110261 91
305728866117147 23
305728925350346 66
305728925371931 23
305728925379145 66
305728992453088 91
305728992481024 91
305729068897111 23
305729068920278 66
305729068927650 91
305729068934676 23
305729126522896 23
305729126555114 66
305729193706767 91
305729193729799 91
305729268954774 23
305729268986284 66
305729268993385 91
305729327817164 23
305729327840542 23
305729327847954 66
305729394771529 23
305729394798308 91
305729394805551 23
305729394812461 66
305729462001371 23
305729462026708 66
305729462034981 91
305729529029743 91
305729595963135 23
305729595986318 66
305729595993629 91
305729596000489 23
305729674108041 66
305729674133758 23
305729674140935 66
305729737081906 91
305729809498250 23
305729809526199 66
305729864204233 91
305729864229234 91
305729941413885 23
305729941443553 66
305729941450780 91
305729998510077 23
305729998537925 23
305729998545240 66
305730065445562 23
305730065474167 91
305730065482310 23
305730065489392 66
305730137954074 23
305730137981163 66
305730137988336 91
305730199579255 91
305730266692512 23
305730266715324 66
305730266722455 23
305730266729302 66
305730344966067 91
305730345001564 91
305730400800431 23
305730400837083 66
305730400844787 91
305730400851696 23
305730467908088 23
305730467936743 66
305730467944106 23
305730467950854 66
305730535001370 91
305730535033691 91
305730601970444 23
305730602005929 66
305730602013060 91
305730669048528 23
305730669074645 23
305730669082005 66
305730736142502 23
305730736168868 91
305730736176037 23
305730736183001 66
305730813828210 23
305730813855281 91
305730813862615 23
305730813869645 66
305730870690878 23
305730870724924 66
305730870732075 91
305730937282527 91
305731004613660 23
305731004655865 66
305731004663130 91
305731004669913 23
305731071696618 23
305731071733696 66
305731071741440 23
305731071748376 91
305731138687215 23
305731138723456 66
305731138730658 23
305731138737547 66
305731217189138 91
305731217220899 91
305731272765615 23
305731272794025 66
305731272801437 91
305731339722731 23
305731339750027 23
305731339757592 66
305731406898935 23
305731406933746 91
305731406941132 23
305731406947981 66
305731484437263 23
305731484469964 66
305731484478171 91
305731541110295 91
305731541138074 23
305731608181798 66
305731608219024 91
305731608226571 23
305731608233294 23
305731686420066 66
305731686455080 23
305731686462447 91
305731686469171 23
305731742383926 66
305731742427465 23
305731742436915 66
305731809111480 91
305731809145750 91
305731876452935 23
305731876493574 66
305731876500865 91
305731876507722 23
305731953901450 23
305731953957203 66
305731953966683 23
305731953974970 91
305732010598099 23
305732010645733 66
305732010655791 23
305732077475918 66
305732077504421 91
305732155519739 91
305732155546979 23
305732217675569 66
305732217706365 91
305732217713741 23
305732217720771 23
305732217727554 66
305732278634645 23
305732278668637 91
305732278675772 23
305732356777113 66
305732356803122 23
305732356810488 66
305732412738006 91
305732412767860 91
305732479791346 23
305732479824085 66
305732558791022 23
305732558818473 66
305732558825992 91
305732613887203 23
305732613915319 66
305732680912310 91
305732680936631 91
305732760161458 23
305732760195984 66
305732815212842 91
305732815244324 23
305732815251521 23
305732815258414 66
305732892001210 91
305732892034165 23
305732892041549 23
305732892048392 66
305732949687949 23
305732949722925 66
305732949730128 91
305733016251233 91
305733083522109 23
305733083559311 23
305733083566838 66
305733083573691 23
305733150616285 66
305733150651794 91
305733150658868 91
305733217544259 23
305733217578308 66
305733217585553 91
305733217592298 23
305733295315860 23
305733295350900 66
305733295358055 23
305733295364841 91
305733351778216 23
305733351815454 66
305733351822543 23
305733418866240 66
305733418900920 91
305733493986834 91
305733494034135 23
305733494043766 66
305733552908043 91
305733552940621 23
305733552947929 23
305733552954665 23
305733552961277 66
305733620353395 91
305733620408367 23
305733620417198 23
305733620425567 66
305733687087319 23
305733687120162 66
305733754143565 91
305733830410582 23
305733830444803 66
305733894764852 91
305733894799285 91
305733955363773 23
305733955398115 66
305733955405415 91
305733955412135 23
305734031681418 23
305734031717621 66
305734031724922 23
305734031731745 91
305734089314120 23
305734089353658 66
305734089361314 23
305734156467328 66
305734156495626 91
305734223998056 91
305734224047525 23
305734290608087 66
305734290641311 91
305734290648584 23
305734290655385 23
305734290662162 66
305734357642466 23
305734357678931 91
305734357686293 23
305734357693114 23
305734435010554 66
305734435050015 91
305734435057963 23
305734435065172 23
305734492072498 66
305734492122725 23
305734492130011 66
305734558912609 91
305734637058096 23
305734637095653 66
305734693046556 91
305734693084425 91
305734766152302 23
305734766202197 66
305734766211587 91
305734827336989 23
305734827385685 23
305734827395121 66
305734904564542 23
305734904619907 91
305734904629813 23
305734904638501 66
305734961501904 23
305734961540587 66
305734961549140 91
305735028551266 91
305735106166188 23
305735106208924 66
305735106218217 91
305735106226466 23
305735106234814 23
305735162381027 66
305735162416725 23
305735162424180 91
305735229669106 23
305735229707455 66
305735229714839 23
305735229721925 66
305735307587505 91
305735307625435 91
305735363570300 23
305735363596884 66
305735363604220 91
305735430642061 23
305735430679679 23
305735430687108 66
305735430694281 23
305735430701044 91
305735509557491 23
305735509594524 66
305735509603077 23
305735564746662 66
305735564772902 91
305735631793359 91
305735631823615 23
305735710867994 66
305735710906315 91
305735710913458 23
305735710920214 23
305735766009068 66
305735766037925 23
305735766045255 91
305735766052106 23
305735842582298 66
305735842614838 23
305735842622266 66
305735900175558 91
305735900212185 91
305735978685953 23
305735978720577 66
305735978727923 91
305735978734704 23
305736034384138 23
305736034421719 66
305736034429003 91
305736034435832 23
305736101464879 23
305736101500169 66
305736101507291 23
305736179983726 66
305736180020329 91
305736235656295 91
305736235697877 23
305736235705150 66
305736302626135 91
305736302666196 23
305736302673721 23
305736302680608 66
305736382066199 23
305736382102008 91
305736382109963 23
305736382117045 66
305736436646442 23
305736436663827 66
305736436671129 91
305736503819667 91
305736570745267 23
305736570775198 66
305736570782319 91
305736570789160 23
305736637753815 23
305736637782503 66
305736637789843 23
305736637796636 91
305736704810874 23
305736704842139 66
305736704849364 23
305736704856274 66
305736771978684 91
305736838924751 23
305736838949955 66
305736838957058 91
305736916323512 91
305736916352403 23
305736977016343 66
305736977048002 23
305736977055398 66
305736977062079 91
305737040300226 91
305737040334054 23
305737118289850 66
305737118319872 91
305737118327159 23
305737118333944 23
305737174291517 66
305737174319545 23
305737174326627 91
305737174333370 23
305737241339235 66
305737241365818 23
305737241372772 66
305737308538000 91
305737308571986 91
305737385532045 23
305737385562961 66
305737385570361 91
305737385577235 23
305737442694518 23
305737442724518 66
305737442731620 23
305737442738306 91
305737509688783 23
305737509719094 66
305737509726325 23
305737587473945 66
305737587511514 91
305737643779861 91
305737643811293 23
305737718699304 66
305737718736676 91
305737718744114 23
305737718751082 23
305737718757853 66
305737777975208 23
305737778006370 91
305737778013551 23
305737778020963 66
305737845088402 23
305737845123327 66
305737845130436 91
305737911999071 91
305737990756678 23
305737990786581 66
305737990793716 91
305737990801482 23
305738046251228 23
305738046284556 66
305738046291904 23
305738046298745 91
305738113218041 23
305738113250285 66
305738113257487 23
305738113264231 91
305738180455829 23
305738180490507 66
305738180497821 23
305738247455362 66
305738247487626 91
305738323922690 91
305738323951722 23
305738323958943 66
305738381517742 91
305738381549757 23
305738381557013 23
305738381563703 66
305738448684432 23
305738448707902 91
305738448715166 23
305738448721832 66
305738515699393 23
305738515765993 66
305738515774651 91
305738582857013 91
305738582892486 91
305738649745078 23
305738649779959 23
305738649787404 66
305738727162843 23
305738727187428 66
305738727194804 23
305738727202536 66
