317663451611910 91
317663518819503 23
317663518849961 66
317663518857148 91
317663596687947 23
317663596713010 66
317663596720413 91
317663652907862 23
317663652935761 66
317663726100331 91
317663726131344 23
317663726138507 66
317663798627164 91
317663798653064 23
317663798660355 66
317663854131708 91
317663854163947 23
317663921204063 66
317663921231882 91
317663989359028 23
317663989385316 66
317663989392314 91
317664065883879 23
317664065915586 66
317664065922735 91
317664122578025 23
317664122602741 66
317664122609831 91
317664189421502 23
317664189450731 66
317664189457908 91
317664261886586 23
317664261915425 66
317664323488210 91
317664323518826 23
317664323525919 66
317664469147265 91
317664469176554 23
317664469183729 66
317664524772111 91
317664524798818 23
317664591705274 23
317664591731971 66
317664591739253 91
317664591746112 23
317664671089971 66
317664671115594 91
317664725799429 23
317664725826506 66
317664725834139 91
317664792940945 23
317664792966973 66
317664792974132 91
317664872406495 23
317664872437734 66
317664872444782 91
317664927057678 23
317664927081884 66
317664927089212 91
317665004309165 23
317665004339152 66
317665004346227 91
317665061502152 23
317665061529997 66
317665061537126 91
317665135106224 23
317665135137137 66
317665135144213 91
317665195276745 23
317665195303615 23
317665195310818 66
317665195317748 91
317665262504605 23
317665262534111 66
317665262541055 91
317665329522477 23
317665329551285 66
317665329558412 91
317665414481986 23
317665414512556 66
317665414519963 91
317665463552124 23
317665463579799 66
317665463587052 91
317665530653634 23
317665530683140 66
317665608844141 91
317665608875667 23
317665608882801 66
317665672309297 91
317665672342080 23
317665672349448 66
317665731985584 91
317665732015642 23
317665732022837 66
317665810816675 91
317665810844158 23
317665810851510 66
317665866015175 91
317665866040651 23
317665866049536 66
317665938824857 91
317665938862789 23
317665938870031 66
317666006145910 91
317666006174671 23
317666079780753 66
317666079817382 91
317666079824628 23
317666140881830 66
317666140904781 91
317666140911940 23
317666208287461 66
317666208311529 91
317666275735275 23
317666275762808 66
317666275770253 91
317666343040470 23
317666343066322 66
317666343073477 91
317666410412089 23
317666410439540 66
317666410447360 91
317666477794242 23
317666477821856 66
317666477829322 91
317666536730088 23
317666536760301 66
317666536767731 91
317666603722566 23
317666603752387 66
317666603759622 91
317666670736974 23
317666670770952 66
317666670778189 91
317666737948318 23
317666737975120 66
317666737982252 91
317666815102067 23
317666815128231 23
317666815135579 66
317666815142229 91
317666871937883 23
317666871964851 66
317666871973014 91
317666939393244 23
317666939455420 66
317666939463057 91
317667016420182 23
317667016450429 66
317667016457504 91
317667073058395 23
317667073081815 66
317667073088835 91
317667140369321 23
317667140399491 66
317667140407008 91
317667218504693 23
317667218533387 66
317667218540602 91
317667274741774 23
317667274767581 66
317667341473566 91
317667341496509 23
317667341503777 66
317667419713674 91
317667475683647 91
317667475711375 23
317667475718601 66
317667475725532 23
317667542664458 66
317667542688190 91
317667542695383 23
317667542702029 23
317667621680257 66
317667621707429 91
317667621714694 23
317667621721481 66
317667676738361 91
317667676768067 23
317667744325252 66
317667744351552 91
317667744358808 23
317667810930155 66
317667810959426 91
317667810966760 23
317667888856631 66
317667888888399 91
317667945040186 23
317667945070172 66
317667945077580 91
317668012188990 23
317668012215537 66
317668012222594 91
317668090899225 23
317668090933476 66
317668090940647 91
317668146216871 23
317668146240804 66
317668146247965 91
317668213244848 23
317668213277087 66
317668213284254 91
317668280413360 23
317668280443261 66
317668280450565 91
317668358056143 23
317668358084156 66
317668358091296 91
317668414488379 23
317668414517584 66
317668414524952 91
317668481423914 23
317668481451059 66
317668481457929 91
317668560020425 23
317668560048447 66
317668560056004 91
317668615842657 23
317668615881117 66
317668615888123 91
317668682714908 23
317668682742168 23
317668682749591 66
317668682756498 91
317668761329008 23
317668761360622 66
317668761367540 91
317668816919600 23
317668816947717 66
317668901832105 91
317668901863357 23
317668901871327 66
317668950913954 91
317668950939129 23
317668950946294 66
317669018123870 91
317669018155083 23
317669018162342 66
317669094681499 91
317669094711470 23
317669094718637 23
317669159691111 66
317669159722977 91
317669159730101 23
317669159737013 66
317669219328926 91
317669219356928 23
317669219364075 66
317669286666090 91
317669286695591 23
317669353744857 66
317669353776898 91
317669353784110 23
317669426546613 66
317669426573099 91
317669426580360 23
317669487480869 66
317669487510267 91
317669554502192 23
317669554530283 66
317669554537439 91
317669633793167 23
317669633821650 66
317669633828763 91
317669688718446 23
317669688744517 66
317669688751931 91
317669765779420 23
317669765812029 66
317669765819399 91
317669822820572 23
317669822848982 66
317669822856278 91
317669896805364 23
317669896830651 66
317669896838878 91
317669956985619 23
317669957013907 66
317670024014361 91
317670024043580 91
317670091056374 23
317670091088481 66
317670091095793 23
317670091102793 66
317670091109556 91
317670168956453 23
317670168987716 66
317670168994782 91
317670225247744 23
317670225275303 66
317670225282358 91
317670299731447 23
317670299758584 66
317670299765763 91
317670359263933 23
317670359291094 66
317670426354296 91
317670493507989 91
317670493535466 23
317670493542559 66
317670493549287 23
317670493556048 66
317670572207414 91
317670572233662 23
317670572240856 66
317670627683020 91
317670627709682 23
317670627716924 66
317670702626727 91
317670702654151 23
317670702661415 66
317670773570846 91
317670773608768 23
317670773615966 66
317670828729800 91
317670828758918 23
317670828766208 66
317670905402936 91
317670905432797 23
317670969155433 66
317670969184310 91
317670969191481 23
317671030029058 66
317671030054564 91
317671030061662 23
317671109762421 66
317671109793577 91
317671164129257 23
317671164195858 66
317671164204270 91
317671243600750 23
317671243628042 66
317671243635480 91
317671298282070 23
317671298303875 66
317671298310984 91
317671365678962 23
317671365710055 66
317671365717196 91
317671444718568 23
317671444749306 66
317671444757066 91
317671499667239 23
317671499697466 66
317671499704649 91
317671566449395 23
317671566478552 66
317671566485536 91
317671633739780 23
317671633771032 66
317671633778264 91
317671711909451 23
317671711935710 66
317671711942929 91
317671767741421 23
317671767773933 66
317671767781130 91
317671834716019 23
317671834746395 66
317671913993841 91
317671974467348 91
317671974491657 23
317671974499009 66
317671974506703 23
317671974513401 66
317672035980729 91
317672036008231 23
317672036015528 66
317672102999031 91
317672103026768 23
317672103033971 23
317672103040846 66
317672181119381 91
317672181144718 23
317672181151826 66
317672237059169 91
317672237083973 23
317672237091047 66
317672304193946 91
317672304218454 23
317672304225732 66
317672371240592 91
317672371269282 23
317672371276487 66
317672438287777 91
317672438315775 23
317672505407653 66
317672505434313 91
317672505441452 23
317672584483531 66
317672584512541 91
317672639631573 23
317672639657113 66
317672639664350 91
317672716276272 23
317672716304838 66
317672716312170 91
317672773859779 23
317672773890903 66
317672773897983 91
317672840764757 23
317672840795624 66
317672840802849 91
317672917553001 23
317672917584268 66
317672974970358 91
317673042169890 91
317673042210043 23
317673042217309 66
317673042224158 91
317673042230929 23
317673119508068 66
317673119534598 23
317673119541757 66
317673119548479 91
317673176308381 23
317673176334466 66
317673176341529 91
317673243175304 23
317673243202481 66
317673243209912 91
317673310216042 23
317673310244287 66
317673310251304 91
317673386771663 23
317673386802235 66
317673456915048 91
317673456941033 91
317673511721741 23
317673511749924 66
317673511757206 23
317673511764133 66
317673511770999 91
317673588754677 23
317673588781297 66
317673588788368 91
317673651338374 23
317673651365717 66
317673724161555 91
317673724188497 23
317673724195893 66
317673779885369 91
317673779915028 23
317673779922129 66
317673846673049 91
317673846698424 23
317673846705478 66
317673926124308 91
317673926175529 23
317673926184248 66
317673980985042 91
317673981014621 23
317673981021880 66
317674048078095 91
317674048108663 23
317674048115758 66
317674114990729 91
317674115021160 23
317674182022616 66
317674261245174 91
317674261275228 91
317674261282693 23
317674261289379 23
317674316238192 66
317674316260487 23
317674316267781 66
317674395246208 91
317674395275285 91
317674395282367 23
317674450248662 66
317674450275039 23
317674450281946 66
317674450288731 91
317674526460052 23
317674526486684 23
317674526493911 66
317674526500642 91
317674596539999 23
317674596570388 66
317674596577527 91
317674651613911 23
317674651641876 66
317674651649283 91
317674728435246 23
317674728465543 66
317674728472917 91
317674785689465 23
317674785717231 23
317674785724487 66
317674785731356 91
317674852712522 23
317674852744502 66
317674852751718 91
317674927423550 23
317674927452294 23
317674927460006 66
317674927467091 91
317674986721706 23
317674986749282 66
317674986756407 91
317675053931185 23
317675053958066 66
317675053965312 91
317675131775807 23
317675131808110 23
317675131815124 66
317675131821904 91
317675188193775 23
317675188232181 66
317675188239424 91
317675255125058 23
317675255152863 66
317675328238457 91
317675328266640 23
317675328273879 66
317675389439085 91
317675389461833 23
317675389469422 66
317675456304949 91
317675456332082 23
317675456339493 66
317675535072139 91
317675535097810 23
317675535105074 66
317675590717515 91
317675590744614 23
317675590751598 66
317675657413408 91
317675657441740 23
317675657448811 66
317675724450154 91
317675724479982 23
317675791698401 66
317675791724706 91
317675791731927 23
317675858960349 66
317675858998972 91
317675925726412 23
317675925751821 66
317675925759724 91
317676004146794 23
317676004176403 23
317676004183413 66
317676004190188 91
317676059935513 23
317676059960473 66
317676059967683 91
317676126963472 23
317676126994630 66
317676127001815 91
317676193951400 23
317676193977322 66
317676193984543 91
317676260973885 23
317676261005323 66
317676261012603 91
317676328204935 23
317676328234705 66
317676328241608 91
317676395083406 23
317676395110255 66
317676395118307 91
317676473350398 23
317676473381656 66
317676529297354 91
317676529334963 91
317676596410621 23
317676596435821 66
317676596443024 23
317676596449857 66
317676596456531 91
317676674680978 23
317676674711120 66
317676674718331 91
317676730471787 23
317676730501939 23
317676730509321 23
317676730516172 66
317676730522953 91
317676797590585 23
317676797626663 66
317676797633751 91
317676876595085 23
317676876625591 66
317676876632937 91
317676931681979 23
317676931717420 66
317677005100020 91
317677005133879 23
317677005141338 66
317677077997324 91
317677078027275 23
317677078034655 66
317677132869545 91
317677132895005 23
317677132902415 66
317677209843555 91
317677209867385 23
317677209874546 66
317677267084768 91
317677267114589 23
317677267122082 66
317677334145762 91
317677334176685 23
317677401120083 66
317677401149889 91
317677401157251 23
317677401163891 23
317677468155796 66
317677468185228 91
317677468192349 23
317677535323292 23
317677535351564 66
317677535358781 91
317677613064145 23
317677613096565 66
317677613104566 91
317677669732831 23
317677669763693 66
317677736403407 91
317677736432757 91
317677736440085 23
317677812979181 66
317677813006232 23
317677813013493 66
317677813020403 91
317677870684075 23
317677870709326 66
317677870716790 91
317677937658949 23
317677937687627 66
317677937694683 91
317678004715281 23
317678004741274 66
317678004748451 91
317678082245282 23
317678082271445 66
317678082278546 91
317678138949104 23
317678138978401 66
317678138985554 91
317678205975106 23
317678206004478 66
317678206011762 91
317678272962103 23
317678272989103 66
317678272996347 91
317678339975460 23
317678340006309 66
317678340014377 91
317678407231702 23
317678407256962 66
317678407264145 91
317678485515260 23
317678485543371 23
317678485550643 66
317678541215606 91
317678541243137 23
317678541250417 66
317678608250261 91
317678675479028 91
317678675510371 23
317678675517679 66
317678675524564 23
317678742300418 66
317678742325178 91
317678742332423 23
317678742339154 66
317678818725964 91
317678818759147 23
317678818766403 66
317678888771854 91
317678888798951 23
317678943670718 23
317678943696105 66
317678943703334 91
317678943710113 23
317679020753428 66
317679084881951 91
317679084911104 91
317679084918546 23
317679144843775 66
317679144873276 23
317679144880443 66
317679144887159 91
317679221971712 23
317679222002474 66
317679222010031 91
317679287240002 23
317679287273654 66
317679287280891 91
317679346314035 23
317679346356185 66
317679346364587 91
317679424020361 23
317679424046971 23
317679424054230 66
317679424061148 91
317679480123470 23
317679480150901 66
317679480158060 91
317679553071637 23
317679553099033 66
317679553106238 91
317679614418554 23
317679614450728 66
317679614457945 91
317679681560645 23
317679681587036 66
317679681594529 91
317679748883137 23
317679748912843 66
317679748920014 91
317679827196679 23
317679827225369 66
317679827233437 91
317679882520276 23
317679882551173 66
317679882558306 91
317679949680306 23
317679949709436 66
317679949716702 91
317680016662095 23
317680016689039 66
317680016696067 91
317680094473174 23
317680094501407 66
317680150661566 91
317680150683504 23
317680150690626 66
317680217815549 91
317680217870962 23
317680217879291 66
317680296491400 91
317680296538432 23
317680296545941 66
317680351961833 91
317680351989055 23
317680351996355 66
317680419074792 91
317680419106320 23
317680419113429 66
317680486181420 91
317680486210841 23
317680563676113 66
317680563703610 91
317680563710816 23
317680620181936 66
317680620207665 91
317680620214920 23
317680687507714 66
317680687537028 91
317680754404745 23
317680754433835 23
317680754440994 66
317680754447781 91
317680821420685 23
317680821450669 66
317680821458025 91
317680888523999 23
317680888553093 66
317680888560409 91
317680955709747 23
317680955739121 66
317680955747511 91
317681032839569 23
317681032863828 66
317681032871043 91
317681089678123 23
317681089702327 66
317681089709565 91
317681156727251 23
317681156756416 66
317681156763564 91
317681223918509 23
317681223944353 66
317681223951701 91
317681290937752 23
317681290961838 66
317681290969063 91
317681370275557 23
317681370301988 66
317681370309503 91
317681425047958 91
317681425074502 23
317681425081548 66
317681425088299 23
317681502059647 66
