309698225202416 91
309698292240177 23
309698292255885 66
309698292263048 91
309698370618941 23
309698370639859 66
309698370647215 91
309698426548756 23
309698493606259 66
309698493636681 91
309698572607111 23
309698572630895 66
309698572638422 91
309698627624169 23
309698627643128 66
309698627650635 91
309698703067265 23
309698703081941 66
309698703089051 91
309698773866762 23
309698773885216 66
309698773892433 91
309698828819630 23
309698828835565 66
309698905753193 91
309698905767752 23
309698963231934 66
309698963246272 91
309699030069147 23
309699030094651 66
309699030101838 91
309699097064196 23
309699097089126 66
309699097096448 91
309699164321716 23
309699164345673 66
309699164352802 91
309699243087187 23
309699243109434 66
309699298238636 91
309699298254024 23
309699374917089 66
309699374933860 91
309699432426775 23
309699432442024 66
309699432449183 91
309699499411049 23
309699499423355 66
309699499430715 91
309699566448486 23
309699566463441 66
309699566470747 91
309699633459709 23
309699633475439 66
309699633482700 91
309699712257798 23
309699712273642 66
309699712280910 91
309699767704536 23
309699767719970 66
309699767727075 91
309699844145144 23
309699914194528 66
309699914210622 91
309699914217785 23
309699968940408 66
309699968954613 91
309700035958510 23
309700035971945 66
309700035978893 91
309700102930906 91
309700170146207 23
309700170159863 66
309700170167139 91
309700170173935 23
309700170180779 23
309700247408412 66
309700247424860 23
309700247432273 66
309700304196723 91
309700304213422 91
309700371213244 23
309700371227344 66
309700371234469 91
309700371241384 23
309700448677078 23
309700448693174 66
309700448700417 23
309700448707341 66
309700505567345 91
309700572425331 23
309700572439816 66
309700572447594 91
309700650717682 91
309700650732750 23
309700650740074 66
309700706613746 91
309700706627094 23
309700706634150 23
309700706641016 66
309700773615266 23
309700773629034 66
309700773635916 91
309700840691052 91
309700840704599 23
309700917907007 66
309700917923318 91
309700917930318 23
309700917937185 23
309700975007299 66
309700975021758 23
309700975028985 66
309701041863424 91
309701041875875 91
309701119838878 23
309701119852888 66
309701119860061 91
309701119866929 23
309701176044010 66
309701176056063 23
309701176062999 66
309701250995364 91
309701251010685 91
309701310183291 23
309701310197896 66
309701310204824 91
309701377178887 23
309701377193235 23
309701377200198 66
309701377207146 23
309701444385555 66
309701444397859 91
309701523205653 91
309701523235974 23
309701578482366 66
309701578500508 91
309701578508516 23
309701578515427 23
309701578522258 66
309701645558673 23
309701645587675 66
309701645594842 91
309701712699853 91
309701779718145 23
309701779737958 66
309701779745270 91
309701779752105 23
309701779758835 23
309701856347954 66
309701856371456 23
309701856378784 66
309701913846712 91
309701913867022 91
309701980905680 23
309701980920531 66
309701980927547 91
309701980934209 23
309702047919027 23
309702047935876 66
309702047942960 23
309702047949811 66
309702114909715 91
309702114923281 91
309702182131782 23
309702182149278 66
309702259551335 91
309702259565802 23
309702259572908 23
309702259579971 66
309702259586898 23
309702316159414 66
309702316174520 91
309702383302287 91
309702383329195 23
309702457604991 66
309702457625806 91
309702457633293 23
309702457640220 23
309702457647027 66
309702517434274 23
309702517453347 66
309702584440446 91
309702584457069 91
309702662785535 23
309702662801673 66
309702662808801 91
309702662815592 23
309702718558854 23
309702718574220 66
309702718581322 23
309702718588033 66
309702785620839 91
309702785639265 91
309702864743797 23
309702864759853 66
309702864767292 91
309702864774199 23
309702925734658 23
309702925749092 66
309702925756104 23
309702925762879 66
309702986810846 91
309703053998823 91
309703054013740 23
309703054020935 66
309703131987422 91
309703132002544 23
309703132009770 23
309703132016589 66
309703187980008 23
309703187994818 66
309703188002031 91
309703255040723 91
309703255056078 23
309703328659557 23
309703328678889 66
309703328686233 91
309703328693092 23
309703328699947 66
309703389246232 23
309703389264505 66
309703456239294 91
309703456253901 91
309703535273322 23
309703535290544 66
309703535297977 91
309703535304888 23
309703590431384 23
309703590445468 66
309703590452782 23
309703590459770 66
309703667145518 91
309703667159659 91
309703724456399 23
309703724469530 66
309703724476645 91
309703724483500 23
309703791641950 23
309703791654860 66
309703791661878 23
309703858684708 66
309703858701486 91
309703925707849 91
309703925722467 23
309703925729664 66
309704004488134 91
309704004517747 23
309704004525079 23
309704004531910 66
309704060054577 23
309704060084496 66
309704060091884 91
309704134481803 91
309704205786396 23
309704205811821 66
309704205819085 91
309704205825862 23
309704205832477 23
309704261141030 66
309704261163420 23
309704261170694 66
309704337679066 91
309704337700189 91
309704395205058 23
309704395221663 66
309704395228877 91
309704395235681 23
309704462181929 23
309704462197289 66
309704462204392 23
309704462211247 66
309704539645956 91
309704539664371 91
309704602577255 23
309704602591889 66
309704602599239 91
309704674947933 23
309704674962146 23
309704674969038 66
309704674975893 23
309704730646265 66
309704730662512 91
309704797534709 23
309704797548854 66
309704797556055 91
309704876898891 91
309704876914266 23
309704931809055 66
309704931824425 91
309704931831509 23
309704931838779 23
309704998713434 66
309704998728343 23
309704998735582 23
309704998742425 91
309704998749156 23
309705065824341 66
309705065839690 23
309705065847040 66
309705144137217 91
309705144152796 91
309705200230755 23
309705200246212 66
309705200253455 23
309705200260228 66
309705266974834 91
309705266988566 91
309705346126939 23
309705346143427 66
309705346150755 91
309705346157708 23
309705401151584 23
309705401166471 66
309705401173783 23
309705468337707 66
309705468350776 91
309705535363512 91
309705535375969 23
309705535382878 66
309705613352391 91
309705613367336 23
309705613374322 23
309705613381193 66
309705669410328 23
309705669425254 66
309705669432559 91
309705736605757 91
309705813352859 23
309705813367625 66
309705813374823 91
309705813381680 23
309705813388609 23
309705870660347 66
309705870675949 23
309705870683791 66
309705937639292 91
309705937653252 91
309706016590697 23
309706016608346 66
309706016615632 91
309706016622384 23
309706071838712 23
309706071857204 66
309706071864546 23
309706071871349 66
309706148560535 91
309706148574378 91
309706205947496 23
309706205963061 66
309706205970345 91
309706273115314 23
309706273130223 23
309706273137358 66
309706273144197 23
309706340111918 66
309706340126105 91
309706407124123 91
309706407139477 23
309706485813709 66
309706485829790 91
309706485836977 23
309706485843853 23
309706485850678 66
309706541639556 23
309706541672243 66
309706608475745 91
309706608499684 91
309706682383858 23
309706682409717 66
309706682416945 91
309706682423754 23
309706682430689 23
309706742544843 66
309706742574216 23
309706742581615 66
309706819076755 91
309706819104085 91
309706876720628 23
309706876742373 66
309706876749713 91
309706876756441 23
309706943764648 23
309706943782235 66
309706943789478 23
309706943796245 66
309707010860125 91
309707085274171 91
309707085293620 23
309707085300914 66
309707144824570 91
309707144838489 23
309707144845544 23
309707144852506 66
309707211994905 23
309707212010114 66
309707212017472 91
309707279201323 91
309707279215613 23
309707358366764 66
309707358394305 91
309707358402386 23
309707358409269 23
309707413104609 66
309707413125192 23
309707413132482 66
309707488150943 91
309707488167777 91
309707559567161 23
309707559581768 23
309707559589027 66
309707559595889 91
309707559602575 23
309707614393324 23
309707614408718 66
309707614415837 23
309707614422643 66
309707691450813 91
309707691466044 91
309707748430129 23
309707748444933 66
309707748452010 91
309707748458931 23
309707815618293 23
309707815631416 66
309707815638404 23
309707893379867 66
309707893393072 91
309707949667549 91
309707949683466 23
309707949691005 66
309708028735854 91
309708028750974 23
309708028758304 23
309708028765181 66
309708083870133 23
309708083883760 66
309708083890825 91
309708160634961 91
309708217939580 23
309708217955185 66
309708217962398 91
309708217969374 23
309708217976189 23
309708284957759 66
309708284971590 23
309708284978628 66
309708359191854 91
309708359207318 91
309708419165412 23
309708419179683 66
309708419186840 91
309708419193687 23
309708486146493 23
309708486159304 23
309708486166250 66
309708486173036 23
309708486179781 91
309708563897657 23
309708563911732 66
309708563918915 23
309708563925534 66
309708620352003 91
309708687486511 91
309708687499998 23
309708687507018 66
309708759948942 91
309708759965277 23
309708759972619 23
309708759979392 66
309708821814728 23
309708821831574 66
309708821838747 91
309708888607551 91
309708888621410 23
309708967134088 66
309708967150053 91
309708967157263 23
309708967164118 23
309709022734767 66
309709022749968 23
309709022757214 66
309709090039972 91
309709090064649 91
309709167128631 23
309709167153039 66
309709167160403 91
309709167167306 23
309709224038096 23
309709224064000 66
309709224071344 23
309709224078211 66
309709291061066 91
309709291081487 91
309709358237924 23
309709358254457 66
309709358261821 91
309709358268563 23
309709436397044 23
309709436419870 66
309709436427246 91
309709492207430 23
309709559258018 66
309709559272877 91
309709559279781 23
309709626362887 66
309709626376308 91
309709693355572 23
309709693368826 66
309709693375836 91
309709760377356 23
309709760391702 66
309709760398712 91
309709827599843 23
309709827617438 66
309709827624633 91
309709905527332 23
309709905543062 66
309709905550324 91
309709961621351 23
309709961635444 66
309709961642772 91
309710028617084 23
309710028630296 66
309710028637091 91
309710106870505 23
309710106886619 66
309710106894134 91
309710172758713 23
309710172774720 66
309710172781885 91
309710229951792 23
309710229972014 66
309710229979869 91
309710308836412 23
309710364084827 66
309710364099674 91
309710364106859 23
309710431106120 66
309710431119703 91
309710498086488 23
309710498102777 66
309710498110141 91
309710576081573 23
309710576096824 66
309710576103955 91
309710632341355 23
309710632355655 66
309710632362597 91
309710699445335 23
309710699459210 66
309710699466172 91
309710778017712 23
309710778037963 66
309710778044969 91
309710833627240 23
309710833644593 66
309710833651644 91
309710907113590 23
309710907130107 66
309710907137318 91
309710967628373 23
309710967642832 66
309710967649836 91
309711034592010 23
309711034605051 66
309711111163417 91
309711111178035 23
309711168840666 66
309711168858725 91
309711168865827 23
309711235810370 66
309711235826073 91
309711302895358 23
309711302908713 66
309711302915890 91
309711370028663 23
309711370044041 66
309711370051618 91
309711437199672 23
309711437214981 66
309711437222170 91
309711514467511 23
309711514485271 66
309711514492755 91
309711571220977 23
309711571236214 66
309711571243383 91
309711638319165 23
309711638343522 66
309711638350717 91
309711705509156 23
309711705533483 66
309711705540897 91
309711772528586 23
309711772557183 66
309711772564561 91
309711839497577 23
309711917717976 66
309711917738763 91
309711917746059 23
309711973653152 66
309711973671189 91
309712040670768 23
309712040686083 66
309712040693170 91
309712113693682 23
309712113709703 66
309712113717341 91
309712174870912 91
309712241873079 23
309712241887156 66
309712241894120 91
309712241900973 23
309712241907717 23
309712320950671 66
309712320966301 23
309712320973458 66
309712375951071 91
309712375966866 91
309712452852415 23
309712452870267 66
309712452877611 91
309712452884486 23
309712510155170 23
309712510170570 66
309712510177628 23
309712510184493 23
309712510191226 66
309712583976074 91
309712583991264 91
309712644245524 23
309712644259708 66
309712711357552 23
309712711371270 23
309712711378377 66
309712711385029 91
309712778359446 91
309712778372806 23
309712778379720 66
309712856092535 91
309712856107547 23
309712856114718 23
309712856121681 66
309712912690727 23
309712912705872 66
309712912712988 91
309712986886725 91
309713046633580 23
309713046649215 66
309713046656583 91
309713046663477 23
309713046670310 23
309713113665702 66
309713113681653 23
309713113688802 66
309713180710036 91
309713180723608 91
309713259342333 23
309713259358180 66
309713259365435 91
309713259372274 23
309713314831649 23
309713314846041 66
309713314853202 23
309713314860601 66
309713389774574 91
309713389790376 91
309713460641816 23
309713460656150 66
309713516219927 91
309713516234913 23
309713516242024 23
309713516248877 66
309713516255613 23
309713583407389 66
309713583423149 91
309713650200255 91
309713650215231 23
309713728548135 66
309713728563833 91
309713728571386 23
309713728578165 23
309713728584885 66
309713792641043 23
309713792653960 91
309713792661023 23
309713851384888 66
309713851404427 23
309713851411717 66
309713929827421 91
309713985629417 23
309713985643393 66
309713985650423 91
309713985657182 91
309714052595780 23
309714052609722 66
309714052616537 91
309714052623239 23
309714131990451 66
309714132021299 23
309714132028470 66
309714186876393 91
309714186895438 91
309714253937904 23
309714253965133 66
309714320969366 91
309714320993839 23
309714321001185 23
309714321008799 66
309714321015513 23
309714399109666 66
309714399133325 91
309714455088354 91
309714455112965 23
309714522136782 66
309714522153181 91
309714522160503 23
309714522167381 23
309714522174049 66
309714601022340 23
309714601042441 66
309714661604249 91
309714661623287 91
309714723326467 23
309714723344168 66
309714723351430 91
309714723358251 23
309714790338464 23
309714790357094 66
309714790364422 23
309714790371702 66
309714868257736 91
309714868276632 91
309714924393119 23
309714924410466 66
309714924417505 91
309714924424245 23
309714991694324 23
309714991756553 66
309714991763589 23
309714991770402 66
309715058617357 91
309715125795595 23
309715125822084 66
309715125829231 91
309715192692877 91
309715192710946 23
309715271507993 66
309715271524121 91
309715271531352 23
309715271538021 23
309715271544765 66
309715326809367 23
309715326823612 66
309715326830827 91
309715403411035 91
309715460946171 23
309715460963727 66
309715460970840 91
309715460977528 23
309715460984273 23
309715528019282 66
309715528034207 23
309715528041346 66
309715604700753 91
309715604716509 91
309715674754167 23
309715674769969 66
309715674777315 91
309715674784003 23
309715729197566 23
309715729212928 66
309715729220071 23
309715729226861 66
309715806646320 91
309715806663669 91
309715863350921 23
309715863367705 66
309715930379553 91
309715930393935 23
309715930401304 23
309715930408112 66
309715930414827 23
309715997403159 66
309715997418189 91
309716073850236 91
309716073864560 23
309716143938252 66
309716143952399 91
309716143959437 23
309716143966334 23
309716143973153 66
309716198636931 23
309716198653351 66
309716275851437 91
309716275866817 91
309716338474129 23
309716338488501 66
309716338495596 91
309716338502371 23
309716411183108 23
309716411198675 66
309716411205971 23
309716411212709 66
309716466909028 91
309716466924659 91
309716533926497 23
309716533939817 66
309716533946815 91
309716533953481 23
309716613144574 23
309716613160847 66
309716613168082 91
309716668341163 23
309716668372962 66
309716735208600 91
309716735232089 23
309716814530832 66
309716814556147 91
309716869445303 23
309716869462566 66
309716869469707 91
309716946366093 23
309716946386992 66
309716946394127 91
309716946400813 91
309717003401278 23
309717003419390 66
309717003426830 23
309717070598743 66
