309587300098108 91
309587378643851 23
309587378665891 66
309587378673659 91
309587434142510 23
309587434156759 66
309587501144148 91
309587501159466 23
309587579923772 66
309587579940568 91
309587635362023 23
309587635377767 66
309587635385023 91
309587711821694 23
309587711837146 66
309587711844450 91
309587769408136 23
309587769426702 23
309587836605396 66
309587836620439 91
309587903652655 91
309587903667514 23
309587970793528 66
309587970824189 23
309587970831328 66
309588037699087 91
309588104873811 23
309588104901262 66
309588104908895 91
309588181064646 23
309588181090439 66
309588181097554 91
309588251098350 23
309588251115295 66
309588305937843 91
309588305954973 23
309588373047286 66
309588373064003 91
309588452432091 23
309588452455835 66
309588452463082 91
309588507437864 23
309588507456219 66
309588507463500 91
309588584270107 23
309588584288573 66
309588584295814 91
309588641323221 23
309588641340162 66
309588641347618 91
309588716502931 23
309588716519599 23
309588775384083 66
309588775399839 91
309588842560346 91
309588842574647 23
309588842582011 66
309588909582419 23
309588909597646 66
309588987566637 91
309589043663388 23
309589043681970 66
309589043689443 91
309589110848709 23
309589110869206 66
309589110876759 91
309589177864431 23
309589177879394 23
309589177886596 66
309589244918734 91
309589311894865 91
309589311909197 23
309589311916279 66
309589378959085 23
309589378971478 66
309589513100395 91
309589513114614 91
309589580309479 23
309589580328176 66
309589580335580 23
309589580342341 66
309589658022132 91
309589714338917 23
309589714352988 66
309589714360159 91
309589781340586 23
309589781353775 66
309589859959805 91
309589859975506 23
309589915572751 66
309589915586439 91
309589990460815 23
309589990474755 66
309589990481570 91
309590061248299 23
309590061263926 66
309590061271238 91
309590116818575 23
309590116832668 66
309590116839646 91
309590193138209 23
309590193154999 66
309590193162343 91
309590250857760 23
309590250873438 66
309590250880754 91
309590317998018 23
309590393391397 66
309590393407576 91
309590452084619 23
309590452099768 66
309590452106991 91
309590530533500 23
309590530563777 66
309590530570886 91
309590586508429 23
309590586532388 66
309590586539442 91
309590653666972 23
309590653690265 66
309590653697545 91
309590732458401 23
309590732481477 66
309590732488762 91
309590787395702 23
309590787411384 66
309590854401975 91
309590854420087 23
309590921618263 23
309590921636494 66
309590921643980 91
309590999675827 91
309591055637666 23
309591055653536 66
309591055660906 23
309591055668510 66
309591201622859 91
309591201639878 91
309591256866919 23
309591256882792 66
309591256889983 23
309591324005329 66
309591402914045 91
309591402929091 23
309591458088648 66
309591458104407 91
309591534809436 23
309591534824625 66
309591534832061 91
309591592148466 23
309591592163825 66
309591592171075 91
309591659314886 23
309591659327968 66
309591659334858 91
309591736079247 23
309591736094734 66
309591736102570 91
309591793347156 23
309591793362353 66
309591860349366 91
309591860363036 23
309591938036748 66
309591938052319 91
309591994598779 23
309591994614758 66
309591994621931 91
309592061636092 23
309592061650537 66
309592061657706 91
309592129083907 23
309592129116757 66
309592129123886 91
309592205316688 23
309592205345289 66
309592205352547 91
309592262946147 23
309592262965281 66
309592262972828 91
309592329922145 23
309592407270330 66
309592407286565 91
309592407293703 23
309592464024631 66
309592464040486 91
309592538380824 23
309592538396358 66
309592538403576 91
309592598273383 23
309592598293134 66
309592598300468 91
309592665454841 23
309592665473839 66
309592665481310 91
309592732667605 23
309592732691336 66
309592732698461 91
309592810544923 23
309592810567359 66
309592866382887 91
309592866400466 23
309592941318331 66
309592941336165 91
309593000768020 23
309593000798225 66
309593000805470 91
309593067677703 23
309593067700681 66
309593067707767 91
309593134913824 23
309593134950523 66
309593134957988 91
309593213883006 23
309593213914106 66
309593213921363 91
309593268928995 23
309593268954366 66
309593268961762 91
309593344219401 23
309593415104924 66
309593415131544 91
309593470104169 91
309593470122552 23
309593546953885 66
309593546969651 23
309593546976959 66
309593604079370 91
309593671303952 23
309593671320949 66
309593671328378 91
309593744967967 23
309593744986151 66
309593744993379 91
309593805328792 23
309593805348648 66
309593872345547 91
309593872361000 23
309593950204823 66
309593950220750 91
309594006554467 23
309594006568351 66
309594006575391 91
309594073595807 23
309594073612470 66
309594073619581 91
309594152192312 23
309594152208182 23
309594152215222 66
309594213127048 91
309594213143498 91
309594274819905 23
309594274836298 66
309594274843457 23
309594341807776 66
309594419373342 91
309594419387897 23
309594475999975 66
309594476015268 91
309594543044329 23
309594543060107 66
309594543067594 91
309594616027468 23
309594616040945 66
309594616048152 91
309594677215931 23
309594677230407 66
309594677237329 91
309594744412734 23
309594744429989 66
309594744437104 91
309594822657301 23
309594822673707 66
309594878375558 91
309594878390298 23
309594945394664 66
309594945409535 91
309595012599957 23
309595012615331 66
309595012622727 91
309595079619015 23
309595079634330 66
309595079641381 91
309595146642347 23
309595146657168 66
309595146664194 91
309595225915821 23
309595225932063 66
309595225939391 91
309595280820902 23
309595280834485 66
309595280841504 91
309595357806635 23
309595414866112 66
309595414881466 91
309595414888784 23
309595482051406 66
309595482065960 91
309595559138774 23
309595559164056 66
309595559171398 91
309595616179259 23
309595616201987 66
309595616209194 91
309595683209877 23
309595683238394 66
309595683245585 91
309595761139210 23
309595761170352 66
309595761177621 91
309595817394766 23
309595817413554 66
309595884372957 91
309595884389751 23
309595951474925 66
309595951492167 91
309596028277366 23
309596028293445 66
309596028300749 91
309596085569397 23
309596085583733 66
309596085590757 91
309596152582268 23
309596152596260 66
309596152603505 91
309596230251664 23
309596230264950 66
309596230271940 91
309596292901717 23
309596292917451 66
309596292924672 91
309596365611043 23
309596420847331 66
309596420865907 91
309596420873920 23
309596497510670 66
309596497529065 91
309596555034215 23
309596555054825 66
309596555061975 91
309596622011910 23
309596622029716 66
309596689088877 91
309596689106247 91
309596756200652 23
309596756219814 66
309596756227150 23
309596834831233 66
309596834854751 91
309596890646109 23
309596957388060 66
309596957406881 91
309597036778710 23
309597036795209 66
309597036802508 91
309597091566335 23
309597091581441 66
309597091588473 91
309597167969493 23
309597167986579 66
309597167993900 91
309597238066632 23
309597238082776 66
309597238090052 91
309597292777209 23
309597292793042 66
309597292800368 91
309597369971779 23
309597369990512 66
309597426850106 91
309597426865701 23
309597494034102 66
309597494049977 91
309597568935591 23
309597568950064 66
309597568957387 91
309597628126435 23
309597628146407 66
309597628154416 91
309597695107366 23
309597695123342 66
309597695130495 91
309597773180720 23
309597773193748 66
309597773200921 91
309597829269491 23
309597829282477 66
309597896289569 91
309597896304903 23
309597969729697 66
309597969743522 91
309598030728170 23
309598030760106 66
309598030767514 91
309598097648705 23
309598097678515 66
309598097685537 91
309598176494007 23
309598176522637 66
309598176530047 91
309598231805636 23
309598231824642 66
309598231831894 91
309598308384640 23
309598308405451 66
309598308412576 91
309598365799979 23
309598432820555 66
309598432836938 91
309598500032869 91
309598500048460 23
309598566913156 66
309598566926046 23
309598566933021 66
309598645772310 91
309598701288254 23
309598701312864 66
309598701320385 91
309598768115113 23
309598768131165 66
309598768138519 91
309598835192724 23
309598835207659 66
309598902409548 91
309598902425029 23
309598969596614 66
309598969611831 91
309599036402426 23
309599036417494 66
309599036424669 91
309599114852439 23
309599114867567 66
309599114874722 91
309599170595157 23
309599170612555 66
309599170619881 91
309599237574358 23
309599237587573 66
309599237594430 91
309599316176027 23
309599316193459 66
309599316200670 91
309599371828906 23
309599371843757 66
309599438804128 91
309599438817504 23
309599518091674 66
309599518105036 91
309599573047107 23
309599573060212 66
309599573067236 91
309599646577066 23
309599646591981 66
309599646599269 91
309599719382791 23
309599719399492 66
309599719406963 91
309599774090860 23
309599774104484 66
309599774111406 91
309599851273596 23
309599851288789 66
309599908310727 91
309599975318844 91
309599975332235 23
309599975339233 66
309600042338584 23
309600042352709 66
309600109448848 91
309600176537115 23
309600176551385 66
309600176558590 91
309600254556936 23
309600254574902 66
309600254582270 91
309600310769554 23
309600310785178 66
309600310792361 91
309600377786260 23
309600377800447 66
309600454481181 91
309600454494421 23
309600511825062 66
309600511838129 91
309600579230778 23
309600579260055 66
309600579267162 91
309600646015283 23
309600646037695 66
309600646045035 91
309600723796733 23
309600723824487 66
309600723831652 91
309600780286886 23
309600780304794 66
309600780311885 91
309600847300935 23
309600847322030 66
309600847329309 91
309600914218129 23
309600981479993 66
309600981501976 91
309601048674733 23
309601048696557 66
309601048703917 91
309601115393597 23
309601115410639 66
309601115417614 91
309601182487557 23
309601182501515 66
309601182508861 91
309601258897096 23
309601258914755 66
309601258922214 91
309601323908299 23
309601323942740 66
309601323950096 91
309601383858362 23
309601383880120 23
309601460251153 66
309601460279457 91
309601530315816 91
309601530339228 23
309601585220519 66
309601585250949 23
309601585258026 66
309601662184601 91
309601726363306 23
309601726379673 66
309601726386898 91
309601786077917 23
309601786092933 66
309601786100723 91
309601863501636 23
309601863529139 66
309601863536381 91
309601920198432 23
309601987318760 66
309601987337076 91
309602065413518 23
309602065429708 66
309602065437217 91
309602121512148 23
309602121527687 66
309602121534800 91
309602194516061 23
309602194531407 66
309602194538574 91
309602255552515 23
309602255568231 66
309602255575364 91
309602322732761 23
309602322748129 66
309602322755292 91
309602389748379 23
309602389763366 66
309602468682591 91
309602468700292 23
309602523826352 66
309602523843106 91
309602591056030 23
309602591071462 66
309602591078577 91
309602658005993 23
309602658019217 23
309602658026267 66
309602735869550 91
309602735884511 91
309602792147385 23
309602792163121 66
309602792170210 23
309602792176954 66
309602859213018 91
309602937842763 23
309602993203083 66
309602993216230 91
309603060433014 91
309603060447465 23
309603127728779 66
309603127754321 23
309603127761619 66
309603205136350 91
309603261679806 23
309603261702391 66
309603261709495 91
309603328655621 23
309603328677779 66
309603328684999 91
309603401122316 23
309603401141001 66
309603462859517 91
309603462877114 23
309603529755577 66
309603529770627 91
309603608323135 23
309603608341327 66
309603608348578 91
309603664039500 23
309603664057618 66
309603664064980 91
309603731053208 23
309603731067998 66
309603731075203 91
309603810313253 23
309603810329804 66
309603810337266 91
309603865092404 23
309603865107792 66
309603865115120 91
309603932071393 23
309604011616166 66
309604011632537 91
309604011639841 23
309604066325031 66
309604066339584 91
309604143478660 23
309604143494161 66
309604143501392 91
309604200546398 23
309604200560937 66
309604200568363 91
309604274249633 23
309604274265017 66
309604274272114 91
309604334556769 23
309604334570932 66
309604334577874 91
309604401557181 23
309604401570805 66
309604468762121 91
309604468776417 23
309604546744050 66
309604546759364 91
309604602811119 23
309604602824868 66
309604602831940 91
309604669824366 23
309604669838952 66
309604669845917 91
309604748019982 23
309604748035795 66
309604748043038 91
309604804062387 23
309604804077223 66
309604804084600 91
309604870990250 23
309604871003352 66
309604871010246 91
309604949996724 23
309605005227347 66
309605005241389 91
309605005248608 23
309605077946856 66
309605077962141 91
309605151275196 23
309605151289206 66
309605151296248 91
309605214078403 23
309605214096537 66
309605214103905 91
309605283230923 23
309605283253243 66
309605283260408 91
309605340495613 23
309605340512520 66
309605340519661 91
309605407539968 23
309605407556706 66
309605485124140 91
309605541810532 91
309605541825852 23
309605608935622 66
309605608965595 23
309605608972620 66
309605686457347 91
309605743115840 23
309605743140978 66
309605743148406 91
309605810173760 23
309605810198504 66
309605810205808 91
309605888416793 23
309605888437695 23
309605944118145 66
309605944136337 91
309606011310499 91
309606011327838 23
309606011334758 66
309606078239708 23
309606078258606 66
309606155637237 91
309606212308656 23
309606212323340 66
309606212330579 91
309606279504853 23
309606279521493 66
309606279529005 91
309606346501156 23
309606346515130 66
309606346522054 91
309606413529866 23
309606413543172 66
309606480564909 91
309606480578262 23
309606558882301 66
309606558898003 91
309606614769237 23
309606614783724 66
309606614791617 91
309606681789100 23
309606681800973 66
309606681807780 91
309606756904889 23
309606756920379 66
309606756927470 91
309606816022948 23
309606816037344 66
309606816044324 91
309606882898921 23
309606882913375 66
309606882920482 91
309606962154273 23
309607017201254 66
309607017216564 91
309607017223719 91
309607094008825 23
309607094022336 66
309607094029304 23
309607094035914 66
