321786202544074 91
321786269780242 23
321786269807592 66
321786269815176 91
321786346220377 23
321786346249002 66
321786346256377 91
321786403898103 23
321786403928452 66
321786403936313 91
321786470981993 23
321786471012083 66
321786471019411 91
321786538175704 23
321786538206331 66
321786538213564 91
321786612495385 23
321786612523896 66
321786612531192 91
321786672213880 23
321786672257455 66
321786672264638 91
321786739140260 23
321786739169365 66
321786739176405 91
321786806154970 23
321786806188658 66
321786806195592 91
321786885512825 23
321786885539580 66
321786885546733 91
321786940370465 23
321786940401002 66
321786940408084 91
321787015466542 23
321787015504048 66
321787015511316 91
321787015518110 23
321787086787880 23
321787086818789 66
321787086825845 91
321787086832535 23
321787141533502 66
321787141560416 91
321787141567611 23
321787141574306 66
321787218687285 91
321787218720459 23
321787218727527 66
321787275674164 91
321787275699817 23
321787275706914 66
321787342769661 91
321787342801002 23
321787342808187 66
321787420646188 91
321787420673729 23
321787420680908 66
321787477016092 91
321787477062855 23
321787477072621 66
321787556050666 91
321787556086060 23
321787556093475 66
321787611086573 91
321787611117914 23
321787611125218 66
321787687892922 91
321787687922346 23
321787687929564 66
321787687936393 91
321787745106056 23
321787745135782 66
321787745142849 91
321787812284360 23
321787812314792 66
321787812322217 91
321787886515325 23
321787886544949 66
321787886552001 91
321787946325699 23
321787946353003 66
321787946360351 91
321788013346074 23
321788013372318 66
321788013379676 91
321788091150137 23
321788091181971 66
321788091189168 91
321788147755088 23
321788147797088 66
321788147804271 91
321788214542826 23
321788214600979 66
321788214608180 91
321788287259039 23
321788287287912 66
321788287295641 91
321788348890288 23
321788348922156 66
321788348929484 91
321788415755897 23
321788415788723 66
321788415796045 91
321788482870737 23
321788482904331 66
321788482911465 91
321788482918324 23
321788560357625 66
321788617159998 91
321788617191568 91
321788617198773 23
321788617205612 66
321788684358059 23
321788684384011 66
321788684391266 91
321788684398204 23
321788684405013 66
321788751099100 91
321788751130771 23
321788751137932 66
321788818158175 91
321788818184407 23
321788818191662 66
321788885271654 91
321788885304317 23
321788885311351 66
321788952287212 91
321788952312869 23
321788952319986 66
321789019304442 91
321789019336946 23
321789019344044 66
321789086344428 91
321789086376803 23
321789086384092 66
321789153820065 91
321789153849217 23
321789153856054 66
321789153862843 91
321789220551956 23
321789220578552 66
321789220586077 91
321789287684619 23
321789287724338 66
321789287731431 91
321789363740158 23
321789363766901 66
321789363774114 91
321789432956325 23
321789432985144 66
321789432992337 91
321789488781062 23
321789488809494 66
321789488816864 91
321789555810577 23
321789555842327 66
321789555849343 91
321789634220263 23
321789634257644 66
321789634264833 91
321789690009154 23
321789690034423 66
321789690042722 91
321789757030950 23
321789757056943 66
321789836096781 91
321789836123886 91
321789836131185 23
321789891322018 66
321789891354338 23
321789891361602 66
321789891368465 91
321789958439635 23
321789958472098 66
321789958479293 91
321789958486036 23
321790025313459 66
321790025346174 91
321790025353305 23
321790103332003 66
321790103361228 91
321790103368435 23
321790103375242 66
321790159543258 91
321790159577295 23
321790159584387 66
321790226677406 91
321790226708683 23
321790226716135 66
321790305318946 91
321790305355175 23
321790305362543 66
321790360665848 91
321790360694987 23
321790360702188 66
321790427723596 91
321790427758187 23
321790427765543 66
321790494766527 91
321790494799232 23
321790494806700 66
321790572599537 91
321790572644104 23
321790572651540 66
321790628918472 91
321790628949009 23
321790628956842 66
321790696160010 91
321790696190581 23
321790696197784 66
321790696204689 91
321790774505474 23
321790774535381 66
321790774542767 91
321790830200497 23
321790830240104 66
321790830247506 91
321790897060187 23
321790897086193 66
321790897093499 91
321790975778669 23
321790975811315 66
321790975818448 91
321791031316991 23
321791031346103 66
321791107714013 91
321791107745616 91
321791165331224 23
321791165360602 66
321791165367904 23
321791165374685 66
321791165381524 91
321791238069942 23
321791238101400 66
321791238108575 91
321791308980264 23
321791309009919 66
321791309017257 91
321791366565979 23
321791366595894 66
321791366603184 91
321791433673748 23
321791433718283 66
321791433725409 91
321791433732277 23
321791511196294 66
321791511233539 91
321791511240764 23
321791567803190 66
321791567834738 91
321791567842748 23
321791634812939 66
321791634839601 91
321791634846577 23
321791634853412 66
321791701833906 91
321791701864629 23
321791701871766 66
321791769105988 91
321791769132533 23
321791769139578 66
321791836058145 91
321791836091506 23
321791836098832 66
321791914219528 91
321791914247916 23
321791914255135 23
321791914262005 66
321791970499940 91
321791970546760 23
321791970553929 66
321792037419110 91
321792037453949 23
321792037460973 66
321792104367311 91
321792104402705 23
321792104410001 66
321792104416854 91
321792171377677 23
321792171408554 66
321792171415702 91
321792238624851 23
321792238667907 66
321792238675182 91
321792305547926 23
321792305573589 66
321792305580752 91
321792383446883 23
321792383484124 66
321792383491249 91
321792439668894 23
321792439698966 66
321792439706020 91
321792514195237 23
321792514232689 66
321792514239964 91
321792573746771 23
321792573776426 66
321792573783571 91
321792640812104 23
321792640844253 66
321792640851316 91
321792707923437 23
321792707948945 66
321792707956184 91
321792786641261 23
321792786671528 66
321792786678876 91
321792842419902 23
321792842455453 66
321792842462683 91
321792914959979 23
321792914990004 66
321792914997157 91
321792915003793 23
321792976162912 66
321792976189552 91
321792976196846 23
321793043241918 66
321793043275257 91
321793043282402 23
321793043289154 66
321793119815144 91
321793119843767 23
321793119851093 66
321793177342228 91
321793177371885 23
321793244483168 23
321793244509481 66
321793244516628 91
321793244523503 23
321793244530209 66
321793317836728 91
321793317864281 23
321793317871579 66
321793378570138 91
321793378628775 23
321793378636302 66
321793445682044 91
321793445711308 23
321793445718416 66
321793523152205 91
321793523181520 23
321793523188724 66
321793583721366 91
321793583751569 23
321793583758660 66
321793583765352 91
321793646996893 23
321793647032006 66
321793647039058 91
321793726259659 23
321793726288311 66
321793726295751 91
321793780976523 23
321793781003523 66
321793781010702 91
321793848105873 23
321793848136210 66
321793848143444 91
321793926364511 23
321793926395482 66
321793926402911 91
321793982111421 23
321793982142368 66
321794049232255 91
321794049262292 91
321794128365137 23
321794128391612 66
321794128399060 23
321794128405749 66
321794128412413 91
321794188938144 23
321794188975566 66
321794188982679 91
321794250395491 23
321794250424468 66
321794250431877 91
321794317535251 23
321794317571025 66
321794317578325 91
321794395572037 23
321794395601349 66
321794395608751 91
321794395615524 23
321794451687529 66
321794451735101 91
321794451742322 23
321794518674352 66
321794518703847 91
321794518711183 23
321794518717903 66
321794585713456 91
321794585745841 23
321794585753134 66
321794652755376 91
321794652781443 23
321794652788630 66
321794719842000 91
321794719872734 23
321794719880068 66
321794798891184 91
321794798929545 23
321794798936664 66
321794854153943 91
321794854183570 23
321794854190514 66
321794930719875 91
321794930747867 23
321794930754965 66
321794988114218 91
321794988147818 23
321794988154977 66
321795055234958 91
321795055270002 23
321795055277306 66
321795055284149 91
321795132005253 23
321795132034375 66
321795132041583 91
321795189641505 23
321795189671559 66
321795189678959 91
321795256694056 23
321795256723430 66
321795256731130 91
321795323438616 23
321795323472449 66
321795323479654 91
321795400123075 23
321795400153056 66
321795400160046 91
321795462883283 23
321795462909410 66
321795462916760 91
321795535909183 23
321795535938557 23
321795535945968 66
321795535952897 91
321795591616877 23
321795591647713 66
321795591654965 91
321795659036804 23
321795659066367 66
321795659073675 91
321795737249683 23
321795737279684 66
321795737286843 91
321795793550626 23
321795793579642 23
321795793586793 66
321795793593793 91
321795859844462 23
321795859875626 66
321795859882811 91
321795859889592 23
321795927191010 66
321795927219241 91
321795927226354 23
321795994124165 66
321795994155932 91
321795994163107 23
321796070410334 23
321796070435695 66
321796070442976 91
321796070449912 23
321796070456578 66
321796140482130 91
321796140512403 23
321796140519526 66
321796195339320 91
321796195367780 23
321796195374975 66
321796262339771 91
321796262371203 23
321796262378386 66
321796329543595 91
321796329578147 23
321796329585442 66
321796407783482 91
321796407818587 23
321796407825864 66
321796475635754 91
321796475662939 23
321796475670150 66
321796530569698 91
321796530599719 23
321796530606550 66
321796530613291 91
321796597654473 23
321796597679442 66
321796597686740 91
321796673720364 23
321796673752733 66
321796673759777 91
321796731751894 23
321796731775978 66
321796731783424 91
321796798855552 23
321796798883793 66
321796798891018 91
321796865959859 23
321796865986819 66
321796865994133 91
321796933156936 23
321796933188981 66
321796933196305 91
321797000315349 23
321797000341774 66
321797000349154 91
321797067111161 23
321797067140714 66
321797067147796 91
321797141222179 23
321797141259727 66
321797141267135 91
321797211499232 23
321797211525158 66
321797211532347 91
321797268285040 23
321797268312169 66
321797268319573 91
321797335303768 23
321797335330964 66
321797335338094 91
321797335344954 23
321797413470640 66
321797413498897 91
321797413506312 23
321797469542961 66
321797469566987 91
321797469574137 23
321797469580896 66
321797536540174 91
321797536569229 23
321797536576566 66
321797603596648 91
321797603622904 23
321797603630214 66
321797680741737 91
321797680775420 23
321797680782846 66
321797737877228 91
321797737904407 23
321797737911606 66
321797804854576 91
321797804890829 23
321797804898223 66
321797882680403 91
321797882709366 23
321797882716821 66
321797944867944 91
321797944899384 23
321797944906633 66
321798006034568 91
321798006064617 23
321798006071955 66
321798006078710 91
321798084102591 23
321798084151060 66
321798084158134 91
321798140288048 23
321798140316133 66
321798140323533 91
321798207317936 23
321798207357798 66
321798207365951 91
321798285962335 23
321798285989480 66
321798285996745 91
321798341493108 23
321798341527530 66
321798341534643 91
321798408485751 23
321798408515175 66
321798408522370 91
321798487295969 23
321798487332206 66
321798487339530 91
321798542558120 23
321798542584978 66
321798542592368 91
321798619164362 23
321798619197983 66
321798619205594 91
321798676824863 23
321798676858891 66
321798676866237 91
321798743720888 23
321798743750195 66
321798743757270 91
321798743763962 23
321798810741974 66
321798810770038 91
321798810777231 23
321798877831042 66
321798877859315 91
321798877866637 23
321798944931326 66
321798944959990 91
321798944967239 23
321798944974070 23
321799022445852 66
321799022485533 91
321799022492647 23
321799022499408 66
321799079350622 91
321799079379081 23
321799079386338 66
321799146101858 91
321799146129274 23
321799146136462 66
321799220956324 91
321799220988333 23
321799220995729 66
321799280319502 91
321799280348916 23
321799280356018 66
321799347300160 91
321799347331411 23
321799347339095 66
321799425713223 91
321799425742673 23
321799425750074 66
321799481896074 91
321799481927940 23
321799481935139 66
321799481942316 91
321799548544315 23
321799548567948 66
321799548575517 91
321799621762145 23
321799621794731 66
321799621802278 91
321799682673166 23
321799682699104 66
321799749794064 91
321799749828229 91
321799828930892 23
321799828959524 66
321799828966676 23
321799828973479 66
321799828980353 91
321799883966399 23
321799884009268 66
321799884016426 91
321799960943962 23
321799960981642 66
321800018048279 91
321800018079059 91
321800018086230 23
321800085087520 66
321800085114384 23
321800085121685 66
321800085128370 91
321800162128295 23
321800162160067 66
321800162167177 91
321800219115140 23
321800219146902 66
321800219154322 91
321800286260788 23
321800286293408 66
321800286300664 91
321800286307372 23
321800364067349 66
321800364093876 91
321800364101343 23
321800420325645 66
321800420356779 91
321800420364167 23
321800420370879 66
321800492837979 91
321800492865259 23
321800492872472 66
321800554547511 91
321800554578669 23
321800554585769 66
321800631300224 91
321800631324726 23
321800631332311 66
321800688570372 91
321800688601240 23
321800688608226 66
321800755631532 91
321800755657720 23
321800755665046 66
321800833597255 91
321800833627695 23
321800833634902 66
321800889740640 91
321800889768256 23
321800889775346 66
321800956854822 91
321800956886633 23
321800956894028 66
321800956900845 91
321801034561528 23
321801034590847 66
321801034597976 91
321801091186006 23
321801091216239 66
321801091223203 91
321801158573198 23
321801158613959 66
321801158621190 91
321801236533282 23
321801236559542 66
321801236566727 91
321801292221241 23
321801292250689 66
321801292257975 91
321801359392070 23
321801359418843 66
321801359426073 91
321801437829734 23
321801437859222 66
321801437866415 91
321801493398783 23
321801493424886 66
321801493432178 91
321801569738560 23
321801569767226 66
321801569774496 91
321801639831425 23
321801639854853 66
321801639862404 91
321801694558895 23
321801694589279 66
321801694596380 91
321801761773787 23
321801761810281 66
321801761817520 91
321801761824374 23
321801828771456 66
321801828803467 91
321801828810763 23
321801907036206 66
321801907062651 91
321801907070045 23
321801907076932 66
321801969782279 91
321801969815929 23
321801969824170 66
321802030062475 91
321802030089234 23
321802030096447 66
321802109094303 91
321802109140938 23
321802109148006 66
321802164049630 91
321802164078643 23
321802164086020 66
321802231053573 91
321802231085478 23
321802231093145 66
321802310333982 91
321802310359001 23
321802310366208 66
321802365258933 91
321802365289741 23
321802365296693 66
321802365303534 91
321802442184194 23
321802442211194 66
321802499295728 91
321802499327992 91
321802566496723 23
321802566523897 66
321802566531170 23
321802566537953 66
321802566544663 91
321802643526847 23
321802643556710 66
