319773783823253 91
319773783859422 23
319773783867663 66
319773862251706 91
319773862283254 23
319773918150236 66
319773918175021 91
319773918182397 23
319773990542938 23
319773990571958 66
319773990579037 91
319774052192908 23
319774052222515 66
319774052230549 91
319774119318627 23
319774119347891 23
319774119355003 66
319774119361770 91
319774186471039 23
319774186495765 66
319774186502811 91
319774265542899 23
319774265574387 66
319774265581578 91
319774320435706 23
319774320461389 66
319774320468690 91
319774393413596 23
319774393445006 66
319774393452129 91
319774466749957 23
319774466778158 66
319774466785323 91
319774521684191 23
319774521714225 66
319774521722128 91
319774598643549 23
319774598670762 66
319774598678032 91
319774656059629 23
319774656094677 66
319774656102194 91
319774722762941 23
319774722789052 66
319774722796331 91
319774800596329 23
319774800621919 66
319774800629273 91
319774856912602 23
319774856942612 66
319774856949797 91
319774924170048 23
319774924208488 66
319774924215848 91
319775001948235 23
319775001975447 66
319775001982776 91
319775058104595 23
319775058132882 66
319775058139838 91
319775125362516 23
319775125389993 66
319775125397218 91
319775203883426 23
319775203914086 66
319775203921241 91
319775259309239 23
319775259335278 66
319775259342473 91
319775326522097 23
319775326553048 66
319775326560189 91
319775393528207 23
319775393554920 66
319775393562129 91
319775471271712 23
319775471307385 66
319775471315043 91
319775527725738 23
319775527755641 66
319775527762826 91
319775594916089 23
319775594943280 66
319775594950441 91
319775661697264 23
319775661727261 66
319775661734486 91
319775728960982 23
319775728992309 66
319775728999488 91
319775795946204 23
319775795977813 66
319775795984978 91
319775874550492 23
319775874586510 66
319775874593626 91
319775929942357 23
319775929965845 66
319775929973108 91
319776006265016 23
319776006295154 66
319776006302977 91
319776072377787 23
319776072407495 66
319776133214381 91
319776133240518 91
319776207604168 23
319776207630027 66
319776207637259 23
319776207644003 66
319776207650744 91
319776277714184 23
319776277740989 66
319776277748231 91
319776332692941 23
319776332723185 66
319776332730302 91
319776409526075 23
319776409552271 66
319776409559663 91
319776466575834 23
319776466601484 66
319776466608681 91
319776533805330 23
319776533834159 23
319776533841328 66
319776533848356 91
319776600652220 23
319776600682401 66
319776600689693 91
319776667668181 23
319776667692361 66
319776667699349 91
319776746884308 23
319776746915479 66
319776746922438 91
319776801949479 23
319776801975580 66
319776801982952 91
319776878770910 23
319776878798341 66
319776878805618 91
319776941370729 23
319776941399540 66
319776941406902 91
319777014157908 23
319777014183426 66
319777070139654 91
319777070164136 23
319777070172180 66
319777137084683 91
319777137109820 23
319777137116887 66
319777216091665 91
319777216120208 23
319777216127562 66
319777271293651 91
319777271323411 23
319777271330462 66
319777338306335 91
319777338332263 23
319777338339621 66
319777425576976 91
319777425610598 23
319777425617872 66
319777472527638 91
319777472553552 23
319777472561316 66
319777549391693 91
319777549421924 23
319777549429183 66
319777606862724 91
319777607014700 23
319777607022819 66
319777683130168 91
319777683164544 23
319777683171882 66
319777741210967 91
319777741250535 23
319777741257787 66
319777814546318 91
319777814580149 23
319777814587385 23
319777886565784 66
319777886596876 91
319777886603849 23
319777886610576 66
319777945295798 91
319777945322491 23
319777945330947 66
319778018499827 91
319778018530162 23
319778018537462 66
319778076179692 91
319778076206316 23
319778076213566 66
319778143143619 91
319778143175881 23
319778143183089 66
319778210311974 91
319778210340505 23
319778210347578 66
319778277324793 91
319778344361065 91
319778344387088 23
319778344394363 66
319778421779854 23
319778421816854 66
319778421823888 91
319778481816464 91
319778481843169 23
319778545493604 66
319778545521185 23
319778545528453 66
319778545535262 91
319778545541994 23
319778545548767 66
319778618249824 91
319778618277701 23
319778618284842 66
319778679929589 91
319778679967391 23
319778679974623 66
319778746822583 91
319778746850879 23
319778824965979 66
319778824995584 91
319778825002634 23
319778880892382 66
319778880920203 91
319778880927424 23
319778947865307 66
319778947896117 91
319778947903923 23
319779015052568 66
319779015077374 91
319779015084838 23
319779082082379 66
319779082113676 91
319779082120735 23
319779149119285 23
319779149146187 66
319779149153764 91
319779149160567 23
319779216228822 66
319779216256682 91
319779216263770 23
319779294257927 66
319779294285875 91
319779294293201 23
319779350302435 66
319779350329011 91
319779417431812 23
319779417462220 66
319779417469441 91
319779484537398 23
319779484567752 66
319779484574927 91
319779551541215 23
319779551570674 66
319779551577903 91
319779618696989 23
319779618734165 66
319779618741521 91
319779697418250 23
319779697441741 66
319779697449111 91
319779753013091 23
319779753043465 66
319779753050859 91
319779829314966 23
319779829344734 23
319779829351975 66
319779829358758 91
319779907043342 23
319779907076333 66
319779907083829 91
319779964671709 23
319779964700962 66
319779964708179 91
319780021172676 23
319780021199260 66
319780021206382 91
319780088066035 23
319780088148869 66
319780088156635 91
319780166634373 23
319780166660042 66
319780166667237 91
319780222085531 23
319780222107344 66
319780222114479 91
319780295183657 23
319780295210210 66
319780295217657 91
319780367948435 23
319780367976532 66
319780367983703 91
319780423417367 23
319780423449187 23
319780423456339 66
319780423463201 91
319780499851306 23
319780499885431 66
319780499892447 91
319780569966533 23
319780569996533 66
319780570003587 91
319780624551878 23
319780624575603 66
319780624582646 91
319780691666950 23
319780691692877 66
319780691700088 91
319780758654583 23
319780758681501 66
319780758688432 91
319780825981199 23
319780826025068 66
319780826032420 91
319780903070787 23
319780903098679 66
319780903106053 91
319780959866754 23
319780959897105 66
319780959904214 91
319781027093378 23
319781027121967 66
319781027129156 91
319781103032546 23
319781103059951 66
319781103067339 91
319781161089896 23
319781161117526 66
319781161125212 91
319781240484198 23
319781240521081 66
319781240528316 91
319781295329001 23
319781295361633 66
319781295369394 91
319781372326479 23
319781372359354 66
319781372367235 91
319781429370118 23
319781429398030 66
319781429405458 91
319781496644360 23
319781496687463 66
319781496694720 91
319781563637931 23
319781563670692 66
319781563678126 91
319781630515860 23
319781630549607 66
319781630556662 91
319781697658050 23
319781697687563 23
319781697694790 66
319781697701637 91
319781775716810 23
319781775756626 66
319781775763835 91
319781832003170 23
319781832035427 66
319781832043610 91
319781899135355 23
319781899165855 66
319781899172976 91
319781974150026 23
319781974177260 66
319781974184403 91
319782032926321 23
319782032950233 66
319782032957183 91
319782100075738 23
319782100106524 66
319782100114016 91
319782178903418 23
319782178930639 66
319782234126233 91
319782234152056 23
319782234159304 66
319782310703589 91
319782310734200 23
319782310741404 66
319782374923243 91
319782435369957 91
319782435399377 23
319782435406745 66
319782435413654 23
319782512018287 66
319782512043940 91
319782512051165 23
319782512057912 66
319782569595488 91
319782569625022 23
319782569632073 66
319782636597227 91
319782636622865 23
319782636630145 66
319782713960790 91
319782713988048 23
319782713995354 66
319782770718886 91
319782770743927 23
319782770751306 66
319782843138392 91
319782843169828 23
319782843177703 66
319782904839200 91
319782904868457 23
319782904876087 66
319782971782089 91
319782971807271 23
319782971814617 23
319782971821532 66
319783039033573 91
319783039064544 23
319783039071723 66
319783117300645 91
319783117333366 23
319783117340733 66
319783173072166 91
319783173096760 23
319783173104145 66
319783245950137 91
319783245978254 23
319783245985437 66
319783307281126 91
319783307310295 23
319783307318037 66
319783384543156 91
319783384571932 23
319783384579204 66
319783441322211 91
319783441347852 23
319783441355473 66
319783508337208 91
319783508362040 23
319783508369328 66
319783586480163 91
319783586510217 23
319783586517476 66
319783642592813 91
319783642619184 23
319783642626427 66
319783709516255 91
319783709542462 23
319783709549450 66
319783787705975 91
319783787734339 23
319783787741687 66
319783843849664 91
319783843892754 23
319783910979439 66
319783911004790 91
319783911013451 23
319783989695561 66
319783989727568 91
319783989734554 23
319784045018311 66
319784045043554 91
319784045050920 23
319784111987838 66
319784112012121 91
319784112020245 23
319784190986735 66
319784191015996 91
319784191023324 23
319784246153312 66
319784246181861 91
319784246188982 23
319784322861820 23
319784322889124 66
319784322897168 91
319784322903971 23
319784380222689 66
319784380245391 91
319784380252509 23
319784447370573 66
319784447394735 91
319784447401960 23
319784514424951 66
319784514455916 91
319784581390739 23
319784581414750 66
319784581421989 91
319784660197207 23
319784660230564 66
319784660237763 91
319784715641852 23
319784715667120 66
319784715674217 91
319784792136192 23
319784792173326 66
319784792180795 91
319784849653768 23
319784849683102 66
319784849690536 91
319784922859619 23
319784922888874 66
319784922895862 91
319784983857728 23
319784983885645 66
319784983893042 91
319785050891953 23
319785050921399 66
319785050928596 91
319785117970808 23
319785118000864 66
319785118008208 91
319785195419645 23
319785195447685 66
319785195454836 91
319785252106751 23
319785252131833 66
319785252139390 91
319785319067205 23
319785319096458 66
319785319104138 91
319785396629435 23
319785396657791 66
319785396665023 91
319785453320062 23
319785453341816 66
319785453349128 91
319785520316012 23
319785520340059 66
319785520347285 91
319785598605834 23
319785598633307 23
319785598640780 66
319785598647673 91
319785654451844 23
319785654483775 66
319785654491131 91
319785721785798 23
319785721828085 66
319785721835578 91
319785788530289 23
319785788559381 66
319785788566651 91
319785865810188 23
319785865836281 66
319785865843579 91
319785922745209 23
319785922774917 66
319785922782032 91
319785990072738 23
319785990109556 66
319786067815576 91
319786067847496 91
319786123991165 23
319786124018266 66
319786124025660 23
319786124032463 66
319786124039178 91
319786198940648 23
319786198968992 66
319786198976153 91
319786258093134 23
319786258119056 66
319786258127191 91
319786325068195 23
319786325101091 66
319786325108252 91
319786392281294 23
319786392307053 66
319786392314379 91
319786471103269 23
319786471132643 66
319786471140059 91
319786526471614 23
319786526501794 66
319786526509500 91
319786593366454 23
319786593396630 66
319786593404022 91
319786660595590 23
319786660622210 66
319786660629585 91
319786727513768 23
319786727540913 66
319786727547909 91
319786794585825 23
319786794615333 66
319786794622772 91
319786861604487 23
319786861631852 23
319786861639013 66
319786861645727 91
319786928702010 23
319786928727345 66
319786928734886 91
319786995788700 23
319786995817881 66
319787062851239 91
319787062879999 91
319787136651794 23
319787136681850 66
319787136689091 23
319787136695999 66
319787136702593 91
319787204003268 23
319787204029606 66
319787204036828 91
319787277164222 23
319787277195381 66
319787277202692 91
319787338842405 23
319787338870240 66
319787338877351 91
319787406312436 23
319787406350868 66
319787406357973 91
319787473549303 23
319787473576327 66
319787538715471 91
319787538749425 23
319787538756679 66
319787599409448 91
319787599436488 23
319787599443844 66
319787666733062 91
319787666764830 23
319787666772101 66
319787733408963 91
319787733434948 23
319787733444563 66
319787800553555 91
319787800583323 23
319787800590633 66
319787867724668 91
319787867753237 23
319787867760478 66
319787934684407 91
319788001710654 91
319788001741987 23
319788001749138 66
319788075917746 23
319788075959551 66
319788075966909 91
319788075973801 23
319788075980555 66
319788143099653 91
319788143123149 23
319788143130558 23
319788210508150 66
319788210534754 91
319788277874014 91
319788277904016 23
319788277911374 66
319788345565869 23
319788345593440 66
319788345600656 91
319788345607485 23
319788345614322 66
319788404102892 91
319788404127762 23
319788404135174 66
319788471306336 91
319788471331751 23
319788471339067 66
319788538356687 91
319788538385813 23
319788538393097 66
319788605370495 91
319788605396572 23
319788605403789 66
319788672340341 91
319788672363916 23
319788672371300 66
319788739610267 91
319788739638253 23
319788739645275 66
319788806658077 91
319788806693826 23
319788806701065 66
319788873604128 91
319788873631730 23
319788873639076 66
319788947468561 91
319788947499013 23
319788947506272 66
319789014908389 91
319789014937705 23
319789014944916 66
319789082216270 91
319789082243893 23
319789149587226 66
319789149615486 91
319789149622768 23
319789216946619 66
319789216974374 91
319789216982195 23
319789284350824 66
319789284380870 91
319789284388318 23
319789343006793 66
319789343029672 91
319789343036988 23
319789410083489 66
319789410114417 91
319789410121445 23
319789477115963 66
319789477146834 91
319789477154077 23
319789544304590 66
319789544329587 91
319789544336875 23
319789611359928 66
319789611382231 91
319789678343984 23
319789678373012 66
319789678380498 91
319789745588508 23
319789745622068 66
319789745629744 91
319789812434747 23
319789812463318 66
319789812470929 91
319789886598854 23
319789886625566 66
319789886632912 91
319789953974063 23
319789954004931 66
319790021347765 91
319790021374886 91
319790088676736 23
319790088704696 66
319790088711702 23
319790088718497 66
319790156075007 91
319790156098566 91
319790223495138 23
319790223525391 66
319790223532735 23
319790223539466 66
319790223547083 91
319790281919797 23
319790281947608 66
319790348982726 91
319790349015003 91
319790423494249 23
319790423519767 66
319790423526902 23
319790423533644 66
319790423540385 91
319790490851962 23
319790490879194 66
319790490886661 91
319790558247864 23
319790558274971 66
319790558282043 91
319790625626551 23
319790625654314 66
319790625661328 91
319790684567347 23
319790684600889 66
319790684608251 91
319790751478233 23
319790751508422 66
319790751515720 91
319790818539639 23
319790818568078 66
319790818575132 91
319790885679435 23
319790885709680 66
319790885716992 91
319790952565666 23
319790952592528 66
319790952599832 91
319791019585933 23
319791019613449 66
319791019620517 91
319791086717341 23
319791086750378 66
319791086757815 91
319791160449583 23
319791160481632 66
