106719472908894 91
106719538624431 91
106719538661853 23
106719605129190 66
106719605161863 23
106719605169621 66
106719605176569 91
106719674106848 23
106719674139770 66
106719674147271 91
106719731703751 23
106719731742893 66
106719731750531 91
106719798601872 23
106719798630385 66
106719798637904 91
106719865652334 23
106719865679944 66
106719865687485 91
106719932837877 23
106719932873847 66
106719932881321 91
106720008049572 23
106720008085852 66
106720008093519 91
106720008100618 23
106720067105825 66
106720067143570 91
106720133974708 23
106720134010638 66
106720134018350 91
106720213359142 91
106720213403630 23
106720213413752 66
106720268143200 23
106720268176466 66
106720345142795 91
106720345172199 91
106720402312185 23
106720402347031 66
106720402354698 23
106720402361648 66
106720469271050 91
106720469305714 23
106720536301209 66
106720536333729 91
106720603307916 23
106720603340477 66
106720603348072 91
106720670524045 91
106720670555500 23
106720670563196 66
106720737607708 23
106720737639085 66
106720737646481 91
106720737653481 23
106720804917956 66
106720804963351 91
106720804970832 91
106720871844556 23
106720871875907 66
106720871883367 23
106720871890369 66
106720871897367 91
106720945732983 23
106720945766567 66
106720945774396 91
106721013100265 23
106721013129846 66
106721080494742 91
106721147914923 91
106721147951970 23
106721147959696 66
106721215234448 23
106721215268204 66
106721215275762 91
106721282626284 23
106721282660377 66
106721282667896 91
106721341106418 91
106721341141209 23
106721341148764 66
106721408182136 23
106721408211562 66
106721408219119 91
106721475299743 23
106721475333629 66
106721475340944 91
106721542263384 23
106721542294707 66
106721542302269 91
106721609402329 23
106721609441316 66
106721609448688 91
106721609455753 23
106721676492608 66
106721676522686 91
106721743508299 91
106721743574119 23
106721743582025 66
106721817477915 91
106721817508429 23
106721817515864 66
106721817522926 23
106721884894249 66
106721884937375 91
106721952227647 91
106721952263273 23
106721952271031 66
106721952278287 23
106721952285140 66
106722019608106 91
106722019645126 91
106722087028333 23
106722087061647 66
106722087069526 23
106722087076498 66
106722087083500 91
106722145955319 91
106722213157165 23
106722213197049 66
106722213204534 23
106722213211596 66
106722213218739 91
106722280035075 91
106722347198751 23
106722347231126 66
106722347238872 91
106722347246007 23
106722414173808 66
106722414203662 91
106722414211300 23
106722481294126 66
106722481327992 23
106722481336096 66
106722481343271 91
106722548267256 23
106722548303744 66
106722548311209 91
106722615377507 23
106722615412803 66
106722689165561 91
106722689194720 91
106722756612227 23
106722756654428 66
106722756662411 23
106722756669341 66
106722824308283 91
106722891433269 23
106722891484892 66
106722891492594 91
106722958784935 23
106722958830614 66
106722958838258 91
106723026043989 23
106723026076173 66
106723085151029 91
106723158619933 23
106723158658484 66
106723158666144 91
106723218957922 23
106723218994141 91
106723219001875 23
106723219008696 66
106723286110658 23
106723286143065 91
106723286150504 23
106723286157479 66
106723286164421 91
106723353299391 23
106723353334878 66
106723353342389 23
106723353349530 66
106723353356621 91
106723420113519 91
106723420143194 23
106723420151033 66
106723487148403 23
106723487179225 66
106723487187329 91
106723560885067 23
106723560915113 66
106723560922618 91
106723621296530 91
106723621328462 23
106723688529534 66
106723688565777 91
106723688573407 23
106723755501179 66
106723755535065 23
106723755542846 66
106723822524271 91
106723889535148 23
106723889567752 66
106723889576017 91
106723956771725 23
106723956806115 66
106723956813683 91
106724032466169 23
106724032502808 66
106724032510405 91
106724097825062 91
106724097865429 23
106724097872958 66
106724165229860 23
106724165264050 66
106724165271715 91
106724232569496 23
106724232603217 66
106724299951870 91
106724367343087 91
106724367379097 23
106724367386889 66
106724367393901 23
106724426511243 66
106724426543501 91
106724426551255 23
106724426558591 66
106724426565501 91
106724493426244 23
106724493535474 66
106724493545403 91
106724560283135 23
106724560315382 66
106724560323683 91
106724627308037 91
106724694488658 23
106724694516222 66
106724694523936 91
106724694530883 23
106724694537765 66
106724761473933 91
106724761503589 23
106724761511452 66
106724828519255 23
106724828550023 66
106724828557966 91
106724895551342 23
106724895583033 66
106724969676212 91
106724969724812 23
106724969734327 66
106725036926437 91
106725036959521 91
106725104335140 23
106725104367062 66
106725104374885 23
106725104382024 66
106725171721724 91
106725239112541 23
106725239147271 66
106725297987197 91
106725365107703 23
106725365139380 66
106725365178312 91
106725432318861 23
106725432350268 66
106725432357765 91
106725432364701 23
106725432371536 66
106725499599095 91
106725566181402 23
106725566213052 66
106725566220742 91
106725633400869 23
106725633431989 66
106725633439701 91
106725700478192 23
106725700505950 66
106725767471306 91
106725767504481 23
106725767511871 66
106725767518855 91
106725858848948 91
106725908656510 23
106725908693984 66
106725908701403 91
106725908708604 23
106725976085766 66
106725976119095 23
106725976126435 66
106725976133489 91
106726043494823 91
106726043527057 23
106726043535016 66
106726110883521 23
106726110920746 66
106726110928132 91
106726178184056 91
106726178215934 23
106726178223410 66
106726237140650 91
106726237175592 23
106726237183181 66
106726237190097 91
106726304005169 23
106726304036953 66
106726304044552 23
106726371124114 66
106726371158945 91
106726371166679 23
106726371173633 66
106726438096880 91
106726505290356 91
106726505332889 23
106726505340547 66
106726505347732 23
106726572223357 66
106726572258747 91
106726639243177 91
106726639278483 23
106726639286390 66
106726639293384 91
106726713019311 23
106726713055349 66
106726713062962 23
106726713070053 66
106726713076922 91
106726780377779 91
106726847714532 23
106726847745159 66
106726847752626 23
106726847759750 66
106726915102430 91
106726915140302 23
106726915149511 66
106726982524764 91
106727049877435 91
106727049911131 23
106727049919246 66
106727049926324 23
106727049933195 23
106727049940115 66
106727117231893 91
106727117262060 91
106727175918578 23
106727175953369 66
106727242894594 91
106727242928244 23
106727242936035 66
106727242943214 23
106727242950198 66
106727242957023 91
106727309893225 23
106727309934869 66
106727377013852 91
106727377047558 23
106727444114683 66
106727444147565 91
106727511320780 23
106727511354110 66
106727511361543 91
106727578508614 91
106727578541530 23
106727645329775 66
106727645360358 23
106727645367754 66
106727719454272 91
106727719487500 23
106727719495588 66
106727786829998 91
106727786857431 23
106727786864749 66
106727854420005 91
106727929939185 91
106727929976967 23
106727988966564 66
106727989002650 91
106727989010857 23
106727989017900 66
106728047798110 23
106728047826048 66
106728047833652 91
106728114792669 23
106728114826997 66
106728186851083 91
106728186884586 23
106728186892101 66
106728248994231 91
106728249027054 91
106728316092626 23
106728316126839 66
106728383034992 23
106728383066993 66
106728383074433 91
106728383081359 23
106728383088321 66
106728450144436 91
106728523847831 23
106728523881545 66
106728523888935 91
106728591179662 23
106728591212980 66
106728658535704 91
106728725946223 23
106728725976878 66
106728725984612 91
106728793305032 23
106728793335981 66
106728871157077 91
106728871200081 91
106728919572525 23
106728919601064 66
106728919608766 91
106728919616047 23
106728986705415 66
106728986737096 91
106728986744929 23
106729053732284 66
106729053763884 23
106729053771492 66
106729053778538 91
106729120938865 23
106729120987169 66
106729120994624 91
106729187806989 23
106729187836675 66
106729254843557 91
106729321896919 91
106729321928188 23
106729321935765 66
106729395549835 91
106729395583604 23
106729395591054 66
106729462878379 91
106729462909234 23
106729462917016 66
106729530263037 23
106729530296077 66
106729597665797 91
106729597712615 23
106729597720568 66
106729597727504 91
106729665008183 23
106729665040650 66
106729665048489 91
106729732422892 23
106729732455898 66
106729799776037 91
106729858529805 23
106729858558690 66
106729858566820 91
106729925527495 91
106729925558619 23
106729925566131 66
106730003349333 91
106730003385005 23
106730003392528 66
106730059695087 91
106730059728743 23
106730059736574 66
106730059743785 23
106730059750725 66
106730126750953 91
106730126780411 91
106730193745946 23
106730193774662 66
106730193782281 23
106730193789185 66
106730261039498 91
106730261073949 91
106730261081717 23
106730327983608 66
106730328019477 23
106730328027802 66
106730328034981 91
106730402050198 23
106730402083015 66
106730402090693 91
106730469360868 23
106730536735721 66
106730536767362 91
106730604113036 91
106730604145773 23
106730604154308 66
106730671574651 23
106730671611049 66
106730671618512 91
106730730427242 23
106730730459649 66
106730797370123 91
106730864433574 23
106730864465989 66
106730864473681 91
106730931538833 23
106730931573010 66
106730931580648 91
106730998637363 23
106730998667055 66
106730998674515 91
106731065689874 23
106731065722281 66
106731132711394 91
106731199800330 91
106731199833690 23
106731199841372 66
106731199848565 91
106731273680108 23
106731273712197 66
106731273719720 91
106731273726682 23
106731341137841 66
106731341170525 91
106731341177894 23
106731408451068 66
106731408480301 91
106731408487794 23
106731408494860 66
106731475860416 23
106731475894994 66
106731475902798 91
106731543203936 23
106731543239602 66
106731543247529 91
106731602192025 91
106731602225711 23
106731602233564 66
106731669340866 23
106731669381201 91
106731669388911 23
106731669396162 66
106731736518259 23
106731736549264 66
106731736556944 91
106731803709121 91
106731803741369 23
106731803748806 66
106731803755933 91
106731870375037 23
106731870409971 66
106731870417745 23
106731870424679 66
106731937436570 91
106732004666036 91
106732004697573 23
106732004705067 66
106732004712104 91
106732071732624 23
106732071773170 66
106732071781306 23
106732071788385 66
106732071795560 91
106732145440870 91
106732145476803 23
106732212984137 66
106732213019329 23
106732213027014 66
106732213034021 91
106732280150735 91
106732280183017 23
106732280190492 66
106732347615282 91
106732347646901 23
106732347654225 66
106732414943197 23
106732414977429 66
106732414984988 91
106732482739221 23
106732482772021 66
106732482779515 91
106732541270757 23
106732541304094 66
106732541311737 91
106732608215615 23
106732608249460 66
106732608257217 91
106732675215113 23
106732742264881 66
106732742293756 91
106732742301995 23
106732742309188 66
106732809425136 91
106732876366973 23
106732876396208 66
106732876403896 91
106732943539073 23
106732943570479 66
106732943578199 91
106733010730886 23
106733010765293 66
106733084517945 91
106733084547669 91
106733151909954 23
106733151944002 66
106733151952280 23
106733151959324 66
106733219266299 91
106733286784614 23
106733286819443 66
106733286826886 91
106733354032435 91
106733354066142 23
106733354073836 66
106733421448329 23
106733421480946 66
106733421488452 91
106733480181808 23
106733480225228 66
106733547151291 91
106733614132571 91
106733614166684 23
106733614174374 66
106733681221768 23
106733681255597 66
106733681263351 91
106733748334263 23
106733748370057 66
106733748377631 91
106733748384655 91
106733815621405 23
106733815666889 66
106733815674639 23
106733815681663 66
106733882411446 91
106733882445185 91
106733956392754 23
106733956431112 66
106733956438743 91
106734023616377 23
106734023644041 66
106734023651402 23
106734023658257 66
106734023665124 91
106734091013069 23
106734091042262 66
106734168371347 91
106734225750996 23
106734225783844 66
106734293198331 91
106734293230450 23
106734351958368 66
106734351989291 91
106734351996945 91
106734418870047 23
106734418901344 66
106734418908806 91
106734418915760 23
106734418922758 66
106734486029175 23
106734486063632 66
106734553103597 91
106734620102373 23
106734620130644 66
106734620138047 91
106734696867702 23
106734696905725 66
106734696913319 91
106734696920274 23
106734696927373 66
106734754315048 91
106734754348813 23
106734821574331 66
106734821620463 91
106734895332426 23
106734895360291 66
106734895367979 91
106734962723623 23
106734962757548 66
106734962765337 91
106735030100354 91
106735097484298 23
106735097516294 66
106735097523550 91
106735097530558 23
106735097537616 66
106735164843771 23
106735164872427 66
106735164879793 91
106735223766760 91
106735223795035 23
106735223802721 66
106735290780757 91
106735290816145 23
106735290823970 66
106735357955074 91
106735357988479 23
106735357996046 66
106735358003175 23
106735424991067 66
106735425021525 91
106735492062649 91
106735492096350 23
106735492104056 66
106735492110969 23
106735559214303 66
106735559246388 91
106735626261455 23
106735626294144 66
106735693286373 91
106735767046117 91
106735767075622 23
106735767083155 23
106735767090348 66
106735767097308 91
106735834475317 23
106735834510212 66
106735834517564 91
106735901847487 23
106735901884593 66
106735901892277 23
106735901899419 66
106735901906365 91
106735969191632 91
106736036562633 23
106736036597235 66
106736036604973 91
106736103947870 23
106736103979086 66
106736103986650 23
106736103993627 66
106736104000613 91
106736162942832 23
106736229779993 66
106736229815286 91
106736296805385 23
106736296839747 66
106736296847510 91
106736363879602 23
106736363913588 66
106736363921715 91
106736430939220 23
106736430974240 66
106736430982232 91
106736498016306 23
106736498046752 66
106736498054327 91
106736576969444 23
106736577004611 66
106736577012396 91
106736632867977 91
106736632892432 23
106736632899907 66
106736708835477 23
106736708864293 66
106736708872331 91
106736766415807 23
106736766456526 66
106736766464417 91
106736841636119 23
106736841671377 66
106736841678846 91
106736900639918 91
106736900670827 23
106736900678420 66
106736967452160 23
106736967482884 66
106737034495986 91
106737101712440 23
106737101743326 66
106737101751427 91
106737168823361 23
106737168862521 66
106737168870015 91
106737235693675 23
106737235722280 66
106737302728861 91
106737302759647 91
106737376455333 23
106737376487499 66
106737376494843 23
106737376501716 66
