317770218978525 91
317770286121935 23
317770286150202 66
317770286157627 91
317770353267200 23
317770353294307 66
317770353302355 91
317770432380689 23
317770432418346 66
317770432425555 91
317770487302215 23
317770487329268 66
317770554419941 91
317770554451606 23
317770554458892 66
317770627095086 91
317770627127356 23
317770627134521 66
317770688584250 91
317770688621435 23
317770688628861 66
317770765492239 91
317770765516324 23
317770765523720 66
317770822674225 91
317770822700127 23
317770890523700 66
317770890552366 91
317770890560412 23
317770956761737 66
317770956789854 91
317770956796916 23
317771023778408 66
317771023801797 91
317771090849270 23
317771090881278 66
317771090888335 91
317771168748528 23
317771168774720 66
317771168782235 91
317771224930154 23
317771224955752 66
317771224962803 91
317771292047337 23
317771292072786 66
317771292079941 91
317771366753535 23
317771366782424 66
317771366789805 91
317771426399942 23
317771426433041 66
317771426440276 91
317771493535015 23
317771493560635 66
317771493567859 91
317771571974384 23
317771572004037 66
317771572011239 91
317771627501723 23
317771627531507 66
317771627538803 91
317771703884822 23
317771703910273 66
317771761544655 91
317771761574135 23
317771761581238 66
317771828689632 91
317771828715745 23
317771828723003 66
317771895707666 91
317771895738185 23
317771895745414 66
317771962886773 91
317771962912816 23
317771962920188 66
317772029724682 91
317772029755329 23
317772107214646 66
317772107243943 91
317772107251243 23
317772163952579 66
317772163978877 91
317772231018712 23
317772231053885 66
317772231061212 91
317772298135138 23
317772298172465 66
317772298179753 91
317772365162974 23
317772365192169 66
317772365199585 91
317772432133770 23
317772432159660 66
317772432166755 91
317772510420970 23
317772510452152 66
317772510459534 91
317772566380505 23
317772566416100 66
317772566423442 91
317772640705483 23
317772640730093 66
317772640737182 91
317772700548058 23
317772700576853 66
317772700584092 91
317772767507866 23
317772767535051 66
317772767542313 91
317772834620722 23
317772834651389 66
317772834658456 91
317772913646443 23
317772913672903 66
317772970373814 91
317772970400360 23
317772970408056 66
317773043628387 91
317773043659133 23
317773043666447 66
317773110991711 91
317773111018673 23
317773111026027 66
317773169862467 91
317773169890477 23
317773169897765 66
317773236988573 91
317773237022010 23
317773303962366 66
317773303990903 91
317773303998008 23
317773371064748 66
317773371088898 91
317773438116125 23
317773438147667 66
317773438154844 91
317773505382595 23
317773505412631 66
317773505420443 91
317773572549279 23
317773572574531 66
317773572581750 91
317773639380312 23
317773639408560 23
317773639416616 66
317773639423372 91
317773713216360 23
317773713245491 66
317773713252839 91
317773780575671 23
317773780600012 66
317773780607273 91
317773847955529 23
317773847983376 66
317773847990832 91
317773915357249 23
317773915385708 66
317773915392810 91
317773982718845 23
317773982751632 23
317773982759356 66
317773982766229 91
317774050109430 23
317774050136120 23
317774050143356 66
317774050150001 91
317774108774547 23
317774108802416 66
317774175789632 91
317774175816612 23
317774175823997 66
317774242978454 91
317774243010825 23
317774243017856 66
317774309964174 91
317774309991568 23
317774309998963 66
317774377010445 91
317774377039357 23
317774377046401 66
317774444270004 91
317774444312237 23
317774511172419 23
317774511198333 66
317774584922406 91
317774584952073 91
317774584959393 23
317774652297909 66
317774652320635 23
317774652327812 66
317774652334629 91
317774719727382 23
317774719764810 66
317774719772254 91
317774787240589 23
317774787274945 66
317774787282184 91
317774854455639 23
317774854484928 66
317774854492065 91
317774928727995 23
317774928760654 66
317774928767694 91
317774980714978 23
317774980737704 66
317774980745500 91
317775047908505 23
317775047985645 66
317775047992929 91
317775114708535 23
317775114737798 66
317775114745259 91
317775181804394 23
317775181835944 66
317775181843407 91
317775248827334 23
317775248856451 66
317775248863897 91
317775315954882 23
317775315985391 66
317775383023461 91
317775383053974 23
317775383061070 66
317775450109064 91
317775450138335 23
317775450145635 66
317775524034983 91
317775524064462 23
317775524071661 66
317775591442526 91
317775591476261 23
317775591483438 66
317775658766121 91
317775658794601 23
317775726157504 66
317775726182404 91
317775726189895 23
317775793529187 66
317775793557097 91
317775852556896 23
317775852587196 66
317775852594477 91
317775919454181 23
317775919479606 66
317775919486616 91
317775986680571 23
317775986705277 66
317775986712444 91
317776053862899 23
317776053893468 66
317776053900697 91
317776120742662 23
317776120770370 66
317776120777617 91
317776187708129 23
317776187738911 66
317776187746211 91
317776254949397 23
317776254977749 66
317776254984966 91
317776321966245 23
317776321997254 66
317776322004364 91
317776395735101 23
317776395761049 66
317776395768371 91
317776463129146 23
317776463160994 66
317776530681181 91
317776530714956 23
317776530723322 66
317776590158510 91
317776590184046 23
317776590191193 66
317776657201026 91
317776737544602 91
317776737568304 23
317776737575481 66
317776791555608 23
317776791595730 66
317776791603116 91
317776791609850 23
317776858431901 66
317776858456135 91
317776858463397 23
317776925457406 66
317776925486981 91
317776992604362 23
317776992631133 66
317776992638373 91
317777059678829 23
317777059701392 66
317777134186334 91
317777134222871 91
317777204322627 23
317777204349849 23
317777204357066 66
317777204363997 23
317777204370806 66
317777204377571 91
317777260937716 23
317777260965336 66
317777395113605 91
317777395143945 91
317777462053034 23
317777462083120 66
317777462090500 23
317777462097368 66
317777462104144 91
317777530449879 23
317777530476184 66
317777530483310 91
317777607585621 23
317777607617037 66
317777607625044 91
317777663362832 23
317777663387258 23
317777663394581 66
317777663401408 91
317777730518020 23
317777730547681 66
317777730554872 91
317777797314878 23
317777797341323 66
317777797348478 91
317777874833960 23
317777874864996 66
317777874872094 91
317777931479980 23
317777931506419 66
317777931513689 91
317777998474753 23
317777998501842 66
317777998509120 91
317778076777986 23
317778076810502 66
317778076818548 91
317778132739529 23
317778132768896 66
317778132776079 91
317778199768059 23
317778199801976 66
317778199809097 91
317778266688332 23
317778266715228 66
317778266722618 91
317778344033810 23
317778344068342 66
317778344075501 91
317778401035191 23
317778401070804 23
317778401078100 66
317778467996358 91
317778468020840 91
317778468028119 23
317778545969742 66
317778545999587 23
317778546006699 66
317778546013989 91
317778546020687 23
317778608167520 66
317778608195743 91
317778608203011 23
317778669230232 66
317778669259708 91
317778669266976 23
317778747268394 66
317778747296219 91
317778747303452 23
317778803270900 66
317778803299520 91
317778803306677 23
317778870437347 66
317778870467284 91
317778870474696 23
317778955215300 66
317778955246285 91
317778955253577 23
317779004487559 66
317779004515724 91
317779004523555 23
317779071496318 66
317779071527665 91
317779071534840 23
317779071541597 66
317779138707980 91
317779138737464 23
317779138744730 66
317779205764846 91
317779205794010 23
317779205801310 66
317779282465268 91
317779282498747 23
317779282506027 66
317779339887587 91
317779339957561 23
317779339968401 66
317779406817466 91
317779406842179 23
317779406849262 66
317779473947844 91
317779473979390 23
317779473987460 66
317779541035214 91
317779608052778 91
317779608079304 23
317779608086430 66
317779608093199 23
317779685682953 66
317779685712952 91
317779742335451 91
317779742360106 23
317779742367434 66
317779742374203 23
317779742381006 66
317779742387907 91
317779809554842 23
317779809583480 66
317779809590870 91
317779884255018 23
317779884281399 66
317779884288657 91
317779943333035 23
317779943362640 66
317779943370387 91
317780010622862 23
317780010653992 66
317780010661131 91
317780088984461 23
317780089016554 66
317780089023764 91
317780144708916 23
317780144738326 66
317780144745510 91
317780211682293 23
317780211711981 66
317780211719051 91
317780285054252 23
317780285083640 66
317780285090843 91
317780345700600 23
317780345725406 66
317780345732637 91
317780422146665 23
317780422173919 66
317780422182297 91
317780492270810 23
317780492300599 66
317780546999564 91
317780547025243 91
317780624092554 23
317780624121097 66
317780624128298 23
317780624135004 66
317780624141674 91
317780681109006 23
317780681136416 66
317780681143728 91
317780748201769 23
317780748231181 66
317780748238153 91
317780825389029 23
317780825415020 66
317780825422301 91
317780882209049 23
317780882237992 66
317780882245157 91
317780949407806 23
317780949436460 66
317781034846917 91
317781034879640 91
317781083454205 23
317781083477028 66
317781083484325 23
317781083491253 66
317781083497929 91
317781163602658 23
317781163635768 66
317781163643019 91
317781217697813 23
317781217727919 66
317781217735122 91
317781297713002 23
317781297740178 66
317781297747457 91
317781351739091 23
317781351766236 66
317781418834108 91
317781418859587 91
317781418866857 23
317781496552435 66
317781496580869 23
317781496587998 23
317781496594738 66
317781555554143 91
317781555581154 91
317781555588449 23
317781620112180 66
317781620141281 23
317781620148556 66
317781620155445 91
317781697972810 23
317781698014092 66
317781698021506 91
317781698028343 23
317781754125299 66
317781754149023 91
317781754156172 23
317781821403804 23
317781821435002 66
317781821442296 91
317781821449145 23
317781899887665 66
317781899917572 91
317781899924810 23
317781955356160 66
317781955419619 91
317781955428884 23
317782022472520 66
317782022502954 91
317782022510033 23
317782101183016 66
317782101213376 91
317782101220722 23
317782156551635 66
317782156583318 91
317782156590501 23
317782233010846 66
317782233036628 91
317782233044002 23
317782233050931 66
317782290664769 91
317782290694356 23
317782290701212 66
317782357753381 91
317782357780568 23
317782357787965 66
317782430084650 91
317782430112131 23
317782430119248 66
317782491969947 91
317782491996010 23
317782492003482 66
317782571373914 91
317782571408626 23
317782571416056 66
317782626033975 91
317782626064145 23
317782626071250 23
317782693017665 66
317782693047306 91
317782693054710 23
317782693061853 66
317782772366412 91
317782772403613 23
317782772410836 66
317782827270375 91
317782827297667 23
317782827305164 66
317782902492363 91
317782902519997 23
317782902527164 66
317782961307208 91
317782961336773 23
317782961343996 66
317783028380691 91
317783028409713 23
317783028417171 66
317783095450139 91
317783095482808 23
317783095490188 66
317783095497027 91
317783162475694 23
317783162502242 66
317783162509435 91
317783238817131 23
317783238853481 66
317783238860899 91
317783296663429 23
317783296690870 66
317783296698145 91
317783374810115 23
317783374847897 66
317783374855156 91
317783430714533 23
317783430737906 66
317783430744866 91
317783505424074 23
317783505455015 66
317783505462435 91
317783564915894 23
317783564947239 66
317783564954352 91
317783632032906 23
317783632063348 66
317783632070688 91
317783698922764 23
317783698951609 66
317783698958916 91
317783777897102 23
317783777926110 66
317783777933433 91
317783833119943 23
317783833148200 66
317783908291263 91
317783908316942 91
317783979199668 23
317783979226916 66
317783979234091 23
317783979241135 66
317783979247922 91
317784034397201 23
317784034423779 66
317784034430881 91
317784111129292 23
317784111157225 66
317784111164374 91
317784168473487 23
317784168498067 23
317784168506373 91
317784235483815 23
317784235511588 66
317784235519270 23
317784235526191 66
317784309204957 91
317784309237153 91
317784369680968 23
317784369711635 66
317784369718854 23
317784369725724 91
317784436726183 23
317784436753648 66
317784436760823 23
317784436767707 66
317784436774339 91
317784514365893 23
317784514399181 66
317784514406342 91
317784570959803 23
317784570987370 66
317784570994604 91
317784637958500 23
317784637988972 66
317784637996170 91
317784716294149 23
317784716318713 66
317784716326139 91
317784777374632 23
317784777399639 66
317784777406874 91
317784839116392 23
317784839146953 66
317784839154355 91
317784906273597 23
317784906302979 66
317784906310219 91
317784983543182 23
317784983571077 66
317784983579425 91
317785040203624 23
317785040228647 66
317785040236057 91
317785107412577 23
317785107442645 66
317785107449717 91
317785180388939 23
317785180427374 66
317785180436931 91
317785241567145 23
317785241600059 66
317785241607270 91
317785308457722 23
317785308486127 66
317785308493364 91
317785386799822 23
317785386826337 66
317785386834494 91
317785442807355 23
317785442833971 66
317785442840918 91
317785509708575 23
317785509730736 66
317785509737909 91
317785576890627 23
317785576922028 66
317785576929280 91
317785643783270 23
317785643811530 66
317785643819166 91
317785711026674 23
317785711057714 66
317785711065086 91
317785790115764 23
317785790146972 66
317785790154214 91
317785846364594 23
317785846391749 66
317785846399025 91
317785846405687 23
317785922056262 66
317785922092984 91
317785922100235 23
317785979354333 66
317785979380803 91
317785979387990 23
317786046479709 66
317786046512354 91
317786046519406 23
317786123308261 66
317786123336271 91
317786123344056 23
317786180366255 66
317786180390735 91
317786180397932 23
317786247456629 66
317786247486413 91
317786247493632 23
317786325232597 66
317786325257909 91
317786325265169 23
317786381537235 66
317786381566392 91
317786381573702 23
317786381580432 66
317786448655728 91
317786448681338 23
317786448688338 66
317786515737868 91
317786515764164 23
317786515771394 66
317786592573149 91
317786592603802 23
317786592612017 66
317786649821738 91
317786649849961 23
317786649857335 66
317786716948580 91
317786716976640 23
317786716983938 66
317786794504541 91
317786794534792 23
317786794541987 66
317786857088016 91
317786857116489 23
317786857124081 66
317786929795011 91
317786929820460 23
317786929827617 66
317786985194411 91
317786985218905 23
317786985225903 66
317787061712268 91
317787061741382 23
317787061748811 66
317787119295730 91
317787119325470 23
317787119332436 66
317787186332835 91
317787186357382 23
317787186364750 66
317787253461005 91
317787253493851 23
317787253501444 66
317787320493232 91
317787320528276 23
317787320535307 66
317787396928924 91
317787396960420 23
317787396967693 66
317787464943474 91
317787464971132 23
317787464978195 66
317787464984961 91
317787521848447 23
317787521877137 66
317787521884383 91
317787588811238 91
317787588843587 23
317787588850609 66
317787665014077 23
317787665040212 66
