311810098256421 91
311810176679273 23
311810176702878 66
311810176710361 91
311810232418749 23
311810232446166 66
311810232453769 91
311810299410051 23
311810299428058 66
311810299435168 91
311810378588599 23
311810378609111 66
311810378616296 91
311810441600020 23
311810441624584 66
311810441632294 91
311810500917962 23
311810500954105 66
311810500961481 91
311810567895885 23
311810567927078 66
311810567934436 91
311810645821442 23
311810645836812 66
311810701822744 91
311810701842531 23
311810701849993 66
311810768956310 91
311810768983359 23
311810842391554 66
311810842412307 91
311810842419439 23
311810903008259 66
311810903024178 91
311810971206135 23
311810971222241 66
311810971230175 91
311811049115807 23
311811049134707 66
311811049142103 91
311811104216181 23
311811104232371 66
311811104239637 91
311811180989489 23
311811181005980 66
311811181013195 91
311811238448094 23
311811238464148 66
311811238471337 91
311811305449260 23
311811305462572 66
311811305469468 91
311811372456871 23
311811372470505 66
311811372477710 91
311811439687118 23
311811439713309 66
311811439720406 91
311811518330245 23
311811518354578 66
311811573824042 91
311811573851358 23
311811648240729 66
311811648269123 91
311811648276298 23
311811719760720 66
311811719792900 91
311811775050238 23
311811775073495 66
311811775080545 91
311811851513264 23
311811851537750 66
311811851544826 91
311811909364070 23
311811909393619 66
311811909400844 91
311811976259805 23
311811976284917 66
311811976292474 91
311812043142949 23
311812043167744 66
311812043174966 91
311812110300279 23
311812110325487 66
311812110332612 91
311812188830869 23
311812188856996 66
311812188864278 91
311812244455643 23
311812244475768 66
311812244483096 91
311812320683054 23
311812320700836 66
311812390739008 91
311812390755655 23
311812445625124 66
311812445642686 91
311812445649921 23
311812519239975 66
311812519254854 91
311812592040950 23
311812592056810 66
311812592064750 91
311812646817532 23
311812646832763 66
311812646840165 91
311812723906432 23
311812723921051 66
311812723928001 91
311812781222814 23
311812781238015 66
311812781245228 91
311812848040443 23
311812848058820 66
311812848065846 91
311812914999218 23
311812915014331 66
311812915021403 91
311812982034065 23
311812982048968 66
311812982055976 91
311813049223018 23
311813049237024 66
311813049244044 91
311813127197907 23
311813127214090 66
311813183243223 91
311813183258792 23
311813250710593 66
311813250743710 91
311813250751016 23
311813327159997 66
311813327184177 91
311813384551856 23
311813384574218 66
311813384581369 91
311813451604325 23
311813451629443 66
311813451636584 91
311813518781541 23
311813518812649 66
311813518819689 91
311813597438948 23
311813597465057 23
311813597472409 66
311813652901332 91
311813719833683 91
311813719888550 23
311813719895870 66
311813787147829 91
311813787179437 23
311813787186804 23
311813787193697 66
311813787200405 23
311813853956442 66
311813853980900 91
311813921058841 91
311813921085811 23
311813921093153 66
311813921100046 91
311813999701616 23
311813999726967 23
311813999734061 66
311813999740832 23
311814055277877 66
311814055308174 91
311814131583385 91
311814131606278 23
311814131614255 66
311814131621070 91
311814189234129 23
311814189252098 66
311814189259295 23
311814256430017 66
311814256445653 91
311814332851018 91
311814332866808 23
311814332873772 66
311814332880641 91
311814390554352 23
311814390570323 23
311814390577613 66
311814390584420 23
311814457575168 66
311814457592473 91
311814534802531 91
311814534820502 23
311814534827882 66
311814534834607 91
311814598977039 23
311814598992043 23
311814598999087 66
311814599005892 23
311814658825699 66
311814658841335 91
311814736084882 91
311814736102380 23
311814736109606 66
311814736116282 91
311814793021374 23
311814793036607 23
311814793043673 66
311814793050568 23
311814860213972 66
311814860231555 91
311814938220159 91
311814938249378 23
311814938257062 66
311814938263829 91
311814994121165 23
311814994139605 23
311814994146812 66
311814994154675 23
311815067163820 66
311815067179594 91
311815128180406 91
311815128194720 23
311815128201789 66
311815128208678 91
311815195206413 23
311815195222969 23
311815195230404 66
311815195237259 23
311815262390708 66
311815262404294 91
311815262411274 91
311815341308968 23
311815341324603 66
311815341331905 91
311815396437886 23
311815396452763 23
311815396459888 66
311815396466689 23
311815463449316 66
311815463466121 91
311815463473346 91
311815530648452 23
311815530663882 66
311815530671041 91
311815608536291 23
311815608551468 23
311815608558590 66
311815608565528 23
311815664691482 66
311815664705156 91
311815664712202 91
311815731667116 23
311815731680607 66
311815731687552 91
311815810515129 23
311815810530871 23
311815810537899 66
311815810544639 23
311815865899659 66
311815865914212 91
311815865921540 91
311815932934873 23
311815932949348 66
311815932956509 91
311815999931258 23
311815999945670 23
311815999952923 66
311815999959668 23
311816077747002 66
311816077762496 91
311816077769635 91
311816134160991 23
311816134176720 66
311816134184040 91
311816201161654 23
311816201175587 23
311816201182595 66
311816201189285 23
311816273723975 66
311816273739283 91
311816273746540 91
311816335425827 23
311816335441054 66
311816335448700 91
311816402415594 23
311816402429904 23
311816402436990 66
311816402443827 23
311816480995199 66
311816481011364 91
311816481018525 91
311816536541397 23
311816536555705 66
311816536562725 91
311816612872998 23
311816612888211 23
311816612895549 66
311816612902418 23
311816682940767 66
311816682954647 91
311816682961598 91
311816737715349 23
311816737728826 66
311816737735753 91
311816804816169 23
311816804831768 23
311816804839038 66
311816804845939 23
311816884256500 66
311816884270773 91
311816884277874 91
311816939213243 23
311816939227163 66
311816939234330 91
311817016177369 23
311817016197170 23
311817016204311 66
311817016211050 23
311817073087855 66
311817073102740 91
311817073109923 91
311817146930171 23
311817146945360 66
311817146952374 91
311817207185672 23
311817207200704 23
311817207207718 66
311817207214929 23
311817274193993 66
311817274207367 91
311817274214279 91
311817341387564 23
311817341400615 66
311817341407649 91
311817419398172 23
311817419415215 23
311817419422437 66
311817419429441 23
311817475459055 66
311817475473606 91
311817475480564 91
311817542452281 23
311817542465336 66
311817542472402 91
311817620686406 23
311817620704127 23
311817620711270 66
311817620718147 23
311817676694333 66
311817676710994 91
311817676718342 91
311817743719236 23
311817743733476 66
311817743740446 91
311817822650032 23
311817822664792 23
311817822672013 23
311817822679047 66
311817822685734 23
311817877918041 66
311817877932690 91
311817950580967 23
311817950594931 66
311817950601985 91
311818023933723 23
311818023950758 66
311818079054995 91
311818079069687 91
311818155826610 23
311818155842613 66
311818155849816 91
311818213173687 23
311818213188983 23
311818213196057 66
311818213202948 23
311818280179530 66
311818280194250 91
311818280201455 91
311818357776225 23
311818357790316 66
311818357797479 91
311818414418172 23
311818414433626 23
311818414441048 66
311818414447908 23
311818481423513 66
311818481437710 91
311818481444918 91
311818559065808 23
311818559081117 66
311818559088387 91
311818559095063 23
311818615709472 23
311818615741513 66
311818615748742 23
311818682808235 66
311818682833395 91
311818682840528 91
311818761439058 23
311818761468603 66
311818761475738 91
311818761482498 23
311818816913060 23
311818816937844 66
311818816944860 23
311818888188153 66
311818888217504 91
311818888224663 91
311818951157017 23
311818951185007 66
311818951192172 91
311818951198993 23
311819028345341 23
311819028369408 66
311819028376587 23
311819085091947 66
311819085116425 91
311819085123467 91
311819152204011 23
311819152234294 66
311819152241386 91
311819152248125 23
311819219277699 23
311819219300179 66
311819219307354 23
311819219314244 66
311819286354115 91
311819286385490 91
311819353364863 23
311819353393636 66
311819353400706 91
311819353407593 23
311819431564937 23
311819431592557 66
311819431599872 23
311819431606816 66
311819487567379 91
311819487599456 91
311819554552589 23
311819554578113 66
311819554585326 91
311819554592216 23
311819629659729 23
311819629690654 66
311819629698090 23
311819629704875 66
311819696997225 91
311819697027226 91
311819755754227 23
311819755777365 66
311819755784760 91
311819755791560 23
311819822796901 23
311819822814715 66
311819822821904 23
311819822828727 66
311819889777991 91
311819889793116 91
311819968468332 23
311819968485353 66
311819968492899 91
311819968499778 23
311820023860265 23
311820023876437 66
311820023883566 23
311820023890409 66
311820100383639 91
311820100402382 91
311820158125889 23
311820158142339 66
311820158149478 91
311820158156307 23
311820225142446 23
311820225157691 66
311820225164846 23
311820225171693 66
311820292136507 91
311820292149557 91
311820359164035 23
311820359176887 66
311820359216596 91
311820359224088 23
311820437677379 23
311820437690922 66
311820437697948 23
311820437704757 66
311820493411105 91
311820493426648 91
311820560403555 23
311820560418798 66
311820560426004 91
311820560432957 23
311820638990410 23
311820639006094 66
311820639013377 23
311820639020369 66
311820694523159 91
311820694537754 91
311820770878204 23
311820770893854 66
311820770901166 91
311820770908059 23
311820840921833 23
311820840936839 66
311820840944024 23
311820840950911 66
311820895724865 91
311820895739905 91
311820970899569 23
311820970914768 66
311820970922162 91
311820970929196 23
311821042205566 23
311821042220463 66
311821042227547 23
311821042234145 66
311821097212433 91
311821097226871 91
311821174109506 23
311821174124920 66
311821174132150 91
311821174139049 23
311821231069718 23
311821231090586 66
311821231098042 23
311821231105873 66
311821298198305 91
311821298213375 91
311821376089434 23
311821376104065 66
311821376111047 91
311821376117796 23
311821439055387 23
311821439071376 66
311821439078748 23
311821439085648 66
311821511447252 91
311821511463368 91
311821566412539 23
311821566426549 66
311821566433432 91
311821566440149 23
311821643323399 23
311821643338589 66
311821643345612 23
311821643352272 66
311821700478258 91
311821700494959 91
311821767661645 23
311821767675806 66
311821767683021 91
311821767689852 23
311821834761885 23
311821834786441 66
311821834793691 23
311821834800345 66
311821901871631 91
311821901885134 91
311821980617425 23
311821980634285 66
311821980641499 91
311821980648279 23
311822035931594 23
311822035946600 66
311822035953507 23
311822035960244 66
311822112509233 91
311822112524576 91
311822169965591 23
311822169980914 66
311822169988125 91
311822169994836 23
311822242768652 23
311822242784211 66
311822242791201 23
311822242798060 66
311822304156781 91
311822304170773 91
311822371149471 23
311822371163064 66
311822371170237 91
311822371177119 23
311822438187371 23
311822438202048 66
311822438209052 23
311822438215839 66
311822515766071 91
311822515781638 91
311822572412831 23
311822572427036 66
311822572434250 91
311822572441664 23
311822639488241 23
311822639502316 66
311822639509529 23
311822639516324 66
311822706432864 91
311822706446116 91
311822773515107 23
311822773528266 66
311822773535202 91
311822773542061 23
311822840701348 23
311822840723694 66
311822840731112 23
311822840737960 66
311822919040265 91
311822919057834 91
311822974753639 23
311822974771508 66
311822974778485 91
311822974785300 23
311823041824180 23
311823041839371 66
311823041846604 23
311823041853477 66
311823109004169 91
311823109018574 91
311823186295305 23
311823186310228 66
311823186317220 91
311823186324204 23
311823242980653 23
311823242997043 66
311823243004318 23
311823243011230 66
311823310045951 91
311823310060599 91
311823388294014 23
311823388319558 66
311823388326940 91
311823388333866 23
311823444233540 23
311823444259619 66
311823444266780 23
311823444274349 66
311823511277804 91
311823511306558 91
311823581745786 23
311823581771153 66
311823581778561 91
311823581785515 23
311823655540788 23
311823655567577 66
311823655574629 23
311823655581549 66
311823712593668 91
311823712625092 91
311823779744111 23
311823779770598 66
311823779777681 91
311823779784462 23
311823857499097 23
311823857528962 66
311823857536304 23
311823857543276 66
311823919659075 91
311823919688437 91
311823980790586 23
311823980816949 66
311823980824170 91
311823980831043 23
311824058794116 23
311824058819416 66
311824058827207 23
311824058834172 66
311824114926644 91
311824114946626 91
311824181958109 23
311824181977902 66
311824181984854 91
311824181991528 23
311824260719963 23
311824260740060 23
311824260747211 66
311824260753996 91
311824260760885 23
311824316131971 23
311824316147815 66
311824316155483 23
311824316162266 66
311824383166366 91
311824383181253 91
311824461980418 23
311824461996136 66
311824462003641 91
311824462010357 23
311824517180801 23
311824517194721 66
311824517201827 23
311824517208592 66
311824594050681 91
311824594065546 91
311824651420087 23
311824651434374 66
311824651441445 91
311824651448185 23
311824718405038 23
311824718418370 66
311824718425378 23
311824718432131 66
311824785425520 91
311824785439767 91
311824852551956 23
311824852566285 66
311824852573481 91
311824852580442 23
311824919610977 23
311824919627590 66
311824919634868 23
311824919641827 66
311824997112828 91
311824997128204 91
311825053726853 23
311825053742336 66
311825053749581 91
311825053756370 23
311825120793959 23
311825120807673 66
311825120814722 23
311825120821434 91
311825195649388 23
311825195663471 66
311825195671000 23
311825195677797 66
311825255194530 91
311825255208776 91
311825322238937 23
311825322269385 66
311825322276858 91
311825322283846 23
311825400610273 23
311825400645977 66
311825400653329 23
311825400660044 66
311825456270783 91
311825456293407 91
311825523191924 23
311825523207056 23
311825523214058 66
311825596493276 23
311825596511452 66
311825596518705 91
311825596525591 91
311825657421882 23
311825657439917 66
311825657447203 91
311825657453891 23
311825724426104 23
311825724441691 66
311825724448874 23
311825724455725 66
311825803607829 91
311825858462866 23
311825858478171 66
311825858485574 91
311825858492533 91
311825935530230 23
311825935546839 66
311825935554084 23
311825992672176 66
311825992687673 91
311825992694989 91
311826059693588 23
311826059709199 66
311826059716390 91
311826059723147 23
311826136818629 23
311826136834926 66
311826136842003 23
311826136848830 66
311826193906859 91
311826193922188 91
311826260925953 23
311826260940772 66
311826260948063 91
311826260954852 23
311826338771800 23
311826338786959 66
311826338794150 23
311826338800999 66
311826395043236 91
311826395056812 91
311826467522903 23
311826467538054 66
311826467545414 91
311826467552249 23
311826529184881 23
311826529200691 66
311826529208150 23
311826529215231 66
311826606028835 91
311826606044347 91
311826663389412 23
311826663403915 23
311826663411022 66
311826663417915 91
311826730400386 23
311826730415211 66
311826730422386 23
311826730429241 66
311826807993889 91
311826864472303 91
311826864487365 23
311826864494661 66
311826864501460 91
311826931515608 23
311826931529073 66
311826931536171 23
311826931543043 66
311827009287711 91
311827009305462 91
311827065686028 23
311827065704717 66
311827065711944 91
311827065718693 23
311827132757491 23
311827132773010 66
311827132780081 23
311827132786797 66
311827211248206 91
311827211265275 91
311827275428350 23
311827275443498 66
311827275450442 91
311827275457375 23
311827334237260 23
311827334256822 66
311827334264015 23
311827334270752 66
311827412532128 91
311827412550060 91
311827468290752 91
311827468324970 23
311827468332296 23
311827468339105 66
311827535394806 23
311827535425180 66
311827535432560 23
311827535439439 66
