313832641243009 91
313832717601050 23
313832717621714 66
313832717629004 91
313832787901757 23
313832787934486 66
313832787941933 91
313832842794911 23
313832842829515 66
313832842837507 91
313832919613848 23
313832919634087 66
313832919641095 91
313832976611580 23
313832976630064 66
313832976637474 91
313833043658127 23
313833043671860 66
313833043678719 91
313833110754024 23
313833110768768 66
313833110775943 91
313833177767114 23
313833177781239 66
313833177788476 91
313833244770728 23
313833244784125 66
313833244791175 91
313833322814438 23
313833322830629 66
313833322838001 91
313833379022679 23
313833379040177 66
313833379047616 91
313833446047662 23
313833446063333 66
313833446070468 91
313833513047460 23
313833513062226 66
313833513069315 91
313833580227916 23
313833580240635 66
313833647259295 91
313833647273494 23
313833647280415 66
313833714275667 91
313833714288909 23
313833714295806 66
313833792038207 91
313833792053800 23
313833848491153 66
313833848506223 91
313833848513625 23
313833922806267 66
313833922821029 91
313833922828192 23
313833982511974 23
313833982528581 66
313833982535712 91
313834049543990 23
313834049559167 66
313834049566161 91
313834116745859 23
313834116759165 66
313834116766304 91
313834195307497 23
313834195324451 66
313834195331769 91
313834250821461 23
313834250838316 66
313834250845318 91
313834325691041 23
313834325706492 66
313834325713627 91
313834396561266 23
313834396574924 66
313834396581818 91
313834452007204 23
313834452021170 66
313834452028291 91
313834528561055 23
313834528593148 66
313834528600076 91
313834598586361 23
313834598611081 66
313834598618966 91
313834653319080 23
313834653346545 66
313834653353812 91
313834726532371 23
313834726562359 66
313834726569805 91
313834787391431 23
313834787414057 66
313834787421324 91
313834854420231 23
313834854437745 66
313834854445504 91
313834931761529 23
313834931780353 66
313834931787522 91
313834988841298 23
313834988858367 66
313834988865661 91
313835055715735 23
313835055731479 66
313835055738765 91
313835133699561 23
313835133717184 66
313835189786389 91
313835189802101 23
313835189809212 66
313835256780249 91
313835256795959 23
313835256803001 66
313835334978862 91
313835334995409 23
313835391001689 66
313835391015802 91
313835391023339 23
313835458014867 66
313835458028274 91
313835458035183 23
313835536942516 66
313835536958156 91
313835592074156 23
313835592088766 66
313835592095875 91
313835659310422 23
313835659323420 66
313835659330380 91
313835726265812 23
313835726279134 66
313835726286120 91
313835804171429 23
313835804184475 66
313835804191461 91
313835860301828 23
313835860314852 66
313835860321591 91
313835927517133 23
313835927531029 66
313835927538009 91
313835994524032 23
313835994539207 66
313835994546418 91
313836061562406 23
313836061577843 66
313836061584911 91
313836128639470 23
313836128652977 66
313836128659919 91
313836207418818 23
313836207434897 66
313836207442348 91
313836262755103 23
313836262770563 66
313836262777803 91
313836339305960 23
313836339320640 66
313836339327918 91
313836397013919 23
313836397031349 66
313836397039441 91
313836464025725 23
313836464042169 66
313836464049475 91
313836531016628 23
313836531030300 66
313836531037033 91
313836598043238 23
313836598060430 23
313836676635588 66
313836676651043 91
313836676658292 23
313836732200953 66
313836732215081 91
313836808527781 23
313836808543652 66
313836808551118 91
313836866316902 23
313836866332018 66
313836866339193 91
313836866345946 23
313836933399082 66
313836933414732 91
313836933421848 23
313837009841710 66
313837009858263 91
313837009865291 23
313837079923041 66
313837079953346 91
313837079960616 23
313837134631300 66
313837134653350 91
313837134660434 23
313837134667261 66
313837211811091 91
313837211837250 23
313837211844518 66
313837211851305 91
313837274494191 23
313837274522006 66
313837274529294 91
313837347150379 23
313837347169440 66
313837347176957 91
313837403006254 23
313837403024977 66
313837403032085 91
313837470008281 23
313837470024171 23
313837470031196 66
313837536999371 91
313837537013234 91
313837615044023 23
313837615059745 66
313837615066974 91
313837615073606 23
313837671228376 23
313837671242651 66
313837671249845 23
313837671256698 66
313837738245740 91
313837738261404 91
313837805276748 23
313837805291088 66
313837805298044 23
313837805304736 91
313837805312342 23
313837882298649 66
313837882315664 23
313837882322788 66
313837939383388 91
313837939397277 91
313838006493484 23
313838006507911 66
313838006515046 91
313838006521850 23
313838006528659 23
313838082288629 66
313838082303864 23
313838082311068 66
313838140710444 91
313838140724316 91
313838140731627 23
313838207710639 66
313838207724856 91
313838207732266 23
313838207739031 23
313838207745663 66
313838285501435 23
313838285515285 66
313838285522186 91
313838341762980 23
313838341778702 66
313838341785911 91
313838408838708 91
313838408853126 23
313838487468726 66
313838487482453 91
313838487489431 23
313838487496181 23
313838487502893 66
313838550450188 23
313838550465447 66
313838550472723 91
313838610117925 91
313838610132943 23
313838610140023 66
313838677201471 23
313838677214260 91
313838677221178 23
313838677228431 66
313838677235194 23
313838754733939 66
313838754749759 91
313838811278974 91
313838811296810 23
313838811304154 66
313838878455070 23
313838878473881 91
313838878481199 23
313838878487889 66
313838878494529 23
313838951296775 66
313838951318443 91
313839012485347 91
313839012503883 23
313839012511139 66
313839012518028 23
313839079642162 91
313839079657204 23
313839079664347 66
313839079671311 23
313839079678906 66
313839157977438 91
313839157994362 91
313839213589154 23
313839213603401 66
313839213610582 23
313839213617600 91
313839280772332 23
313839280785334 66
313839280792324 23
313839280798952 66
313839347989558 91
313839348015442 91
313839414935608 23
313839414960406 66
313839414967601 23
313839414974321 91
313839481888089 23
313839481910032 66
313839481917645 23
313839481924452 23
313839481931191 66
313839548909852 91
313839627236064 23
313839627263193 66
313839627270381 91
313839683105651 23
313839683128832 66
313839683136968 91
313839750340116 23
313839750365429 66
313839750372525 91
313839817315285 23
313839817338154 66
313839817345070 91
313839884311491 23
313839884330552 66
313839884337681 91
313839951344505 23
313839951361946 66
313839951369148 91
313840030423702 23
313840030441576 66
313840030448795 91
313840085528537 23
313840085543412 66
313840085550343 91
313840162332782 23
313840162348470 66
313840162355510 91
313840227333410 23
313840227348766 66
313840227355742 91
313840297641378 23
313840297655949 66
313840297662991 91
313840353743683 23
313840353757497 66
313840353764471 91
313840353771433 23
313840420739894 66
313840420754652 91
313840420762029 23
313840499635075 66
313840499651633 91
313840499659015 23
313840555010080 66
313840555026019 91
313840555033174 23
313840555039887 66
313840628128982 91
313840628144983 23
313840628152305 66
313840628159074 91
313840700934327 23
313840700950697 66
313840700957795 91
313840756241144 23
313840756255880 66
313840756263077 91
313840832828646 23
313840832843716 66
313840832850664 91
313840890194345 23
313840890209377 66
313840890216477 91
313840957388614 23
313840957403811 66
313840957411398 91
313841024409561 23
313841024424424 66
313841024431621 91
313841091395363 23
313841091409972 66
313841091417135 91
313841158608299 23
313841158623449 66
313841158630393 91
313841236184099 23
313841236211435 66
313841236218627 91
313841293069622 23
313841293089031 66
313841293096353 91
313841359664618 23
313841359678689 23
313841359685745 66
313841436024930 91
313841436040525 91
313841493948466 23
313841493965735 66
313841493972824 23
313841493979602 91
313841493986268 23
313841560949755 66
313841560964638 23
313841560971906 66
313841627979053 91
313841627994001 91
313841628001429 23
313841694993334 66
313841695005840 23
313841695012872 91
313841695019612 23
313841695026401 66
313841762199952 23
313841762214745 66
313841762221733 91
313841841273161 91
313841841288322 23
313841896261498 66
313841896275937 23
313841896283621 91
313841896290480 23
313841896297256 66
313841963260612 23
313841963276475 66
313841963283497 91
313842030461942 91
313842030475737 23
313842030482743 66
313842108652203 91
313842108682104 23
313842108689303 23
313842108696158 66
313842108702824 23
313842164541485 66
313842164562289 91
313842231585505 91
313842231614344 23
313842231621433 66
313842307202873 91
313842307224418 23
313842307231472 23
313842307239096 66
313842307246039 23
313842365785637 66
313842365806502 91
313842365813744 91
313842432786161 23
313842432807664 66
313842432814513 23
313842432821195 91
313842511776041 23
313842511793507 66
313842511800587 23
313842511807561 66
313842566966918 91
313842566983934 91
313842643653391 23
313842643669312 66
313842643676385 91
313842643683314 23
313842707866227 23
313842707882046 66
313842707889545 23
313842707896714 66
313842768044847 91
313842768059964 91
313842844968650 23
313842844984221 66
313842844991313 91
313842844998122 23
313842902249185 23
313842902264676 23
313842902272032 66
313842902279148 23
313842902286020 66
313842972671828 91
313843046927184 23
313843046947626 66
313843046954978 91
313843046961838 91
313843103473432 23
313843103491045 66
313843103498252 91
313843103505198 23
313843103511936 23
313843176059137 66
313843176076332 23
313843176083382 66
313843237650090 91
313843237664729 91
313843304806163 23
313843304822681 66
313843304829985 23
313843304836768 91
313843304843651 23
313843304850381 23
313843372007227 66
313843372022237 23
313843372029412 66
313843372036273 91
313843450195428 91
313843450212606 23
313843505784183 23
313843505799713 66
313843505807118 23
313843505814095 23
313843505820828 66
313843505828206 91
313843579001757 91
313843579031259 23
313843640029646 66
313843640048286 23
313843640055789 91
313843640062698 23
313843640069507 66
313843717467859 23
313843717488786 66
313843717497918 91
313843774037058 91
313843774052179 23
313843774059140 66
313843841259623 91
313843841275566 23
313843841282550 23
313843841289460 66
313843841296081 23
313843919395673 66
313843919414858 91
313843975290081 91
313843975309762 23
313844042313631 66
313844042329604 91
313844042336677 23
313844042343474 66
313844042350222 23
313844109463666 66
313844109480045 91
313844109487061 91
313844186600719 23
313844186614445 66
313844186621447 91
313844186628147 23
313844243538365 23
313844243554666 66
313844243561877 23
313844243568766 66
313844310516931 91
313844310531519 91
313844377720633 23
313844377733216 66
313844377740271 23
313844377747991 91
313844444652729 23
313844444669028 66
313844444676008 23
313844444682726 66
313844523930898 91
313844523947259 91
313844578771566 23
313844578786602 66
313844578793956 91
313844578800799 23
313844655881457 23
313844655912402 66
313844655919563 23
313844655926406 66
313844713080867 91
313844713103011 91
313844780113766 23
313844780139181 66
313844780146165 23
313844780153022 23
313844780159664 66
313844847082080 91
313844847108744 91
313844914233074 23
313844914248631 66
313844914255677 23
313844914262442 91
313844914269210 23
313844993124601 66
313844993144213 23
313844993151726 91
313844993158677 23
313845048248279 66
313845048267980 23
313845048275269 66
313845125019374 91
313845125034919 91
313845125042265 23
313845182432142 66
313845182445649 23
313845182452649 91
313845182459378 23
313845182466028 66
313845255789785 23
313845255803795 66
313845255811131 91
313845316613728 91
313845316627996 23
313845383811499 66
313845383859284 91
313845383866884 23
313845383873681 23
313845383880441 66
313845451089721 23
313845451110321 66
313845451117741 91
313845528292174 91
313845528311329 23
313845528318525 66
313845584766085 91
313845584784171 23
313845584791480 23
313845584798299 66
313845584804996 23
313845651953678 66
313845651969678 91
313845729570010 91
313845729588085 23
313845729595405 66
313845785995880 23
313845786010391 91
313845786017387 23
313845786024045 66
313845786030785 23
313845853007986 66
313845853053096 91
313845853060860 91
313845931538699 23
313845931551741 66
313845931558665 23
313845931565452 91
313845987208416 23
313845987221108 66
313845987227841 23
313845987234497 66
313846054262250 91
313846054276908 91
313846121248799 23
313846121261797 66
313846121268795 91
313846121275644 23
313846198774618 23
313846198792698 66
313846198800072 23
313846198807042 66
313846255388187 91
313846255404422 91
313846322469986 23
313846322484863 66
313846322492229 91
313846322499328 23
313846400737798 23
313846400753801 66
313846400761077 23
313846400767855 66
313846456710525 91
313846456725854 91
313846531844270 23
313846531859258 23
313846531867029 66
313846531874029 91
313846531880687 23
313846531887449 23
313846590839894 66
313846590855043 23
313846590862381 66
313846657768912 91
313846657782119 91
313846724943595 23
313846724958935 66
313846724966046 91
313846724972776 23
313846724979412 23
313846803954912 66
313846803970733 23
313846803977878 66
313846803984733 91
313846858993243 91
313846859007080 23
313846926007228 66
313846926021981 23
313846926029423 91
313846926036672 23
313846926043407 66
313846993345168 23
313846993372507 23
313846993379851 91
313846993386796 23
313846993393581 66
313847060338829 23
313847060372160 66
313847060379329 91
313847137247196 91
313847137279488 23
313847137286838 66
313847194520932 91
313847194547208 23
313847194554367 23
313847194561182 66
313847194567999 23
313847261526399 91
313847261550687 23
313847261557874 66
313847261565329 23
313847328508242 66
313847328538422 91
313847395691406 91
313847395713100 23
313847395720275 66
313847462845274 23
313847462861583 91
313847462868954 23
313847462875803 66
313847462882694 23
313847462889461 66
313847540457198 91
313847540480911 91
313847596822663 23
313847596842430 66
313847596849831 23
313847596856513 91
313847663818312 23
313847663834096 66
313847663841176 23
313847663847840 66
313847738472123 91
313847738493861 91
313847798060653 23
313847798077213 66
313847798084523 91
313847798091509 23
313847864952437 23
313847864970432 66
313847864977567 23
313847864984245 66
313847943692836 91
313847943714690 91
313847999244396 23
313847999261707 66
313847999269121 23
313847999276160 91
313848075556296 23
313848075571778 66
313848075579022 23
313848075585738 66
313848145627220 91
313848145641782 91
313848206593018 23
313848206609545 66
313848206616653 91
313848206623484 23
313848206630329 23
313848267493001 66
313848267508783 23
313848267516117 66
313848334490766 91
313848334505725 91
313848334513001 23
313848412872028 66
313848412886649 23
313848412893774 91
313848412900689 23
313848468527208 66
313848468541981 23
313848468549180 66
313848468556149 91
313848535777817 91
313848535792485 23
313848609479435 66
313848609494787 91
313848609501936 23
313848609508862 23
313848609515747 66
313848669737441 23
313848669751674 66
313848669758889 91
313848736767890 91
313848736786277 23
313848736793673 66
313848816093477 91
313848816111723 23
313848816118959 23
313848816125983 66
313848816132802 23
313848871006266 66
313848871026406 91
313848948001344 91
313848948019037 23
313848948026647 66
313849005036566 23
313849005054028 91
313849005061518 23
313849005068506 66
313849005075259 23
313849072244235 66
313849072262954 91
313849139256475 91
313849139270791 23
313849139277821 66
313849139284537 91
313849206310020 23
313849206322175 66
313849206329224 23
313849206336002 66
313849285317453 91
313849285333052 91
313849340437080 23
313849340451794 66
313849340458875 91
313849340465674 23
313849415285925 91
313849415300460 23
313849415307639 23
313849415315015 66
313849486612849 23
313849486626730 66
313849486633828 23
313849486640525 66
