306077461644798 91
306077528567148 91
306077528591521 23
306077528598772 23
306077528605424 66
306077607450293 91
306077607488344 23
306077607495396 23
306077607502330 66
306077662741935 91
306077662765260 23
306077662772671 23
306077662779351 66
306077729906859 91
306077729942185 23
306077729951086 23
306077729957953 66
306077796815150 91
306077796837063 23
306077796844769 23
306077796851618 66
306077863775709 91
306077863793016 23
306077863800149 23
306077863806964 66
306077940515870 91
306077940532996 23
306077940540403 23
306077940547246 66
306077998119959 91
306077998143793 23
306077998151366 23
306077998158125 66
306078064968281 91
306078064983365 23
306078064990605 23
306078064997400 66
306078132155426 91
306078132169780 23
306078132176782 23
306078132183518 66
306078199158213 91
306078199171108 23
306078199178104 23
306078199185048 66
306078266177202 91
306078266189475 23
306078266196444 23
306078266203207 66
306078343793980 91
306078343811003 23
306078343818359 23
306078343825104 66
306078343831816 91
306078400416063 23
306078400431730 23
306078400438887 66
306078400445597 91
306078467429940 23
306078467443868 23
306078467450996 66
306078467457866 91
306078541823024 23
306078541843369 23
306078541850662 66
306078541857383 91
306078601560621 23
306078601576542 23
306078601583737 66
306078601590534 91
306078668602773 23
306078668617580 23
306078668624696 66
306078668631475 91
306078747014277 23
306078747030067 23
306078747037427 66
306078747044485 91
306078802715912 23
306078802732666 23
306078802740062 66
306078802747482 91
306078869810974 23
306078869824522 23
306078869831622 66
306078869838493 91
306078869845367 23
306078948994884 23
306078949010475 66
306078949017569 91
306078949024455 23
306079010064455 23
306079010078664 66
306079010085869 91
306079010092728 23
306079070989767 23
306079071004097 66
306079071011105 91
306079071017864 23
306079138044916 23
306079138058020 66
306079138065079 91
306079138071854 23
306079216218172 23
306079216231540 66
306079216238408 91
306079216245142 23
306079272161009 23
306079272174871 66
306079272181889 91
306079272188864 23
306079339183837 23
306079339196642 66
306079339203642 91
306079339210491 23
306079412858678 23
306079412876818 66
306079412883995 91
306079412890755 23
306079473429734 23
306079473444690 66
306079473451873 91
306079473458762 23
306079540395727 23
306079540408997 66
306079540416134 91
306079540422967 23
306079619468327 23
306079619484584 66
306079619491914 91
306079619498898 23
306079674661910 23
306079674677065 66
306079674684164 91
306079674690850 23
306079751343694 23
306079751359201 66
306079751366539 91
306079751373526 23
306079808696154 23
306079808710273 66
306079808717337 91
306079808724173 23
306079875689226 23
306079875704389 66
306079875711499 91
306079875718352 23
306079942869576 23
306079942882886 66
306079942889759 91
306079942896821 23
306080010042690 23
306080010070726 66
306080010078012 91
306080010084634 23
306080088756916 23
306080088783783 66
306080088790849 91
306080088797644 23
306080144017820 23
306080144043686 66
306080144050958 91
306080144057772 23
306080218745986 23
306080218779751 66
306080218787091 91
306080218793942 23
306080289996484 23
306080290016444 66
306080290024363 91
306080290031196 23
306080345232577 23
306080345252287 66
306080345259340 91
306080345266169 23
306080421877283 23
306080421896561 66
306080421903856 91
306080421910657 23
306080479419405 23
306080479435088 66
306080479441984 91
306080479448712 23
306080546400359 23
306080546412700 66
306080546419619 91
306080546426394 23
306080624055443 23
306080624088886 66
306080624096285 91
306080624103150 23
306080686860422 23
306080686884896 66
306080686892280 91
306080686899129 23
306080759190247 23
306080759209769 66
306080759217052 91
306080759223855 23
306080814644201 23
306080814660550 66
306080814667993 91
306080814674816 23
306080891062990 23
306080891077428 66
306080891084674 91
306080891091543 23
306080891098440 23
306080961143245 66
306080961158518 91
306080961165598 23
306080961172431 23
306081016013583 66
306081016028366 91
306081016035346 23
306081016042020 23
306081083243583 66
306081083260055 91
306081083267053 23
306081083273783 23
306081149990900 66
306081150004250 91
306081150011351 23
306081150018073 23
306081228404094 66
306081228422497 91
306081228430433 23
306081228437767 23
306081284171438 66
306081284185303 91
306081284192333 23
306081284199414 23
306081351177031 66
306081351190025 91
306081351197047 23
306081351204234 23
306081430419706 66
306081430443345 91
306081430450536 23
306081430457502 23
306081485426923 66
306081485442504 91
306081485449828 23
306081485457333 23
306081552535661 66
306081552555066 91
306081552562422 23
306081552569363 23
306081619469215 66
306081619486170 91
306081619493464 23
306081619500498 23
306081697547961 66
306081697563434 91
306081697570560 23
306081697577257 23
306081753660343 66
306081753674267 91
306081753681945 23
306081753688649 23
306081820681150 66
306081820695882 91
306081820703145 23
306081820709928 23
306081897605788 66
306081897621474 91
306081897628757 23
306081897635572 23
306081954863803 66
306081954898027 91
306081954905208 23
306081954911842 23
306081954918524 66
306082021959403 91
306082021976718 23
306082021983897 23
306082021990658 66
306082100853075 91
306082100872206 23
306082100880304 23
306082100887381 66
306082155988986 91
306082156005734 23
306082156012979 23
306082156019798 66
306082232789778 91
306082232818341 23
306082232825201 23
306082232831955 66
306082290168862 91
306082357196079 23
306082357211729 91
306082357218936 23
306082357225898 66
306082434024445 91
306082434040217 23
306082434047477 23
306082434054322 66
306082491440995 91
306082491469425 23
306082491476641 23
306082491484304 66
306082558495393 91
306082558520346 23
306082558527551 23
306082558534474 66
306082636009481 91
306082636037969 23
306082636045388 23
306082636052227 66
306082692519173 91
306082692541092 23
306082692548082 23
306082692554762 66
306082759589484 91
306082759615525 23
306082759622601 23
306082759629509 66
306082826648798 91
306082826666423 23
306082826673344 23
306082826680161 66
306082903202872 91
306082903218998 23
306082903226040 23
306082903232896 66
306082903239558 91
306082960754082 23
306082960771395 23
306082960778562 66
306082960785469 91
306083027856064 23
306083027869829 23
306083027876849 66
306083027883643 91
306083105183755 23
306083105199775 23
306083105206958 66
306083105213799 91
306083162222434 23
306083162237174 23
306083162244279 66
306083162251136 91
306083228986698 23
306083229001181 23
306083229008502 66
306083229015275 91
306083296036093 23
306083296049039 23
306083296056130 66
306083296062902 91
306083372416807 23
306083372431606 23
306083372438789 23
306083372445644 66
306083372453057 91
306083442467305 23
306083442482878 23
306083442490210 66
306083442497049 91
306083442503856 23
306083497289993 23
306083497303625 66
306083497310684 91
306083497317362 23
306083572333296 23
306083572347624 66
306083572355179 91
306083572362133 23
306083643763650 23
306083643778808 66
306083643786076 91
306083643792885 23
306083698539082 23
306083698554643 66
306083698561919 91
306083698568693 23
306083775649328 23
306083775664481 66
306083775671606 91
306083775678308 23
306083832647949 23
306083832661800 66
306083832668726 91
306083832675535 23
306083899667538 23
306083899680548 66
306083899687494 91
306083899694351 23
306083977611297 23
306083977626385 66
306083977633654 91
306083977640385 23
306084033784670 23
306084033799683 66
306084033806800 91
306084033813488 23
306084112959927 23
306084112973183 66
306084112980241 91
306084112987129 23
306084167900192 23
306084167915095 66
306084167922210 91
306084167928894 23
306084244861002 23
306084244876697 66
306084244884114 91
306084244891235 23
306084302104254 23
306084302118381 66
306084302125886 91
306084302132799 23
306084369118885 23
306084369133390 66
306084369140416 91
306084369147416 23
306084443436679 23
306084443452684 66
306084443460073 91
306084443466912 23
306084503190846 23
306084503206542 66
306084503213552 91
306084503220500 23
306084570364556 23
306084570378049 66
306084570385170 91
306084570392009 23
306084648096412 23
306084648109465 23
306084648116513 66
306084648123237 91
306084648130754 23
306084704417089 23
306084704430419 66
306084704437493 91
306084704444314 23
306084771421523 23
306084771434515 66
306084771441332 91
306084771448101 23
306084844217421 23
306084844232607 66
306084844239672 91
306084844246619 23
306084905617137 23
306084905631298 66
306084905638322 91
306084905645016 23
306084972612935 23
306084972627546 66
306084972634705 91
306084972641608 23
306085051451756 23
306085051483278 66
306085051490718 91
306085051497636 23
306085106890446 23
306085106909906 66
306085106917129 91
306085106923984 23
306085183325973 23
306085183353802 66
306085183360955 91
306085183367770 23
306085251376511 23
306085251394878 66
306085251402310 91
306085251409254 23
306085308094580 23
306085308113796 66
306085308120977 91
306085308127860 23
306085375038543 23
306085375053927 23
306085375061112 66
306085375068573 91
306085375075364 23
306085442238341 66
306085442254334 91
306085442261676 23
306085442268680 23
306085509236750 66
306085509254729 91
306085509262242 23
306085509269073 23
306085576232453 66
306085576247991 91
306085576255183 23
306085576261969 23
306085643465007 66
306085643487320 91
306085643494493 23
306085643501236 23
306085710460667 66
306085710477735 91
306085710484741 23
306085710491471 23
306085710498883 66
306085787822452 91
306085844475571 23
306085844491606 91
306085844498481 23
306085911659513 66
306085911673300 91
306085911680368 23
306085911687074 23
306085989756006 66
306085989769707 91
306085989776717 23
306085989783419 23
306086045714932 66
306086045730535 91
306086045737901 23
306086045744782 23
306086112707297 66
306086112722307 91
306086112729621 23
306086112736484 23
306086191229174 66
306086191256194 91
306086191263594 23
306086191270514 23
306086246997176 66
306086247018315 91
306086247025610 23
306086247032458 23
306086313970206 66
306086313987531 91
306086313994800 23
306086314001642 23
306086393001420 66
306086393016836 91
306086393023635 23
306086393030454 23
306086448223716 66
306086448249274 91
306086448256344 23
306086448263051 23
306086515161224 66
306086515176843 91
306086515184091 23
306086515191668 23
306086515198589 66
306086582207141 91
306086582222543 23
306086582229964 23
306086582236942 66
306086660267511 91
306086660284200 23
306086660291466 23
306086660298482 66
306086716424140 91
306086716438900 23
306086716446121 23
306086716453013 66
306086783410165 91
306086783423779 23
306086783430731 23
306086783437628 66
306086862219522 91
306086862231957 23
306086862239024 23
306086862245941 66
306086917517316 91
306086917532207 23
306086917539430 23
306086917546321 66
306086984599971 91
306086984615182 23
306086984622425 23
306086984629240 66
306087051596213 91
306087051609221 23
306087051616318 23
306087051623169 66
306087129460292 91
306087129474025 23
306087129481073 23
306087129487705 66
306087185833606 91
306087185849623 23
306087185856891 23
306087185863639 66
306087253048666 91
306087253062814 23
306087253070392 23
306087253077434 66
306087331394649 91
306087331409301 23
306087331416347 23
306087331423307 66
306087386979915 91
306087386993410 23
306087387000501 23
306087387007219 66
306087454054599 91
306087454069571 23
306087454076941 23
306087454083854 66
306087532794801 91
306087532823883 23
306087532830915 23
306087532837638 66
306087532844268 91
306087588287029 23
306087588317296 23
306087588324423 66
306087588331888 91
306087655470153 23
306087655493975 23
306087655501229 66
306087655507979 91
306087722477607 23
306087722503402 23
306087722510523 66
306087722517509 91
306087789500829 23
306087789520867 23
306087789527877 66
306087789534656 91
306087856428245 23
306087856445956 23
306087856452936 23
306087856459576 66
306087856466371 91
306087923652057 23
306087923670140 66
306087923677392 91
306087923684279 23
306088001918440 23
306088001936049 66
306088001943524 91
306088001950315 23
306088057680906 23
306088057696101 66
306088057703469 91
306088057710195 23
306088124665330 23
306088124678224 66
306088124685125 91
306088124691995 23
306088197895046 23
306088197909416 66
306088197916766 91
306088197923631 23
306088258881035 23
306088258895946 66
306088258903337 91
306088258910296 23
306088325882295 23
306088325895237 66
306088325902827 91
306088325909694 23
306088405148714 23
306088405164563 66
306088405171597 91
306088405178438 23
306088460144927 23
306088460161821 66
306088460169075 91
306088460175823 23
306088537048958 23
306088537065589 66
306088537072820 91
306088537079790 23
306088594172957 23
306088594188759 66
306088594195989 91
306088594202725 23
306088668181545 23
306088668195439 66
306088668202539 91
306088668209165 23
306088728396243 23
306088728413924 66
306088728421051 91
306088728427902 23
306088795401818 23
306088795416699 66
306088795423685 91
306088795430669 23
306088862402773 23
306088862416278 66
306088862423435 91
306088862430517 23
306088940350565 23
306088940365844 66
306088940372866 91
306088940379689 23
306088996535558 23
306088996549051 66
306088996556015 91
306088996562864 23
306089071064514 23
306089071079513 66
306089071087181 91
306089071094278 23
306089130819296 23
306089130834062 23
306089130841352 66
306089130848285 91
306089130855122 23
306089197706737 66
306089197718818 91
306089197725750 23
306089264809701 23
306089264822104 66
306089264829106 91
306089264835858 23
306089343543518 23
306089343558876 66
306089343566323 91
306089343573186 23
306089399222981 23
306089399236816 66
306089399244047 91
306089399251033 23
306089471862665 23
306089471876441 66
306089471883691 91
306089471890494 23
306089533081722 23
306089533097333 66
306089533104617 91
306089533111432 23
306089600156764 23
306089600169790 66
306089600176919 91
306089600183690 23
306089676737098 23
306089676752242 66
306089676759629 91
306089676766502 23
306089734383576 23
306089734396655 66
306089734403548 91
306089734410329 23
306089804543357 23
306089804562402 66
306089804571271 91
306089804579600 23
306089804587972 23
306089868481610 66
306089868506039 91
306089868513373 23
306089868520098 23
306089935493550 66
306089935511684 91
306089935519004 23
306089935525937 23
306090002631200 66
306090002646049 91
306090002652992 23
306090002659660 23
306090080161852 66
306090080192596 91
306090080199877 23
306090080206857 23
306090136725849 66
306090136744216 91
306090136751343 23
306090136758900 23
306090203807106 66
306090203832854 91
306090203839946 23
306090203846787 23
306090282027204 66
306090282050674 91
306090282058029 23
306090282064870 23
306090338038384 66
306090338069657 91
306090338076993 23
306090338083826 23
306090404992622 66
306090405016126 91
306090405023414 23
306090405030263 23
306090483254161 66
306090483276325 91
306090483283601 23
306090483290456 23
306090539078903 66
306090539100135 91
306090539107563 23
306090539114310 23
306090606336877 66
306090606372880 91
306090606380170 23
306090606386868 23
306090685269853 66
306090685300104 91
306090685307293 23
306090685313953 23
306090745855221 66
306090745877277 91
306090745884812 23
306090745891629 23
306090807412313 66
306090807432712 91
306090807440070 23
306090807446951 23
306090807453792 66
306090874412511 91
306090874426383 23
306090874434157 23
306090874440966 66
306090952449344 91
306090952463165 23
306090952470187 23
306090952476960 66
306091008637204 91
306091008651614 23
306091008658682 23
306091008665624 66
306091075506781 91
306091075519257 23
306091075526241 23
306091075532987 66
306091142621737 91
306091142636663 23
306091142643989 23
306091142650711 66
306091209805619 91
306091209820333 23
306091209827329 23
306091209834152 66
306091276711951 91
306091276727331 23
306091276734263 23
306091276740963 66
306091355720476 91
306091355736621 23
306091355743870 23
306091355750697 66
306091411037816 91
306091411053457 23
306091411060779 23
306091411067632 66
306091487591839 91
306091487607334 23
306091487614491 23
306091487621293 66
306091545234498 91
306091545249003 23
306091545256284 23
306091545262960 66
306091612022387 91
306091612036582 23
306091612043785 23
306091612050538 66
306091688863461 91
306091688878718 23
306091688885716 23
306091688892468 66
306091746358198 91
306091746372639 23
306091746379697 23
306091746386417 66
306091813382289 91
306091813395506 23
306091813402525 23
306091813409335 66
306091890850866 91
306091890865986 23
306091890873217 23
306091890879976 66
306091890886706 91
306091947419769 23
306091947433906 23
306091947441057 66
306091947448335 91
306092014616437 23
306092014632694 23
306092014639712 66
306092014646543 91
306092081641185 23
306092081655750 23
306092081662674 66
306092081669358 91
306092158096103 23
306092158111952 91
306092215707508 23
306092215722791 66
306092215729862 91
306092282876983 23
306092282892222 23
306092282899270 66
306092282906021 91
306092360047935 23
306092360063073 23
306092360070506 66
306092360077419 91
306092360084743 23
306092422664135 23
306092422679218 66
306092422686503 91
306092422693322 23
306092495375968 23
306092495391108 66
306092495398311 91
306092495405317 23
306092551105019 23
306092551119746 66
306092551126637 91
306092551133661 23
306092618229677 23
306092618256842 66
306092618264146 91
306092618271101 23
306092697395879 23
306092697420739 66
306092697427916 91
306092697434781 23
306092752249335 23
306092752274250 66
306092752281616 91
306092752288332 23
306092819450297 23
306092819472232 66
306092819479582 91
306092819486423 23
306092898703647 23
306092898722400 66
306092898729744 91
306092898736585 23
306092953413109 23
306092953426189 66
306092953433262 91
306092953440175 23
306093030554449 23
306093030571129 66
306093030578257 91
306093087600707 91
306093087614091 23
306093154537577 23
306093154551101 66
306093154558853 91
306093154565785 23
306093230559979 23
306093230573518 66
306093230580547 91
306093230587331 23
306093288816668 23
306093288832449 66
306093288839732 91
306093288846453 23
306093355788424 23
306093355803985 66
306093355810903 91
306093355817778 23
306093433797760 23
306093433811979 66
306093433819114 91
306093433825943 23
306093490016814 23
306093490031286 66
306093490038415 91
306093490045270 23
306093557201880 23
306093557215743 66
306093557222820 91
306093557229695 23
306093635758655 23
306093635773681 66
306093635780645 91
306093635787536 23
306093698720051 23
306093698735021 66
306093698742244 91
306093698749021 23
306093758235354 23
306093758252094 66
306093758259389 91
306093758266007 23
306093825222535 23
306093825237875 66
306093825245182 91
306093825252221 23
306093902998134 23
306093903014009 66
306093903021286 91
306093903028055 23
306093959332073 23
306093959346298 66
306093959353353 91
306093959360246 23
306094026484447 23
306094026506127 66
306094026513205 91
306094026519898 23
306094099540621 23
306094099560866 66
306094099568009 91
306094099574965 23
306094160678494 23
306094160694976 66
306094160701856 91
306094160708524 23
306094227668200 23
306094227684154 66
306094227691170 91
306094227698027 23
306094306254795 91
306094306272063 23
306094306279353 23
306094306286184 66
306094361905736 23
306094361920915 66
306094361927820 23
306094361934766 66
