301971818480996 91
301971895384598 23
301971895403761 66
301971895411226 91
301971958001571 91
301972030706991 23
301972030721149 66
301972030728119 91
301972086737098 23
301972086752405 66
301972086759681 91
301972086766399 23
301972153724682 91
301972153737748 23
301972153744503 23
301972232661477 66
301972232679152 91
301972232686735 23
301972232693615 66
301972287861572 91
301972287876518 23
301972287883445 66
301972354944684 91
301972354960668 23
301972354967824 23
301972433974705 66
301972433990478 91
301972433997655 23
301972434004393 66
301972489000383 91
301972489015471 23
301972489022646 66
301972565860932 91
301972565876085 23
301972565883410 23
301972565890151 66
301972623209999 91
301972623225184 23
301972623232168 66
301972623239226 91
301972690227379 23
301972690242721 23
301972690249830 66
301972690256631 91
301972766273068 23
301972766326337 66
301972766335976 91
301972824570090 23
301972824605832 66
301972824613005 91
301972891534721 23
301972891558489 23
301972891565829 66
301972891572644 91
301972969188369 23
301972969214669 66
301972969221963 91
301972969228724 23
301973033290184 23
301973033316370 66
301973033323647 23
301973092620448 66
301973092638994 91
301973092646107 23
301973092652874 91
301973171114344 23
301973171132445 23
301973171139580 66
301973171146457 91
301973234101821 23
301973234121266 66
301973234128661 91
301973293824273 23
301973293843798 66
301973293851052 91
301973293857822 23
301973360833352 66
301973360847162 91
301973360854030 23
301973438360969 66
301973438379929 91
301973438387018 23
301973494973963 66
301973494988378 91
301973494995472 23
301973562095834 66
301973562113748 91
301973562121179 23
301973562127883 66
301973634920325 91
301973634951191 23
301973634958465 23
301973696447098 66
301973696477918 91
301973696484971 23
301973696491681 66
301973763732552 91
301973763771549 23
301973763778947 23
301973841647068 66
301973841677951 91
301973841685615 23
301973841692629 66
301973897606500 91
301973897635827 23
301973897643030 66
301973964590269 91
301973964615727 23
301973964623670 23
301973964630998 66
301974031517448 91
301974031537766 23
301974031544967 66
301974098828197 91
301974098850140 23
301974098857315 23
301974098864102 66
301974098870889 91
301974165804402 23
301974165837718 66
301974165845125 91
301974232720860 23
301974232739247 66
301974232746319 91
301974310812503 23
301974310832040 23
301974310839417 66
301974310846390 91
301974367010527 23
301974367033259 66
301974367040738 91
301974433939641 23
301974433955094 23
301974433962245 66
301974433968985 91
301974500977187 23
301974500993921 66
301974501001191 91
301974501007993 23
301974567970683 66
301974567985297 91
301974567992419 23
301974635182955 23
301974635196929 66
301974635203816 91
301974635210613 23
301974714046771 66
301974714064082 91
301974714071297 23
301974769222233 23
301974769239466 66
301974769246683 91
301974769269384 23
301974845927338 66
301974845944025 91
301974845951224 23
301974910944907 66
301974910961291 91
301974910968645 23
301974981264514 23
301974981280833 66
301974981287950 91
301974981294825 23
301975037585792 66
301975037603071 91
301975037610197 23
301975037616956 23
301975104492768 66
301975104509167 91
301975104516455 23
301975104523262 66
301975183282904 91
301975183299340 23
301975183306613 66
301975238819652 91
301975238835824 23
301975238843241 23
301975311725897 66
301975311742365 23
301975311749504 66
301975311756252 91
301975384543055 23
301975384558427 66
301975384565417 91
301975439989397 91
301975440001879 23
301975440008862 23
301975440015637 66
301975516472200 91
301975516499343 23
301975516506651 66
301975574095572 23
301975574112203 66
301975574119481 91
301975574126239 23
301975641060421 66
301975641075157 91
301975641082265 23
301975714615747 66
301975714631543 91
301975714640389 23
301975775259879 66
301975775274345 91
301975775281309 23
301975775288102 66
301975853840113 91
301975853869797 23
301975853876817 91
301975853883519 66
301975909367224 23
301975909390507 66
301975976496279 23
301975976513419 66
301975976520630 91
301976043486723 91
301976043501681 23
301976119638871 23
301976119656438 66
301976119663836 91
301976119670659 23
301976177525978 66
301976177540702 91
301976177547730 23
301976256971078 23
301976256987210 66
301976256994449 91
301976257001248 23
301976311763079 66
301976311779451 91
301976311786646 23
301976388872681 66
301976388887082 91
301976388894355 23
301976445874631 23
301976445889104 66
301976445896150 91
301976445902886 23
301976445909647 66
301976512951805 91
301976512967511 23
301976512974839 23
301976579966641 66
301976579979927 91
301976579986832 23
301976579993583 66
301976646978108 91
301976646992289 23
301976646999590 66
301976714181394 91
301976714195648 23
301976714202521 23
301976792129909 66
301976792147051 91
301976792154285 23
301976792161090 66
301976848252433 91
301976848268766 23
301976848275937 23
301976848282901 66
301976915314601 91
301976915330677 23
301976915337944 66
301976990695962 91
301976990715881 23
301976990723121 66
301976990729918 91
301977049420786 23
301977049436749 23
301977049443934 66
301977049451387 91
301977116545641 23
301977116575441 66
301977116582566 91
301977195509067 23
301977195538318 23
301977195545753 66
301977195552519 91
301977250682274 23
301977250701753 66
301977250709397 91
301977327294914 23
301977327317895 66
301977327325169 91
301977327331891 23
301977391503678 23
301977391522413 66
301977391529564 91
301977451852435 23
301977451871193 66
301977451878388 91
301977451885108 23
301977528563975 23
301977528582322 66
301977528589366 91
301977528596161 23
301977585960661 66
301977585977292 91
301977585984662 23
301977652982943 66
301977652997490 91
301977653004468 23
301977730530308 23
301977730546935 66
301977730554328 91
301977730561074 23
301977787204799 66
301977787222363 91
301977787229566 23
301977859703217 23
301977859727657 66
301977859735291 91
301977859742222 23
301977921448156 66
301977921478489 91
301977921485783 23
301977921493092 66
301977993820104 91
301977993845360 23
301977993852541 23
301978055571769 66
301978055596762 91
301978055604359 23
301978055611259 66
301978133796442 91
301978133813854 23
301978133821009 23
301978189694355 66
301978189729313 91
301978189736516 23
301978189743405 66
301978262603198 91
301978262628486 23
301978262635927 66
301978323734334 91
301978323753461 23
301978323760779 23
301978323767791 66
301978401050249 91
301978401068535 23
301978401075773 66
301978457730987 91
301978457747105 23
301978457754212 23
301978457760952 66
301978457767654 91
301978524923852 23
301978524937884 66
301978524944896 91
301978603025904 23
301978603048845 23
301978603056273 66
301978603063263 91
301978659053799 23
301978659077472 66
301978659084279 91
301978726000220 23
301978726017947 66
301978726025076 91
301978793167545 23
301978793184669 23
301978793192031 23
301978793199735 66
301978870276718 23
301978870299333 66
301978870306722 91
301978927260028 91
301978927276579 23
301978927284069 66
301978994395448 23
301978994431928 66
301979061386837 91
301979061411124 91
301979128443226 23
301979128461090 66
301979128468147 91
301979207553998 23
301979207573336 66
301979207580646 91
301979207587515 23
301979262514443 91
301979262529457 23
301979339437345 23
301979339452198 66
301979339459184 23
301979339466659 66
301979396819911 91
301979396833250 23
301979396840195 91
301979396846932 66
301979464002454 91
301979464014937 23
301979464022019 66
301979530776777 91
301979530790872 23
301979530797986 23
301979597879660 66
301979597895022 91
301979597902316 23
301979597909110 66
301979676750194 91
301979676766825 23
301979676774006 66
301979731983085 23
301979731998956 66
301979732006395 91
301979732013232 23
301979808739216 91
301979808753831 66
301979866235941 91
301979866252157 23
301979866259199 23
301979866265878 66
301979939394355 23
301979939410593 66
301979939417614 91
301979939424521 23
301980000256472 91
301980000271987 66
301980000279335 91
301980067230618 23
301980067243493 23
301980067250352 66
301980067257147 91
301980134462679 23
301980134478012 66
301980134485272 91
301980212065345 23
301980212097183 66
301980212104126 91
301980268633974 23
301980268661721 66
301980268668986 23
301980268675638 66
301980335580936 91
301980335603706 91
301980413210853 23
301980413231770 66
301980413239128 91
301980469754785 23
301980469771086 66
301980536795958 91
301980536812412 23
301980536819613 91
301980536826300 23
301980615169517 23
301980615187299 66
301980615194248 23
301980671125059 66
301980671140572 91
301980671147765 23
301980738214865 23
301980738246241 66
301980738253375 91
301980738260649 23
301980805082349 66
301980805103120 91
301980805110208 23
301980805116887 66
301980882610771 91
301980882636454 23
301980882643801 66
301980939221871 91
301980939236090 23
301980939243112 23
301981006214464 66
301981006229966 91
301981006237515 23
301981006244399 66
301981084436175 91
301981084465333 23
301981084472874 23
301981140434089 66
301981140465533 91
301981140472895 23
301981140479512 66
301981215489668 91
301981215508298 23
301981215515260 66
301981274475471 91
301981274495473 23
301981274502921 23
301981274509954 66
301981341628509 91
301981341653090 23
301981341660287 66
301981341667082 91
301981408632319 23
301981408653798 23
301981408661307 66
301981408667975 91
301981487599762 23
301981487614689 66
301981487621635 91
301981542909879 23
301981542938188 66
301981542945480 91
301981609855575 23
301981609874341 23
301981609881431 66
301981609888727 91
301981676897357 23
301981676918102 66
301981676925313 91
301981676932126 23
301981743951468 23
301981743968923 66
301981743976251 91
301981820783023 23
301981820798481 66
301981820805783 91
301981820812580 23
301981878036180 66
301981878054116 91
301981878061145 23
301981945173190 23
301981945187472 66
301981945194783 91
301981945201576 23
301982012307949 66
301982012332546 91
301982012339672 23
301982079486251 23
301982079510956 66
301982079518071 91
301982079524997 23
301982146271662 66
301982146288098 91
301982146295104 23
301982213789278 66
301982213883623 91
301982213894415 23
301982213901228 23
301982213908176 66
301982290044174 91
301982347664557 91
301982347690024 23
301982347697348 23
301982414695752 66
301982414721073 91
301982414729477 23
301982414736555 66
301982481788869 91
301982481820621 23
301982481828093 23
301982548837945 66
301982548862379 91
301982548869525 23
301982548876429 66
301982615818777 91
301982615844214 23
301982615851403 66
301982693317798 91
301982693340908 23
301982693348248 23
301982693355035 66
301982750185919 91
301982750218119 23
301982750225290 66
301982817106946 91
301982817146377 91
301982890298170 23
301982890334359 23
301982890341715 66
301982890348454 91
301982951364038 23
301982951398909 66
301982951406380 91
301983018262659 23
301983018299141 23
301983018307020 66
301983018313938 91
301983096648260 23
301983096683581 66
301983096690706 91
301983152441837 23
301983152480510 66
301983152487681 91
301983152494502 23
301983219436529 23
301983219460419 66
301983219467580 91
301983293269956 91
301983293302641 23
301983353482026 23
301983353501107 66
301983353508562 91
301983353515582 23
301983420640077 66
301983420665221 91
301983420672344 23
301983499834849 23
301983499860472 66
301983499867663 91
301983499874445 23
301983554912329 66
301983554937934 91
301983554944986 23
301983631726582 66
301983631750223 91
301983631757330 23
301983688918348 23
301983688943562 66
301983688950661 91
301983688957431 23
301983755911556 66
301983755934186 91
301983755941363 23
301983823105647 23
301983823133118 66
301983823140172 91
301983823146890 23
301983823153627 66
301983890102083 91
301983890124564 23
301983890132413 66
301983969024978 91
301983969050116 23
301983969057420 23
301984024226495 66
301984024249741 91
301984024257071 23
301984024263826 66
301984099051661 91
301984099082893 23
301984099090012 23
301984170388589 66
301984170422625 91
301984170430148 23
301984170437092 66
301984225430733 91
301984225457967 23
301984225465152 23
301984225471979 66
301984302198313 91
301984302225066 23
301984302232174 66
301984302239066 91
301984359744279 23
301984359777600 66
301984359784756 91
301984426689300 23
301984426720454 23
301984426727979 66
301984426734866 91
301984504255304 23
301984504286036 66
301984504293247 91
301984567244064 23
301984567275791 23
301984567282978 66
301984567289836 91
301984639635976 23
301984639668037 66
301984639675100 91
301984694814315 23
301984694833410 66
301984694840446 91
301984694847229 23
301984771558399 23
301984771592113 66
301984771600300 91
301984771607276 23
301984829035053 66
301984829054210 91
301984829078575 23
301984896043597 23
301984896071993 66
301984896079035 91
301984896085774 23
301984963110477 66
301984963137312 91
301984963144612 23
301985030098048 66
301985030122287 91
301985030129587 23
301985108717267 23
301985108741980 66
301985108748877 91
301985108755622 23
301985164361120 66
301985164394408 91
301985164401653 23
301985231373811 23
301985231399319 66
301985231406462 91
301985231413082 23
301985310652283 66
301985310675182 91
301985310682516 23
301985310689272 23
301985370830189 66
301985370857714 91
301985370865153 23
301985370872161 66
301985432596147 91
301985432627366 23
301985432634641 66
301985499676087 91
301985499700595 23
301985499707539 23
301985566740154 66
301985566765948 91
301985566773483 23
301985566780191 66
301985643833179 91
301985643858552 23
301985643866487 23
301985701228845 66
301985701262063 91
301985701269272 23
301985701276071 66
301985767902775 91
301985767931073 23
301985767938169 23
301985767945149 66
301985845296766 91
301985845332457 23
301985845339777 66
301985845346697 91
301985902178561 23
301985902210618 66
301985902217785 91
301985969150681 23
301985969181387 23
301985969188546 66
301985969195493 91
301986047193450 23
301986047224171 66
301986047231618 91
301986103406996 23
301986103435392 23
301986103442545 66
301986103449211 91
301986170451321 23
301986170484620 66
301986170491835 91
301986237355558 23
301986237386379 66
301986237393777 91
301986237400684 23
301986314486300 23
301986314517071 66
301986314524194 91
301986314531019 23
301986371484823 66
301986371498576 91
301986371505425 23
301986438597832 23
301986438624298 66
301986438631575 91
301986438638221 23
301986516362469 66
301986516396982 91
301986516404479 23
301986572602175 66
301986572628198 91
301986572635574 23
301986639800645 23
301986639825038 66
301986639832227 91
301986639839088 23
301986706829537 66
301986706852506 91
301986706859611 23
301986783629812 23
301986783662907 66
301986783669975 91
301986783676645 23
301986783683233 66
301986840869751 91
301986840893708 23
301986840900991 66
301986908047212 91
301986908072044 23
301986908079316 23
301986985520945 66
301986985546885 91
301986985554183 23
301986985561040 66
301987047719318 91
301987047750293 23
301987047757460 23
301987109277709 66
301987109310502 91
301987109317707 23
301987109324367 66
301987186828713 91
301987186855738 23
301987186862941 66
301987243416277 91
301987243446878 23
301987243454230 23
301987243460976 66
301987310396507 91
301987310424125 23
301987310431354 23
301987310438066 66
301987310444839 91
301987388870295 23
301987388906260 66
301987388913640 91
301987444512685 23
301987444537503 66
301987444545032 91
301987511643830 23
301987511673519 66
301987511680908 91
301987590167579 23
301987590201293 23
301987590208299 66
301987590215104 91
301987645791313 23
301987645819586 66
301987645827009 91
301987645833932 23
301987712949091 23
301987712975635 66
301987712982877 91
301987792224717 23
301987792260570 66
301987792268952 91
301987792276258 23
301987846820525 66
301987846838862 91
301987846846367 23
301987913895613 23
301987913922227 66
301987913929350 91
301987913936352 23
301987993483191 66
301987993524196 91
301987993531453 23
301988048088035 23
301988048109991 66
301988048117379 23
301988125248734 66
301988125282095 91
301988125289552 91
301988182339973 23
301988182363711 66
301988182371069 91
301988249348686 23
301988249373049 66
301988249380371 91
301988323781561 23
301988323808497 66
301988323815969 23
301988383466202 66
