309956223797601 91
309956223834056 23
309956301235603 66
309956301255901 91
309956358167523 23
309956358200166 66
309956358207476 91
309956425154418 23
309956425177312 66
309956425184421 91
309956492213203 91
309956492237149 23
309956559222334 66
309956559241413 91
309956559248590 23
309956559255355 23
309956559262164 66
309956626215506 91
309956626238423 23
309956626245797 23
309956626252632 66
309956704490938 23
309956704508957 66
309956704517060 91
309956760632018 91
309956760666395 23
309956760673908 66
309956760680747 91
309956834868995 23
309956834897351 66
309956834905890 23
309956894449872 66
309956894467171 91
309956961601492 23
309956961618111 66
309957028518448 91
309957028536741 91
309957107734158 23
309957107749747 66
309957107756757 91
309957107763560 23
309957162825996 66
309957162841374 23
309957162848539 66
309957309026532 91
309957309043650 91
309957364031198 23
309957364047704 66
309957364055121 91
309957364061853 23
309957364068608 66
309957440921499 23
309957440936123 66
309957497975711 91
309957565068846 23
309957565082299 66
309957565089239 91
309957642855493 91
309957642867349 23
309957705851802 66
309957705868242 91
309957705875806 23
309957705882745 66
309957778219959 23
309957778237282 91
309957778244481 23
309957778251111 66
309957778258292 91
309957833400683 23
309957833416660 23
309957833423827 66
309957833430598 23
309957833437371 91
309957910130528 23
309957910147578 66
309957910154723 23
309957910161443 91
309957967735491 23
309957967755477 66
309957967762805 23
309957967769781 91
309958034770549 23
309958034796511 66
309958034803713 23
309958034810576 91
309958101697135 23
309958101715176 66
309958101722367 23
309958101729138 91
309958168704585 23
309958168721904 66
309958168729192 23
309958168735969 91
309958247433781 23
309958247449407 66
309958247456544 23
309958247463248 91
309958302914244 23
309958302929473 66
309958302936455 91
309958302943201 23
309958302949863 23
309958379335706 66
309958379353258 23
309958379360679 91
309958379367570 23
309958437010886 66
309958437028529 91
309958437035616 23
309958437042469 23
309958503957223 66
309958503972927 23
309958503980043 91
309958503986838 23
309958503993623 23
309958580650783 66
309958580674178 91
309958580681367 23
309958580688162 23
309958580694983 66
309958638242765 23
309958638265110 91
309958638272364 23
309958638279092 66
309958705178800 23
309958705198497 91
309958705205877 23
309958705212561 66
309958782553988 23
309958782569610 91
309958782576740 23
309958782583561 66
309958839412774 23
309958839431674 91
309958839438674 23
309958839445567 66
309958906482899 23
309958906507312 91
309958906514660 23
309958906521539 66
309958906528407 23
309958906535292 91
309958973538244 23
309958973562330 66
309958973569466 23
309958973576424 91
309959040769829 23
309959040794300 66
309959040801574 23
309959040808530 91
309959119928954 23
309959119952610 66
309959119959935 23
309959119966954 91
309959174648086 23
309959174667002 66
309959174674268 23
309959174681147 91
309959251796488 23
309959251812818 66
309959251819894 23
309959251826721 66
309959308825613 91
309959308840071 91
309959375933830 23
309959375962190 66
309959375969295 23
309959375976120 66
309959453063648 91
309959453077338 91
309959510216743 23
309959510230749 66
309959510237924 91
309959510244826 23
309959510251602 66
309959577421760 23
309959577436072 66
309959655008491 91
309959711158864 23
309959711175189 66
309959711182658 91
309959778325306 91
309959778339769 23
309959845394601 66
309959845409689 91
309959845417106 23
309959845424011 66
309959922273003 23
309959922289693 66
309959922296946 91
309959979417307 23
309960046678414 66
309960046693096 91
309960046700324 91
309960124223984 23
309960124237355 66
309960124244437 91
309960186386060 23
309960186401126 66
309960186408955 23
309960186415852 66
309960325536509 91
309960325556463 91
309960381820866 23
309960381837922 66
309960381845268 91
309960381852115 23
309960448871611 66
309960448887625 23
309960448894548 66
309960527480296 91
309960583127470 23
309960583141182 66
309960583148102 91
309960650109685 91
309960650124116 23
309960728764527 66
309960728780802 91
309960728788319 23
309960728795042 66
309960784335478 23
309960784349134 66
309960860654476 91
309960930737298 23
309960930751400 66
309960930758501 91
309960985413488 91
309960985429473 23
309960985436890 66
309960985443743 91
309961052607121 23
309961052621050 66
309961052628187 23
309961119607437 66
309961119620182 91
309961186626840 23
309961186643136 66
309961253721471 91
309961253735932 91
309961320810652 23
309961320823556 66
309961320830504 91
309961320837312 23
309961400013147 66
309961400045838 23
309961400053021 66
309961454887426 91
309961522109633 23
309961522134781 66
309961522142133 91
309961601336245 91
309961656447704 23
309961656468052 66
309961656475392 91
309961656482386 23
309961656489155 66
309961733127030 23
309961733145737 66
309961790220054 91
309961865362879 23
309961865379701 66
309961865386764 91
309961924415424 91
309961924430665 23
309961924437824 66
309961991325783 23
309961991339453 66
309961991346431 91
309962058411591 91
309962058425365 23
309962058432162 66
309962058438875 91
309962136408019 23
309962136424061 66
309962136431399 23
309962193983823 66
309962193999939 91
309962259716506 23
309962259736507 66
309962326669553 91
309962326684269 91
309962393891322 23
309962393905124 66
309962393912304 91
309962393919167 23
309962460904371 66
309962460920763 23
309962460928608 66
309962527923576 91
309962605558036 23
309962605573498 66
309962662166233 91
309962662181812 91
309962729167763 23
309962729193975 66
309962729201369 91
309962729208116 23
309962729214880 66
309962806900166 23
309962806921064 66
309962863183880 91
309962930364780 23
309962930380046 66
309962930387204 91
309963008849218 91
309963008866267 23
309963008873615 66
309963064430856 91
309963064446109 23
309963064453839 66
309963064460715 23
309963131456904 66
309963131474191 91
309963210140522 23
309963265646484 66
309963265660639 91
309963265667733 91
309963342015104 23
309963342029426 66
309963342036500 91
309963342043203 23
309963412074719 66
309963412091650 23
309963412098781 66
309963466827518 91
309963533886751 23
309963533900588 66
309963601095554 91
309963601117994 91
309963679308134 23
309963679325207 66
309963679333217 91
309963679340072 23
309963679346837 23
309963735423182 66
309963735438777 91
309963735446258 23
309963735453372 23
309963802204930 66
309963802221869 23
309963802229096 91
309963802235837 23
309963881273414 66
309963881288124 23
309963881295293 91
309963881302245 23
309963881309010 66
309963936546579 23
309963936575377 91
309963936582705 23
309963936589647 66
309964003498014 23
309964003524982 66
309964070605212 91
309964070628893 23
309964148570979 66
309964148592645 91
309964204662614 91
309964204677632 23
309964204684785 66
309964204691457 91
309964271675388 23
309964271692900 66
309964271700019 23
309964350486835 66
309964350503923 91
309964405667039 23
309964405682350 66
309964472863658 91
309964472877694 91
309964551771371 23
309964551786753 66
309964551793906 91
309964551800716 23
309964606881564 66
309964606896701 23
309964606904101 66
309964683659988 91
309964741100833 23
309964741116392 66
309964741123521 91
309964808087736 91
309964884956757 23
309964884972990 66
309964884980177 91
309964884986871 23
309964884993554 66
309964942340768 23
309964942355084 23
309964942362200 66
309964942369144 91
309965009332971 91
309965009346011 23
309965086921415 66
309965086935311 91
309965086942554 23
309965086949508 66
309965143422196 23
309965143438728 66
309965210597846 91
309965210612212 23
309965277610939 66
309965277624258 91
309965277631346 91
309965354167378 23
309965354182730 66
309965354190021 91
309965411777924 23
309965411792495 66
309965411799831 23
309965411806612 23
309965478796429 66
309965478810063 91
309965478817057 91
309965556104495 23
309965556118596 66
309965556125618 91
309965556132517 23
309965613013445 66
309965613029229 23
309965613036493 91
309965687234618 23
309965687249535 66
309965687256767 23
309965687263624 91
309965687270473 23
309965747218350 66
309965747232169 23
309965747239419 91
309965747246332 23
309965814416351 66
309965814429468 23
309965814436573 91
309965814443494 23
309965881168443 66
309965881181766 91
309965881188802 23
309965881195617 23
309965959400003 66
309965959415892 23
309965959422992 91
309965959430274 23
309965959437067 66
309966015368732 23
309966015383849 91
309966015391008 23
309966015397969 66
309966090137341 23
309966090152365 91
309966090159703 23
309966090166595 66
309966149416158 23
309966149431618 91
309966149438739 23
309966149445594 66
309966216412347 23
309966216425442 91
309966216432309 23
309966216439315 66
309966283631400 91
309966283648089 23
309966283655610 23
309966283662592 66
309966283669673 23
309966283676479 91
309966362630444 23
309966362644259 66
309966362651134 91
309966362657897 23
309966417742302 23
309966417767367 66
309966417774592 23
309966417781427 91
309966493076851 23
309966493100653 66
309966493108051 23
309966493115015 91
309966563962055 23
309966563987521 66
309966563994798 23
309966564001617 91
309966619097529 23
309966619124169 66
309966619131588 23
309966619138352 91
309966696065007 23
309966696089891 66
309966696097147 23
309966696104147 66
309966752977190 91
309966752995673 91
309966820154888 23
309966820171755 66
309966820179123 91
309966820186058 23
309966820192797 66
309966893838720 23
309966893854369 66
309966954202627 91
309967021376564 23
309967021393155 66
309967021400360 91
309967099106490 91
309967099124811 23
309967155482590 66
309967155508293 91
309967155515876 23
309967155523367 66
309967222427386 23
309967222443575 66
309967301055113 91
309967301073131 23
309967362013709 66
309967362029712 91
309967362037104 91
309967423652949 23
309967423667128 66
309967423674081 91
309967490724434 23
309967490737970 66
309967490745002 23
309967568249702 66
309967568263841 91
309967624834811 23
309967624849942 66
309967691874908 91
309967691891309 91
309967764979043 23
309967765010287 66
309967765018216 91
309967765025174 23
309967826283585 66
309967826305734 23
309967826313092 66
309967893404063 91
309967971508573 23
309967971527001 66
309968027269864 91
309968027289231 91
309968094355806 23
309968094372341 66
309968094379548 23
309968094386629 66
309968094393429 91
309968161386608 91
309968161401539 23
309968228379094 66
309968228394391 91
309968228401584 23
309968228408399 66
309968295570533 91
309968295585130 23
309968295592255 23
309968295599247 66
309968362514077 23
309968362528997 91
309968362536284 23
309968362543425 66
309968440713244 23
309968440728708 91
309968440735772 23
309968440742495 66
309968440749205 23
309968440755869 91
309968496669546 23
309968496685654 66
309968496693117 23
309968496699859 91
309968563779104 23
309968563795997 66
309968563803238 23
309968563810242 91
309968642041229 23
309968642057170 66
309968642064607 91
309968642071504 23
309968697902016 23
309968697915722 66
309968697922789 23
309968697929791 91
309968764870640 23
309968764884390 66
309968764891429 23
309968764898099 91
309968832063803 23
309968832075990 66
309968832082892 23
309968832089658 91
309968909931649 23
309968909948079 66
309968909955187 23
309968909962193 91
309968966372997 23
309968966398835 66
309968966406229 23
309968966413486 91
309968966420253 23
309969033439846 66
309969033466295 23
309969033473541 91
309969033480349 23
309969100430108 66
309969100460230 23
309969100467427 91
309969100474135 23
309969177220559 66
309969177245246 23
309969177252435 23
309969177259166 66
309969177265890 91
309969234417539 91
309969234437972 23
309969301463869 66
309969301481405 91
309969301488429 23
309969301495146 66
309969379165544 23
309969379184318 66
309969441770229 91
309969441787072 23
309969514473403 66
309969514490579 91
309969514497851 91
309969569744296 23
309969569759082 66
309969569766054 91
309969646346062 23
309969646361360 66
309969646368685 23
309969703928086 66
309969703951387 91
309969770943182 23
309969770958932 66
309969837979171 91
309969837992998 91
309969905241688 23
309969905256339 66
309969905263563 91
309969905270243 23
309969983656750 66
309969983670589 23
309969983677396 66
309970039192046 91
309970115563616 23
309970115580792 66
309970173252316 91
309970173267024 91
309970240445503 23
309970240461152 66
309970240468563 23
309970240475482 66
309970240482277 91
309970307415761 91
309970374460866 23
309970374474850 66
309970374482142 23
309970374488981 66
309970374495643 91
309970452862606 91
309970508649727 23
309970508664769 66
309970508672354 23
309970508679153 66
309970508685887 91
309970575680102 91
309970575695881 23
309970575703050 91
309970654890849 23
309970654912308 23
309970654919423 66
309970654926143 91
309970654932831 23
309970717799570 23
309970717813783 66
309970717821030 23
309970717827805 91
309970776934995 23
309970776949797 66
309970776956934 23
309970776963713 91
309970843936371 23
309970843951540 66
309970843958757 23
309970843966192 91
309970922123410 23
309970922139442 23
309970922146806 66
309970922153631 91
309970922160464 23
309970978152720 23
309970978166519 66
309970978173812 91
309970978180742 23
309971045172440 23
309971045186027 66
309971045193088 91
309971045200052 23
309971118590357 23
309971118603357 66
309971118610518 23
309971118617355 91
309971118624303 23
309971179470159 66
309971179492787 23
309971179499947 91
309971179507167 23
309971246399748 66
309971246415265 23
309971246422323 91
309971246429148 23
309971325331605 66
309971325351640 23
309971325359002 91
309971325365905 23
309971325372626 66
309971380426932 23
309971380443325 91
309971380450671 23
309971380457561 66
309971457203185 23
309971457220178 66
309971457227729 23
309971457234617 66
309971514755934 91
309971514788054 91
309971581719254 91
309971581740698 23
309971581748798 23
309971581755617 66
309971648810947 23
309971648835636 66
309971648842648 23
309971648849441 66
309971648856157 91
309971715854291 23
309971794628235 66
309971794662871 91
309971794670243 91
309971850047093 23
309971850071030 66
309971850077998 91
309971850084904 23
309971924409876 66
309971924426432 23
309971924433525 66
309971996003751 91
309972051452039 23
309972051470527 66
309972118178958 91
309972118193434 91
309972185589654 23
309972185626088 66
309972185633347 91
309972185640611 23
309972185647303 66
309972252462361 23
309972252487835 66
309972252495072 91
309972319385165 23
309972319399982 66
