307962395565939 91
307962452219453 23
307962452238954 66
307962452246159 91
307962519382252 23
307962597633432 66
307962597650564 91
307962597657871 23
307962653377493 66
307962653405135 91
307962653412145 91
307962720515187 23
307962720545772 66
307962720553118 91
307962798845101 23
307962798874726 66
307962798881806 91
307962798888587 23
307962854526591 23
307962854555224 66
307962854562293 91
307962854569162 23
307962921625453 23
307962921641700 66
307962921648629 91
307962921655462 23
307963001355451 23
307963001378575 66
307963001385860 91
307963001392651 23
307963062962799 23
307963062985281 66
307963062992510 91
307963063000196 23
307963122739116 23
307963122760715 66
307963122767753 91
307963122774486 23
307963202095140 23
307963202118431 66
307963202125938 91
307963202132763 23
307963256888958 23
307963256904980 66
307963256912030 91
307963256918829 23
307963333990746 23
307963334008769 66
307963334015861 91
307963334022578 23
307963391003479 23
307963391019187 66
307963391026444 91
307963391033205 23
307963391039941 23
307963458077927 66
307963458092489 91
307963458099569 23
307963458106452 23
307963525101139 66
307963525117008 91
307963525124191 23
307963525131002 23
307963592219241 66
307963592246638 91
307963592253933 23
307963592260851 23
307963659320016 66
307963659336231 91
307963659343418 23
307963659350406 23
307963659357078 23
307963737203597 66
307963737218444 91
307963737225589 23
307963737232372 23
307963793403932 66
307963793423508 91
307963793430806 23
307963793437592 23
307963793444317 66
307963860404070 91
307963860420731 23
307963860427936 23
307963860434747 66
307963927793800 91
307963927807295 23
307963927814422 23
307963927821112 66
307963994636677 91
307963994653968 23
307963994660858 23
307963994667572 66
307964061625996 91
307964061640740 23
307964061647599 23
307964061654297 66
307964140471714 91
307964140488361 23
307964140496620 23
307964140503574 66
307964140510260 91
307964195735224 23
307964195748836 23
307964195755689 66
307964195762522 91
307964195769226 23
307964272351705 23
307964272365916 66
307964272372966 91
307964272379807 23
307964329831858 23
307964329845110 66
307964329851945 91
307964329858704 23
307964396926654 23
307964396944816 66
307964396952265 23
307964473654558 66
307964473669936 91
307964473677246 91
307964531223747 23
307964531240241 66
307964531247571 91
307964531254622 23
307964598424296 66
307964598439678 91
307964598446861 23
307964598453654 23
307964675583205 66
307964675601998 91
307964739788953 23
307964739805125 66
307964799361614 91
307964799379399 91
307964876884695 23
307964876902046 66
307964876909191 23
307964876916082 66
307964933380890 91
307964933397054 91
307965000573198 23
307965000588733 66
307965000596429 23
307965078874957 66
307965078890681 91
307965078898105 91
307965134641253 23
307965134654390 91
307965134661332 23
307965134668227 23
307965134674942 66
307965208061206 91
307965208087969 23
307965208095122 23
307965268965621 66
307965268994808 91
307965269001860 23
307965269008659 23
307965269015371 66
307965335970202 91
307965335994829 23
307965336001904 23
307965336008867 66
307965402992256 91
307965403016106 23
307965403023468 23
307965403030267 66
307965403036987 23
307965482188984 66
307965482212991 91
307965537136701 91
307965537152103 23
307965537159047 66
307965604148793 91
307965604163874 23
307965604170968 66
307965604177672 91
307965671194762 23
307965671215636 23
307965671222672 23
307965671229348 66
307965671236074 91
307965749362337 23
307965749379111 23
307965749386103 66
307965749393055 91
307965749400320 23
307965805345813 23
307965805359591 66
307965805366606 91
307965805373591 23
307965872353612 23
307965872367759 66
307965872374964 91
307965872381796 23
307965951327851 23
307965951345172 23
307965951352484 66
307966006597077 23
307966006612859 66
307966006620030 91
307966006627022 91
307966082548189 23
307966082562837 66
307966152621648 23
307966152637414 66
307966152644885 91
307966152651875 91
307966207656246 23
307966207670356 66
307966284512756 23
307966284527797 66
307966284535166 91
307966284541989 91
307966341804246 91
307966341817103 23
307966341823912 23
307966408999738 66
307966409012340 91
307966409019338 23
307966409026354 23
307966475918563 23
307966475933271 66
307966475940424 91
307966475947277 23
307966475954106 23
307966543016472 66
307966543031437 91
307966543038542 23
307966543045395 23
307966610200146 66
307966610212199 91
307966610219024 23
307966610225716 23
307966687751974 66
307966687767152 91
307966687774390 23
307966687781428 23
307966744185447 66
307966744199231 91
307966744206183 23
307966744212974 23
307966811271878 23
307966811284629 66
307966811291540 91
307966878361147 23
307966878374242 91
307966878380998 66
307966945371676 23
307966945386584 66
307966945393962 23
307966945400801 66
307966945407984 91
307967012656445 23
307967012678163 91
307967012685042 23
307967012691913 23
307967012698593 66
307967079589552 91
307967079604809 23
307967079611768 66
307967156951606 91
307967156968277 23
307967156975508 66
307967156982210 91
307967213691187 23
307967213708445 23
307967213715721 66
307967213722604 91
307967287728386 23
307967287746739 23
307967287754103 66
307967287760979 91
307967287767824 23
307967347907773 23
307967347926345 66
307967347933429 91
307967347940375 23
307967414979671 23
307967414995270 66
307967415002441 91
307967415009173 23
307967481899950 23
307967481915139 66
307967481922324 91
307967481929187 23
307967560207387 23
307967560223950 66
307967560231117 91
307967560238149 23
307967615993227 23
307967616007610 66
307967616014495 91
307967616021292 23
307967688503844 23
307967688517458 23
307967688525116 66
307967688531824 91
307967688538546 23
307967750262899 23
307967750293172 66
307967750300443 91
307967750307298 23
307967817420722 23
307967817445006 66
307967817452282 91
307967817459008 23
307967884432828 23
307967884457322 66
307967884464431 91
307967884471167 23
307967963582589 23
307967963611881 66
307967963619146 91
307967963625997 23
307967963632674 23
307968018482943 66
307968018505264 91
307968018513185 23
307968018520109 23
307968091630149 66
307968091663558 91
307968091670803 23
307968091677849 23
307968164821510 66
307968164848742 91
307968164855903 23
307968164862806 23
307968219652784 66
307968219673709 91
307968219680766 23
307968219687536 23
307968296677212 66
307968296694473 91
307968296701843 23
307968296708523 23
307968296715268 66
307968353735065 91
307968353751253 23
307968353758471 23
307968353766320 66
307968420791181 91
307968420806611 23
307968420813768 23
307968420820577 66
307968498594169 91
307968498607552 23
307968498614562 23
307968498621331 66
307968554913587 91
307968554927208 23
307968554934074 23
307968554940820 66
307968622018399 91
307968622036562 23
307968622043959 23
307968622050828 66
307968622057524 91
307968699897243 23
307968699912852 23
307968699920158 66
307968699926934 91
307968756434816 23
307968756451496 23
307968756458798 66
307968756465711 91
307968756472439 23
307968823194945 23
307968823209114 66
307968823216100 91
307968823222959 23
307968901874022 23
307968901889675 66
307968901897122 91
307968901904122 23
307968957404720 23
307968957418563 66
307968957425692 91
307968957432736 23
307969024419154 23
307969024435663 66
307969024442858 91
307969024449606 23
307969091418945 23
307969091433957 66
307969091440993 91
307969091447740 23
307969169109528 23
307969169125348 66
307969169132616 91
307969169139519 23
307969225634280 23
307969225647170 66
307969225654140 91
307969225660931 23
307969292643739 23
307969292657102 66
307969292664116 91
307969292671160 23
307969359658244 23
307969359674467 66
307969359681922 91
307969359688640 23
307969427035646 23
307969427051459 23
307969427058899 66
307969427066299 91
307969427072992 23
307969427079819 66
307969493894940 91
307969493910918 23
307969493918493 23
307969560904039 66
307969560919037 91
307969560926124 23
307969560932929 23
307969638285346 66
307969638299085 91
307969638306137 23
307969638312841 23
307969638319719 23
307969695119793 66
307969695132805 91
307969695139696 23
307969695146445 23
307969762140136 66
307969762153080 91
307969762160154 23
307969762167251 23
307969762174100 66
307969829145262 91
307969829157768 23
307969829164625 23
307969829171323 66
307969896256276 91
307969896271887 23
307969896279040 23
307969896285883 66
307969963354329 91
307969963368366 23
307969963375434 23
307969963382195 66
307970041554465 91
307970041570622 23
307970041577724 23
307970041584495 66
307970097397327 91
307970097411386 23
307970097418279 23
307970097425096 66
307970097432420 91
307970164592594 23
307970164607093 23
307970164614256 66
307970164621059 91
307970238664960 23
307970238695138 23
307970238702364 66
307970238709066 91
307970238715809 23
307970298738212 23
307970298762243 66
307970298769428 91
307970298776277 23
307970365782339 23
307970365811116 66
307970365818276 23
307970444845715 66
307970444870038 91
307970444877472 23
307970444884301 91
307970444891032 23
307970499951389 23
307970499979285 66
307970499986319 91
307970499993178 23
307970576756951 23
307970576773804 66
307970576781045 91
307970576787950 23
307970576794753 23
307970639360755 66
307970639376980 23
307970639384022 66
307970712067734 91
307970712085813 91
307970768242814 23
307970768260857 66
307970768268382 91
307970768275145 23
307970835424654 66
307970835439793 91
307970835446849 23
307970835453749 23
307970914022010 66
307970914038372 91
307970914045673 23
307970914052675 23
307970969277791 66
307970969293198 91
307970969300298 23
307970969307145 23
307971036351526 66
307971036365353 91
307971036372317 23
307971036379049 23
307971115323605 66
307971115338955 91
307971115346313 23
307971115353186 23
307971170580515 66
307971170595193 91
307971170602160 23
307971170609076 23
307971247230885 66
307971247251320 91
307971247259820 23
307971247266949 23
307971247273708 66
307971304614857 91
307971304630849 23
307971304638130 23
307971304645058 66
307971375679390 91
307971375695440 23
307971375702752 23
307971375709337 66
307971447273164 91
307971447296610 23
307971447303640 23
307971447310233 66
307971505905833 91
307971505926634 23
307971505933868 23
307971505940755 66
307971572954840 91
307971572975604 23
307971572983073 23
307971572990544 66
307971572997308 91
307971650593735 23
307971650627227 23
307971650634714 66
307971650641625 91
307971707124122 23
307971707154741 23
307971707162093 66
307971707168973 91
307971707175842 23
307971774119070 23
307971774139195 66
307971774146421 91
307971774153181 23
307971852451075 23
307971852469297 66
307971852476625 91
307971852483398 23
307971915403796 23
307971915419178 66
307971915426415 91
307971915433954 23
307971975412754 23
307971975440497 23
307971975448227 66
307971975455034 91
307971975461728 23
307972042373970 23
307972042393288 66
307972042400475 91
307972042407264 23
307972109372146 23
307972109387542 66
307972109394544 91
307972109401369 23
307972176377880 23
307972176392011 66
307972176398953 91
307972176405562 23
307972255673981 23
307972255689485 66
307972255696650 91
307972255703395 23
307972318287211 23
307972318302299 66
307972318309369 91
307972318316295 23
307972377626967 23
307972377641202 23
307972377648241 66
307972377655001 91
307972377661776 23
307972377668508 66
307972444806854 91
307972444820434 23
307972444827482 23
307972522913997 66
307972522929891 91
307972522937151 23
307972522943998 23
307972578801399 66
307972578816606 91
307972578823928 23
307972578830685 23
307972645998304 66
307972646014273 91
307972646021536 23
307972646028243 23
307972712909729 66
307972712923893 91
307972712930968 23
307972712937928 23
307972712944662 66
307972780166421 91
307972780197472 23
307972780204846 23
307972780211647 66
307972847273630 91
307972847296797 23
307972847304137 23
307972847310867 66
307972914480423 91
307972914506066 23
307972914513379 23
307972914520164 66
307972992134026 91
307972992158906 23
307972992166767 23
307972992173598 66
307973048359343 91
307973048380213 23
307973048387595 23
307973048394708 66
307973048401446 91
307973115361201 23
307973115377605 23
307973115384760 66
307973115391607 91
307973182394002 23
307973182409635 23
307973182416820 66
307973182423794 91
307973182430561 23
307973249597868 23
307973249613602 66
307973249620805 91
307973249627547 23
307973316576000 23
307973316591855 66
307973316599571 91
307973316606203 23
307973395370430 23
307973395388527 66
307973395395857 91
307973395402610 23
307973450670589 23
307973450686260 66
307973450693041 91
307973450699673 23
307973527239642 23
307973527255539 66
307973527262972 91
307973527269956 23
307973592293486 23
307973592310752 66
307973592317982 91
307973592324706 23
307973662609097 23
307973662625517 66
307973662632835 91
307973662639581 23
307973718904224 23
307973718920145 66
307973718927158 91
307973718933944 23
307973786089736 23
307973786104273 66
307973786111279 91
307973786118098 23
307973864591307 23
307973864608580 66
307973864615819 91
307973864622602 23
307973864629314 23
307973920156944 66
307973920173316 91
307973920180670 23
307973920187607 23
307973993070725 66
307973993085359 91
307973993092488 23
307973993099506 23
307974065874286 66
307974065890207 91
307974065897273 23
307974065904029 23
307974121344881 66
307974121358938 23
307974121366107 66
307974121372712 91
307974197764070 91
307974197779433 23
307974255415865 66
307974255431201 91
307974255438432 23
307974255445245 66
307974322609375 91
307974322625258 23
307974322632403 23
307974322639157 66
307974395930732 91
307974395942966 23
307974395950025 23
307974395956737 66
307974456634772 91
307974456650962 23
307974456658236 23
307974456665177 66
307974535042327 91
307974535056025 23
307974535063295 23
307974535069995 66
307974535076770 91
307974590742268 23
307974590758117 23
307974590765489 66
307974590772380 91
307974657929448 23
307974657943679 23
307974657950671 66
307974657957510 91
307974657964271 23
307974737035584 23
307974737050990 66
307974737058193 91
307974737065004 23
307974791923029 23
307974791937537 66
307974791944527 91
307974791951278 23
307974859042915 23
307974859056227 23
307974859063173 66
307974859069903 91
307974859076635 23
307974938321904 23
307974938337110 66
307974938344410 91
307974938351203 23
307974993406889 23
307974993420696 66
307974993427794 91
307974993434913 23
307975070203919 23
307975070220180 66
307975070227237 91
307975070234015 23
307975127241253 23
307975127255739 23
307975127263313 66
307975127270321 91
307975127277043 23
307975194333797 23
307975194347119 66
307975194354139 91
307975194360883 23
307975261371191 23
307975261384650 66
307975261391568 91
307975261398256 23
307975328684760 23
307975328709771 66
307975328717031 91
307975328724009 23
307975328730804 23
307975395641858 66
307975395668899 91
307975395676056 23
307975395682710 23
307975473516603 66
307975473544774 91
307975473552462 23
307975473559359 23
307975529739956 66
307975529767717 91
307975529775057 23
307975529782061 23
307975596821124 66
307975596841724 91
307975596848839 23
307975596855808 23
307975672070066 66
307975672093281 91
307975672100480 23
307975672107184 23
307975672113933 66
307975730902815 91
307975730919316 23
307975730926481 23
307975730933298 66
307975797939257 91
307975797956258 23
307975797963270 23
307975797970686 66
307975876724953 91
307975876742706 23
307975876749849 23
307975876756652 66
307975932090791 91
307975932105250 23
307975932112326 23
307975932119133 66
307976008595127 91
307976008607988 23
307976008614815 23
307976008621660 66
307976072798927 91
307976072812312 23
307976072819233 23
307976072826052 66
307976072832825 91
307976133447171 23
307976133471377 23
307976133478781 66
307976133485576 91
307976133492973 23
307976209943639 23
307976209965947 66
307976209973210 91
307976209979981 23
307976267496056 23
307976267515568 23
307976267522942 66
307976267529741 91
307976334575960 23
307976334589964 66
307976334596986 91
307976334603699 23
307976411884633 23
307976411902081 66
307976411909392 91
307976411916390 23
307976468614812 23
307976468630114 66
307976468637241 91
307976468644021 23
307976540968987 23
307976540985298 66
307976540992519 91
307976540999246 23
307976603143260 23
307976603177086 66
307976603185806 91
307976603192570 23
307976669831906 23
307976669858541 66
307976669865679 91
307976669872442 23
307976736832316 23
307976736849788 66
307976736856818 91
307976736863524 23
307976815115891 23
307976815130064 66
307976815136907 91
307976815143756 23
307976870909819 23
307976870926032 66
307976870933090 91
307976870940752 23
307976870947539 23
307976943876141 66
307976943892485 23
307976943899827 66
307976943906911 91
307977005217168 91
307977082366546 23
307977082383014 66
307977082390326 91
307977082397042 23
307977082403829 66
307977139193342 91
307977139208090 23
307977139215478 23
307977139222297 66
307977206367188 91
307977206380350 23
307977206387468 23
307977206394400 66
307977284304440 91
307977284320550 23
307977284328445 23
307977284335322 66
307977340423885 91
307977340437237 23
307977340444168 23
307977340450947 66
307977407430516 91
307977407446414 23
307977407453797 23
307977407460632 66
307977485594469 91
307977485609503 23
307977485616831 23
307977485623849 66
307977541670849 91
307977541686627 23
307977541693861 23
307977541700706 23
307977608638278 66
307977608651395 23
307977608658425 66
307977608665093 91
307977687579721 91
307977687595371 23
307977687602542 66
307977742862733 23
307977742876860 66
307977742883952 91
307977810026428 91
307977810057045 23
307977810064262 66
307977888968944 23
307977888999181 66
307977889006084 91
307977944202243 91
307977944230540 23
307977944237770 66
307978020827124 23
307978020856653 66
307978020863900 91
307978020870629 91
307978078208296 23
307978078228877 23
307978145187021 66
307978145207241 91
307978145214221 23
307978145220983 91
307978145227691 23
307978212266977 23
307978212281387 66
307978212288235 91
307978212294889 23
307978279360314 23
307978279374076 66
307978279381092 91
307978279387966 23
307978358089732 23
307978358106655 66
307978358113806 91
307978358120562 23
307978413621356 23
307978413637327 66
307978413644431 91
307978413651130 23
307978413657949 23
307978489939461 66
307978489955283 91
307978489962483 23
307978489969147 23
307978547625742 66
307978547641528 91
307978547649087 23
307978547655934 23
307978622832023 66
307978622846150 91
307978622853214 23
307978622860027 23
307978681642692 66
307978681657903 91
307978681665341 23
307978681672191 23
307978748729137 66
307978748742648 91
307978748749562 23
307978748756349 91
307978748795472 23
307978815818179 23
307978815835245 66
307978815842959 23
307978815849910 23
307978893206547 66
307978893223029 23
307978893230302 66
307978893237085 23
307978949917179 66
