317795770674931 91
317795847494685 23
317795847527136 66
317795847534454 91
317795904735743 23
317795904761268 66
317795904768309 91
317795971958187 23
317795971986058 66
317795971993167 91
317796049388441 23
317796049415045 66
317796049422357 91
317796106036175 23
317796106066792 66
317796175192616 91
317796175220763 23
317796175228679 66
317796250748528 91
317796308193352 91
317796308220557 23
317796308227724 66
317796308234487 23
317796374327236 66
317796374356531 91
317796374363507 23
317796374370268 66
317796452594755 91
317796452620258 23
317796452627498 66
317796508731378 91
317796508795193 23
317796508802497 66
317796575541026 91
317796575569905 23
317796642456293 23
317796642486089 66
317796642493320 91
317796642500123 23
317796719914678 66
317796719942501 91
317796719949746 23
317796776902570 66
317796776935563 91
317796843718542 23
317796843745059 66
317796910733621 91
317796910759899 91
317796910767056 23
317796977918612 66
317796977948235 23
317796977955575 66
317796977962356 91
317797044900099 23
317797044924949 66
317797044932396 91
317797123098230 23
317797123129000 66
317797123137370 91
317797179043278 23
317797179074281 66
317797179081764 91
317797246224808 23
317797246251905 66
317797246259201 91
317797321107331 23
317797321135439 66
317797321142487 91
317797380188799 23
317797380216662 66
317797380223906 91
317797447515461 23
317797447556753 66
317797447564022 91
317797526352844 23
317797526381301 66
317797526388578 91
317797581486582 23
317797581518116 66
317797581524953 91
317797658256447 23
317797658288476 23
317797658295915 66
317797658303480 91
317797715641429 23
317797715667987 66
317797782708262 91
317797782768603 23
317797782777526 66
317797859613352 91
317797859640567 23
317797859647829 66
317797916760901 91
317797916786817 23
317797916794244 66
317797983875733 91
317797983903344 23
317797983910726 66
317798061638173 91
317798061667412 23
317798061674845 66
317798118054800 91
317798118088963 23
317798118096291 23
317798185063346 23
317798185089934 66
317798185097282 91
317798185104250 23
317798252335549 66
317798252366683 91
317798252374002 23
317798319149104 66
317798319179200 91
317798386479423 23
317798386511452 66
317798386519080 91
317798464758894 23
317798464789596 66
317798464796688 91
317798520603529 23
317798520629503 66
317798520636774 91
317798595129839 23
317798595160937 23
317798595168218 66
317798595174999 91
317798654528848 23
317798654554716 66
317798721487636 91
317798721513351 91
317798797974914 23
317798798001172 66
317798798008532 23
317798798015502 66
317798798022268 91
317798867999746 23
317798868031777 66
317798868038982 91
317798922847703 23
317798922874964 66
317798922882045 91
317798998044623 23
317798998076029 66
317798998083459 91
317799056922957 23
317799056948962 66
317799056956094 91
317799123967732 23
317799123994165 66
317799124001851 91
317799190961005 23
317799190989083 66
317799190996123 91
317799257944568 23
317799257972604 66
317799257979399 91
317799337382493 23
317799337424018 66
317799392203027 91
317799392226791 23
317799392233789 66
317799466155678 91
317799466183833 23
317799466191040 66
317799539317483 91
317799539343892 23
317799539351069 66
317799593559421 91
317799593585581 23
317799593592711 66
317799670422615 91
317799670451901 23
317799670459130 66
317799727472145 91
317799727502112 23
317799794688603 66
317799794720545 91
317799794727758 23
317799866955018 66
317799928886830 91
317799928920269 91
317799928927444 23
317799995747746 66
317799995777162 23
317799995784404 66
317799995791216 91
317800073762528 23
317800073791214 66
317800073798604 91
317800129906585 23
317800129930126 66
317800129937228 91
317800203267565 23
317800203300523 66
317800203307670 91
317800264056014 23
317800264086456 66
317800264093549 91
317800331279533 23
317800331310415 66
317800331317749 91
317800398123908 23
317800398155465 66
317800398162781 91
317800465253406 23
317800465279203 66
317800465286499 91
317800542867332 23
317800542895356 66
317800542902406 91
317800599569522 23
317800599601177 66
317800599608404 91
317800666703177 23
317800666730461 66
317800666737885 91
317800733537405 23
317800733581296 66
317800733588674 91
317800800521505 23
317800800548972 66
317800800556214 91
317800867662203 23
317800867690472 66
317800946174094 91
317800946204791 23
317800946212081 66
317801001718664 91
317801001745563 23
317801001753044 66
317801068904301 91
317801068934269 23
317801068941170 66
317801135947948 91
317801135973971 23
317801135981371 66
317801213386989 91
317801213416316 23
317801213423278 66
317801269969493 91
317801269998402 23
317801270005608 66
317801337182224 91
317801337211411 23
317801415443549 66
317801415482275 91
317801415489856 23
317801471151519 66
317801471173583 91
317801471181013 23
317801538284435 66
317801538312492 91
317801605495995 23
317801605524683 23
317801605531939 66
317801605538792 91
317801682606306 23
317801682631838 66
317801682639147 91
317801739414337 23
317801739438173 66
317801739445248 91
317801806644349 23
317801806674384 66
317801806681732 91
317801884589697 23
317801884615538 66
317801884622800 91
317801946730674 23
317801946756107 66
317801946763200 91
317802007783260 23
317802007813000 66
317802007820312 91
317802085995074 23
317802086037791 66
317802086045253 91
317802142018036 23
317802142044292 66
317802142051549 91
317802208885676 23
317802208914554 66
317802208921767 91
317802287807446 23
317802287835736 66
317802287842953 91
317802343189595 23
317802343228596 66
317802343235846 91
317802410106065 23
317802410135781 66
317802410143069 91
317802489164655 23
317802489192705 66
317802544333051 91
317802544362776 23
317802544369855 66
317802620979156 91
317802621007631 23
317802621014812 66
317802678575860 91
317802678603096 23
317802678610265 66
317802745680115 91
317802745708310 23
317802745715552 66
317802812493693 91
317802812523765 23
317802812530978 23
317802879535910 66
317802879561425 91
317802946682832 91
317802946708682 23
317802946715752 66
317803024384645 23
317803024418045 66
317803024425239 91
317803024432039 23
317803080906945 66
317803080931660 91
317803080938795 23
317803147916499 66
317803147952034 91
317803222849035 23
317803222879569 66
317803222887432 91
317803281966545 23
317803281996440 66
317803282003559 91
317803349153006 23
317803349185791 66
317803349192864 91
317803430678691 23
317803430711199 66
317803430718551 91
317803483359448 23
317803483406531 66
317803483413824 91
317803550283121 23
317803550316029 66
317803550322989 91
317803623608696 23
317803623643889 66
317803623650974 91
317803684505484 23
317803684536515 23
317803684543610 66
317803684551424 91
317803751451736 23
317803751483841 66
317803751490827 91
317803830764405 23
317803830791745 66
317803830798797 91
317803885548147 23
317803885578285 66
317803885585219 91
317803962773859 23
317803962810566 66
317803962820111 91
317804019680829 23
317804019708051 66
317804019715260 91
317804086683148 23
317804086714821 66
317804164040279 91
317804164068974 23
317804164076296 23
317804220945503 66
317804220972320 91
317804220979463 23
317804220986176 66
317804287908714 91
317804287935710 23
317804287943014 66
317804365924772 91
317804365950908 23
317804365958183 66
317804422195963 91
317804422241553 23
317804422249048 66
317804494740244 91
317804494767186 23
317804556324846 66
317804556353986 91
317804556361602 23
317804633207665 23
317804633235929 66
317804633243075 91
317804633250154 23
317804690529520 66
317804690570867 91
317804757518778 23
317804757543695 66
317804757550856 91
317804835125574 23
317804835153839 66
317804835160904 91
317804891520792 23
317804891552047 66
317804891559481 91
317804958525446 23
317804958551690 66
317804958558975 91
317805036445485 23
317805036478097 66
317805036485218 91
317805092788318 23
317805092819130 66
317805092826243 91
317805159952864 23
317805159983092 23
317805159990384 66
317805159997917 91
317805238524086 23
317805238550748 66
317805238557915 91
317805293961956 23
317805293998219 66
317805294005577 91
317805361049360 23
317805361085022 66
317805361092314 91
317805439687556 23
317805439713795 66
317805439721121 91
317805495208351 23
317805495237709 66
317805495244896 91
317805571687622 23
317805571717295 66
317805571724685 91
317805629430915 23
317805629470948 66
317805696280750 91
317805696307952 23
317805696315054 66
317805763394180 91
317805763420104 23
317805763427241 66
317805838139822 91
317805838169650 23
317805838176980 66
317805905517984 91
317805972904532 91
317805972934801 23
317805972941943 66
317806031771889 23
317806031798185 66
317806031805382 91
317806031812259 23
317806098681447 66
317806098712132 91
317806098719197 23
317806165875093 66
317806165898959 91
317806165906218 23
317806232923036 66
317806232955688 91
317806232962823 23
317806300019229 66
317806300050010 91
317806366907099 23
317806366934341 66
317806366941495 91
317806434111647 23
317806434138267 66
317806434145335 91
317806501021712 23
317806501051354 66
317806501058619 91
317806575291362 23
317806575325037 66
317806575332133 91
317806642481091 23
317806642511222 66
317806642518175 91
317806709876365 23
317806709908079 66
317806709915949 91
317806779382044 23
317806779415302 66
317806779422917 91
317806836513075 23
317806836540682 66
317806836548002 91
317806903719478 23
317806903751970 66
317806903758998 91
317806970522279 23
317806970548285 66
317806970555476 91
317807050518840 23
317807050549137 66
317807050556336 91
317807112034116 23
317807112065382 66
317807112072620 91
317807179652965 23
317807179686446 66
317807179693670 91
317807246779936 23
317807246810179 66
317807315749286 91
317807315777976 23
317807315785185 66
317807372956806 91
317807372988612 23
317807372996031 66
317807440039369 91
317807440067243 23
317807440074466 66
317807507235344 91
317807507266279 23
317807507273472 66
317807584049677 91
317807584078876 23
317807584086238 23
317807641373011 66
317807641402230 91
317807708263744 91
317807708291032 23
317807708298295 66
317807793049323 23
317807793081105 66
317807793088575 91
317807793095336 23
317807842466044 66
317807842491415 91
317807842498824 23
317807917093441 66
317807917120678 91
317807976526876 23
317807976552973 66
317807976560362 91
317808043513169 23
317808043538373 66
317808043545673 91
317808110645577 23
317808110706505 66
317808110714780 91
317808189337298 23
317808189370431 66
317808189377741 91
317808244899653 23
317808244927595 66
317808244934741 91
317808320100064 23
317808320139799 66
317808320146817 91
317808378963778 23
317808378992067 66
317808378999166 91
317808445943292 23
317808445972814 66
317808445979953 91
317808522410684 23
317808522439221 66
317808522446809 91
317808580061493 23
317808580091181 66
317808580098258 91
317808647116877 23
317808647146088 66
317808647153267 91
317808714294342 23
317808714319989 66
317808714328377 91
317808781243026 23
317808781272324 66
317808781279605 91
317808848433472 23
317808848464785 66
317808925673075 91
317808982682650 91
317808982705995 23
317808982712981 66
317808982719750 23
317809049488447 66
317809049516423 91
317809049523556 23
317809049530361 66
317809130722449 91
317809183653249 91
317809183676579 23
317809183683902 66
317809250718803 23
317809250745147 66
317809250752278 91
317809250760057 23
317809329160385 66
317809329195187 91
317809329202642 23
317809390655115 66
317809390686124 91
317809390693231 23
317809451916983 66
317809451945299 91
317809530889945 23
317809530915286 66
317809530922491 91
317809591928501 23
317809591963084 66
317809591970434 91
317809653241851 23
317809653267626 66
317809653274861 91
317809720188702 23
317809720218864 66
317809720226102 91
317809798196805 23
317809798225857 66
317809798233181 91
317809854339552 23
317809854369936 66
317809854377077 91
317809921402515 23
317809921432967 66
317809921440142 91
317809994792293 23
317809994822903 66
317809994830441 91
317810055641697 23
317810055672670 66
317810055679972 91
317810122625152 23
317810122649664 66
317810122656819 91
317810201402669 23
317810201431975 66
317810201439403 91
317810256709109 23
317810256738539 66
317810256746372 91
317810333337067 23
317810333362931 66
317810333370150 91
317810390946462 23
317810390975763 66
317810457964043 91
317810457993856 23
317810458001049 66
317810524917214 91
317810524948406 23
317810524956838 66
317810592169056 91
317810592194524 23
317810592201777 66
317810670642612 91
317810670674110 23
317810670681301 66
317810726267104 91
317810726314018 23
317810726321269 66
317810793293141 91
317810793318631 23
317810860272613 66
317810860299604 91
317810860306754 23
317810927305911 66
317810927335733 91
317810927342872 23
317811003776777 66
317811003803246 91
317811073910797 23
317811073937554 23
317811073944829 66
317811073951662 91
317811128494236 23
317811128524729 66
317811128531944 91
317811205819567 23
317811205847897 66
317811205854913 91
317811268703524 23
317811268730406 66
317811268737786 91
317811341106552 23
317811341131456 66
317811341138706 91
317811397021677 23
317811397056856 66
317811397063804 91
317811463959386 23
317811463988907 66
317811463996009 91
317811543049240 23
317811543080295 66
317811543088072 91
317811597990680 23
317811598021549 66
317811598028804 91
317811665273430 23
317811665317417 66
317811665324629 91
317811732170853 23
317811732200559 66
317811732207923 91
317811810275936 23
317811810306076 66
317811810313442 91
317811867246047 23
317811867271259 66
317811933475735 91
317812012277653 91
317812012305971 23
317812012313062 66
317812012319722 23
317812012326335 66
317812067448063 91
317812067475389 23
317812067482483 66
317812134584063 91
317812134614593 23
317812134621817 66
317812201529329 91
317812201554513 23
317812201561899 66
317812279506952 91
317812279532991 23
317812279540097 66
317812335661433 91
317812335686952 23
317812335694129 66
317812402868646 91
317812402898706 23
317812479497732 66
317812479526149 91
317812479533326 23
317812536945584 66
317812536978804 91
317812536986192 23
317812604085599 66
317812604127432 91
317812682734765 23
317812682762157 66
317812682769316 91
317812738153356 23
317812738183141 66
317812738190293 91
317812814708537 23
317812814738445 66
317812814745669 91
317812872296527 23
317812872323121 23
317812872330087 66
317812872336891 91
317812939329500 23
317812939356096 66
317812939363428 91
317813016001001 23
317813016028291 66
317813016035627 91
317813073539149 23
317813073567016 66
317813073574310 91
317813140709051 23
317813140739217 66
317813140746358 91
317813217934131 23
317813217965864 66
317813217973039 91
317813274726611 23
317813274753797 66
317813274761082 91
317813341645332 23
317813341668704 66
317813341675933 91
317813408911784 23
317813408943503 66
317813408950700 91
317813485180964 23
317813485209048 66
317813485216225 91
317813555360892 23
317813555404561 66
317813609883335 91
317813609906306 23
317813609913628 66
317813687135196 91
317813687161560 23
317813687168868 66
