317846672765895 91
317846672798733 23
317846749346176 66
317846749380262 91
317846819346858 23
317846819375722 66
317846819382839 91
317846874068476 23
317846874094891 66
317846874102137 91
317846943653116 23
317846943681927 66
317846943690230 91
317847008176759 23
317847008204923 66
317847008212147 91
317847075182374 23
317847075212751 66
317847075220025 91
317847142326660 23
317847142357410 66
317847142364654 91
317847209404231 23
317847209434916 66
317847209442276 91
317847288560390 23
317847288592857 66
317847288600103 91
317847343526468 23
317847343554771 66
317847343562031 91
317847410725458 23
317847410757648 66
317847410764787 91
317847489829207 23
317847489857954 66
317847489865223 91
317847544750117 23
317847544778720 66
317847544785664 91
317847621766114 23
317847621797126 23
317847621804353 66
317847621811120 91
317847678824629 23
317847678848427 66
317847678855544 91
317847745910294 23
317847745936013 66
317847745943218 91
317847818734170 23
317847818764837 66
317847818772081 91
317847880095983 23
317847880121901 23
317847880129334 66
317847880136523 91
317847947100198 23
317847947129343 66
317847947136542 91
317848024976335 23
317848025003977 66
317848025011178 91
317848081145737 23
317848081176002 66
317848081183112 91
317848148238476 23
317848148263553 66
317848148270758 91
317848221598550 23
317848221629195 66
317848221636368 91
317848282519579 23
317848282547967 66
317848282555069 91
317848349738378 23
317848349782416 66
317848349789671 91
317848428241085 23
317848428273011 66
317848428280192 91
317848491851921 23
317848491883769 66
317848491890888 91
317848551363453 23
317848551399055 66
317848551406483 91
317848624593631 23
317848624625411 66
317848624632648 91
317848684932433 23
317848684961036 66
317848684967966 91
317848752007110 23
317848752037208 66
317848752044226 91
317848818951013 23
317848818977132 66
317848818984321 91
317848897449528 23
317848897480068 23
317848897487435 66
317848897494249 91
317848953146219 23
317848953180786 66
317848953187798 91
317849020145087 23
317849020170772 66
317849020178144 91
317849098767412 23
317849098796880 66
317849098803979 91
317849154368154 23
317849154392431 66
317849154399685 91
317849221459540 23
317849221487886 66
317849221495077 91
317849300693238 23
317849300717911 66
317849355401860 91
317849355429496 91
317849432585484 23
317849432609970 66
317849432617026 23
317849432623935 66
317849432630595 91
317849495570939 23
317849495601982 66
317849495608958 91
317849567915965 23
317849567941002 66
317849567948251 91
317849623672322 23
317849623700815 66
317849623707825 91
317849690895684 23
317849690925176 66
317849690932442 91
317849770811118 23
317849770836619 66
317849770843748 91
317849824906699 23
317849824938827 66
317849824946579 91
317849892064886 23
317849892095059 66
317849959158629 91
317849959188248 23
317849959195445 66
317850037126932 91
317850037158026 23
317850037165257 66
317850093161166 91
317850093190306 23
317850093197586 66
317850160438880 91
317850160470064 23
317850160477424 23
317850160484446 66
317850239098158 91
317850239124448 23
317850239131725 66
317850294248024 91
317850294271590 23
317850294278729 66
317850361528741 91
317850361561377 23
317850361568737 66
317850428542122 91
317850428574461 23
317850428581493 66
317850506335025 91
317850506361897 23
317850506369010 66
317850569755848 91
317850569790609 23
317850569797802 66
317850629930634 91
317850706380770 91
317850706407881 23
317850706415241 66
317850706422162 23
317850763849599 66
317850763874719 91
317850763881928 23
317850763888646 66
317850830985408 91
317850831012574 23
317850831020169 66
317850909683451 91
317850909721736 23
317850909731802 66
317850965109140 91
317850965137059 23
317850965144456 66
317851041570645 91
317851099165524 91
317851099191804 23
317851099198742 66
317851166304389 23
317851166332968 66
317851166340346 91
317851166347079 23
317851242850393 66
317851242877701 91
317851242884930 23
317851300379092 66
317851300404908 91
317851300411789 23
317851367375676 66
317851367406480 91
317851367413882 23
317851444746487 66
317851444772879 91
317851444779938 23
317851501518243 23
317851501548131 66
317851501555568 91
317851501562284 23
317851568715382 66
317851568745945 91
317851568752973 23
317851635798227 66
317851635824316 91
317851635831447 23
317851702787346 66
317851702812073 91
317851702819570 23
317851769809270 66
317851769835192 91
317851769842422 23
317851848094701 66
317851848137319 91
317851848144619 23
317851904087559 66
317851978246448 91
317851978273098 91
317851978280309 23
317852038115448 66
317852038143957 23
317852038151211 66
317852038157887 91
317852105279366 23
317852105313837 66
317852105321006 91
317852172286170 23
317852172312845 66
317852172319975 91
317852254579114 23
317852254606639 66
317852254614067 91
317852306391828 23
317852306420162 23
317852306428108 66
317852306434961 91
317852382203421 23
317852382229603 66
317852382237045 91
317852452572136 23
317852452603369 66
317852452610568 91
317852507592963 23
317852507615580 66
317852507622755 91
317852584439009 23
317852584464211 66
317852584471614 91
317852641782951 23
317852641815328 66
317852641822433 91
317852708917907 23
317852708948116 66
317852708955206 91
317852786509594 23
317852786543259 23
317852786550772 66
317852786557703 91
317852842882614 23
317852842910636 66
317852842917801 91
317852921768905 23
317852921796004 66
317852921803179 91
317852977141131 23
317852977172464 66
317852977179784 91
317853053669366 23
317853053697335 66
317853053704388 91
317853111292474 23
317853111322188 66
317853111329327 91
317853178227428 23
317853178253998 66
317853245309237 91
317853245340125 91
317853312359513 23
317853312385483 66
317853312392781 23
317853312399576 66
317853312406240 91
317853390988902 23
317853391022073 66
317853391029124 91
317853446496856 23
317853446526184 66
317853446533363 91
317853522874373 23
317853522901275 66
317853522908367 91
317853592921760 23
317853592948297 66
317853592955684 91
317853655117500 23
317853655146624 66
317853655153693 91
317853714662350 23
317853714691853 66
317853714699098 91
317853781815193 23
317853781845051 66
317853781852019 91
317853848844176 23
317853848880529 66
317853848887942 91
317853915999560 23
317853916042157 66
317853916049397 91
317853983046813 23
317853983076261 66
317853983083607 91
317854067686577 23
317854067723624 23
317854067730989 66
317854117111881 91
317854117143315 91
317854184128729 23
317854184163542 66
317854184170735 23
317854184177679 66
317854184184371 91
317854251284193 23
317854251311577 66
317854251318887 91
317854329495814 23
317854329522002 66
317854329529235 91
317854385408516 23
317854385439376 66
317854385446704 91
317854452493691 23
317854452525942 66
317854519531802 91
317854519559756 91
317854587261590 23
317854587289421 66
317854587296873 23
317854587303596 66
317854587310290 91
317854653634214 23
317854653665829 66
317854653673305 91
317854720738807 23
317854720763898 66
317854720771256 91
317854798644448 23
317854798676760 66
317854798683793 91
317854855300766 23
317854855333847 66
317854855341320 91
317854921856086 23
317854921881570 66
317854921888679 91
317854999896302 23
317854999923761 66
317854999931154 91
317855056062721 23
317855056089786 66
317855056096814 91
317855123062479 23
317855123092231 66
317855123099398 91
317855201826964 23
317855201857253 66
317855201865130 91
317855257353872 23
317855257384835 66
317855257391968 91
317855324212311 23
317855324241856 66
317855324249169 91
317855391360959 23
317855391389098 66
317855391396235 91
317855469081957 23
317855469112916 66
317855469120047 91
317855525563653 23
317855525606009 66
317855525613484 91
317855592604115 23
317855592632135 66
317855592639350 91
317855671087222 23
317855671117390 66
317855671124769 91
317855726700168 23
317855726729391 66
317855726736594 91
317855800163975 23
317855800195383 66
317855800202779 91
317855860730739 23
317855860752463 66
317855927821588 91
317856004258332 91
317856004285576 23
317856004292718 66
317856004299674 23
317856004306387 66
317856074294237 91
317856074325932 23
317856074333081 66
317856129203583 91
317856129229626 23
317856129236686 66
317856196065416 91
317856196095432 23
317856196103220 66
317856271729977 91
317856271763097 23
317856271770374 66
317856341535514 91
317856341564934 23
317856341572081 66
317856397383516 91
317856397414925 23
317856397422360 66
317856464571962 91
317856464616359 23
317856464623476 66
317856531627959 91
317856531662492 23
317856531669679 66
317856598544243 91
317856598572360 23
317856598579499 66
317856665612891 91
317856665642273 23
317856665649410 66
317856732641965 91
317856732673638 23
317856732680835 66
317856810752656 91
317856866948533 91
317856866977642 23
317856866984634 66
317856866991306 23
317856934303850 66
317856934334799 91
317856934342133 23
317856934349014 66
317857006895682 91
317857006925778 23
317857006934144 66
317857068169309 91
317857068196149 23
317857068203426 66
317857135121891 91
317857135151957 23
317857135158961 66
317857214000957 91
317857214029715 23
317857214037154 66
317857269133846 91
317857269161560 23
317857269168526 66
317857345916035 91
317857345945112 23
317857345952281 66
317857403537503 91
317857403571290 23
317857403578592 66
317857477001362 91
317857477028900 23
317857477036115 66
317857537381172 91
317857537413923 23
317857537421060 66
317857604640998 91
317857604706064 23
317857604713637 66
317857671575609 91
317857671603674 23
317857671611565 66
317857749191458 91
317857749224523 23
317857805874660 23
317857805904604 66
317857805911795 91
317857805918503 23
317857879924728 66
317857879954206 91
317857879961377 23
317857939821467 66
317857939847592 91
317857939854787 23
317858006885409 66
317858006915346 91
317858006922694 23
317858074035583 66
317858074065534 91
317858074072739 23
317858152412527 66
317858152439288 91
317858152446583 23
317858208079781 66
317858208105535 91
317858208112842 23
317858280712300 66
317858280741095 91
317858280748218 23
317858349333562 66
317858349441460 91
317858349450438 23
317858409302701 66
317858409327106 91
317858409334478 23
317858476496914 66
317858476527325 91
317858476534490 23
317858555718815 66
317858555749082 91
317858555756034 23
317858610680828 66
317858610713112 91
317858610720501 23
317858683623912 66
317858683654844 91
317858757011372 23
317858757035343 66
317858757042732 91
317858811653719 23
317858811684141 66
317858811691244 91
317858888877206 23
317858888902887 66
317858888910153 91
317858945941908 23
317858945970795 66
317858945978015 91
317859013141864 23
317859013168235 66
317859013175233 91
317859090815495 23
317859090842353 66
317859090849522 91
317859147007056 23
317859147037134 66
317859147044665 91
317859214068494 23
317859214096164 66
317859292257654 91
317859292293673 91
317859292301039 23
317859348254644 66
317859348279752 23
317859348287261 66
317859348293933 91
317859415336298 23
317859415364352 66
317859415371328 91
317859494151400 23
317859494182787 66
317859494190135 91
317859554720063 23
317859554746616 66
317859554753733 91
317859616550166 23
317859616582804 66
317859616589899 91
317859683566721 23
317859683596773 66
317859683603974 91
317859761326848 23
317859761355488 66
317859761362777 91
317859817588208 23
317859817617589 66
317859817624678 91
317859884676191 23
317859884706897 66
317859884714032 91
317859951799922 23
317859951832217 66
317859951839390 91
317860018816726 23
317860018850406 66
317860018857591 91
317860086027574 23
317860086096103 66
317860086103608 91
317860165717607 23
317860165743749 66
317860165751418 91
317860220052285 23
317860220076172 66
317860220083333 91
317860299639521 23
317860299666612 66
317860299673930 91
317860362615172 23
317860362642128 66
317860362649474 91
317860421405724 23
317860421433169 66
317860421440382 91
317860497755985 23
317860497782382 66
317860497789571 91
317860555554350 23
317860555585635 66
317860555592852 91
317860622625411 23
317860622655680 66
317860622662821 91
317860689594266 23
317860689625923 66
317860689633343 91
317860756482909 23
317860756511094 66
317860756518251 91
317860830853701 23
317860830884567 66
317860830892432 91
317860890745695 23
317860890775968 66
317860890782970 91
317860957748920 23
317860957779260 66
317860957786421 91
317861037048579 23
317861037078846 66
317861037085911 91
317861092348537 23
317861092387655 66
317861092395731 91
317861168919196 23
317861168946826 66
317861168953898 91
317861231605113 23
317861231634245 66
317861231641489 91
317861304325136 23
317861304355592 66
317861304362751 91
317861360342835 23
317861360372380 23
317861360379503 66
317861360386139 91
317861427234712 23
317861427260852 66
317861506324605 91
317861506357078 91
317861561370412 23
317861561405121 66
317861561412382 23
317861561419326 66
317861561426010 91
317861628516910 23
317861628542694 66
317861628549947 91
317861707551466 23
317861707581673 66
317861707588723 91
317861762558897 23
317861762586233 66
317861839431855 91
317861839457998 91
317861896806906 23
317861896833317 66
317861896840631 23
317861896847375 66
317861896854110 91
317861963797672 23
317861963827199 66
317861963834366 91
317862039467413 23
317862039498666 66
317862039506134 91
317862097789826 23
317862097813330 66
317862097821193 91
317862165061777 23
317862165094210 66
317862165101466 91
317862242727904 23
317862242761154 66
317862242768335 91
317862299051052 23
317862299075846 66
317862299082942 91
317862366084146 23
317862366144904 66
317862366152149 91
317862444725451 23
317862444758440 66
317862444765766 91
317862507783121 23
317862507814130 66
317862507821426 91
317862567315421 23
317862567341806 66
317862567349102 91
317862634449076 23
317862634475918 23
317862634483312 66
317862634490066 91
317862711934635 23
317862711960527 66
317862711968090 91
317862770622281 23
317862770648129 66
317862835668795 91
317862835699764 23
317862835708679 66
317862908509462 91
317862908536506 23
317862908543832 66
317862969995203 91
317862970038285 23
317862970045768 23
317862970052745 66
317863036768522 91
317863036798345 23
317863036805673 66
317863115151716 91
317863171150326 91
317863171175195 23
317863171182426 66
317863171189347 23
317863238323047 66
317863238352863 91
317863238360082 23
317863238366795 66
317863305089817 91
317863305113667 23
317863305120802 66
317863372069888 91
317863372100208 23
317863372107405 66
317863439237467 91
317863439266153 23
317863439273503 66
317863506145295 91
317863506173770 23
317863506180792 66
317863584378486 91
317863584408814 23
317863584416284 66
317863640432056 91
317863640462140 23
317863640469321 66
317863707586890 91
317863707614830 23
317863707622083 66
317863774703920 91
317863774730631 23
317863774737751 66
317863841564454 91
317863841593241 23
317863841600281 66
317863908703963 91
317863908750543 23
317863987612412 23
317863987639760 66
317863987646867 91
317863987653758 23
317863987660435 66
