301946744175840 91
301946803270809 23
301946803291206 66
301946870270746 91
301946870286375 91
301946949369975 23
301946949388287 66
301946949395440 91
301947004494958 23
301947004511202 66
301947004518440 91
301947081257769 23
301947081272538 66
301947081279491 91
301947138541910 23
301947138557391 66
301947138564674 91
301947205592238 23
301947205610086 66
301947205617124 91
301947272659895 23
301947272676612 66
301947272684129 91
301947272691012 23
301947339739219 66
301947339753821 91
301947339760762 23
301947418572643 23
301947418590811 66
301947418598460 91
301947418605277 23
301947473962849 66
301947473979454 91
301947473986685 23
301947550473282 23
301947550488515 66
301947550495764 91
301947550503152 23
301947608009979 23
301947608024399 66
301947608031385 91
301947608038100 23
301947675011547 66
301947675024330 91
301947675031320 23
301947742382229 66
301947742413307 91
301947742420393 23
301947809329902 23
301947809351317 66
301947809358608 91
301947809365516 23
301947887814785 66
301947887833164 91
301947887840068 23
301947943428152 23
301947943443848 23
301947943451017 66
301947943457810 23
301948018086505 66
301948018102897 91
301948018110052 91
301948077421162 23
301948077436949 66
301948144598362 23
301948144614102 91
301948144621378 23
301948211796485 66
301948211811680 91
301948211819010 23
301948211825847 66
301948279099888 91
301948279129240 23
301948279136592 23
301948356983407 66
301948356999575 91
301948357006845 23
301948357013632 66
301948412770567 91
301948412786737 23
301948412793852 23
301948412800651 66
301948480157807 91
301948480175852 23
301948480182989 66
301948558263001 91
301948558278164 23
301948558285228 23
301948558291932 66
301948614058691 91
301948614078802 23
301948614085816 66
301948614092681 91
301948681050435 23
301948681070912 23
301948681078008 66
301948681084771 91
301948760438619 23
301948760474082 66
301948760481510 91
301948815318468 23
301948815351153 23
301948815358294 66
301948815365081 91
301948889271747 23
301948889302869 66
301948889311011 91
301948961555134 23
301948961576904 23
301948961583749 66
301948961590578 91
301949016487299 23
301949016503952 66
301949016511674 91
301949093421210 23
301949093437849 23
301949093445284 66
301949093452048 91
301949150652179 23
301949150681173 66
301949150688471 91
301949150695183 23
301949217720364 23
301949217736532 66
301949217743512 91
301949289949918 23
301949289963999 66
301949289970804 91
301949289977645 23
301949351745871 23
301949351763570 66
301949351770767 91
301949351777566 23
301949418841246 66
301949418856350 91
301949418863364 23
301949496677986 23
301949496693849 66
301949496700968 91
301949496707602 23
301949552961121 66
301949552977254 91
301949552984386 23
301949620074905 23
301949620089947 66
301949620096933 91
301949620103717 23
301949686994382 66
301949687009689 91
301949687016866 23
301949754359348 23
301949754374883 66
301949754382450 91
301949754389402 23
301949821470547 66
301949821503731 91
301949821511199 23
301949888251472 23
301949888269199 66
301949888276157 91
301949888282876 23
301949965881396 66
301949965900527 91
301949965907690 23
301950022434074 23
301950022450860 66
301950022458339 91
301950022465304 23
301950022472146 66
301950089418874 91
301950089432078 23
301950089439176 23
301950156533598 66
301950156551929 91
301950156559063 23
301950156566699 66
301950223628923 91
301950223644528 23
301950223651606 23
301950290791451 66
301950290804984 91
301950290811958 23
301950290818859 66
301950369130483 91
301950369146284 23
301950369153279 23
301950424796516 66
301950424812336 91
301950424819558 23
301950424826463 66
301950491777925 91
301950491793279 23
301950491800385 23
301950558815702 66
301950558829112 91
301950558836155 23
301950558842958 66
301950636368484 91
301950693056180 91
301950693071739 23
301950693078934 23
301950693085739 66
301950760026005 91
301950760041485 23
301950760048878 66
301950838319990 91
301950838335432 23
301950838342469 23
301950838349446 66
301950894241682 91
301950894257361 23
301950894264560 66
301950894271406 91
301950961247186 23
301950961260386 23
301950961267526 66
301950961274281 91
301951028288552 23
301951028303815 66
301951028310875 91
301951105561453 23
301951105578006 23
301951105585390 66
301951105592257 91
301951162498057 23
301951162513843 66
301951162521083 91
301951229531355 23
301951229545264 23
301951229552230 66
301951229558892 91
301951307523539 23
301951307539838 66
301951307546981 91
301951369703675 23
301951369719015 23
301951369726085 66
301951369732880 91
301951430759317 23
301951430773954 66
301951430781333 91
301951430788351 23
301951508826609 23
301951508844302 66
301951508852090 91
301951564945891 23
301951564962092 66
301951564969367 91
301951564976210 23
301951631964458 23
301951631979052 66
301951631986378 91
301951631993174 23
301951710835290 66
301951710856119 91
301951766263473 91
301951766320992 23
301951833256209 23
301951833276483 66
301951833283901 91
301951833290577 23
301951912282687 66
301951912312379 91
301951912319371 23
301951967324349 23
301951967347672 66
301951967355100 91
301951967362706 23
301952044010840 66
301952044032872 91
301952044039995 23
301952101436655 23
301952101452996 66
301952101460103 91
301952101466962 23
301952168426621 66
301952168440548 91
301952168447639 23
301952235558290 23
301952235575191 66
301952235582788 91
301952235589426 23
301952302623862 66
301952302637049 91
301952302644271 23
301952369806410 23
301952369820106 66
301952369827159 91
301952369834147 23
301952369840861 66
301952447233198 91
301952447250795 23
301952447258036 23
301952503873361 66
301952503893645 91
301952503900665 23
301952503907426 66
301952570862398 91
301952570874794 23
301952570881718 23
301952645760675 66
301952645777967 91
301952645785090 23
301952645791740 66
301952704974939 91
301952704990683 23
301952704998001 23
301952771994653 66
301952772014321 91
301952772024218 23
301952772032103 66
301952850521679 91
301952850546649 23
301952850554512 23
301952906236290 66
301952906252720 91
301952906259935 23
301952906266704 66
301952973255137 91
301952973273393 23
301952973280670 23
301952973287449 66
301953046579047 91
301953046597229 23
301953046604344 66
301953107463320 91
301953107479165 23
301953107486489 23
301953107493237 66
301953174461439 91
301953174477911 23
301953174485096 66
301953241476834 91
301953241492353 23
301953241499584 23
301953241506331 66
301953241513602 91
301953319674585 23
301953319690508 66
301953319697844 91
301953375813158 23
301953375842842 23
301953375850184 66
301953375857196 91
301953442705110 23
301953442722222 66
301953442729413 91
301953509716560 23
301953509732980 23
301953509740252 66
301953509746998 91
301953576780189 23
301953576795730 66
301953576802780 91
301953643924951 23
301953643938911 23
301953643946004 66
301953643952714 91
301953710951450 23
301953710967822 66
301953710975031 91
301953710981904 23
301953788883633 23
301953788901246 66
301953788908402 91
301953845007925 23
301953845023224 66
301953845030667 91
301953845037647 23
301953917677863 23
301953917698469 66
301953917705788 91
301953917712559 23
301953979313131 66
301953979334321 91
301953979341413 23
301954056211987 23
301954056238268 66
301954056245662 91
301954056252433 23
301954113367790 66
301954113387456 91
301954113395356 23
301954180427231 23
301954180443116 66
301954180450053 91
301954180456762 23
301954258076322 66
301954258094057 91
301954258101015 23
301954258107731 23
301954314548709 66
301954314564174 91
301954381603602 91
301954381617662 23
301954459378893 23
301954459396993 66
301954459404427 91
301954459411353 23
301954516006682 66
301954516022301 91
301954516029589 23
301954582675172 23
301954582690717 66
301954582697935 91
301954582705717 23
301954582712494 66
301954661325622 91
301954661342389 23
301954661349526 23
301954717009857 66
301954717025271 91
301954717032362 23
301954783983291 23
301954783998015 66
301954784005154 91
301954784011964 23
301954784018657 66
301954862607745 91
301954862623063 23
301954862630350 66
301954918034717 91
301954918050408 23
301954918057674 23
301954994490933 66
301954994505728 91
301954994512845 23
301954994519617 66
301955064568673 91
301955064583109 23
301955064590300 23
301955119273207 66
301955119288838 91
301955119296168 23
301955119303011 66
301955186290563 91
301955186305635 23
301955186312571 23
301955253467922 66
301955253480486 91
301955253487289 23
301955253494114 66
301955331812203 91
301955331828822 23
301955331836093 23
301955331842761 66
301955387531325 91
301955387547042 23
301955387554364 66
301955454539518 91
301955454553114 23
301955454560412 23
301955454567130 66
301955533788669 91
301955533804441 23
301955533811596 66
301955533818419 91
301955588662650 23
301955588677021 23
301955588683944 66
301955588690797 91
301955655729602 23
301955655742651 66
301955655749739 91
301955735074573 23
301955735091705 23
301955735098697 66
301955735105486 91
301955789970374 23
301955789985818 66
301955866953509 23
301955866969782 66
301955866977100 91
301955924009434 91
301955924025184 23
301955924032520 66
301955991183986 91
301955991198041 23
301955991205083 91
301955991211870 23
301956068339886 23
301956068370640 66
301956068378038 91
301956125486495 23
301956125519037 66
301956125526162 91
301956125533188 23
301956192396492 66
301956192415229 91
301956192422106 23
301956270245708 23
301956270265754 66
301956270273273 91
301956270280030 23
301956326451877 66
301956326468621 91
301956326476019 23
301956393518700 23
301956393532656 66
301956393539625 91
301956393546384 23
301956460600014 66
301956460613078 91
301956460620118 23
301956537434925 23
301956537451391 66
301956537458572 91
301956537465337 23
301956595021176 66
301956595036973 23
301956595044323 66
301956661772472 91
301956661803639 91
301956739462326 23
301956739484112 66
301956739491329 91
301956795985196 23
301956796003268 66
301956796010459 91
301956796017402 23
301956870531535 66
301956870547040 91
301956870554193 23
301956929994798 66
301956930009387 91
301956930016562 23
301956997221822 66
301956997238296 91
301956997245298 23
301957064261142 66
301957064280327 91
301957064287384 23
301957064294098 23
301957142684002 66
301957142701697 91
301957142708879 23
301957142715778 66
301957198271996 91
301957198286913 23
301957198293809 23
301957273450350 66
301957273467647 91
301957273474962 23
301957273482347 66
301957332481180 91
301957332496159 23
301957332503592 23
301957399391925 66
301957399405122 91
301957399412337 23
301957399419140 66
301957475831020 91
301957475846231 23
301957475853277 23
301957546028818 66
301957546053994 91
301957546061281 23
301957546068054 66
301957600635552 23
301957600656754 66
301957600664041 91
301957667757521 91
301957667776980 23
301957734797036 66
301957734817224 91
301957734824429 23
301957801966911 91
301957801985137 23
301957801992196 23
301957801999097 66
301957868994770 91
301957869014156 23
301957869021360 66
301957935981714 91
301957935999315 23
301957936006510 66
301957936013327 91
301958003223225 23
301958003254464 23
301958003261671 66
301958003268526 91
301958077190994 23
301958077222806 66
301958077229919 91
301958137374295 23
301958137405578 23
301958137412837 66
301958137419871 91
301958204335967 23
301958204366417 66
301958204373439 91
301958282455599 23
301958282485254 23
301958282492266 66
301958282498890 91
301958338489900 23
301958338512630 66
301958338519839 91
301958405458175 23
301958405477634 23
301958405484914 66
301958405491753 91
301958484347323 23
301958484366038 66
301958484373450 91
301958484380181 23
301958545313720 23
301958545328957 66
301958545336130 91
301958606838940 23
301958606853881 66
301958606860751 91
301958606868756 23
301958674025783 23
301958674040328 66
301958674047551 91
301958674054342 23
301958751646307 66
301958751662224 91
301958751669328 23
301958807806239 23
301958807821683 66
301958807828810 91
301958807835651 23
301958875000055 66
301958875015339 91
301958875052742 23
301958948193752 23
301958948209234 66
301958948216418 91
301958948223154 23
301959009049332 66
301959009063497 91
301959009070483 23
301959076172208 23
301959076188675 23
301959076195743 66
301959076202496 23
301959154835726 66
301959154851941 91
301959154859130 23
301959154865844 91
301959210244962 23
301959210259514 23
301959210266592 66
301959286705286 23
301959286720136 66
301959286727128 23
301959344473635 66
301959344486815 91
301959344493966 91
301959411475972 23
301959411490980 66
301959411498032 91
301959478476426 23
301959478490194 66
301959478497393 91
301959545549929 23
301959545566067 66
301959545573065 91
301959624012448 23
301959624028260 66
301959624035266 91
301959624041979 23
301959679751231 91
301959679767068 66
301959746759138 23
301959746773140 66
301959746780385 91
301959746787132 23
301959813737765 91
301959813750727 23
301959813757713 23
301959813764479 66
301959880932650 91
301959880949648 23
301959880957219 66
301959947985971 91
301959948001820 23
301959948009100 66
301960027248782 91
301960027265065 23
301960027272151 23
301960027278888 66
301960027285622 91
301960082020337 23
301960082035443 66
301960082042795 91
301960159166813 23
301960159181564 23
301960159188783 66
301960159195686 91
301960222139490 23
301960222155536 66
301960222162791 91
301960294502422 23
301960294516181 23
301960294523239 66
301960294529952 91
301960350462924 23
301960350494623 66
301960350501733 91
301960417470681 23
301960417489939 23
301960417497732 66
301960417504555 91
301960496481367 23
301960496498708 66
301960496506088 91
301960496512975 23
301960551528806 23
301960551544737 23
301960551551958 66
301960618622064 23
301960618635382 66
301960618642219 91
301960618648985 23
301960685848535 91
301960685865564 23
301960685872793 23
301960685879703 66
301960763739130 23
301960763755518 66
301960763762793 91
301960763769705 23
301960819802180 23
301960819816438 66
301960819824087 23
301960886864701 66
301960886877997 91
301960886885055 91
301960965720296 23
301960965742851 66
301961020986243 91
301961020999594 23
301961021006648 66
301961021013352 91
301961087978919 23
301961087991977 91
301961087998961 66
301961155183033 23
301961155201058 66
301961232947026 23
301961232964381 66
301961232971355 91
301961289291527 91
301961289310010 23
301961356273121 23
301961356289556 66
301961356296550 91
301961356304212 23
301961356311027 66
301961432952196 91
301961432969247 23
301961432976404 23
301961490487131 66
301961490503806 91
301961490511084 23
301961490517969 23
301961557492604 66
301961557506510 91
301961557513447 23
301961557520288 66
301961636142999 91
301961636160070 23
301961636167195 66
301961691664163 91
301961691679382 23
301961691702178 23
301961768147337 66
301961768172507 91
301961768179803 23
301961768186767 66
301961825793173 91
301961825812142 23
301961825819309 23
301961892936237 66
301961892953029 91
301961892960103 23
301961892966940 66
301961959955673 91
301961959969066 23
301961959975919 23
301961959982736 66
301962026957372 91
301962026972746 23
301962026979889 66
301962105363811 91
301962105380508 23
301962105387707 23
301962105394428 66
301962161182903 91
301962161198717 23
301962161205848 66
301962228191761 91
301962228206424 23
301962228214058 23
301962228220968 66
301962228227795 91
301962301885118 23
301962301899315 66
301962362244810 23
301962362260818 66
301962362267920 91
301962429447795 91
301962429475791 23
301962429483230 66
301962508649448 91
301962508676283 23
301962508683535 91
301962508690408 23
301962563492912 23
301962563514329 66
301962563521850 91
301962640530481 23
301962640547945 66
301962640555335 91
301962697632242 23
301962697647585 66
301962697655386 91
301962697662251 23
301962764808828 23
301962764822349 66
301962764829379 91
301962832006374 23
301962832021613 66
301962832028780 91
301962832035706 23
301962898786030 23
301962898800446 66
301962898807495 91
301962898814289 23
301962977788189 66
301962977804146 91
301962977811100 23
301963032967873 23
301963032981767 66
301963032989060 91
301963032995833 23
301963107698352 66
301963107713555 91
301963107720707 23
301963179100809 23
301963179116663 66
301963179123979 91
301963179130977 23
301963234203626 66
301963234216369 91
301963234223280 23
301963310999700 23
301963311016107 66
301963311023375 91
301963311030218 23
301963368254571 66
301963368269185 91
301963368276430 23
301963435440054 23
301963435455418 66
301963435462332 91
301963435469116 23
301963512956051 66
301963512971549 91
301963512978580 23
301963569483165 91
301963569496095 23
301963569503308 23
301963569509980 14
301963569516791 66
301963636490981 23
301963636504645 66
301963636511470 23
301963714264751 66
