316040884959153 91
316040884990307 23
316040952177727 66
316040952210651 91
316041030893705 23
316041030921845 66
316041030929696 91
316041086260132 23
316041086284393 66
316041086291463 91
316041086298196 23
316041161301682 66
316041161330941 91
316041161338859 23
316041232182177 66
316041232215144 91
316041232222383 23
316041232229341 66
316041287404107 91
316041287436907 23
316041287444219 66
316041287450947 91
316041364110466 23
316041364140991 66
316041364148238 91
316041421526641 23
316041421589379 66
316041421596408 91
316041488521656 23
316041488550726 66
316041488558088 91
316041562089020 23
316041562114703 66
316041562122051 91
316041622758606 23
316041622788971 66
316041622796096 91
316041689914950 23
316041689945229 66
316041689952445 91
316041767370741 23
316041767399640 66
316041767406827 91
316041823965980 23
316041823995509 23
316041824002678 66
316041824009467 91
316041890995846 91
316041891025051 23
316041891032264 66
316041969479345 23
316041969505861 66
316042025158025 91
316042025187308 23
316042025194592 66
316042092326738 91
316042092352489 23
316042092360449 66
316042092367224 91
316042170591151 23
316042170623933 66
316042170631013 91
316042226330422 23
316042226355264 66
316042226362491 91
316042293363936 23
316042293394079 66
316042293401310 91
316042372653650 23
316042372679377 66
316042372686631 91
316042433188622 23
316042433219451 66
316042433226612 91
316042494603076 23
316042494633965 66
316042494641359 91
316042561706689 23
316042561747036 66
316042561755038 91
316042639872212 23
316042639900988 66
316042639908191 91
316042695832227 23
316042695861233 66
316042695868263 91
316042762814352 23
316042762843094 66
316042762850400 91
316042762857070 23
316042829801180 66
316042829826481 91
316042829833505 23
316042897024656 66
316042897053048 91
316042897060366 23
316042897067060 66
316042964095941 91
316042964122335 23
316042964129589 66
316042964136396 91
316043043049840 23
316043043075985 66
316043043083247 91
316043101363991 23
316043101390095 66
316043101397404 91
316043174969967 23
316043174999152 66
316043175006399 91
316043232362915 23
316043232389293 66
316043232396571 91
316043299315676 23
316043299345838 66
316043299353116 91
316043376239605 23
316043376271365 66
316043376278745 91
316043433682370 23
316043433759575 23
316043433766981 66
316043500525985 91
316043500556451 91
316043500563697 23
316043578240645 66
316043578273527 23
316043578280555 66
316043634629554 91
316043634657842 23
316043701814819 66
316043701849459 91
316043701856704 23
316043701863598 66
316043770050137 91
316043770078554 23
316043770085640 66
316043770092461 91
316043845454222 23
316043845482694 66
316043845489986 91
316043906927276 23
316043906955154 66
316043906962337 91
316043969981307 23
316043970015285 66
316043970022337 91
316044047401520 23
316044047436321 66
316044047443629 91
316044110124411 23
316044110155245 66
316044110162309 91
316044182762996 23
316044182791718 66
316044238288889 91
316044238317889 91
316044238325014 23
316044305624862 66
316044305659812 23
316044305667069 66
316044372428554 91
316044372461425 23
316044450653827 66
316044450679673 91
316044450686810 23
316044514048860 66
316044514083724 91
316044514091110 23
316044573601978 66
316044573630426 91
316044573637674 23
316044573644563 66
316044640816195 91
316044640853166 23
316044640860476 66
316044640867263 91
316044718124431 23
316044718155333 66
316044718162764 91
316044774891224 23
316044774924010 66
316044774931315 91
316044841886448 23
316044841920416 66
316044841927569 91
316044917942746 23
316044917970551 66
316044917977691 91
316044975974948 23
316044976004286 66
316044976011401 91
316045043087356 23
316045043116028 66
316045043123494 91
316045121169000 23
316045121194878 66
316045121202106 91
316045177141282 23
316045177170219 66
316045177177455 91
316045244324027 23
316045244356171 66
316045244363167 91
316045244370089 23
316045323184161 66
316045323212064 91
316045323219378 23
316045386082194 66
316045386107084 91
316045386114112 23
316045386121585 66
316045445378204 91
316045445407433 23
316045445414608 66
316045445421429 91
316045512507027 23
316045512540454 23
316045512547924 91
316045590371521 23
316045590398607 66
316045590405978 23
316045590412867 66
316045590419501 91
316045646682168 23
316045646705151 66
316045646712270 91
316045713622611 23
316045713651061 66
316045713658278 91
316045786929877 23
316045786963652 66
316045786970930 91
316045847942129 23
316045847974085 66
316045847982365 91
316045915185661 23
316045915218127 23
316045915225280 66
316045993745119 91
316045993776168 91
316045993784166 23
316046049009853 66
316046049036765 23
316046049043785 66
316046125573146 91
316046125602843 23
316046189536630 66
316046189570878 91
316046189578015 23
316046189584828 66
316046250406482 91
316046250446778 23
316046250453820 66
316046317427137 91
316046317459733 23
316046317467160 66
316046317473935 91
316046384354952 23
316046384387806 23
316046384394956 66
316046462900391 91
316046462928043 91
316046518549299 23
316046518571109 66
316046518578200 23
316046518585003 66
316046585619776 91
316046652597864 23
316046652626627 66
316046652633739 91
316046719605008 23
316046719631739 66
316046719639069 91
316046786628281 23
316046786654782 66
316046786661883 91
316046853824831 23
316046853850636 66
316046853857751 91
316046927552816 23
316046927583042 66
316046927590251 91
316046927597145 23
316046994909867 66
316046994934462 91
316046994941900 23
316047062284141 66
316047062312821 91
316047062320086 23
316047062327044 66
316047129704566 91
316047129736893 23
316047129744233 66
316047129750931 91
316047197030434 23
316047197056732 66
316047197063957 91
316047264408057 23
316047264436308 66
316047264443592 91
316047323538823 23
316047323570862 66
316047323577852 91
316047390442910 23
316047390471875 66
316047390479374 91
316047467499741 23
316047467526821 66
316047467534026 91
316047524586301 23
316047524615158 66
316047524622458 91
316047591548169 23
316047591576159 66
316047591583474 91
316047669499374 23
316047669525681 66
316047669532821 91
316047725679924 23
316047725700835 66
316047725708831 91
316047792637044 23
316047792664712 66
316047792671626 91
316047792678406 23
316047870812282 66
316047870843287 91
316047870851152 23
316047870858029 66
316047926903690 91
316047926927969 23
316047926935188 66
316047994138503 91
316047994166869 23
316047994251263 66
316047994260458 91
316048072713744 23
316048072741785 66
316048072748980 91
316048128098620 23
316048128127916 66
316048128135236 91
316048195105652 23
316048195131208 66
316048195138508 91
316048262141283 23
316048262171777 66
316048262178729 91
316048340068814 23
316048340099022 66
316048340106318 91
316048405430302 23
316048405461951 66
316048405469188 91
316048463317462 23
316048463344806 66
316048463352156 91
316048541958527 23
316048541984687 66
316048541991982 91
316048597640950 23
316048597672951 66
316048597680313 91
316048597687158 23
316048671065018 66
316048671090027 91
316048671097255 23
316048731602493 66
316048731633802 91
316048731640677 23
316048731647375 66
316048798627260 91
316048798655034 23
316048798662290 66
316048798669113 91
316048875177359 23
316048875204057 66
316048875211367 91
316048945222342 23
316048945249674 66
316048945256841 91
316048999906430 23
316048999932189 66
316048999939539 91
316049069947861 23
316049069975060 66
316049069983173 91
316049133990006 23
316049134016888 66
316049134024022 91
316049212408739 23
316049212438328 66
316049212445527 91
316049268201529 23
316049268235208 66
316049268242511 91
316049335305508 23
316049335333434 66
316049335340726 91
316049414392031 23
316049414422664 66
316049414429757 91
316049414436548 23
316049469348225 66
316049469373179 91
316049469380485 23
316049545606032 66
316049545631107 91
316049545639062 23
316049545645855 66
316049615680451 91
316049615707242 23
316049615714596 66
316049615721457 91
316049670459506 23
316049670489113 66
316049670496156 91
316049747580658 23
316049747607411 66
316049747614582 91
316049804714522 23
316049804741218 66
316049804748341 91
316049871619639 23
316049871647108 66
316049871654333 91
316049939028615 23
316049939068694 66
316049939076331 91
316050005916628 23
316050005943355 66
316050005950735 91
316050073154895 23
316050073186551 66
316050073193735 91
316050150836196 23
316050150864771 66
316050150872049 91
316050207008434 23
316050207039638 66
316050207046964 91
316050274055570 23
316050274082547 66
316050274089752 91
316050274096555 23
316050341085810 66
316050341117992 91
316050341125175 23
316050408384444 66
316050408416574 91
316050408424099 23
316050408430833 66
316050481905154 91
316050481939814 23
316050481946907 66
316050481953812 91
316050542322020 23
316050542348274 66
316050542355507 91
316050620126914 23
316050620157704 66
316050620165040 91
316050676554693 23
316050676582334 66
316050676589616 91
316050750850892 23
316050750877591 66
316050750884828 91
316050810608036 23
316050810639449 66
316050810646570 91
316050877830066 23
316050877869200 66
316050877876532 91
316050944676963 23
316050944701970 66
316050944709143 91
316051023308349 23
316051023338835 66
316051023346239 91
316051078793191 23
316051078821608 66
316051078828835 91
316051078835473 23
316051153718926 66
316051153745229 91
316051153752414 23
316051224582171 66
316051224611159 91
316051224618418 23
316051224625261 66
316051280156989 91
316051280187007 23
316051280194200 66
316051280201236 91
316051356508025 23
316051356536570 66
316051356543822 91
316051426563764 23
316051426588827 66
316051426596195 91
316051481336925 23
316051481365462 66
316051481372496 91
316051554541925 23
316051554569294 91
316051615340936 23
316051615373329 66
316051615380565 23
316051615387327 66
316051682520033 91
316051682549666 91
316051759834820 23
316051759867156 66
316051759874366 23
316051759881008 66
316051816683497 91
316051883729624 23
316051883761641 66
316051883769104 91
316051883776085 23
316051961796337 66
316051961826960 91
316051961834246 23
316052017843887 23
316052017872350 66
316052017879531 91
316052084916737 91
316052084945235 23
316052084952461 66
316052164399134 23
316052164430535 66
316052164437988 91
316052219393737 23
316052219424541 66
316052219431716 91
316052286156530 23
316052286192908 66
316052286200294 91
316052364990474 23
316052365015280 66
316052365022758 91
316052425659144 23
316052425689974 66
316052425697238 91
316052487565227 23
316052487595009 66
316052487602365 91
316052554465020 23
316052554506907 66
316052554514251 91
316052632194339 23
316052632219815 66
316052632226949 91
316052688569956 23
316052688601494 66
316052688608731 91
316052755686301 23
316052755719316 66
316052755726654 91
316052755733481 23
316052822595552 66
316052822624017 91
316052822631039 23
316052889552749 66
316052889581101 91
316052889588396 23
316052889595129 66
316052956804981 91
316052956833802 23
316052956841053 66
316052956847756 91
316053036541953 23
316053036571347 66
316053036578391 91
316053090856300 23
316053090886784 66
316053090894049 91
316053167447713 23
316053167481934 66
316053167489055 91
316053233617872 23
316053233656113 66
316053233663851 91
316053291998755 23
316053292020548 66
316053292027558 91
316053368773747 23
316053368805217 66
316053368812422 91
316053426319116 23
316053426346305 66
316053426353649 91
316053493243481 23
316053493272849 66
316053493280038 91
316053560253383 23
316053560277995 66
316053560285110 91
316053560291818 23
316053636651531 66
316053636679413 91
316053636686616 23
316053694508616 66
316053694537339 91
316053694544767 23
316053694552350 66
316053761525621 91
316053761550899 23
316053761558346 66
316053761565060 91
316053837906121 23
316053837934964 66
316053837941929 91
316053908087899 23
316053908118460 66
316053908125561 91
316053962716636 23
316053962744292 66
316053962751768 91
316054039847829 23
316054039874524 66
316054039881936 91
316054102482391 23
316054102508084 66
316054102515416 91
316054169856659 23
316054169886053 66
316054169894051 91
316054242930882 23
316054242962937 66
316054242970164 91
316054304640895 23
316054304672210 66
316054304679423 91
316054372057046 23
316054372087582 66
316054372094966 91
316054439362249 23
316054439385639 66
316054439392958 91
316054439399757 23
316054507705122 66
316054507731456 91
316054507738641 23
316054574116779 66
316054574145591 91
316054574152760 23
316054574159559 66
316054641527793 91
316054641557052 23
316054641564432 66
316054641571329 91
316054708892783 23
316054708921835 66
316054708928691 91
316054767575467 23
316054767606808 66
316054767645362 91
316054834745864 23
316054834786747 66
316054834794148 91
316054901639153 23
316054901667881 66
316054901675235 91
316054968712614 23
316054968741479 66
316054968748720 91
316055036113546 23
316055036144966 66
316055036152300 91
316055102805120 23
316055102842482 66
316055102850011 91
316055169809144 23
316055169842622 66
316055169850094 91
316055243758184 23
316055243791826 66
316055243798784 91
316055243805539 23
316055311107673 66
316055311134668 91
316055311141991 23
316055378466199 66
316055378490164 91
316055378497045 23
316055378503818 66
316055445855968 91
316055445884493 23
316055445891680 66
316055445898320 91
316055513224346 23
316055513252680 66
316055513260623 91
316055580649494 23
316055580681443 66
316055580688787 91
316055639260681 23
316055639285035 66
316055639292177 91
316055706627203 23
316055706653230 66
316055706660324 91
316055773832527 23
316055773873542 66
316055773882171 91
316055840542300 23
316055840568795 66
316055840575840 91
316055907594874 23
316055907626474 66
316055907633595 91
316055974630482 23
316055974657070 66
316055974664563 91
316056041708708 23
316056041737982 66
316056041745171 91
316056115448074 23
316056115479614 66
316056115486798 91
316056115493645 23
316056185874867 66
316056185898798 91
316056185906039 23
316056250187447 66
316056250215512 91
316056250222584 23
316056250229520 66
316056323635837 91
316056323716524 23
316056323724197 66
316056323731026 91
316056391858116 23
316056391890893 66
316056391898167 91
316056452472088 23
316056452514878 66
316056452522323 91
316056519724401 23
316056519751932 66
316056519758966 91
316056578526098 23
316056578557482 66
316056578564691 91
316056645345739 23
316056645376364 66
316056645383722 91
316056712489735 23
316056712527092 66
316056712534464 91
316056779427088 23
316056779452998 66
