302045321414933 91
302045394268001 23
302045455695028 66
302045455731868 91
302045455739067 91
302045522676215 23
302045522711262 66
302045589584650 91
302045589614165 23
302045589621557 91
302045589628461 23
302045667256897 23
302045667290553 66
302045667297816 91
302045667304499 23
302045723646129 66
302045723664085 91
302045723671351 23
302045790758904 66
302045790793168 91
302045790800699 23
302045857810183 66
302045857871569 91
302045857879197 23
302045925150408 66
302045925176408 91
302045925183652 23
302045925190716 66
302045992114981 91
302045992139330 23
302045992146605 66
302046070371670 91
302046070403099 23
302046070410538 66
302046070417194 91
302046126089087 23
302046126113895 66
302046126121116 91
302046193087895 23
302046193114783 66
302046193121869 91
302046260272883 23
302046260299974 66
302046260307286 91
302046337699413 23
302046337730756 66
302046337737967 91
302046394328568 23
302046394356242 66
302046394363652 91
302046394370222 23
302046461327507 66
302046461348179 91
302046461355513 23
302046539672313 66
302046539702994 91
302046539710380 23
302046595599031 66
302046595628272 91
302046595635602 23
302046595642381 66
302046662576755 91
302046662604664 23
302046662612034 66
302046729561493 91
302046729590295 23
302046729597619 66
302046729604456 91
302046806886544 23
302046806916103 66
302046806923292 91
302046863865054 23
302046863895395 66
302046863902479 91
302046930874734 23
302046930905150 66
302046930912303 91
302047009010367 23
302047009037289 66
302047071081628 23
302047071113470 91
302047071120502 91
302047071127299 23
302047071134054 23
302047132049657 66
302047132074320 91
302047132081308 23
302047210184363 66
302047210212518 91
302047210219649 23
302047266182814 66
302047266202026 23
302047266209428 66
302047333296491 91
302047333322037 23
302047333329497 91
302047333336574 23
302047333343310 23
302047412159139 66
302047412193740 23
302047467310630 66
302047467334016 91
302047467341197 23
302047467348110 91
302047534518642 23
302047534542214 23
302047534549287 14
302047534556029 66
302047613348299 91
302047613372352 23
302047613379244 91
302047613385920 23
302047668548491 23
302047668577317 14
302047668584565 66
302047668591418 91
302047745208677 23
302047745232845 23
302047745240159 66
302047802761983 91
302047802787424 23
302047802794722 91
302047802801519 23
302047869743379 23
302047869767291 14
302047869774633 66
302047869781559 91
302047869788295 23
302047936842881 91
302047936875307 23
302047936882484 23
302048003943544 14
302048003967869 66
302048003975321 91
302048004019268 23
302048071127394 91
302048071152287 23
302048071159590 23
302048071166456 14
302048148572251 66
302048148603741 91
302048148611009 23
302048148617985 91
302048148624653 23
302048205183764 23
302048205216799 66
302048205223823 91
302048272278726 23
302048272309341 66
302048272316630 91
302048347136905 23
302048347170975 66
302048347178219 91
302048347184965 23
302048406403183 66
302048406435844 91
302048406442918 23
302048473451474 66
302048473483819 91
302048473490896 23
302048551822436 66
302048551853844 91
302048551861045 23
302048607602335 66
302048607632519 91
302048607639610 23
302048607646326 66
302048674522839 91
302048674545418 23
302048674552694 66
302048748000362 91
302048748033807 23
302048748041123 66
302048748048121 91
302048808731892 23
302048808750209 66
302048808757583 91
302048875804913 23
302048875830199 66
302048875837348 91
302048955005050 23
302048955031292 66
302048955038825 91
302049009874899 23
302049009903446 66
302049009910744 91
302049009918206 23
302049086897331 66
302049086919890 91
302049086927256 23
302049144010349 66
302049144036400 91
302049144043489 23
302049211019376 66
302049211045348 91
302049211052403 23
302049288263060 66
302049288294714 91
302049288302072 23
302049288308950 66
302049345261572 91
302049345285720 23
302049345292923 66
302049412300051 91
302049412326114 23
302049412333317 66
302049412340052 91
302049490155524 23
302049490180872 23
302049490188947 14
302049546562210 66
302049546592014 91
302049546599112 23
302049546605835 91
302049546612523 23
302049618945731 23
302049618972037 66
302049618979401 91
302049680556228 23
302049680581957 66
302049680589158 91
302049680595921 23
302049757431696 66
302049757458901 91
302049757465992 23
302049814722945 66
302049814756989 23
302049881820053 66
302049881851756 91
302049881859154 23
302049881865925 91
302049881872667 23
302049959463337 23
302049959496478 66
302049959503721 23
302050015962746 66
302050015997000 91
302050016024149 23
302050083083922 91
302050083116048 23
302050083123386 23
302050083130277 66
302050083137180 91
302050160810435 23
302050160840984 23
302050160848260 66
302050160854994 91
302050217305215 23
302050217327794 66
302050217334854 91
302050217341613 23
302050284141716 23
302050284166091 66
302050284173200 91
302050362764787 23
302050362799667 66
302050362806892 91
302050362813681 23
302050418281987 66
302050418300821 91
302050418308217 23
302050485329088 66
302050485397308 91
302050485406440 23
302050552374108 66
302050552401127 91
302050552408388 23
302050552415360 66
302050629823695 91
302050629850706 23
302050629857683 66
302050686550899 91
302050686573838 23
302050686581083 66
302050753555971 91
302050753580091 23
302050753587414 66
302050753594443 91
302050831812084 23
302050831840166 66
302050831847333 91
302050887844311 23
302050887877512 66
302050887884808 91
302050954839369 23
302050954865784 66
302051033085927 23
302051033110157 66
302051033117131 91
302051089042392 91
302051089067799 23
302051089075095 66
302051156086006 91
302051156116788 23
302051235046111 23
302051235072880 66
302051235080101 91
302051235086904 23
302051235093801 66
302051290077879 91
302051290104075 23
302051290111763 66
302051357171230 91
302051357195758 23
302051357202983 66
302051436438127 91
302051436468414 23
302051436475546 66
302051436482218 91
302051491412186 23
302051491443827 66
302051491451012 91
302051568255605 23
302051568285576 66
302051568292756 91
302051625623456 23
302051625655555 66
302051625662666 91
302051692691030 23
302051692726279 66
302051692733698 91
302051692740577 23
302051769698504 66
302051769730191 91
302051769738054 23
302051826521261 66
302051826538685 91
302051826545944 23
302051893624052 66
302051893649008 91
302051893656159 23
302051893662928 66
302051971505609 91
302051971536679 23
302051971543988 66
302052027921278 91
302052027943749 23
302052027950863 66
302052094850083 91
302052094874363 23
302052094881488 66
302052094888367 91
302052161914715 23
302052161938358 66
302052161945557 91
302052238830997 23
302052238864160 66
302052238872152 91
302052296340321 23
302052296364339 66
302052296371620 91
302052363084849 23
302052363106848 66
302052363113957 91
302052363120866 23
302052440687764 66
302052440711864 91
302052440719535 23
302052497385646 66
302052497415766 91
302052497422993 23
302052571841854 66
302052571867213 91
302052571874525 23
302052571881436 66
302052631496560 91
302052631518041 23
302052631524974 66
302052698528751 91
302052698551650 23
302052698559316 66
302052765679345 91
302052765708566 23
302052765715668 66
302052844022470 91
302052844053509 23
302052844060634 66
302052844067515 91
302052899771321 23
302052899796712 66
302052899803718 91
302052974789860 23
302052974819399 66
302052974826694 91
302053033859933 23
302053033889703 66
302053033896743 91
302053033903591 23
302053101153660 66
302053101188165 91
302053101195304 23
302053167937674 66
302053167970336 91
302053167978340 23
302053247292129 66
302053247325296 91
302053247332729 23
302053247339572 66
302053301949652 91
302053301968019 23
302053301975323 66
302053369188340 91
302053369209853 23
302053369216920 66
302053436229542 91
302053436254454 23
302053436261706 66
302053514476000 91
302053514505361 23
302053514512748 66
302053514519595 91
302053576526471 23
302053576554543 66
302053576561706 91
302053637491072 23
302053637517533 66
302053637525452 91
302053704893752 23
302053704916540 66
302053704923552 91
302053704930337 23
302053778424700 66
302053778450493 91
302053778457898 23
302053838668158 66
302053838700463 91
302053838707952 23
302053905745935 66
302053905771145 91
302053905778477 23
302053983674705 66
302053983700150 91
302053983707659 23
302053983714456 66
302054039797492 91
302054039825741 23
302054039833125 66
302054106962643 91
302054106996303 23
302054107004104 66
302054185710215 91
302054185743742 23
302054185751283 66
302054185758139 91
302054246613433 23
302054246639522 66
302054246646929 91
302054308146434 23
302054308172342 66
302054308179694 91
302054375438253 23
302054375473038 66
302054375480130 91
302054375487024 23
302054452901733 66
302054452929739 91
302054452937104 23
302054509207629 66
302054509235241 91
302054509243032 23
302054576413221 66
302054576445439 91
302054576453327 23
302054649591135 66
302054649621078 91
302054649628106 23
302054649634841 66
302054710461755 91
302054710483795 23
302054710491167 66
302054777530914 91
302054777598348 23
302054777605999 66
302054856227947 91
302054856262086 23
302054856269396 23
302054856276058 66
302054911671463 23
302054911686839 66
302054911693839 91
302054978747862 91
302054978769486 23
302055045742054 66
302055045764929 91
302055045772020 23
302055112810818 23
302055112836447 66
302055112843777 23
302055180006779 66
302055180035695 91
302055180042970 91
302055246995458 23
302055247018878 66
302055325360128 91
302055325383214 23
302055325390616 23
302055381056674 66
302055381080542 91
302055381087989 23
302055381094762 66
302055448256752 91
302055448286175 23
302055448293362 66
302055526591027 91
302055526614585 23
302055526621881 66
302055526628779 91
302055582256906 23
302055582280012 66
302055582287466 91
302055649455719 23
302055649481210 66
302055649488331 91
302055728633612 23
302055728665955 66
302055728673077 91
302055783504383 23
302055783528429 66
302055783535779 91
302055783542585 23
302055860484344 66
302055860518587 91
302055860525843 23
302055923460156 66
302055923490647 91
302055923497914 23
302055995833165 66
302055995864239 91
302055995871627 23
302055995878346 66
302056051882744 91
302056051915334 23
302056051922650 66
302056118866381 91
302056118894583 23
302056118901776 66
302056197888036 23
302056197919526 66
302056197926886 91
302056252958049 91
302056252984635 23
302056320080008 66
302056320107819 91
302056320115068 23
302056387121643 23
302056387145553 66
302056387152781 91
302056465048962 23
302056465078975 66
302056465086128 91
302056465092973 23
302056521195115 66
302056521222469 91
302056521229624 23
302056588301025 23
302056588325026 66
302056588332073 91
302056588338930 23
302056667006536 91
302056667036535 23
302056667043783 23
302056722395371 66
302056722418772 91
302056722426179 23
302056722433042 66
302056789501229 91
302056789529239 23
302056789536442 66
302056856527425 91
302056856549739 23
302056856556809 66
302056856563485 91
302056934219794 23
302056934243590 66
302056934250497 91
302056990746325 23
302056990769447 23
302056990777523 66
302057057946846 91
302057057980112 23
302057057988049 91
302057057994854 23
302057134272599 23
302057134299512 14
302057134307011 66
302057191971435 91
302057191996639 23
302057192003762 91
302057192010551 23
302057259042510 23
302057259067028 14
302057259074221 66
302057259080985 91
302057259087808 23
302057337456403 91
302057337491326 23
302057337498483 23
302057393104040 66
302057393131936 91
302057393139407 23
302057393147014 66
302057460275343 91
302057460308972 23
302057460316306 66
302057539540385 91
302057539574578 23
302057539581862 66
302057539588550 91
302057602441270 23
302057602472973 66
302057602480219 91
302057661531779 23
302057661560801 66
302057661568129 91
302057728466748 23
302057728494160 66
302057728501398 91
302057807568319 23
302057807596814 66
302057807604031 91
302057862563754 23
302057862589920 66
302057862597234 91
302057862604725 23
302057929685548 66
302057929709537 91
302057929716683 23
302058003214988 66
302058003241071 91
302058003248431 23
302058063733224 66
302058063761836 91
302058063769069 23
302058130745025 66
302058130775537 91
302058130783016 23
302058130789899 66
302058209922699 91
302058209947176 23
302058209954412 66
302058264935150 91
302058264960237 23
302058264967456 66
302058264974283 91
302058341867002 23
302058341891556 66
302058341899538 91
302058399177287 23
302058399209916 66
302058399217254 91
302058466159262 23
302058466185528 66
302058466192723 91
302058533315312 23
302058533341818 66
302058533349043 91
302058533355888 23
302058600494459 66
302058600519911 91
302058600527078 23
302058679161304 66
302058679196988 91
302058679204374 23
302058734337792 66
302058734369101 91
302058734376548 23
302058809056996 66
302058809091407 91
302058809098785 23
302058809105998 66
302058880470615 91
302058880500329 23
302058880508125 66
302058935635686 91
302058935665470 23
302058935673172 66
302059012427038 91
302059012459419 23
302059012466765 91
302059012473692 23
302059069806066 14
302059069839573 23
302059069846561 14
302059069853239 66
302059136814501 23
302059136842863 66
302059136850095 91
302059136856827 23
302059214369829 23
302059214402316 66
302059214409638 23
302059279379104 66
302059279411304 91
302059349705624 91
302059349736796 23
302059349743915 66
302059404961033 23
302059404980891 66
302059404988273 91
302059481538143 91
302059551609384 23
302059551634041 66
302059551641240 91
302059551647936 23
302059606253655 66
302059606275119 91
302059606282021 23
302059680075810 66
302059680099370 91
302059680106541 23
302059740429144 66
302059740458246 91
302059740465473 23
302059807457559 66
302059807480219 91
302059807488202 23
302059807494965 66
302059874471581 91
302059874494795 23
302059874502855 66
302059874509652 91
302059950717405 23
302059950744641 66
302059950751966 91
302060020833794 23
302060020863279 66
302060020870532 91
302060082967906 23
302060082991147 66
302060082998227 91
302060142739639 23
302060142763026 66
302060142770163 91
302060222106502 23
302060222134081 66
302060222141836 91
302060276990559 23
302060277020659 23
302060277028556 66
302060277035433 91
302060353978949 23
302060354003821 66
302060354011187 91
302060411121347 23
302060411144256 66
302060411151529 91
302060478035642 23
302060478060571 66
302060478067619 91
302060478091873 23
302060545217277 66
302060545248403 91
302060545255399 23
302060612424923 66
302060612455146 91
302060612462421 23
302060679707782 66
302060679736824 91
302060679744094 23
302060679750889 66
302060757354156 23
302060757385829 66
302060757393187 91
302060813485615 91
302060880467135 23
302060880492552 66
302060880499763 91
302060947461375 23
302060947518149 23
302060947525684 66
302060947532523 91
302061014675556 23
302061014698294 66
302061014705720 91
302061081706492 23
302061081735787 66
302061081743139 91
302061148708436 23
302061148731870 66
302061148739041 23
302061226438936 66
302061226462316 91
302061226469328 91
302061282933263 23
302061282959678 91
302061282967129 66
302061349956099 91
302061349983582 23
302061349990912 23
302061427733903 66
302061427757776 23
302061427764949 66
302061484074622 23
302061484102463 66
