301896169638944 91
301896246539052 23
301896246562607 66
301896246570154 91
301896303494563 91
301896303513055 23
301896370600085 23
301896370620134 66
301896370627186 91
301896370633826 23
301896437607475 23
301896437625433 66
301896437632781 91
301896437639731 23
301896504606454 23
301896504622629 66
301896504629761 91
301896504636663 23
301896571783282 66
301896571797744 91
301896571804694 23
301896649724896 23
301896649737637 66
301896649744526 91
301896649751494 23
301896705847410 23
301896705862702 66
301896705870016 91
301896705876796 23
301896772835884 66
301896772850574 91
301896772857801 23
301896840058923 23
301896840073877 66
301896840081514 91
301896840088402 23
301896907097370 23
301896907111748 66
301896907118776 91
301896907125463 23
301896974080740 66
301896974095861 23
301896974103275 66
301897041084064 91
301897041097024 91
301897118969697 23
301897118986415 66
301897118993966 91
301897175344992 23
301897175358475 66
301897175365559 91
301897249700844 23
301897249714138 66
301897249721239 91
301897249727929 23
301897309453198 66
301897309468721 91
301897309476530 23
301897376538437 66
301897376552933 91
301897376560122 23
301897443564360 23
301897443578774 66
301897443585786 91
301897443592654 23
301897522216304 23
301897522232863 66
301897522240338 91
301897522247100 23
301897577813618 23
301897577829477 66
301897577836708 91
301897577843515 23
301897650574809 66
301897650594590 91
301897650601445 23
301897711815508 23
301897711830368 66
301897711837475 91
301897711844582 23
301897778841274 23
301897778854417 66
301897778861417 91
301897778868292 23
301897855383536 66
301897855396687 91
301897855403659 23
301897913059568 23
301897913075452 66
301897913082466 91
301897913089094 23
301897980016772 23
301897980028642 66
301897980035441 91
301897980042379 23
301898055531861 66
301898055548385 91
301898055555496 23
301898114258039 23
301898114272244 66
301898114279413 91
301898114286192 23
301898192732227 23
301898192750612 66
301898192757930 91
301898192764721 23
301898248646761 23
301898248664858 66
301898248671977 91
301898248678673 23
301898315376952 66
301898315390518 91
301898315397620 23
301898394664902 23
301898394680706 66
301898394687690 91
301898394694439 23
301898394701163 23
301898449547948 66
301898449561066 91
301898516543922 91
301898516557407 23
301898583785958 23
301898583800334 66
301898583807499 91
301898583814549 23
301898661888691 23
301898661902333 66
301898661909355 91
301898661916227 23
301898717794941 23
301898717807151 66
301898717813998 91
301898717820821 23
301898784955782 66
301898784985974 91
301898784993439 23
301898863871692 23
301898863889606 66
301898863896713 91
301898863903375 23
301898924503301 23
301898924520771 66
301898924527944 91
301898924534713 23
301898986110845 23
301898986125913 66
301898986132964 91
301898986139736 23
301899053091325 66
301899053107055 91
301899053114127 23
301899131112628 23
301899131130552 66
301899131137808 91
301899131144591 23
301899187288594 23
301899187302647 66
301899187309657 91
301899187316357 23
301899254286288 23
301899254299138 66
301899254305973 91
301899254312862 23
301899321307810 66
301899321321032 91
301899321328197 23
301899388520606 23
301899388535207 66
301899388542056 91
301899388548676 23
301899455529954 23
301899455543936 66
301899455551049 91
301899455557773 23
301899534334435 23
301899534350185 66
301899534357580 91
301899534364545 23
301899589576989 66
301899589591025 91
301899589598202 23
301899666237077 23
301899666252034 66
301899666259235 91
301899666266004 23
301899723813030 23
301899723826988 66
301899723833942 91
301899723840616 23
301899790804858 23
301899790820736 66
301899790827710 91
301899790834461 23
301899867524899 66
301899867540645 91
301899867548031 23
301899924940084 23
301899924954641 66
301899924961562 91
301899924968317 23
301899992005018 23
301899992020273 66
301899992027400 91
301899992034074 23
301900069483357 23
301900069498435 66
301900069505757 91
301900069512536 23
301900126111535 66
301900126125487 91
301900126132631 23
301900193208058 23
301900193221213 66
301900193228392 91
301900193235156 23
301900260435774 23
301900260452146 66
301900260460366 91
301900260467230 23
301900327615225 23
301900327629868 66
301900327636806 91
301900327643516 23
301900394378704 66
301900394391928 91
301900461400384 91
301900461417049 23
301900538681570 23
301900538697935 66
301900538705295 91
301900538711968 23
301900601310878 23
301900601326062 66
301900601333197 91
301900601340020 23
301900674084847 23
301900674109238 66
301900674116347 91
301900729812043 91
301900729836225 23
301900796883371 23
301900796903385 66
301900796910796 91
301900796917743 23
301900876036285 23
301900876055362 66
301900876062493 91
301900876069232 23
301900930907664 23
301900930925685 66
301900930932777 91
301900930939580 23
301900998072589 66
301900998090441 91
301900998111737 23
301901077301768 23
301901077318272 66
301901077325391 91
301901077332216 23
301901132135025 23
301901132149755 66
301901132156763 91
301901132163529 23
301901209186249 23
301901209200153 66
301901209207175 91
301901209213847 23
301901266318487 66
301901266331194 91
301901266338178 23
301901333337477 23
301901333351412 66
301901333358390 91
301901333364990 23
301901409221175 23
301901409237154 66
301901409244476 91
301901409251221 23
301901467439208 23
301901467452563 66
301901467459768 91
301901467466577 23
301901534559797 66
301901534573939 91
301901534580813 23
301901612453038 23
301901612470246 66
301901612477743 91
301901612484480 23
301901668603227 23
301901668617121 66
301901668624197 91
301901668630984 23
301901735779146 23
301901735792178 66
301901735799116 91
301901735805916 23
301901814435543 66
301901814451799 91
301901814459065 23
301901877418234 23
301901877441517 66
301901877448720 91
301901877455583 23
301901936897115 23
301901936917039 66
301901936924367 91
301901936931200 23
301902003922795 23
301902003937036 66
301902003943982 91
301902003950743 23
301902081647876 66
301902081663369 91
301902081670592 23
301902138090143 23
301902138105123 66
301902138112228 91
301902138119000 23
301902205136671 23
301902205149361 66
301902205156351 91
301902205163283 23
301902278157406 23
301902278173158 66
301902278180546 91
301902339403540 23
301902339418352 66
301902339425435 91
301902339432324 23
301902406663207 23
301902406684967 66
301902406692937 91
301902406700608 23
301902484912288 23
301902484930492 66
301902484937697 91
301902484944418 23
301902540522620 66
301902540540049 91
301902540547351 23
301902607559338 23
301902607576373 66
301902607583608 91
301902607590345 23
301902681087388 23
301902681102923 66
301902681110132 91
301902741782695 23
301902741797506 23
301902741804584 66
301902741811307 91
301902808785438 91
301902808799738 23
301902875820325 23
301902875835147 66
301902875842320 91
301902954181906 23
301902954208317 23
301902954215677 66
301902954222568 91
301903010143097 23
301903010166897 66
301903010174221 91
301903010181205 23
301903077097254 23
301903077117339 66
301903077124597 91
301903077131375 23
301903144077553 23
301903144091674 66
301903144098808 91
301903211112098 23
301903211125981 23
301903211132927 66
301903211139627 91
301903278194522 23
301903278209358 66
301903278216896 91
301903278223686 23
301903357359578 23
301903357376296 66
301903357383642 91
301903357390457 23
301903412296919 23
301903412310744 66
301903412317977 91
301903489226827 23
301903489242845 23
301903489249867 66
301903489256618 91
301903554286369 23
301903554308228 66
301903554315295 91
301903554322160 23
301903624614832 23
301903624639541 66
301903624646718 91
301903680636247 23
301903680659642 23
301903680666908 66
301903680674594 91
301903747838664 23
301903747862416 23
301903747869450 66
301903747876181 91
301903826572035 23
301903826595073 66
301903826602361 91
301903826609085 23
301903881863400 23
301903881882310 66
301903881889654 91
301903955230108 23
301903955264467 23
301903955271688 66
301903955278338 91
301904016230931 23
301904016263314 23
301904016270623 66
301904016277406 91
301904093896286 23
301904093924026 66
301904093931243 91
301904093938746 23
301904150050796 23
301904150071856 66
301904150079208 91
301904217278898 23
301904217301087 23
301904217308206 66
301904217315071 91
301904295883664 23
301904295917485 66
301904295924837 91
301904295931592 23
301904357943456 23
301904357963552 66
301904357970733 91
301904418624018 23
301904418649306 23
301904418656751 66
301904418663535 91
301904497110714 23
301904497139134 66
301904497146591 91
301904497153364 23
301904552479395 23
301904552501770 66
301904552508998 91
301904628989638 23
301904629010113 23
301904629017336 66
301904629024300 91
301904686612444 23
301904686632939 23
301904686640412 66
301904686647325 91
301904753607366 23
301904753620875 66
301904753628189 91
301904753635113 23
301904820840128 23
301904820861593 66
301904820868758 91
301904887878240 23
301904887908409 23
301904887918862 66
301904887928377 91
301904954899079 23
301904954922100 66
301904954929424 91
301904954936088 23
301905032240075 23
301905032262071 66
301905032270935 91
301905089117145 23
301905089137340 23
301905089144550 66
301905089151389 91
301905156237244 23
301905156268577 23
301905156275783 66
301905156282517 91
301905223438182 23
301905223479051 66
301905223486486 91
301905290306069 23
301905290339782 23
301905290346973 66
301905290353625 91
301905357550830 23
301905357585864 23
301905357593532 66
301905357600282 91
301905435540453 23
301905435571204 66
301905435578393 91
301905491397174 23
301905491420145 23
301905491427403 66
301905491434495 91
301905558452442 23
301905558481804 23
301905558489238 66
301905558495943 91
301905634228229 23
301905634264569 66
301905634271688 91
301905692626787 23
301905692664785 23
301905692673080 66
301905692680140 91
301905759667033 23
301905759700043 23
301905759707319 66
301905759714880 91
301905838813130 23
301905838845004 23
301905838852421 66
301905838859296 91
301905893894923 23
301905893920920 66
301905893928235 91
301905970652838 23
301905970679820 23
301905970687089 66
301905970693874 91
301906034873327 23
301906034987113 23
301906034995586 66
301906035002292 91
301906095138866 23
301906095166010 23
301906095173549 66
301906095180438 91
301906171985457 23
301906172013938 66
301906172021237 91
301906229108332 23
301906229135620 23
301906229143133 66
301906229149934 91
301906296390456 23
301906296426377 23
301906296433441 66
301906296440286 91
301906373919940 23
301906373949630 23
301906373958032 66
301906373964893 91
301906430327271 23
301906430354766 23
301906430362094 66
301906430368883 91
301906503044942 23
301906503073578 23
301906503081121 66
301906503087918 91
301906564816664 23
301906564851935 66
301906564859164 91
301906631791860 23
301906631832484 23
301906631839752 66
301906631846665 91
301906698699711 23
301906698734558 23
301906698741863 66
301906698748799 91
301906777303306 23
301906777344346 23
301906777351729 66
301906777358586 91
301906833011169 23
301906833048588 66
301906833055790 91
301906906050941 23
301906906085983 23
301906906093375 66
301906906100210 91
301906966919916 23
301906966945758 23
301906966953245 66
301906966960066 91
301907044566016 23
301907044600994 66
301907044608258 91
301907101099849 23
301907101118264 23
301907101125194 66
301907101131948 91
301907168156355 23
301907168183798 23
301907168191218 66
301907168197995 91
301907246434552 23
301907246468299 66
301907246475665 91
301907302179673 23
301907302210786 23
301907302218148 66
301907302224853 91
301907369413541 23
301907369452158 23
301907369459256 66
301907369466061 91
301907436308854 23
301907436337192 23
301907436344309 66
301907436351087 91
301907513584051 23
301907513613152 66
301907513620325 91
301907570440240 23
301907570467299 23
301907570474892 66
301907570481671 91
301907637577968 23
301907637609919 23
301907637617136 66
301907637624045 91
301907704629534 23
301907704654859 66
301907704661839 91
301907771630919 23
301907771655003 23
301907771663843 66
301907771670722 91
301907850920651 23
301907850947788 23
301907850955790 66
301907850962575 91
301907905986501 23
301907906019868 66
301907906027186 91
301907982886325 23
301907982918674 23
301907982926732 66
301907982933623 91
301908040120304 23
301908040154240 23
301908040161423 66
301908040168146 91
301908107103774 23
301908107130935 66
301908107138285 91
301908174149255 23
301908174178870 23
301908174186065 66
301908174192999 91
301908241174660 23
301908241202212 23
301908241209421 23
301908241217022 66
301908320143599 23
301908320172225 66
301908320179750 91
301908375254838 91
301908375275638 23
301908451957243 66
301908451975878 91
301908451983097 23
301908509329475 66
301908509343882 91
301908509350811 23
301908509357534 91
301908582723840 66
301908582738083 23
301908643618447 66
301908643634927 91
301908643642174 23
301908710872920 23
301908710898879 66
301908710906146 91
301908710913047 23
301908710919760 91
301908777647712 23
301908777667944 23
301908777675055 66
301908777681741 23
301908855293886 66
301908855320285 91
301908855327371 91
301908911645349 23
301908911663527 66
301908911670835 91
301908978819441 23
301908978833904 66
301908978840896 91
301909056514379 23
301909056532786 66
301909056539971 91
301909112866116 23
301909112884630 66
301909112892056 91
301909180059386 23
301909180077934 66
301909180084980 91
301909258495410 23
301909258517508 23
301909258524653 66
301909258531478 91
301909314070759 23
301909314086642 23
301909314093945 66
301909314100706 91
301909386418670 23
301909386434850 23
301909386442122 66
301909386449011 91
301909459784655 23
301909459804289 66
301909515320835 23
301909515338321 66
301909515345402 91
301909515352237 91
301909591850049 23
301909591883054 66
301909591890030 91
301909661781246 23
301909661809047 66
301909661816383 91
301909716550366 23
301909716565591 66
301909716572720 91
301909793625530 23
301909793642773 66
301909793650020 91
301909850554663 23
301909850569222 66
301909850576293 91
301909917752169 23
301909917767169 23
301909917774197 66
301909917781030 91
301909994905873 23
301909994921863 23
301909994929094 66
301909994935923 91
301910051827798 23
301910051843676 66
301910051851123 91
301910118822117 23
301910118839084 23
301910118846221 23
301910118853599 66
301910196910465 23
301910196934505 66
301910196941531 91
301910253135153 91
301910253157937 23
301910320151164 66
301910320179353 91
301910320186596 23
301910387211375 66
301910387236895 91
301910387244098 23
301910387250919 91
301910464158402 23
301910464182804 23
301910464190196 66
301910464197230 91
301910521289687 23
301910521307535 66
301910521314808 91
301910588336719 23
301910588353185 23
301910588360412 66
301910588368008 91
301910655415830 23
301910655432264 23
301910655439582 66
301910655446570 91
301910722611260 23
301910722628683 23
301910722636120 66
301910722642874 91
301910790068451 23
301910790084254 66
301910790091425 91
301910867438152 23
301910867462944 23
301910867470107 66
301910867476948 91
301910923597821 23
301910923615477 23
301910923622608 66
301910923629564 91
301910990788686 23
301910990808121 23
301910990858745 66
301910990866762 23
301911065387089 66
301911065401510 91
301911065408530 91
301911124832407 23
301911124854107 66
301911124861632 91
301911191850356 23
301911191866774 66
301911191873772 91
301911270620823 23
301911270642159 66
301911270649330 91
301911326121218 23
301911326146058 66
301911326153382 91
301911402584303 23
301911402611895 66
301911402619331 91
301911460165753 23
301911460188070 23
301911460195233 66
301911460201922 91
301911535653427 23
301911535671856 23
301911535679049 66
301911535685941 91
301911594315274 23
301911594335282 66
301911594342726 91
301911661364615 23
301911661385842 23
301911661393110 66
301911661399983 91
301911728541812 23
301911728559755 23
301911728566858 66
301911728573606 91
301911805785676 23
301911805805610 23
301911805812994 66
301911805819823 91
301911863071040 23
301911863122759 66
301911863132362 91
301911929916435 23
301911929995728 23
301911930003536 66
301911930010440 91
301911997182236 91
301912064056100 23
301912064086805 23
301912064094177 66
301912064101000 91
301912130926655 91
301912209246352 23
301912209283810 23
301912209291327 66
301912209298172 91
301912265138807 23
301912265167048 23
301912265174453 66
301912265181183 91
301912339543061 23
301912339577391 23
301912339584665 66
301912339591685 91
301912399176426 23
301912399207474 66
301912399215423 91
301912466267252 23
301912466301259 23
301912466308402 66
301912466315293 91
301912533419469 23
301912533451961 23
301912533459337 66
301912533466319 91
301912612327704 91
301912667494983 23
301912667527690 23
301912667535022 66
301912667541825 91
301912742444650 23
301912742482219 23
301912742489697 66
301912742496456 91
301912813703307 23
301912813739019 23
301912813746367 66
301912813753186 91
301912868967316 23
301912868992990 66
301912869000385 91
301912945623720 23
301912945652831 23
301912945659734 66
301912945666470 91
301913002796015 23
301913002832246 23
301913002839544 66
301913069958612 91
301913069989800 23
301913069997205 66
301913070004090 91
301913147640065 23
301913147673144 23
301913147680482 66
301913210493112 91
301913210519249 23
301913210526482 23
301913210533472 66
301913282973072 91
301913283007772 23
301913283014965 91
301913283022472 23
301913283029261 23
301913338105057 66
301913338128746 23
301913414739689 66
301913414769210 23
301913414776487 66
