302093217595920 91
302093280565981 23
302093280591078 66
302093280598313 91
302093339727881 91
302093406745561 23
302093406777095 66
302093406784212 91
302093484827625 23
302093484856066 91
302093484863434 66
302093540988785 91
302093541011855 23
302093541018967 23
302093607971849 66
302093607995873 91
302093608002979 23
302093608009722 91
302093608016887 23
302093681421974 23
302093681453080 14
302093681460243 66
302093742146355 91
302093742172562 23
302093742179840 91
302093742186788 23
302093742193542 23
302093809266559 66
302093809292706 91
302093809299917 23
302093888157035 66
302093888187646 91
302093888195290 23
302093943623772 66
302093943654272 91
302093943661578 23
302094020060369 66
302094020094934 91
302094020102202 23
302094020108966 66
302094077528562 91
302094077554024 23
302094077561191 66
302094077567913 91
302094144528389 23
302094144556343 66
302094144563522 91
302094211729499 23
302094211758644 14
302094211765873 66
302094278680320 23
302094278704032 66
302094278711498 91
302094278718394 23
302094357420270 66
302094357455684 91
302094357463159 23
302094412687848 66
302094412705447 91
302094412712453 23
302094487194752 66
302094487227171 91
302094487234676 23
302094487241688 66
302094558752618 91
302094558789127 23
302094558797291 66
302094558804243 91
302094613907376 23
302094613922034 66
302094690486821 91
302094690510080 23
302094690517440 91
302094690524191 23
302094748263945 23
302094748296379 66
302094748303658 91
302094815095444 23
302094815118524 91
302094815125850 23
302094882196201 23
302094882219209 14
302094882226094 66
302094882232963 91
302094882239726 23
302094949368167 91
302094949391213 23
302094949398388 23
302094949405575 66
302095027807073 91
302095027838038 23
302095027845527 66
302095027852372 91
302095083426615 23
302095083450108 66
302095083457516 91
302095150439041 23
302095150465302 66
302095150472780 91
302095229766127 23
302095229792574 66
302095229799639 91
302095284757063 23
302095284785085 66
302095284792299 91
302095358278554 23
302095358306506 66
302095358313711 91
302095431058529 23
302095431082112 14
302095431089885 66
302095431096806 23
302095485925294 66
302095485948653 91
302095485957023 23
302095485963921 66
302095563046512 91
302095563080637 23
302095563087893 66
302095563094726 91
302095620021166 23
302095620049568 66
302095620056804 91
302095687211589 23
302095687243841 66
302095687251145 91
302095754153090 23
302095754182416 66
302095754189589 91
302095821181880 23
302095821210952 66
302095821218161 91
302095821225752 23
302095888130244 66
302095888155900 91
302095888162933 23
302095966372447 91
302095966408429 66
302096022503280 23
302096022530982 66
302096022538370 91
302096022545207 23
302096022552016 91
302096089756761 23
302096089786183 23
302096089793262 66
302096166254889 91
302096166291225 23
302096166298557 91
302096166344425 23
302096223490013 23
302096223517758 14
302096223525379 66
302096223532094 91
302096290726547 23
302096290753754 91
302096290761046 23
302096357724483 23
302096357757216 14
302096357764587 66
302096357771444 91
302096357778231 23
302096357784957 23
302096435382451 66
302096435406257 91
302096435413386 23
302096435420221 66
302096491742762 91
302096491765619 23
302096491772758 66
302096491779524 91
302096558938365 23
302096558962056 66
302096558969246 91
302096626024243 23
302096626054731 66
302096626062477 91
302096692982624 23
302096693004948 66
302096693012147 91
302096759993455 23
302096760015916 91
302096760022956 66
302096838681297 23
302096838710880 66
302096838718025 91
302096838724749 23
302096894297885 91
302096894332614 23
302096894340058 23
302096894346998 66
302096970654983 91
302096970686791 23
302096970693781 66
302096970700439 91
302097028258391 23
302097028286326 66
302097028293701 91
302097095698102 23
302097095729473 66
302097095736706 91
302097171965398 23
302097171996405 66
302097172003515 91
302097229596531 23
302097229626808 66
302097229634261 91
302097296561291 23
302097296590659 66
302097296597866 91
302097363631590 23
302097363650043 66
302097363657013 23
302097430718061 66
302097430749945 91
302097430757020 23
302097430763845 66
302097497683107 91
302097497707870 23
302097497714945 66
302097497722387 91
302097564727634 23
302097564752480 66
302097564759852 91
302097631918436 23
302097631942509 66
302097631949914 91
302097711303680 23
302097711339997 66
302097711347697 91
302097765929519 23
302097765951370 66
302097765958811 91
302097765965704 23
302097843021638 66
302097843045591 91
302097843052975 23
302097900126535 66
302097900152178 91
302097900159464 23
302097978355774 91
302097978386586 23
302097978395330 23
302097978402318 66
302097978408990 91
302098034333366 23
302098034356264 66
302098034363275 91
302098101520665 23
302098101544817 66
302098101552091 91
302098180335519 23
302098180363334 66
302098180370452 91
302098235475496 23
302098235504174 66
302098235511345 91
302098235518092 23
302098302579734 66
302098302604835 91
302098302611952 23
302098369679513 91
302098369705723 66
302098447622120 23
302098447652952 66
302098447661000 91
302098447667750 23
302098503876860 91
302098503907208 23
302098503914582 23
302098503921441 66
302098503928184 91
302098570723354 23
302098570752903 66
302098570760245 91
302098649526760 23
302098649557683 23
302098649564989 14
302098649571860 66
302098649578679 91
302098704982575 23
302098705010531 91
302098705017879 23
302098705024563 23
302098772029665 66
302098772063605 91
302098772071319 23
302098839031935 66
302098839058678 91
302098839065865 23
302098916875773 66
302098916908070 91
302098916915212 23
302098916922027 66
302098973160691 91
302098973178320 23
302098973185698 66
302098973192439 91
302099040245877 23
302099040279075 66
302099040286284 91
302099112851128 23
302099112876423 91
302099112883714 66
302099174617211 23
302099174649134 14
302099174656236 66
302099241446268 23
302099241515083 66
302099241522735 91
302099241529531 23
302099320036576 66
302099320071528 91
302099320079099 23
302099375445729 66
302099375468869 91
302099375476320 23
302099375483320 66
302099451910488 91
302099451934479 23
302099451941727 66
302099451948576 91
302099522044373 23
302099522069861 66
302099522077078 91
302099576785331 23
302099576818595 66
302099576825858 91
302099643922419 23
302099643946805 66
302099643954491 91
302099723267124 23
302099723291642 91
302099723298926 66
302099781294442 23
302099781321935 66
302099781329259 23
302099855196439 66
302099855230462 91
302099912176388 91
302099912206709 23
302099912213943 66
302099912220846 91
302099985972674 23
302099986000912 66
302099986008107 91
302100046117408 23
302100046145521 66
302100046152752 91
302100113339754 23
302100113370492 66
302100113377629 91
302100180579664 23
302100180610603 66
302100180617879 91
302100180624907 23
302100258416339 66
302100258448966 91
302100258456468 23
302100314623191 66
302100314657564 91
302100314665064 23
302100381574511 66
302100381606522 91
302100381613848 23
302100381620574 66
302100459959996 91
302100459997875 23
302100460005239 66
302100460012052 91
302100515686621 23
302100515704976 91
302100515712274 66
302100582634537 23
302100582658176 66
302100661777411 91
302100661812487 23
302100661819648 91
302100661826338 23
302100716942668 23
302100716965210 66
302100716972846 91
302100716979645 23
302100789590798 91
302100789613550 23
302100789620745 23
302100789627433 66
302100862962126 91
302100862988912 23
302100862996089 66
302100918027490 91
302100918058764 23
302100918066084 66
302100918072978 91
302100994856943 23
302100994881324 66
302100994889342 91
302101052205027 23
302101052228531 66
302101052235613 91
302101119241993 23
302101119266931 66
302101119274207 91
302101196871043 23
302101196903103 66
302101196910406 91
302101253461335 23
302101253485106 14
302101253492137 66
302101253498839 23
302101320364995 66
302101320392460 91
302101320399913 23
302101320406720 66
302101398127601 91
302101398152352 23
302101398159640 66
302101454570480 91
302101454603643 23
302101454611037 66
302101454617854 91
302101521671484 23
302101521702726 66
302101521709833 91
302101600188107 23
302101600220158 66
302101600227546 91
302101655725034 23
302101655754084 66
302101655761475 91
302101722885218 23
302101722920371 66
302101722927729 91
302101722934435 23
302101789993959 91
302101790028432 66
302101867462294 23
302101867495219 66
302101867502687 23
302101924138696 66
302101924168194 91
302101924175228 91
302101991110581 23
302101991140110 66
302101991147502 91
302102058117618 23
302102058139471 66
302102058163104 91
302102058170344 23
302102125218703 66
302102125244458 91
302102125251720 23
302102192335323 66
302102192360199 91
302102192367525 23
302102270722560 66
302102270754416 91
302102270761720 23
302102326754945 66
302102326781340 91
302102326788887 23
302102326795804 66
302102393493927 91
302102393516192 23
302102393523288 66
302102393530268 91
302102468599047 23
302102468624619 66
302102468631788 91
302102527717724 23
302102527749958 66
302102527757262 91
302102594694088 23
302102594717918 91
302102594725419 66
302102673836523 23
302102673861659 66
302102728714090 23
302102728737086 66
302102728744639 91
302102805733753 91
302102805763627 23
302102805770903 66
302102862956722 91
302102862979601 23
302102862986925 66
302102929965305 91
302102929990564 23
302102929997926 66
302102930004825 91
302102996965631 23
302102996993555 66
302102997000800 91
302103064264216 23
302103064295516 66
302103064302816 91
302103143113760 23
302103143147181 66
302103143154191 91
302103198199797 23
302103198223607 23
302103198230828 66
302103198237719 91
302103274981008 23
302103275011713 91
302103275018962 23
302103332484885 23
302103332514251 66
302103332521605 91
302103332528591 23
302103399461510 91
302103399488128 23
302103399495385 23
302103399502383 66
302103399509158 91
302103466442792 23
302103466465512 66
302103466472731 91
302103533723923 23
302103533748543 66
302103533755690 91
302103612501249 23
302103612535096 66
302103612542289 91
302103667815804 23
302103667846204 66
302103667853284 91
302103667860121 23
302103734699917 66
302103734725698 91
302103813532871 23
302103813559223 14
302103813566624 66
302103813573624 23
302103868931771 66
302103868964834 91
302103868972558 23
302103868979311 66
302103868986011 91
302103945476005 23
302103945502259 66
302103945509504 91
302104003086899 23
302104003112666 66
302104003120010 91
302104070126494 23
302104070152794 66
302104070160183 91
302104137206732 23
302104137238936 23
302104137246943 66
302104204224995 23
302104204247916 66
302104204254936 91
302104282731769 91
302104282756525 23
302104282763726 66
302104338541542 91
302104338567092 23
302104338574004 66
302104405739432 23
302104405769198 66
302104405776373 91
302104484732036 91
302104484762453 23
302104539689795 66
302104539719340 91
302104539726752 23
302104613625171 23
302104613648536 66
302104613655625 91
302104613662414 23
302104686009244 66
302104686042838 91
302104686050210 23
302104740804691 66
302104740831904 91
302104740839206 23
302104817974163 66
302104818007423 91
302104818014870 23
302104818021679 66
302104875054652 91
302104875088248 23
302104875095252 66
302104875102017 91
302104941936620 23
302104941968408 66
302104941975502 91
302105014538091 23
302105014572029 66
302105014579361 91
302105076368561 23
302105076388738 66
302105076396953 91
302105143197714 23
302105143222578 91
302105143229598 23
302105143236264 23
302105210281677 66
302105210311902 91
302105210319292 23
302105287114355 66
302105287139246 91
302105287146407 23
302105344444981 66
302105344509218 91
302105344517165 23
302105344550297 66
302105344560539 91
302105417311963 23
302105417338852 66
302105417346227 91
302105478542729 23
302105478574653 91
302105478581915 66
302105545557860 23
302105545580932 66
302105545588162 91
302105612665889 23
302105612690664 91
302105612697918 23
302105612704835 23
302105690338022 66
302105690363012 91
302105690370431 23
302105746709651 66
302105746738355 91
302105746745524 23
302105813913644 66
302105813935565 91
302105813943048 23
302105813950028 66
302105880907647 91
302105880930087 23
302105880937300 66
302105880944146 91
302105947977220 23
302105948006799 66
302105948014300 91
302106015070411 23
302106015101133 66
302106015108151 91
302106093659552 23
302106093692279 14
302106093699593 66
302106149144250 23
302106149168420 66
302106149175494 91
302106149182470 23
302106225442668 66
302106225471660 91
302106225478710 23
302106225485537 66
302106290525263 91
302106290553412 23
302106360783193 91
302106360810465 23
302106360817984 23
302106417619339 66
302106417650666 91
302106417658006 23
302106417664984 91
302106417671787 23
302106484727330 23
302106484757913 14
302106484765543 66
302106562894210 91
302106562927554 23
302106562934858 91
302106562941731 23
302106562948637 23
302106618519779 66
302106618537121 91
302106618544462 23
302106685664101 66
302106685687732 91
302106685694853 23
302106752672725 66
302106752698639 91
302106752705934 23
302106830135127 66
302106830175986 91
302106830184781 23
302106830193257 66
302106830201128 91
302106886920063 23
302106886943157 66
302106886950429 91
302106953920893 23
302106953944180 91
302106953951438 66
302107031988069 23
302107032016443 14
302107032023709 66
302107094173167 23
302107094204896 66
302107094212069 91
302107094218874 23
302107155175178 66
302107155197594 91
302107155204821 23
302107233270406 66
302107233309817 91
302107233317833 23
302107233324696 66
302107289206531 91
302107289229386 23
302107289236704 66
302107356256870 91
302107356281702 23
302107356288933 66
302107356295720 91
302107435236192 23
302107435258824 66
302107435266061 91
302107490408905 23
302107490430965 66
302107490437977 91
302107557579195 23
302107557602012 91
302107557608953 66
302107636581300 23
302107636609181 66
302107691681834 23
302107691705684 66
302107691713394 91
302107768476693 91
302107768509532 23
302107768516929 66
302107825943691 91
302107825972956 23
302107825980241 66
302107825987070 91
302107892956429 23
302107892984135 66
302107892991254 91
302107960055287 23
302107960081259 66
302107960088398 91
302108027084106 23
302108027113128 66
302108027120311 91
302108027127166 23
302108094108333 23
302108094132759 66
302108094140147 91
302108176419875 23
302108176454605 91
302108176462005 23
302108228128902 23
302108228154037 66
302108228161381 91
302108228168198 23
302108295336173 91
302108295362584 23
302108295369802 23
302108295376781 66
302108370255779 23
302108370283875 66
302108370291040 23
302108429463702 66
302108429494072 23
302108429501581 66
