310253455836386 91
310253534885763 91
310253534901875 23
310253590029939 23
310253590043474 66
310253590050438 91
310253590057184 23
310253590063854 23
310253657208995 66
310253657222949 91
310253657230594 23
310253657237297 23
310253724415404 66
310253724429490 91
310253724436379 23
310253724443074 23
310253724449866 66
310253802130338 91
310253802149503 23
310253802156958 23
310253802163719 66
310253802170469 91
310253858199941 23
310253858213935 23
310253858220959 66
310253858227776 91
310253858234490 23
310253925219116 23
310253925232281 66
310253925239357 91
310253925246208 23
310253925252973 23
310253998112433 66
310253998125668 91
310253998132666 23
310253998139433 23
310254059371923 66
310254059388733 91
310254059396224 23
310254059403085 23
310254059409888 66
310254126564424 91
310254126593623 23
310254126600884 23
310254126607629 66
310254126614353 91
310254205418000 23
310254205447132 23
310254205454187 66
310254205461006 91
310254205467680 23
310254260771107 23
310254260797100 66
310254260804327 91
310254260811758 23
310254260818512 23
310254337347197 66
310254337374045 91
310254337381489 23
310254337388338 23
310254394723194 66
310254394742709 91
310254394750150 23
310254394756949 23
310254394763760 66
310254468379155 91
310254468395380 23
310254468402533 23
310254468409394 66
310254468416064 91
310254468422943 23
310254528924263 23
310254528940377 66
310254528947443 91
310254528954287 23
310254595916612 23
310254595933386 66
310254595940646 91
310254595947398 23
310254595954161 23
310254663049855 66
310254663073786 91
310254663080983 23
310254663087754 23
310254740506448 66
310254740521699 91
310254740528534 23
310254740535235 23
310254740541885 66
310254797065684 91
310254797082122 23
310254797089299 23
310254797096043 66
310254797102866 91
310254797109524 23
310254871308455 23
310254871325867 66
310254871333249 91
310254871340750 23
310254931215377 23
310254931232356 66
310254931239753 91
310254931246485 23
310254931253228 23
310254998359558 66
310254998373878 91
310254998380985 23
310254998387931 23
310255065407956 66
310255065425490 91
310255065432804 23
310255065439545 23
310255065446295 66
310255143770316 91
310255143788170 23
310255143795438 23
310255143802329 66
310255143809005 91
310255143815782 23
310255199486265 23
310255199506163 66
310255199513583 91
310255199520414 23
310255272084868 23
310255272103316 66
310255272110462 91
310255272117328 23
310255272124056 23
310255333680098 66
310255333696946 91
310255333704282 23
310255333711127 23
310255400742139 66
310255400755258 91
310255400762182 23
310255400768874 23
310255400775581 66
310255400782180 91
310255467814414 23
310255467828402 23
310255467835468 66
310255467842325 91
310255467849840 23
310255547033111 23
310255547050959 66
310255547058148 91
310255547064961 23
310255601840911 23
310255601856881 66
310255601864045 91
310255601870913 23
310255601877720 23
310255674987862 66
310255675003024 91
310255675010274 23
310255675017018 23
310255748324186 66
310255748341515 91
310255748349406 23
310255748356124 23
310255748362915 66
310255748369730 91
310255803414949 23
310255803430085 23
310255803437793 66
310255803444504 91
310255803451228 23
310255880216226 23
310255880231741 66
310255880238838 91
310255880245773 23
310255937175529 23
310255937191889 66
310255937199313 91
310255937206416 23
310255937213202 23
310256004348406 66
310256004362887 91
310256004369929 23
310256004376623 23
310256004383310 66
310256082148766 91
310256082162216 23
310256082169275 23
310256082175997 66
310256082182740 91
310256138387864 23
310256138403041 23
310256138410419 66
310256138417270 91
310256138424125 23
310256205444110 23
310256205461743 66
310256205469188 91
310256205476023 23
310256283512118 23
310256283537819 66
310256283545244 91
310256283552099 23
310256283558849 23
310256339674560 66
310256339693528 91
310256339700888 23
310256339707816 23
310256339714612 66
310256406656693 91
310256406673460 23
310256406680585 23
310256406688060 66
310256406694949 91
310256485417713 23
310256485434088 23
310256485441428 66
310256485448100 91
310256485454696 23
310256540879544 23
310256540895347 66
310256540902894 91
310256540909884 23
310256607991594 23
310256608005584 23
310256608012833 66
310256608019662 91
310256608026447 23
310256675068128 66
310256675097679 91
310256675104786 23
310256675111530 23
310256752731865 66
310256752759143 91
310256752767285 23
310256752774219 23
310256752780921 66
310256752787616 91
310256809223502 23
310256809250919 23
310256809258126 66
310256809264945 91
310256809271766 23
310256876240448 23
310256876268509 66
310256876275641 91
310256876282476 23
310256943157133 23
310256943173109 66
310256943180183 91
310256943187085 23
310256943193920 23
310257010353503 66
310257010369255 91
310257010376651 23
310257010383353 23
310257077377644 66
310257077393174 91
310257077400422 23
310257077407335 23
310257077453222 66
310257077461101 91
310257155929639 23
310257155947546 23
310257155954910 66
310257155961682 91
310257155968326 23
310257211406506 23
310257211422063 66
310257211429316 91
310257211436361 23
310257278611846 23
310257278628110 66
310257278635404 91
310257278642177 23
310257278649004 23
310257345607186 66
310257345620591 91
310257345628456 23
310257345635331 23
310257412627358 66
310257412641576 91
310257412648759 23
310257412655576 23
310257412662385 66
310257412669268 91
310257479722079 23
310257479735166 23
310257479742111 66
310257479748888 91
310257479755822 23
310257546810656 23
310257546825841 66
310257546832825 91
310257546839557 23
310257625110968 23
310257625126033 66
310257625132854 91
310257625139695 23
310257625146381 23
310257680931334 66
310257680947786 91
310257680955124 23
310257680961782 23
310257680968508 66
310257748009472 91
310257748023993 23
310257748031125 23
310257748037820 66
310257748044542 91
310257822112201 23
310257822128385 23
310257822135782 66
310257822142474 91
310257822149144 23
310257882412664 23
310257882427648 66
310257882434812 91
310257882441477 23
310257949170216 23
310257949184674 66
310257949191771 91
310257949198684 23
310257949205644 23
310258028369529 66
310258028383421 91
310258028390594 23
310258028397505 23
310258028404310 66
310258083358574 91
310258083373721 23
310258083381119 23
310258083387997 66
310258083394729 91
310258160244428 23
310258160259367 23
310258160266615 66
310258160273581 91
310258160280558 23
310258217411555 23
310258217425610 66
310258217432636 91
310258217439465 23
310258284609479 23
310258284626730 66
310258284634179 91
310258284641265 23
310258284647953 23
310258351619876 66
310258351635195 91
310258351642610 23
310258351649467 23
310258351656103 66
310258418633083 91
310258418647426 23
310258418654626 23
310258418661429 66
310258418668159 91
310258497569165 23
310258497585191 23
310258497592464 66
310258497599388 91
310258497606225 23
310258552880318 23
310258552896210 66
310258552903410 91
310258552910933 23
310258619881117 23
310258619896813 66
310258619904048 91
310258619911036 23
310258619917906 23
310258698858490 66
310258698873711 91
310258698880741 23
310258698887815 23
310258753918328 66
310258753933960 91
310258753941289 23
310258753948122 23
310258753955024 66
310258753961845 91
310258830768300 23
310258830784903 23
310258830792162 66
310258830799116 91
310258830805923 23
310258888233113 23
310258888256704 66
310258888299678 91
310258888307114 23
310258955173148 23
310258955188469 66
310258955195799 91
310258955202725 23
310258955209566 23
310259030790060 66
310259030807860 91
310259030814894 23
310259030821639 23
310259030828347 66
310259089374053 91
310259089389906 23
310259089397244 23
310259089404222 66
310259089411113 91
310259156369733 23
310259156383554 23
310259156390626 66
310259156397608 91
310259156404863 23
310259234047202 23
310259234075212 66
310259234082425 91
310259234089369 23
310259290702716 23
310259290730961 66
310259290738048 91
310259290744776 23
310259290751484 23
310259357773666 66
310259357808173 91
310259357815527 23
310259357822443 23
310259357829274 66
310259435992806 91
310259436011953 23
310259436019553 23
310259436026289 66
310259436033092 91
310259498976275 23
310259498995519 23
310259499003953 66
310259499010917 91
310259499017619 23
310259558741035 23
310259558756994 66
310259558825345 91
310259558832701 23
310259626116345 23
310259626131246 66
310259626138331 91
310259626145139 23
310259626151890 23
310259703203831 66
310259703220432 91
310259703227611 23
310259703234548 23
310259703241422 66
310259760052502 91
310259760066482 23
310259760073625 23
310259760080518 66
310259760087378 91
310259827010009 23
310259827025230 23
310259827032228 66
310259827039314 91
310259827046129 23
310259894183642 23
310259894199161 66
310259894206414 23
310259961413561 66
310259961428635 91
310259961435981 91
310260040495431 23
310260040510377 66
310260040517699 91
310260040524660 23
310260095299205 91
310260095315757 23
310260095323220 23
310260095330130 66
310260095336912 91
310260172395350 23
310260172410907 66
310260172418476 91
310260172425376 23
310260229393736 66
310260229409380 91
310260229416744 23
310260229423521 66
310260302631184 91
310260302646574 23
310260302653807 66
310260302660618 91
310260363601322 23
310260363617822 66
310260363625315 91
310260363632228 23
310260430691702 66
310260430713600 91
310260430720829 23
310260430727674 23
310260497638773 66
310260497655308 23
310260497662652 66
310260497669662 23
310260575681615 66
310260575701394 91
310260631855620 91
310260631876359 23
310260631883673 23
310260631890689 66
310260698879745 91
310260698899989 23
310260698907066 66
310260698913770 91
310260765885089 91
310260765902404 23
310260832979954 23
310260832998506 66
310260833005874 91
310260833012824 23
310260833019677 66
310260900059961 91
310260900077083 23
310260900084390 66
310260900091209 91
310260900097950 23
310260978990081 66
310260979019083 91
310260979026513 23
310260979033401 66
310261034172862 91
310261034192983 23
310261034200347 23
310261034207094 66
310261110817176 91
310261110840038 23
310261110847455 23
310261110854571 66
310261175800463 23
310261175816957 66
310261175824128 91
310261246154629 91
310261246172806 23
310261246179937 23
310261246186744 66
310261246193619 91
310261302465917 23
310261302484483 66
310261302492330 91
310261302499149 23
310261369569720 66
310261369586671 91
310261369593626 23
310261369600395 66
310261448235032 91
310261448250514 23
310261448258057 66
310261448264924 91
310261503616360 23
310261503629294 23
310261503636176 66
310261503642894 91
310261503649570 23
310261576612898 66
310261576627980 91
310261576635189 23
310261576642028 66
310261649399052 91
310261649414794 23
310261649422287 66
310261704971843 23
310261705000871 66
310261705008040 91
310261705014841 91
310261781335825 91
310261781359395 23
310261781366659 23
310261781373420 66
310261839031559 91
310261839057219 23
310261839064531 66
310261839071449 91
310261906065804 23
310261906088918 66
310261906096292 91
310261906103254 23
310261979545303 66
310261979569409 91
310261979576797 23
310261979583719 66
310262040453264 91
310262040471418 23
310262040479624 66
310262040486345 91
310262118587558 23
310262118604716 66
310262118611941 91
310262118618784 23
310262174412471 66
310262174429022 23
310262174436529 66
310262174443327 91
310262241436565 23
310262241451846 91
310262241459059 66
310262241465866 91
310262320577684 23
310262320594027 23
310262320601363 66
310262320608287 91
310262320615116 23
310262375453923 66
310262375468861 91
310262375476046 23
310262375483382 66
310262442537683 91
310262442552313 23
310262442559610 66
310262442566417 91
310262521849217 23
310262521863869 66
310262521870999 91
310262521877800 23
310262576646966 66
310262576662483 91
310262576669629 23
310262576676352 66
310262653781471 91
310262653796776 23
310262653803850 66
310262653810702 91
310262710875066 23
310262710889108 66
310262710896017 91
310262710902871 23
310262777894341 66
310262777909884 91
310262777917284 23
310262777924178 66
310262844894361 91
310262844911835 23
310262844919187 66
310262844926036 91
310262912104062 23
310262912117374 66
310262912124565 91
310262912131303 23
310262979127187 66
310262979140553 91
310262979147614 23
310262979154376 66
310263057014078 91
310263057029977 23
310263057037266 66
310263057044051 91
310263113281326 23
310263113305082 66
310263113312224 91
310263113319854 23
310263180261387 66
310263180278050 91
310263180285207 23
310263180291948 66
310263255567414 91
310263255584031 23
310263255591255 66
310263255597943 91
310263314396401 23
310263314411978 66
310263314418972 91
310263314425624 23
310263314432403 66
310263381547079 23
310263381562071 66
310263381569292 91
310263460247790 91
310263460262474 23
310263460269633 66
310263515631274 91
310263515646697 23
310263515654823 91
310263515661895 23
310263515668692 23
310263515675427 66
310263592139881 91
310263592154058 23
310263592161283 66
310263592168196 91
310263656344850 23
310263656359876 66
310263656367057 91
310263656373946 23
310263716744254 66
310263716758907 91
310263716766241 23
310263716773139 66
310263793470859 91
310263793484628 23
310263793491729 66
310263851052151 23
310263851066918 66
310263851074089 91
310263851081314 23
310263851088066 91
310263851094795 23
310263918022803 91
310263918038060 23
310263918045038 23
310263918051762 66
310263995391789 91
310263995407793 23
310263995414901 66
310263995421650 91
310264052222202 23
310264052236062 66
310264052243152 91
310264052250504 23
310264119414246 66
310264119430201 91
310264119438207 23
310264119445134 66
310264196668806 91
310264196685177 23
310264196692449 66
310264196699638 91
310264253357133 23
310264253381756 66
310264253388902 91
310264253395868 23
310264320455329 66
310264320484369 23
310264320491303 66
310264320498023 91
310264398710286 23
310264398739551 91
310264398746417 23
310264398753282 23
310264398760010 66
310264398766727 91
310264454608766 23
310264454629680 14
310264454637090 66
310264454643935 91
310264454650710 23
310264527459905 91
310264527483343 23
310264527491725 23
310264588663721 14
310264588685193 66
310264588692414 23
310264588699360 66
310264588706219 23
310264665950731 66
310264665977671 91
310264722872256 91
310264722890621 23
310264722898066 23
310264722904923 66
310264789889574 91
310264789908466 23
310264789915656 23
310264789922523 23
310264789929316 66
310264867853923 91
310264867871244 23
310264867878357 91
310264867885302 23
310264867891944 23
310264924065651 66
310264924081051 91
310264924088220 23
310264924095095 66
310264990990022 91
310264991005772 23
310264991012941 66
310264991019798 91
310265058079022 23
310265058094792 23
310265058101963 66
310265058108876 23
310265058115721 91
310265135267464 91
310265135297836 23
310265135305443 23
310265135312524 66
310265192362741 91
310265192383158 23
310265192390488 66
310265192397333 91
310265259339528 23
310265259357016 66
310265259364235 91
310265259371070 23
310265326353129 66
310265326370152 91
310265326377170 23
310265326383955 66
310265326390802 91
310265393376806 23
310265393394885 66
310265393402310 91
310265393409155 23
310265472396781 66
310265472410704 91
310265472417736 23
310265472424582 66
310265527582873 23
310265527596569 66
310265527603573 91
310265527610468 23
310265604325226 91
310265604341256 23
310265604349033 23
310265604355932 66
310265604362739 23
310265661637033 66
310265661653877 91
310265661661243 23
310265661668219 91
310265661675082 23
310265728796650 23
310265728810026 66
310265728817101 23
310265728823875 66
310265795824043 23
310265795837138 91
310265795844054 91
310265795850754 23
310265862794327 23
310265862809228 66
310265862816725 23
310265862823499 66
310265941610403 23
310265941626582 66
310265941633990 91
310265997018359 91
310265997032552 23
310266073483956 23
310266073499752 66
310266073507142 91
310266073514080 23
310266073520742 66
310266143542322 91
310266143557008 23
310266143564370 66
310266143571233 91
310266198438025 23
310266198454284 66
310266198461803 91
310266198468688 23
310266265601436 66
310266265614104 91
310266265621072 23
310266265627919 23
310266332267869 66
310266332281716 91
310266332289040 23
310266332326964 66
310266332334186 91
310266399354839 23
310266399370213 66
310266399377350 91
310266399384052 23
310266476749272 66
310266476764259 91
310266476771473 23
310266476778336 66
310266533584252 91
310266533598351 23
310266533605385 66
310266533612196 91
310266600638197 23
310266600701440 66
310266600708850 91
310266600715750 23
310266678064234 66
310266678080231 91
310266678087531 23
310266678094970 66
310266744939595 91
310266744966829 23
310266744973857 66
310266744980635 91
310266744987364 23
310266801965181 66
310266801994893 91
310266802001841 12
310266880037336 12
310266880064274 12
310266880071610 12
310266880078328 12
310266880085161 91
310266880091870 12
310266880098504 12
310266936183925 91
310266936206999 12
310266936214564 15
310266936221550 91
310267003337554 23
310267003411128 66
