321975258799629 91
321975258829208 23
321975258836636 66
321975325883797 91
321975325909508 23
321975405472504 66
321975405501656 91
321975405508982 23
321975405515795 66
321975460075555 91
321975460099389 23
321975460106586 66
321975460113283 91
321975537284541 23
321975537313808 66
321975537321118 91
321975594292925 23
321975594321822 66
321975594329114 91
321975661296159 23
321975661323920 66
321975661330944 91
321975661337724 23
321975738619714 66
321975738648456 91
321975738656309 23
321975738663277 66
321975795322944 91
321975795351847 23
321975795358924 66
321975795365689 91
321975862593131 23
321975862632890 66
321975862640260 91
321975940615065 23
321975940646664 66
321975940653843 91
321975996700437 23
321975996729366 66
321975996736547 91
321976063648692 91
321976063677290 23
321976063684410 66
321976063691286 23
321976130770854 66
321976130811466 91
321976130818651 23
321976130826658 66
321976130833743 91
321976207874757 23
321976207910244 66
321976207917473 91
321976264858120 23
321976264886543 66
321976264893814 91
321976331935236 23
321976331964552 66
321976331971562 91
321976331978270 23
321976409782106 66
321976409816074 91
321976409823506 23
321976409830333 66
321976466447114 91
321976466485260 23
321976466492378 66
321976466499081 91
321976540981315 23
321976541031693 66
321976541043060 91
321976608374759 23
321976608401841 66
321976608409115 91
321976667371866 23
321976667405380 66
321976667412776 91
321976667419591 23
321976734287602 66
321976734313550 91
321976734320874 23
321976734327741 66
321976801401609 91
321976801441885 23
321976801449227 66
321976801456064 91
321976880347905 23
321976880383903 66
321976880391112 91
321976935532956 23
321976935565247 23
321976935572492 66
321976935579856 91
321977012129265 23
321977012156483 66
321977012163917 91
321977069612491 23
321977069644486 66
321977069651502 91
321977069658427 23
321977069665206 66
321977137002342 91
321977137043604 23
321977137050760 66
321977209094504 91
321977209128416 23
321977209135736 66
321977209142587 91
321977270911492 23
321977270943284 66
321977270950666 91
321977337905754 23
321977337938240 66
321977337945346 91
321977415428543 23
321977415457701 66
321977415464987 91
321977415471906 23
321977415478707 66
321977472042781 91
321977472075815 23
321977472083077 66
321977539069726 91
321977539095111 23
321977539102459 66
321977539109243 91
321977612126803 23
321977612158622 66
321977612165695 91
321977673285400 23
321977673312127 66
321977673319298 91
321977740289487 23
321977740322137 66
321977740329475 91
321977740336200 23
321977740343546 66
321977818765143 91
321977818793029 23
321977818800407 66
321977874548334 91
321977874582139 23
321977874589990 66
321977941495972 91
321977941522222 91
321978008538160 23
321978008566488 66
321978008573524 23
321978008580418 66
321978008587193 91
321978075551866 23
321978075576456 66
321978075583770 91
321978075590567 23
321978142637376 66
321978142665615 91
321978142673003 23
321978142679669 66
321978209718746 91
321978209747017 23
321978209754188 66
321978209760995 91
321978287845766 23
321978287874709 66
321978287881965 91
321978343837911 23
321978343867492 66
321978343874904 91
321978411122720 23
321978411155135 66
321978411162185 91
321978411169129 23
321978489109609 66
321978489136996 91
321978489144319 23
321978489151301 66
321978545495088 91
321978545525073 23
321978545532300 66
321978545539178 91
321978612087482 23
321978612114699 66
321978612122146 91
321978691167471 23
321978691197153 66
321978691204400 91
321978746336618 23
321978746369033 66
321978746376300 91
321978746383337 23
321978822996770 66
321978823025349 91
321978823032423 23
321978823039144 66
321978886160580 91
321978886207220 23
321978886214397 66
321978886221164 91
321978958362090 23
321978958397303 66
321978958404438 91
321979014569624 23
321979014604927 66
321979014612289 91
321979081642372 23
321979081670220 66
321979081677682 91
321979081684662 23
321979160304770 23
321979160342725 66
321979160349986 91
321979160356733 23
321979160363562 66
321979215930731 91
321979215963429 23
321979215970725 66
321979215977717 91
321979282815570 23
321979282856146 66
321979282863395 91
321979349844993 23
321979349876348 66
321979349883736 91
321979427576549 23
321979427616365 66
321979427623622 91
321979427630288 23
321979484009964 66
321979484040022 91
321979484047520 23
321979484054520 66
321979551213472 91
321979551247269 23
321979551254605 66
321979551261438 91
321979629533581 23
321979629559785 66
321979629567165 91
321979685187856 23
321979685263222 66
321979685271174 91
321979752334187 23
321979752357832 66
321979752365068 91
321979819357550 23
321979819386799 66
321979819394447 91
321979819401254 23
321979819408066 66
321979896802675 91
321979896837130 23
321979896844386 66
321979953534805 91
321979953564048 23
321979953571712 66
321979953578460 91
321980020512923 23
321980020539020 66
321980020546314 91
321980096774564 23
321980096804581 66
321980154562765 91
321980154593996 91
321980154601362 23
321980154608291 66
321980221834358 23
321980221864263 66
321980221871410 91
321980221879090 23
321980221885917 66
321980300000324 91
321980300027081 23
321980300034467 66
321980300041294 91
321980355927612 23
321980355952633 66
321980355959812 91
321980434035712 23
321980434067104 66
321980434074442 91
321980502004035 23
321980502033525 66
321980502040807 91
321980502047531 23
321980502054187 66
321980564953225 91
321980564984360 23
321980564991576 66
321980625557774 91
321980625587391 23
321980625595502 66
321980625602325 91
321980691118933 23
321980691150904 66
321980691158103 91
321980769312693 23
321980769354095 66
321980769361554 91
321980825332963 23
321980825365157 66
321980825372400 91
321980825379378 23
321980825386326 66
321980892432432 91
321980892461313 23
321980892468555 66
321980965765969 91
321980965799818 23
321980965806945 66
321980965813802 91
321981026779643 23
321981026808115 66
321981026815996 91
321981093525310 23
321981093558048 66
321981093565186 91
321981160565037 23
321981160591303 66
321981160598739 91
321981160605621 23
321981238439395 66
321981238470283 91
321981238477368 23
321981238484181 66
321981294790976 91
321981294820471 23
321981294827658 66
321981294834458 91
321981368730146 23
321981368771580 66
321981368783533 91
321981428828621 23
321981428856877 66
321981428864241 91
321981495913866 23
321981495945931 66
321981495953162 91
321981495959878 23
321981563021582 66
321981563048520 91
321981563055747 23
321981563062520 66
321981641673122 91
321981641705227 23
321981641712402 66
321981641719370 91
321981697198037 23
321981697224583 66
321981697231788 91
321981771548002 23
321981771580874 66
321981771587988 91
321981842940370 23
321981842966952 23
321981842974226 66
321981842980996 91
321981842988741 23
321981898331239 66
321981898361311 91
321981898368565 23
321981898375239 66
321981974848521 91
321981974875891 23
321981974883151 66
321981974890147 91
321982032510019 23
321982032540636 66
321982032547753 91
321982099528043 23
321982099557731 66
321982099565218 91
321982166890705 23
321982166920990 66
321982166928070 91
321982166934791 23
321982233855473 66
321982233894572 91
321982233901785 23
321982233909654 66
321982312283660 91
321982312309656 23
321982312317002 23
321982312323892 66
321982312330626 91
321982367722773 23
321982367750393 66
321982367757624 91
321982434935572 23
321982434968214 66
321982434975317 91
321982502064520 23
321982502101016 66
321982502108374 91
321982502115280 23
321982580170894 66
321982580208115 91
321982580215479 23
321982580222243 66
321982636134257 91
321982636159708 23
321982636168108 66
321982636174979 91
321982709016849 23
321982709131104 66
321982709138848 91
321982781422940 23
321982781451583 66
321982781458770 91
321982837393683 23
321982837424702 66
321982837432337 91
321982837439243 23
321982904303923 66
321982904333466 91
321982904340745 23
321982904347510 66
321982983342449 91
321982983367263 23
321982983374712 66
321982983381545 91
321983045527149 23
321983045555672 66
321983045563402 91
321983105773874 23
321983105806574 66
321983105813725 91
321983184649632 23
321983184682329 66
321983184689778 91
321983239751107 23
321983239775625 66
321983239782955 91
321983239789687 23
321983239796490 66
321983316550108 91
321983316580997 23
321983316588226 66
321983373795073 91
321983373822072 23
321983373829404 66
321983373836526 91
321983440878562 23
321983440908092 23
321983440915231 66
321983440922931 91
321983507997114 23
321983508022783 66
321983508029954 91
321983575142114 23
321983575173216 66
321983575180535 91
321983575187214 23
321983575193942 66
321983642043651 91
321983642071372 23
321983642078619 66
321983719779660 91
321983719812293 23
321983719819504 66
321983719826192 91
321983776273900 23
321983776300317 66
321983776307597 91
321983843425395 23
321983843456485 66
321983843463557 91
321983910239385 23
321983910279545 66
321983910288993 91
321983910299594 23
321983910308185 66
321983977642186 91
321983977688423 23
321983977695636 66
321984044467252 91
321984044521999 23
321984044530012 66
321984044536864 91
321984111491725 23
321984111523828 66
321984111530758 91
321984189024721 23
321984189057015 66
321984189064331 91
321984245883422 23
321984245911239 66
321984245918566 91
321984245925391 23
321984245932977 66
321984312727083 91
321984312754118 23
321984312761419 66
321984390515635 91
321984390545242 23
321984390552701 66
321984390559516 91
321984446836201 23
321984446863111 66
321984446870314 91
321984513921035 23
321984513981132 66
321984513989474 91
321984592254406 23
321984592282440 66
321984592289629 91
321984592296513 23
321984648124916 66
321984648155292 91
321984648162332 23
321984648169105 66
321984715125736 91
321984715154639 23
321984715161776 66
321984715168428 91
321984782458261 23
321984782489174 66
321984782496162 91
321984849516278 23
321984849546169 66
321984849553472 91
321984916478747 23
321984916514865 66
321984916522098 91
321984916528891 23
321984995598061 66
321984995634692 91
321984995642058 23
321984995648871 23
321985050499771 66
321985050526321 91
321985050533671 23
321985050540526 66
321985050548025 91
321985127412376 23
321985127443379 66
321985127450397 91
321985184625061 23
321985184654385 66
321985184661769 91
321985262823958 23
321985262866010 66
321985262873222 91
321985262880632 23
321985318787005 66
321985318814794 91
321985318822174 23
321985318828991 66
321985385793453 91
321985385825856 23
321985385833158 66
321985385839856 91
321985464847277 23
321985464877659 66
321985464884779 91
321985520339218 23
321985520381658 66
321985520388709 91
321985586874835 23
321985586899512 66
321985586933635 91
321985586943502 23
321985654009987 66
321985654038421 91
321985654045751 23
321985654052552 66
321985731972917 91
321985732002643 23
321985732010098 66
321985732016923 91
321985788173864 23
321985788202065 66
321985788208902 91
321985855317721 23
321985855349349 66
321985855387019 91
321985934083099 23
321985934114848 66
321985934122019 91
321985989276362 23
321985989306904 66
321985989314307 91
321985989321111 23
321985989327786 66
321986056625259 91
321986056654898 23
321986056715621 66
321986123468818 91
321986123496800 23
321986123503818 66
321986123510619 91
321986201221648 23
321986201247801 66
321986201255053 91
321986257520052 23
321986257547418 66
321986257554800 91
321986324772831 23
321986324802066 66
321986324809473 91
321986397165306 91
321986397193187 23
321986397200519 66
321986397207243 23
321986397213875 66
321986466226537 91
321986466257939 23
321986466264901 66
321986466271635 91
321986525897381 23
321986525928396 66
321986525935760 91
321986604477608 23
321986604504293 66
321986604511623 91
321986659978078 23
321986660009455 66
321986660016570 91
321986660023495 23
321986660030178 66
321986736323598 91
321986736352272 23
321986736359433 66
321986806382662 91
321986806413136 23
321986806420381 66
321986806427331 91
321986861353684 23
321986861380539 66
321986861387905 91
321986928499029 23
321986928527418 66
321986928534651 91
321986995414029 23
321986995445028 66
321986995452352 91
321986995459263 23
321987062343543 66
321987062372187 91
321987062379386 23
321987062386231 66
321987139596476 91
321987139624201 23
321987139632132 66
321987139639024 91
321987196559013 23
321987196588189 66
321987196595356 91
321987270398017 23
321987270424510 66
321987270431704 91
321987330650364 23
321987330680913 66
321987330688156 91
321987330694885 23
321987397891822 66
321987397933573 91
321987397940852 23
321987397947906 66
321987464749433 91
321987464783448 23
321987464790512 66
321987464797430 91
321987542807075 23
321987542832199 66
321987542840062 91
321987598995810 23
321987599025507 66
321987665992486 91
321987666018335 91
321987666025722 23
321987666032665 66
321987744538900 23
321987744566482 66
321987744573544 91
321987744580355 23
321987744587144 66
321987800072000 91
321987800099272 23
321987800106727 66
321987800113499 91
321987867253883 23
321987867280523 66
321987867287429 91
321987946129839 23
321987946160978 66
321987946168131 91
321988001245684 23
321988001269207 66
321988001276398 91
321988001283203 23
321988074035832 66
321988074062643 91
321988074069804 23
321988074076798 66
321988147365368 91
321988147391543 23
321988147398767 66
321988147405630 91
321988202530473 23
321988202560126 66
321988202567360 91
321988279328903 23
321988279353490 66
321988279360779 91
321988336908733 23
321988336949087 66
321988336956492 91
321988336963299 23
321988403760813 66
321988403786972 91
321988403794171 23
321988403800926 66
321988481243589 91
321988481273786 23
321988481280983 66
321988481287776 91
321988537835874 23
321988537862289 66
321988537869504 91
321988604865854 23
321988604896833 66
321988604904103 91
321988682641275 23
321988682667435 66
321988682674704 91
321988738922541 23
321988738951047 66
321988738958033 91
321988738964720 23
321988738971354 66
321988806093252 91
321988806125744 23
321988806133048 66
321988884500197 91
321988884532646 23
321988884539948 66
321988884546880 91
321988940564796 23
321988940603535 66
321988940610992 91
321989007629604 23
321989007671312 66
321989007680179 91
321989074322449 23
321989074348931 66
321989074356220 91
321989074362957 23
321989074369776 66
321989151755967 91
321989151788629 23
321989151795728 66
321989208506119 91
321989208535936 23
321989208543071 66
321989275503952 91
321989275535070 91
321989342716061 23
321989342741185 66
321989342748432 23
321989342755285 66
321989342762056 91
321989409720556 23
321989409753098 66
321989409760098 91
321989409766824 23
321989409773412 66
321989476752361 91
321989476778347 23
321989476785410 66
321989555098978 91
321989555128201 23
321989555135436 66
321989555142213 91
321989610950882 23
321989610978345 66
