304152833062034 91
304152908796935 23
304152908825654 66
304152908832897 91
304152967231507 91
304153034314416 23
304153034345627 91
304153034352993 23
304153034359950 66
304153034366602 91
304153112004064 23
304153112031493 66
304153112041544 91
304153168515793 23
304153168539742 66
304153168547126 91
304153168554000 23
304153235543037 66
304153235567211 91
304153235575070 23
304153313936654 66
304153313964059 91
304153313971222 23
304153313978003 66
304153376879919 91
304153376903436 23
304153376910707 66
304153376917558 91
304153436734854 23
304153436757883 66
304153436765062 91
304153503792094 23
304153503816469 66
304153503823634 91
304153589563066 23
304153589592037 66
304153589599168 91
304153589606065 23
304153638003162 66
304153638028089 91
304153638035439 23
304153705039960 66
304153705062734 91
304153705069852 23
304153777670113 66
304153777694555 91
304153777701895 23
304153777708663 66
304153777715448 91
304153839039029 23
304153839066912 91
304153839074226 66
304153906300496 23
304153906328618 66
304153906335918 91
304153984415172 23
304153984444106 91
304153984451691 23
304154040323767 23
304154040349941 14
304154040357154 66
304154040364019 91
304154040370836 23
304154107372306 91
304154107400601 23
304154107407688 23
304154107414428 14
304154174617762 91
304154174647613 23
304154174654969 14
304154174661856 66
304154174668621 91
304154241533702 23
304154241565962 66
304154241573437 91
304154308459035 23
304154308478930 66
304154308486290 91
304154308493214 23
304154375772831 66
304154375800740 23
304154375807831 66
304154453662352 91
304154453692196 23
304154453699494 23
304154509655662 66
304154509672548 23
304154509679842 66
304154509686508 91
304154576907643 91
304154644132189 23
304154644161744 23
304154644169239 66
304154644176178 91
304154644183023 23
304154710864136 23
304154710887264 66
304154710894608 91
304154710901377 23
304154777962658 66
304154777982520 91
304154777989484 23
304154777996446 66
304154856878489 91
304154856906286 23
304154856913714 66
304154912082421 91
304154912112650 23
304154912119945 66
304154912126809 91
304154988765526 23
304154988787220 66
304154988794510 91
304155053738147 23
304155053760216 66
304155053767362 91
304155124120502 23
304155124144974 66
304155124152302 91
304155124159135 23
304155180395150 66
304155180423548 91
304155180430976 23
304155247571226 66
304155247597836 91
304155247604947 23
304155247611657 66
304155247618313 91
304155326040890 23
304155326063210 66
304155326070588 91
304155381593093 23
304155381616992 66
304155381624275 91
304155454594146 23
304155454622460 66
304155454629514 91
304155527332546 23
304155527357839 91
304155527364975 23
304155527371742 23
304155582831610 66
304155582855031 91
304155582862454 23
304155582869303 66
304155659256733 91
304155659282906 23
304155659290240 66
304155716903931 91
304155716932941 23
304155716940212 66
304155716947906 91
304155784007943 23
304155784034605 66
304155784042033 91
304155857494554 23
304155857523672 66
304155857530691 91
304155917993337 23
304155918055855 66
304155918063259 91
304155918070068 23
304155996601133 66
304155996632110 91
304155996639500 23
304156052255421 66
304156052273382 91
304156052280650 23
304156052287485 66
304156052294265 91
304156119319135 23
304156119341951 66
304156119349190 91
304156198540711 23
304156198564371 91
304156198571592 66
304156253521552 23
304156253546265 66
304156253553377 91
304156320445583 23
304156320469425 91
304156320476739 23
304156320483668 23
304156399810565 66
304156399836298 91
304156399843545 23
304156399850308 66
304156454684599 91
304156454706323 23
304156454713395 66
304156454720085 91
304156531685707 23
304156531712536 66
304156531719705 91
304156588678114 23
304156588702171 66
304156588709475 91
304156655906880 23
304156655930648 66
304156655937972 91
304156655944833 23
304156723131044 91
304156723151155 23
304156723158318 14
304156723165224 23
304156789876085 14
304156789905054 66
304156789912273 23
304156789919074 91
304156856989918 91
304156857014261 23
304156857021543 23
304156857028259 66
304156857034994 91
304156934987317 23
304156935014287 66
304156935021659 91
304156991161507 23
304156991186345 66
304156991193800 91
304156991200737 23
304157058338220 66
304157058417022 91
304157058424648 23
304157133561646 66
304157133589463 91
304157133596668 23
304157133603459 66
304157192449818 91
304157192477017 23
304157192484520 66
304157192492759 91
304157259367551 23
304157259394952 66
304157259402042 91
304157338194829 23
304157338227990 66
304157338235072 91
304157393580549 23
304157393611911 66
304157393619393 91
304157470104842 23
304157470139695 66
304157470146902 91
304157470153633 23
304157534381288 66
304157534413237 91
304157594625593 23
304157594646181 14
304157594653330 66
304157594660139 91
304157594666917 23
304157594673581 91
304157671423791 23
304157671453394 23
304157671461537 66
304157671468301 91
304157728785755 23
304157728806954 66
304157728814235 91
304157796027562 23
304157796050376 66
304157796057911 91
304157796065108 23
304157873392510 66
304157873426094 91
304157873433430 23
304157930056552 66
304157930080020 91
304157930087164 23
304157930094108 66
304158002483356 91
304158002507482 23
304158002514838 66
304158002521840 91
304158064268571 23
304158064291824 66
304158064298828 91
304158131258746 23
304158131282727 66
304158131289806 91
304158198304742 23
304158198327814 66
304158198335544 91
304158198342391 23
304158276605912 66
304158276627414 91
304158276634529 23
304158332541667 66
304158332567851 91
304158332575247 23
304158405484378 23
304158405516451 14
304158405524292 66
304158405530994 91
304158405537697 23
304158405544415 91
304158466523527 66
304158466550727 91
304158466557934 23
304158466564787 23
304158543914112 66
304158543943983 23
304158543951425 66
304158600790517 23
304158600817318 66
304158600824704 91
304158667736274 91
304158667763450 23
304158667770592 23
304158745877734 66
304158745905434 91
304158745912794 23
304158745919774 66
304158745926466 91
304158802172932 23
304158802200431 66
304158802207614 91
304158868888127 23
304158868908711 66
304158868915926 91
304158947169608 23
304158947199272 66
304158947206628 91
304158947213469 23
304159003068083 66
304159003085989 91
304159003094961 23
304159070124878 66
304159070146210 91
304159070153556 23
304159070160204 66
304159149200091 91
304159149232905 23
304159149240100 66
304159149247124 91
304159204175783 23
304159204192905 66
304159204200138 91
304159271328571 23
304159271349293 66
304159271356424 91
304159350361745 23
304159350382793 66
304159350389964 91
304159350396860 23
304159405551546 66
304159405573680 91
304159405580994 23
304159482433272 66
304159482460791 91
304159482468056 23
304159539572479 66
304159539595235 91
304159539602437 23
304159606778474 66
304159606800409 91
304159606807685 23
304159606814620 91
304159606821431 23
304159673820785 23
304159673843052 66
304159740805589 91
304159740831841 23
304159740838907 91
304159740845891 23
304159819570492 23
304159819591645 14
304159819598912 66
304159819605693 91
304159819612353 23
304159875101579 91
304159875126988 23
304159875134137 23
304159875140907 14
304159951545591 66
304159951577520 91
304159951584751 23
304159951591669 23
304160009200794 23
304160009232030 66
304160009239406 91
304160009246262 23
304160084337350 91
304160084360991 66
304160084368143 91
304160084374858 23
304160143276458 66
304160143301675 91
304160143308755 23
304160143315449 23
304160210401923 66
304160210430552 91
304160210438988 23
304160210445850 66
304160277338700 91
304160277363953 23
304160277370967 66
304160277377864 91
304160354760477 23
304160354788392 66
304160354795595 91
304160411590594 23
304160411615987 66
304160411622963 91
304160478542663 23
304160478565685 66
304160478608717 91
304160478616232 23
304160556156531 66
304160556189695 91
304160556196866 23
304160612642202 66
304160612657075 91
304160612664218 23
304160679730597 66
304160679752586 91
304160679759715 23
304160679766470 66
304160679773254 91
304160757993387 23
304160758017770 66
304160758024923 91
304160813875231 23
304160813896990 14
304160813903941 66
304160881107527 91
304160881129643 23
304160881137408 91
304160881144281 23
304160948301333 23
304160948324732 14
304160948332137 66
304160948339010 91
304160948345750 23
304161025223441 91
304161025246155 23
304161025253900 23
304161082204341 14
304161082230997 66
304161082238246 23
304161082244961 66
304161082251705 91
304161149241140 23
304161149261679 91
304161149268897 23
304161227159868 23
304161227182457 66
304161227189517 23
304161227196278 66
304161283311577 23
304161283335288 66
304161283342266 91
304161358347807 91
304161358378108 23
304161358385579 23
304161417514825 66
304161417539327 91
304161417546671 23
304161417554204 66
304161484544382 91
304161484571203 23
304161484578408 66
304161484585317 91
304161551558082 23
304161551587013 66
304161551594279 91
304161630463754 23
304161630494300 66
304161630501727 91
304161685821055 23
304161685848381 66
304161685855687 91
304161685862671 23
304161752837693 66
304161752866079 91
304161752873546 23
304161819857107 66
304161819885310 91
304161819892503 23
304161819899274 66
304161886990513 91
304161887014799 23
304161887021858 66
304161887028810 91
304161972103625 23
304161972135882 66
304161972143103 91
304162021030493 23
304162021053501 66
304162021060776 91
304162088186731 23
304162088210769 66
304162088217998 91
304162088224729 23
304162155320612 66
304162155350607 91
304162155357991 23
304162222234428 66
304162222256518 91
304162222263879 23
304162289284759 66
304162289307847 91
304162289315983 23
304162289322742 91
304162366871747 23
304162366894871 23
304162366902302 66
304162366908946 91
304162423533718 23
304162423562038 66
304162423569253 91
304162423576382 23
304162490486745 66
304162490509040 91
304162490516376 23
304162564915330 66
304162564945032 91
304162564952253 23
304162624628159 66
304162624655027 91
304162624662439 23
304162624669477 66
304162691857410 91
304162691884099 23
304162691892113 66
304162691898970 91
304162770149865 23
304162770174727 66
304162770182113 91
304162825833548 23
304162825857817 66
304162825865183 91
304162892899554 23
304162892924785 91
304162892931899 23
304162972163760 23
304162972196340 14
304162972203748 66
304162972210815 91
304162972217601 23
304163033073757 91
304163033099798 23
304163033107244 23
304163033114097 66
304163033120778 91
304163094100510 23
304163094125248 66
304163094132668 91
304163161188484 23
304163161212431 66
304163161219849 91
304163239452545 23
304163239483774 66
304163239491049 91
304163239497788 23
304163295289868 66
304163295320716 91
304163295327995 23
304163362476831 66
304163362508681 91
304163362515900 23
304163362522778 66
304163436032216 91
304163436061956 23
304163436069464 66
304163436076316 91
304163496541175 23
304163496571189 66
304163496579064 91
304163563503429 23
304163563525225 66
304163563532416 91
304163642749146 23
304163642784887 66
304163642792102 91
304163642799152 23
304163697695567 66
304163697711898 91
304163697719226 23
304163774505460 66
304163774539478 91
304163774546605 23
304163831818631 66
304163831844318 91
304163831851425 23
304163831858123 14
304163898833380 66
304163898857286 91
304163898864425 23
304163898871188 91
304163898878771 23
304163966017241 23
304163966038201 14
304163966045318 66
304164033084106 23
304164033112466 66
304164033119729 91
304164033126717 23
304164033133450 91
304164033140202 66
304164111764710 23
304164111788570 66
304164167172060 91
304164167196859 23
304164167204068 23
304164167210893 66
304164241760845 91
304164241783271 23
304164241790485 66
304164241797330 91
304164313153576 23
304164313181475 66
304164313189634 91
304164368299714 23
304164368322247 66
304164368329362 91
304164368336195 23
304164444984147 66
304164445006107 91
304164445013370 23
304164502557083 66
304164502582159 91
304164502589485 23
304164502596171 66
304164569575553 91
304164569605160 23
304164569612408 66
304164646935781 91
304164646962397 23
304164646969833 66
304164646976731 91
304164709921599 23
304164709944862 66
304164709952261 91
304164782331813 23
304164782357890 66
304164782364910 91
304164837932786 23
304164837960436 66
304164837967742 91
304164837974535 23
304164904868500 66
304164904896132 91
304164904903506 23
304164984292731 66
304164984321485 91
304164984328766 23
304164984335654 66
304164984342356 91
304165039122748 23
304165039144496 66
304165106589713 91
304165106616132 23
304165106623408 91
304165106630313 23
304165173162020 23
304165173184792 66
304165173192180 91
304165173199120 23
304165251554253 91
304165251583008 23
304165251590438 23
304165307203068 66
304165307221043 91
304165307228341 23
304165307235250 66
304165374303956 91
304165374329118 23
304165374336233 66
304165374343035 91
304165453437848 23
304165453462551 66
304165453470056 91
304165508498422 23
304165508521198 66
304165508528294 91
304165575512783 23
304165575534296 66
304165575541958 91
304165575548837 23
304165642557136 66
304165642586094 91
304165642593428 23
304165720701856 66
304165720726738 91
304165720734209 23
304165776786525 91
304165776809665 23
304165776817184 14
304165776824077 23
304165776830942 14
304165776837655 66
304165843766624 23
304165843787618 23
304165843794733 66
304165843801574 91
304165843808350 23
304165920751146 91
304165920777671 66
304165977898433 23
304165977921612 66
304165977928938 91
304165977935692 23
304166044988453 23
304166045011481 66
304166045018768 91
304166045025752 23
304166045032438 66
304166123977133 91
304166124004823 23
304166124012213 66
304166179289216 91
304166179321963 23
304166179329229 66
304166179336092 91
304166255881741 23
304166255913111 66
304166255920664 91
304166313258037 23
304166313322602 66
304166313331648 91
304166313338547 23
304166380302813 66
304166380330509 91
304166380337946 23
304166457105067 66
304166457132021 91
304166457139401 23
304166514544088 66
304166514572074 91
304166514579414 23
304166514623268 66
304166514630536 91
304166581474377 23
304166581497555 66
304166581505032 91
304166659151070 23
304166659182710 66
304166659189938 91
304166715652294 23
304166715666515 66
304166715673459 91
304166782775002 23
304166782800749 66
304166782808890 91
304166849847218 23
304166849869942 66
304166849877016 91
304166849883914 23
304166926334462 91
304166926358616 23
304166926365960 23
304166926372700 66
304166926379409 91
304166983982208 23
304166984011831 66
304166984019102 91
304167050893596 23
304167050916360 66
304167050923533 91
304167128244693 23
304167128266795 66
304167128274109 91
304167128280881 23
304167185312915 66
304167185338147 91
304167185345929 23
304167252557228 66
304167252587400 91
304167252594491 23
304167252601219 66
304167319285374 91
304167319306858 23
304167319314050 66
304167319320877 91
304167395523299 23
304167395545888 66
304167465607937 91
304167465629544 23
304167465636604 91
304167465643552 23
304167465650309 23
304167520524039 66
304167520548718 91
304167520555869 23
304167595515634 66
304167595540860 91
304167595548289 23
304167595555810 66
304167666898290 91
304167666924100 23
304167666931331 66
304167721731427 23
304167721755386 66
304167721762431 23
304167798825803 66
304167798853521 23
304167798861241 66
