304221048369992 91
304221105318860 23
304221172337329 66
304221172360781 91
304221172368185 91
304221250368811 91
304221250397324 23
304221306763565 23
304221306793743 66
304221306800929 91
304221306807635 23
304221381578793 91
304221381614310 23
304221381621416 23
304221440993318 14
304221441013351 66
304221441021554 91
304221441028409 23
304221441035097 91
304221507664018 23
304221507689558 23
304221507696833 14
304221507703539 66
304221574831981 91
304221574853813 23
304221574860860 91
304221574867648 23
304221574874487 23
304221653578919 66
304221653607227 91
304221653614557 23
304221708884089 66
304221708910813 91
304221708918103 23
304221708925041 66
304221708931829 91
304221776108842 23
304221776141754 14
304221776149585 66
304221843093178 23
304221843115566 66
304221843122795 23
304221910099683 66
304221910126162 91
304221986786045 91
304221986814322 23
304221986821693 66
304221986828604 91
304222044384409 23
304222044414294 66
304222044422159 91
304222111344412 23
304222111369029 66
304222111376368 91
304222178376533 23
304222178401922 91
304222178409199 66
304222245397294 23
304222245424108 91
304222245431156 23
304222312378164 66
304222312405816 23
304222312413128 91
304222312419959 91
304222312426776 23
304222390054821 23
304222390081339 14
304222390088608 66
304222390095435 91
304222446640922 23
304222446662411 91
304222446669533 23
304222513646394 23
304222513668788 14
304222513675893 66
304222513682758 91
304222513689420 23
304222588082445 91
304222588109669 23
304222588117015 23
304222588123729 66
304222588130528 91
304222647899735 23
304222647929242 66
304222647936459 91
304222714928960 23
304222714955126 91
304222714962486 66
304222793293454 23
304222793321106 91
304222793328246 14
304222793335136 23
304222793342053 14
304222849088289 66
304222849112737 91
304222849119701 23
304222849126485 91
304222849133107 23
304222916077167 23
304222916097237 66
304222916104507 91
304222995339024 23
304222995368074 66
304222995375279 91
304222995382591 23
304223056445976 66
304223056489280 91
304223056498398 23
304223117382330 91
304223117417875 66
304223117425028 91
304223117431706 23
304223184333585 14
304223184359987 23
304223184367215 14
304223184374106 66
304223262486897 91
304223262510765 23
304223262518272 91
304223262525085 23
304223318419417 23
304223318442545 14
304223318449718 66
304223318456560 91
304223318463292 23
304223385517849 23
304223385547325 66
304223385554693 91
304223385561498 23
304223459133077 91
304223459157841 23
304223459165165 23
304223459172127 66
304223459179847 91
304223519904257 23
304223519928061 91
304223519935514 14
304223586690348 23
304223586714072 14
304223586721319 66
304223586728104 91
304223586734762 23
304223665854395 91
304223665887820 23
304223665894981 23
304223665902017 66
304223720861790 91
304223720886513 23
304223720894539 66
304223720901344 91
304223797635843 23
304223797657553 66
304223797664794 91
304223855068475 23
304223855090670 91
304223855097978 66
304223922143020 91
304223922170902 23
304223922178199 14
304223922184970 23
304223922191624 14
304223989183706 66
304223989214317 23
304223989221741 66
304223989228566 91
304223989235279 23
304224056087015 66
304224056116399 23
304224135000583 66
304224135029334 91
304224135037531 91
304224190299756 23
304224190329745 66
304224264978324 91
304224265006127 23
304224265013328 23
304224265020292 66
304224336318244 91
304224336346988 23
304224336354387 91
304224336361153 23
304224391479113 23
304224391504778 66
304224391512023 91
304224391518727 23
304224468192047 91
304224468220724 23
304224468227869 23
304224468234692 66
304224525531124 91
304224525544626 23
304224525551469 66
304224525559010 91
304224592595423 23
304224592618117 66
304224592625334 91
304224670144647 23
304224670171358 91
304224670178595 14
304224733172418 23
304224733200175 14
304224733207642 66
304224733214434 23
304224733221197 91
304224805476203 91
304224805499403 23
304224805506554 23
304224805513508 66
304224805520407 91
304224860857061 23
304224860880297 66
304224860887670 91
304224937330051 23
304224937353326 66
304224937361137 91
304225007488022 23
304225007518967 91
304225007526333 66
304225062141660 91
304225062164909 23
304225062172052 14
304225062179116 23
304225062185843 14
304225062192648 66
304225129290468 91
304225129316756 23
304225129323893 91
304225129330748 23
304225196287295 23
304225196309534 14
304225196316834 66
304225196323526 91
304225274638359 23
304225274666892 91
304225274673965 23
304225330497840 23
304225330520494 14
304225330527789 66
304225330535518 91
304225330542292 23
304225397482765 91
304225397506414 23
304225397513658 23
304225397520521 66
304225397527358 91
304225476645522 23
304225476672500 66
304225476679987 91
304225531885545 23
304225531921137 66
304225531928688 91
304225599022366 23
304225599054773 14
304225599062013 66
304225599068938 23
304225665718465 66
304225665747360 23
304225665754372 66
304225665761929 91
304225743898721 91
304225799965810 23
304225799992698 66
304225800000028 91
304225800006823 23
304225867012798 66
304225867042991 91
304225867050298 23
304225943960899 66
304225943989499 91
304225943996601 23
304225944003545 91
304225944010203 66
304226001274085 23
304226001301210 91
304226068131480 23
304226068165780 66
304226068172756 91
304226068179466 23
304226147211616 23
304226147244494 66
304226147252624 91
304226147259435 23
304226202391500 91
304226202417116 23
304226202424522 23
304226202431498 66
304226202438412 91
304226279000075 23
304226279024249 66
304226279031653 91
304226336421284 23
304226336450457 91
304226336457900 66
304226403446664 23
304226403469939 91
304226403477285 23
304226480330133 14
304226480352973 66
304226480360190 23
304226480367001 66
304226480373696 91
304226537621566 23
304226537642842 91
304226537650389 66
304226604670032 23
304226604698227 66
304226604705362 91
304226604712077 23
304226682295486 66
304226682319180 91
304226682326562 23
304226682333403 66
304226738748296 91
304226738771760 23
304226738779102 66
304226738785794 91
304226806015796 23
304226806049317 66
304226806056768 91
304226872983048 23
304226873021458 91
304226873028689 66
304226949507632 23
304226949533043 91
304226949541254 23
304227007113805 66
304227007137000 23
304227007144142 91
304227074111984 91
304227074135098 23
304227074142112 23
304227074149293 14
304227074155913 66
304227151470301 91
304227151499383 23
304227151506796 23
304227151513788 66
304227151520538 91
304227151527454 23
304227213680550 91
304227213704777 23
304227275307706 23
304227275335432 66
304227275342677 91
304227275349352 23
304227352778218 91
304227352807115 23
304227352814495 23
304227352821423 66
304227352828266 91
304227409556878 23
304227409582396 66
304227409589548 91
304227476403903 23
304227476421433 66
304227476428541 91
304227476435409 23
304227554765008 91
304227554794318 66
304227610664444 91
304227610679796 23
304227610686892 14
304227610693721 23
304227610700518 14
304227610707321 66
304227677897396 91
304227677924402 23
304227677931485 91
304227677938893 23
304227756066791 23
304227756093772 14
304227756101091 66
304227756107882 91
304227756114673 23
304227811768968 91
304227811789417 23
304227811796810 23
304227878872694 14
304227878896148 66
304227878903356 91
304227878910152 23
304227878916941 91
304227878923694 23
304227958068563 23
304227958101170 23
304227958108562 14
304227958115439 66
304227958122331 91
304228013043702 23
304228013065195 91
304228013072848 23
304228013079816 23
304228080082656 66
304228080105963 91
304228080113170 23
304228159272539 66
304228159295744 91
304228159303017 23
304228159309957 66
304228159316697 91
304228214141037 23
304228214168156 14
304228214175406 66
304228291193379 23
304228291214877 66
304228291222360 23
304228348339787 66
304228348363408 91
304228415352807 91
304228415376261 23
304228415383788 66
304228415390726 91
304228489783970 23
304228489811723 66
304228489818962 91
304228549497715 23
304228549522630 66
304228549529758 91
304228616586377 23
304228616616928 91
304228616624209 66
304228694468407 91
304228694494420 23
304228694501581 23
304228750821793 66
304228750848851 91
304228750855827 23
304228750862938 91
304228750869737 23
304228817831455 23
304228817896380 66
304228817904174 91
304228890596053 23
304228890626621 66
304228890634812 91
304228890641850 23
304228951942944 91
304228951963283 66
304228951970753 91
304229019046533 23
304229019071898 14
304229019079009 23
304229019085826 14
304229019092560 66
304229097766884 91
304229097795968 23
304229097803256 91
304229097810083 23
304229153066679 23
304229153084682 14
304229153092014 66
304229153098957 91
304229153105652 23
304229229669204 91
304229229700421 23
304229229707741 23
304229229715227 14
304229297655054 66
304229297681039 91
304229297688451 23
304229297695195 91
304229297701849 23
304229354242149 23
304229354301114 66
304229354308764 91
304229421309483 23
304229421332162 66
304229421339551 91
304229421346313 23
304229488509946 66
304229488533606 91
304229488540895 23
304229555412468 14
304229555439573 66
304229555447003 23
304229555453898 66
304229622504370 23
304229622527506 66
304229622535271 91
304229689700956 91
304229689723970 23
304229756966557 66
304229756989327 91
304229756996776 23
304229757003879 66
304229823749975 91
304229823779429 23
304229823786508 66
304229823793361 91
304229890772672 23
304229890796663 91
304229890803822 66
304229957879640 23
304229957903585 91
304230036128648 23
304230036157749 66
304230036165155 91
304230036171930 23
304230092267324 91
304230092295987 23
304230092303838 23
304230092310740 14
304230159167064 66
304230159195307 91
304230159202406 23
304230159209148 91
304230159215861 23
304230237467060 23
304230237493670 66
304230237500673 91
304230237507495 23
304230293185787 66
304230293214974 91
304230293222380 23
304230360359338 66
304230360386099 91
304230360393010 23
304230360399990 91
304230360406681 66
304230439416690 91
304230439445795 23
304230439453177 14
304230494430736 23
304230494456761 14
304230494464197 66
304230494471029 91
304230494477759 23
304230561406221 91
304230561429762 23
304230561437307 23
304230561444273 66
304230628573199 91
304230628599431 23
304230628606909 66
304230628613732 91
304230706624430 23
304230706653618 66
304230706660810 91
304230762614394 23
304230762635537 91
304230762642923 66
304230829657868 91
304230829681742 23
304230829688943 14
304230829696291 23
304230908601362 14
304230908627294 66
304230908634330 91
304230908641229 23
304230963853987 91
304230963875816 23
304230963882960 23
304230963890055 14
304230963896906 66
304231030866546 91
304231030888377 23
304231030895505 23
304231030902157 66
304231030908793 91
304231098084959 23
304231098109853 91
304231098117020 23
304231098123982 23
304231175808307 66
304231175837806 91
304231175845333 23
304231175853055 66
304231175859778 91
304231232106619 23
304231232130632 66
304231232137841 91
304231299114014 23
304231299136499 91
304231299143829 66
304231377735898 91
304231377758791 23
304231377765886 23
304231377772753 66
304231433269546 91
304231433298517 23
304231433305803 66
304231500353073 91
304231500381236 23
304231500388467 66
304231500395214 91
304231579064400 23
304231579092810 66
304231579100154 91
304231634433814 23
304231634460126 91
304231634467416 66
304231710992540 23
304231711022133 66
304231711029187 23
304231711035890 66
304231781062188 91
304231781094330 23
304231781101680 23
304231781108585 66
304231836019931 91
304231836052204 23
304231836059819 91
304231836066604 23
304231912272554 23
304231912304416 66
304231912311679 91
304231912318615 23
304231969783966 66
304231969815323 91
304231969822607 23
304232036870601 66
304232036896266 91
304232036903777 23
304232036910435 66
304232114285906 91
304232114321034 23
304232114328302 66
304232170931388 91
304232170950099 23
304232170957336 66
304232170964077 91
304232238062953 23
304232238088286 66
304232238096223 91
304232305115048 23
304232305139282 66
304232305146471 91
304232305153296 91
304232381445676 23
304232381470419 66
304232381477717 91
304232381484701 23
304232451512422 66
304232451536952 91
304232451544194 23
304232451551051 23
304232506350121 66
304232506377294 91
304232506384350 23
304232583390111 66
304232583412380 91
304232583419278 23
304232583425976 91
304232583432672 66
304232640380382 23
304232640401541 91
304232640408567 14
304232714535459 23
304232714559959 14
304232714567158 66
304232714573981 91
304232714580808 23
304232774603726 91
304232774629125 23
304232841583307 23
304232841607569 14
304232841614956 66
304232841621770 91
304232841628624 23
304232908804906 91
304232908828962 23
304232908836163 23
304232908843100 14
304232908849923 66
304232986680280 91
304232986706842 23
304232986714077 91
304232986720969 23
304233042859947 23
304233042887275 14
304233042894667 66
304233042901484 91
304233042908217 23
304233117501158 91
304233117531059 23
304233117538345 23
304233117546389 66
304233177096006 91
304233177121170 23
304233177128454 23
304233177135397 14
304233244078560 66
304233244104826 23
304233244111979 66
304233244118723 23
304233311144365 66
304233311169629 91
304233311176774 91
304233389983430 23
304233390012970 23
304233390020117 66
304233445377166 91
304233445407091 23
304233445414435 66
304233445421224 91
304233520394498 23
304233520423638 66
304233520430972 91
304233591266561 23
304233591294277 66
304233591301786 91
304233591308788 23
304233646404288 66
304233646421281 91
304233646428327 23
304233723141096 66
304233723169697 91
304233723176914 23
304233723183790 91
304233723190677 66
304233780476418 91
304233780493898 23
304233780501099 23
304233847675581 66
304233847703360 91
304233847710525 23
304233921105521 66
304233921128114 91
304233921135404 23
304233981718836 66
304233981745902 91
304233981753212 23
304233981760240 66
304233981766826 91
304234048906575 23
304234048932290 91
304234048939557 66
304234126379186 23
304234126409699 91
304234182923717 23
304234182948470 14
304234182955776 66
304234182962756 23
304234182969700 91
304234250121248 91
304234250156363 23
304234250163853 23
304234250170626 66
304234250177413 91
304234328320151 23
304234328347360 66
304234328354738 91
304234384176864 23
304234384204444 66
304234384211600 91
304234451195839 23
304234451222109 91
304234451229443 66
304234529707093 91
304234529733434 23
304234529740659 14
304234529747422 23
304234529754178 14
304234585409584 66
304234585434326 91
304234585442549 23
304234585449410 91
304234585456197 23
304234652428372 23
304234652455388 14
304234652462422 66
304234652469161 91
304234731622539 23
304234731650947 91
304234731659070 23
304234731665991 23
304234792189033 66
304234792213406 91
304234792220678 23
304234792227684 66
304234853639004 91
304234853662556 23
304234853669886 66
304234853676723 91
304234920675350 23
304234920704239 91
304234920711518 66
304234998906282 23
304234998936303 91
304234998943565 14
304235054820613 23
304235054847143 14
304235054854487 66
304235054861410 91
304235054868157 23
304235054875048 66
304235121817714 91
304235121837939 23
304235121845173 66
304235188836333 23
304235188858542 66
304235188865806 23
304235256075833 66
