322020058322090 91
322020058363476 23
322020058370672 66
322020130996832 91
322020131022732 23
322020131029807 66
322020192548935 91
322020192578455 23
322020192585827 66
322020192592584 91
322020259772944 23
322020259806952 66
322020259814129 91
322020337917806 23
322020337959687 66
322020337966854 91
322020337973665 23
322020393723938 66
322020393759101 91
322020393766501 23
322020393773350 66
322020460782433 91
322020460814183 23
322020460821658 66
322020460828456 91
322020527761825 23
322020527792401 66
322020527799713 91
322020595039957 23
322020595070940 66
322020595078180 91
322020595085141 23
322020661809751 66
322020661838455 91
322020661845692 23
322020661852431 66
322020728949786 91
322020728977094 23
322020728984362 66
322020728991151 91
322020806947771 23
322020806978959 66
322020806986150 91
322020863159099 23
322020863188780 66
322020863195967 91
322020863203038 23
322020930262358 66
322020930295849 91
322020930303175 23
322020930310038 66
322020997253150 91
322020997284608 23
322020997291801 66
322020997298552 91
322021064248517 23
322021064284209 66
322021064291497 91
322021131468871 23
322021131496254 66
322021131503453 91
322021210310795 23
322021210344544 66
322021210351825 91
322021210358636 23
322021210365469 66
322021265615876 91
322021265647953 23
322021265655263 66
322021265662178 91
322021342184002 23
322021342218575 66
322021342225925 91
322021407121686 23
322021407151609 66
322021407158937 91
322021485307179 23
322021485339942 23
322021485347030 66
322021485353763 91
322021485360499 23
322021485367169 66
322021533714063 91
322021533742900 23
322021533750182 66
322021533757133 91
322021601028779 23
322021601065462 66
322021601073764 91
322021679398341 23
322021679427701 66
322021679435101 91
322021735022481 23
322021735049656 66
322021735057000 91
322021735063880 23
322021735070568 66
322021807907656 91
322021807935493 23
322021807942750 66
322021807949545 91
322021880834845 23
322021880876674 66
322021880883959 91
322021936224074 23
322021936256108 66
322021936263614 91
322022012625364 23
322022012655774 66
322022012662983 91
322022012671367 23
322022012678013 66
322022082758232 91
322022082788497 23
322022082796070 66
322022082802794 91
322022137471152 23
322022137502384 66
322022137509839 91
322022204368384 23
322022204399405 66
322022204406590 91
322022271539476 23
322022271564298 66
322022271571660 91
322022271578485 23
322022338749279 66
322022338781674 91
322022338788917 23
322022338795722 66
322022415854926 91
322022415881838 23
322022415889629 66
322022415896522 91
322022472704561 23
322022472736301 66
322022472743252 91
322022539675881 23
322022539701678 66
322022539708925 91
322022539715807 23
322022615819048 66
322022615847050 91
322022615854344 23
322022615861366 66
322022673920374 91
322022673949341 23
322022673956603 23
322022673964713 66
322022673971397 91
322022748484414 23
322022748515624 66
322022748522814 91
322022815847421 23
322022815877700 66
322022815885024 91
322022815891762 23
322022875159475 66
322022875198554 91
322022875205948 23
322022875212882 66
322022952377676 91
322022952413680 23
322022952420938 66
322022952427737 91
322023009206251 23
322023009236522 66
322023009243649 91
322023076198544 23
322023076225742 66
322023076233027 91
322023076239788 23
322023154300576 66
322023154328262 91
322023154335360 23
322023154342117 66
322023210291970 91
322023210318285 23
322023210325816 66
322023210332593 91
322023277403233 23
322023277436407 66
322023277443499 91
322023344467403 23
322023344497314 66
322023344504765 91
322023344511562 23
322023411659307 66
322023411693245 91
322023411700669 23
322023411707472 66
322023478728437 91
322023478765459 23
322023478773199 66
322023478780046 91
322023545659695 23
322023545690904 66
322023545698238 91
322023623460160 23
322023623494464 66
322023623501848 91
322023623508637 23
322023679953460 66
322023679978803 91
322023679986125 23
322023679992904 66
322023754501140 91
322023754541489 23
322023754548664 66
322023754555471 91
322023814040100 23
322023814072652 66
322023814079783 91
322023880929461 23
322023880958068 66
322023880965406 91
322023948282821 23
322023948314528 66
322023948322007 91
322023948329045 23
322023948336441 66
322024026712044 91
322024026745906 23
322024026753157 66
322024026760048 91
322024082174028 23
322024082201225 66
322024082208372 91
322024157215937 23
322024157247599 66
322024157254766 91
322024226117287 23
322024226149637 66
322024226157034 91
322024226163985 23
322024226170748 66
322024283354366 91
322024283384413 23
322024283391637 66
322024283398325 91
322024350549751 23
322024350576975 66
322024350584914 91
322024427960905 23
322024427993793 66
322024428000986 91
322024484630429 23
322024484667287 66
322024484674661 91
322024484681516 23
322024484688325 66
322024551694976 91
322024551730654 23
322024551737902 66
322024551744721 91
322024618696380 23
322024618724637 66
322024618731971 91
322024695207446 23
322024695239885 66
322024695247042 91
322024765318368 23
322024765345456 66
322024765352728 91
322024765360233 23
322024765367026 66
322024819943922 91
322024819975124 23
322024819982331 66
322024819989269 91
322024897137830 23
322024897165208 66
322024897172500 91
322024954005283 23
322024954041544 66
322024954048803 91
322025028281377 23
322025028310789 66
322025028318017 91
322025088224133 91
322025088262694 23
322025088269899 66
322025088276591 23
322025088283318 66
322025088290048 91
322025155198387 23
322025155227067 66
322025155234490 91
322025222256070 23
322025222288548 66
322025222295956 91
322025300450904 23
322025300478803 66
322025300486091 91
322025300492944 23
322025356580191 66
322025356626043 91
322025356633029 23
322025356639795 66
322025431171082 91
322025431197831 23
322025431205042 23
322025431211891 66
322025490477150 91
322025490506773 91
322025490513830 23
322025557549859 66
322025557578456 23
322025557586327 66
322025557593154 91
322025557599983 23
322025633671679 66
322025633703846 91
322025633711086 23
322025633717977 66
322025703716319 91
322025703752847 23
322025703760183 66
322025703767869 91
322025758962747 23
322025758992780 66
322025759000205 91
322025834101202 23
322025834131543 66
322025834138952 91
322025834145779 23
322025904971714 66
322025905002589 91
322025959947952 91
322025959972189 23
322025959980325 66
322025959987088 23
322025959993782 66
322025960000565 91
322026036865453 23
322026036892944 66
322026036900089 91
322026094052379 23
322026094078350 66
322026094085501 91
322026094092203 23
322026161161496 66
322026161187957 91
322026161194983 23
322026161201778 23
322026234921079 66
322026234955345 91
322026234962657 23
322026234969440 66
322026234976188 91
322026295301631 23
322026295330685 66
322026295338936 91
322026362341128 23
322026362373417 66
322026362380571 91
322026362387396 23
322026440123217 66
322026440152919 91
322026440160261 23
322026440166959 66
322026496734273 91
322026496764668 23
322026496771854 66
322026496778781 91
322026563513174 23
322026563620912 66
322026563628347 91
322026642064002 23
322026642092149 66
322026642100638 91
322026703082608 23
322026703110071 66
322026703117252 91
322026703124851 23
322026703131592 66
322026764749545 91
322026764775296 91
322026831999647 23
322026832032537 66
322026832039668 23
322026832046672 66
322026832053495 91
322026909375829 23
322026909404780 66
322026909411754 91
322026965932854 23
322026965959466 66
322026965966695 91
322026965973435 23
322026965980172 66
322027032910922 91
322027032936088 23
322027032943370 66
322027032950231 91
322027106023432 23
322027106057986 66
322027106065287 91
322027167244596 23
322027167288690 66
322027234224145 91
322027234253086 91
322027234260408 23
322027234267285 66
322027312584249 23
322027312611649 66
322027312618770 91
322027312625695 23
322027312632408 66
322027312639018 91
322027368305309 23
322027368337505 66
322027368344635 91
322027435395972 23
322027435424404 66
322027435431595 91
322027502415605 23
322027502446560 66
322027502454296 91
322027502461051 23
322027502467804 66
322027569621022 91
322027569651981 23
322027569659400 66
322027569666188 91
322027636656440 23
322027636688833 23
322027636696028 66
322027636702767 91
322027703661602 23
322027703690145 66
322027703697679 91
322027781888527 23
322027781917652 66
322027781924905 91
322027781931684 23
322027781938439 66
322027837978596 91
322027838010160 23
322027838017488 66
322027838025142 91
322027904958277 23
322027904993394 66
322027905000627 91
322027983114142 23
322027983141024 66
322027983148199 91
322028038943756 23
322028038975208 66
322028038982279 91
322028116586696 91
322028116618607 23
322028116625870 66
322028116632780 23
322028116639713 66
322028116646552 91
322028173049018 23
322028173078573 66
322028173085726 91
322028251054228 23
322028251082701 66
322028251089914 91
322028307337785 23
322028307369041 66
322028307376108 91
322028307382969 23
322028374286997 66
322028374315794 91
322028374323039 23
322028374329907 66
322028441298567 91
322028441328429 23
322028441335580 66
322028518318366 91
322028518352845 91
322028518360253 23
322028575751515 66
322028575780533 23
322028575787672 66
322028575794406 91
322028575801179 23
322028642585385 66
322028642622877 91
322028642630195 23
322028642639082 66
322028720190350 91
322028720216383 23
322028720223815 66
322028720230614 91
322028789979145 23
322028790009261 66
322028790016511 91
322028855580455 23
322028855613775 66
322028855621087 91
322028855627874 23
322028910785366 66
322028910814591 91
322028910821751 23
322028910828576 23
322028910835315 66
322028987433392 91
322028987461768 23
322028987468919 66
322028987475603 91
322029044980174 23
322029045008844 66
322029045016206 91
322029111969303 23
322029111996651 66
322029112003840 91
322029112010593 23
322029179223829 66
322029179270724 91
322029179280162 23
322029179289106 66
322029246253753 91
322029246284764 23
322029246291866 66
322029246298635 91
322029325001830 23
322029325043584 66
322029325050920 91
322029380382460 23
322029380411219 66
322029380418368 91
322029380425128 23
322029456671836 66
322029456705723 91
322029456713079 23
322029456719924 66
322029526905712 91
322029526935693 23
322029526943317 66
322029526950182 91
322029581519732 23
322029581550307 66
322029581557452 91
322029658015416 23
322029658044362 66
322029658051474 91
322029715599498 23
322029715627854 66
322029715634752 91
322029715641464 23
322029715648181 66
322029782828540 91
322029782862476 23
322029782869704 66
322029782876450 91
322029860045967 23
322029860095025 66
322029860102230 91
322029916999833 23
322029917034849 66
322029917041986 91
322029985113502 23
322029985147334 66
322029985154615 91
322029985161487 23
322029985168106 66
322030058934118 91
322030058968221 23
322030058975716 66
322030058982684 91
322030117929165 23
322030117963276 66
322030117970391 91
322030185205924 23
322030185231643 66
322030185238991 91
322030263214278 23
322030263250201 66
322030263257452 91
322030263264424 23
322030263271197 66
322030319125114 91
322030319151859 23
322030319159199 66
322030319166108 91
322030386323752 23
322030386356560 66
322030386363598 91
322030459787328 23
322030459820993 66
322030459828425 91
322030520309644 23
322030520340402 66
322030520347756 91
322030520354657 23
322030520361442 66
322030587542848 91
322030587569518 23
322030587576705 66
322030587583758 91
322030666442762 23
322030666473508 66
322030666480826 91
322030721608049 23
322030721642013 66
322030721649220 91
322030798334572 23
322030798366054 66
322030798372943 91
322030798379559 23
322030855768631 66
322030855797085 91
322030855804580 23
322030855811409 66
322030922761811 91
322030922788336 23
322030922795419 66
322030922802224 91
322030989884081 23
322030989915110 66
322030989922379 91
322031056889527 23
322031056917541 66
322031056924521 91
322031056931370 23
322031135649198 66
322031135680254 91
322031135687537 23
322031135694304 66
322031191120211 91
322031191148939 91
322031265563493 23
322031265595331 66
322031265602533 23
322031265609339 66
322031265616144 91
322031337069521 23
322031337097897 66
322031337105020 91
322031337111777 23
322031392158845 66
322031392185608 91
322031392192743 23
322031392200260 66
322031468967568 91
322031468998497 23
322031469005803 66
322031469012729 91
322031526350634 23
322031526385805 66
322031526393207 91
322031593430803 23
322031593457035 66
322031593464186 91
322031593470884 23
322031670798607 66
322031670830797 91
322031670838070 23
322031670844986 66
322031735816200 91
322031735843307 23
322031735850757 66
322031735857510 91
322031806167169 23
322031806198436 66
322031806206538 91
322031861713091 23
322031861742028 66
322031861749489 91
322031861756299 23
322031938149464 66
322031938189688 91
322031938198560 23
322031938206659 66
322032008191438 91
322032008225482 23
322032008232685 66
322032008239599 91
322032062897035 23
322032062926986 66
322032062934324 91
322032136633949 23
322032136660909 66
322032136668227 91
322032136675028 23
322032209454044 66
322032209484858 91
322032264214571 91
322032264247016 23
322032264254473 66
322032264261366 23
322032264268075 66
322032264274771 91
322032341405078 23
322032341447204 66
322032341454432 91
322032398313030 23
322032398345220 66
322032465351827 91
322032465385473 91
322032465392851 23
322032465399584 66
322032465406362 23
322032532345651 66
322032532372074 91
322032532379321 23
322032532386317 66
322032532392991 91
322032599434149 23
322032599466482 66
322032599473625 91
322032666524439 23
322032666550795 66
322032666557934 91
322032744634285 23
322032744662846 66
322032744670218 91
322032744677067 23
322032744683769 66
322032801116214 91
322032801152624 23
322032801159783 66
322032801166649 91
322032867736206 23
322032867768249 66
322032867775293 91
322032944936751 23
322032944986135 66
322032944993431 91
322033001991720 23
322033002030636 66
322033002038714 91
322033002045551 23
322033002052374 66
322033068904136 91
322033068930491 23
322033068937823 66
322033068944752 91
322033135927569 23
322033135952184 66
322033135959506 91
322033213818867 23
322033213850587 66
322033213858059 91
322033270229224 23
322033270259131 66
322033270266298 91
322033270273159 23
322033270279870 66
322033337275731 91
322033337306334 23
322033337313827 66
322033337320642 91
322033404246201 23
322033404272888 66
322033404280343 91
322033471159777 23
322033471185103 66
322033471192202 91
322033538682786 23
322033538730645 66
322033538740892 91
322033538749680 23
322033538758691 66
322033605536821 91
322033605571020 23
322033605578372 66
322033605585060 91
322033682977833 23
322033683005583 66
322033683012913 91
322033739479479 23
322033739510317 66
322033739517504 91
322033806682893 23
322033806713552 66
322033806720805 91
322033806727596 23
322033884388848 66
