314091310634452 91
314091388808494 23
314091388834903 66
314091388842209 91
314091444396173 23
314091444420846 66
314091444428116 91
314091511542281 23
314091511558868 66
314091590686892 91
314091590700667 91
314091653688117 23
314091653706534 66
314091653713800 23
314091653720655 66
314091653727452 91
314091712632707 91
314091712649199 23
314091712656308 66
314091779806843 23
314091779819991 66
314091779826938 91
314091779833649 91
314091857911216 23
314091857926127 66
314091857933457 23
314091914047620 66
314091914077782 91
314091914084983 91
314091980952934 23
314091980977204 66
314091980984395 23
314091980991126 66
314091980997836 91
314092054530612 91
314092054560627 23
314092054567921 66
314092115066604 23
314092115090237 66
314092115097494 91
314092115104876 91
314092182121309 23
314092182138117 66
314092182145208 23
314092182151983 66
314092261231019 91
314092261252713 91
314092261260141 23
314092261267731 91
314092316308304 23
314092316328618 66
314092316335785 91
314092316342725 23
314092393103060 23
314092393122017 66
314092393129296 91
314092393136234 23
314092393142944 23
314092450357405 66
314092450375897 91
314092450383259 23
314092450390060 23
314092450396824 66
314092517382345 91
314092517401699 23
314092517409228 23
314092517416106 66
314092517422844 23
314092584566164 66
314092584582691 91
314092584590171 23
314092584597079 23
314092584603699 66
314092651571100 23
314092651587694 66
314092651594690 91
314092730374283 23
314092730389782 66
314092730397080 91
314092785619937 91
314092785634251 23
314092785641422 23
314092860267362 66
314092860283604 23
314092860290874 66
314092860297667 91
314092860304496 91
314092931719201 23
314092931734776 66
314092931742043 23
314092986833637 66
314092986848854 91
314092986856564 91
314093063573841 23
314093063589060 66
314093063596195 23
314093063602989 66
314093063609786 91
314093121006584 91
314093121020926 23
314093121027924 66
314093188009991 23
314093188024471 66
314093188031554 91
314093188038318 91
314093265561067 23
314093265579031 91
314093265586399 66
314093265593154 23
314093265599828 66
314093330533921 23
314093330548122 66
314093330555209 91
314093330561933 91
314093400885564 23
314093400899679 66
314093400906888 91
314093400913713 23
314093456278252 66
314093456291850 91
314093456298842 23
314093456305611 23
314093456312389 66
314093532775523 91
314093602850525 23
314093602866239 66
314093602873335 91
314093602880060 91
314093657582717 23
314093657598457 66
314093657605860 23
314093731317714 66
314093731332470 91
314093731339448 91
314093791631842 23
314093791646812 66
314093791654291 91
314093791661212 23
314093791667896 66
314093858893448 91
314093858911685 23
314093858918850 23
314093858925638 66
314093858932258 91
314093936035635 23
314093936052628 23
314093936059857 66
314093936066847 91
314093936073741 23
314093992869562 23
314093992886054 66
314093992893169 91
314093992900066 23
314093992906835 23
314094059872206 66
314094059887226 91
314094059894512 23
314094059901359 23
314094127077384 66
314094127092191 91
314094127099442 23
314094127106309 23
314094127112969 66
314094194086099 91
314094194100105 23
314094194107208 23
314094194114083 66
314094194120793 91
314094194127602 23
314094261121486 23
314094261136478 66
314094261143635 91
314094261150482 23
314094261157110 23
314094339300074 66
314094339316554 91
314094339323884 23
314094339330623 23
314094339337496 66
314094395341205 91
314094395357028 23
314094395364307 23
314094395371136 66
314094395377937 91
314094462378640 23
314094462409132 23
314094462416141 66
314094462423054 91
314094462429744 23
314094539286103 23
314094539313428 66
314094539320611 91
314094539327580 23
314094539334369 23
314094596501080 66
314094596533831 91
314094596540970 23
314094596547727 23
314094596554415 66
314094663648835 91
314094663673566 23
314094663680900 23
314094663688389 66
314094663695079 91
314094663701725 23
314094730673940 23
314094730697664 66
314094730704947 91
314094730711674 23
314094808512962 23
314094808530033 66
314094808537401 91
314094808544405 23
314094808551232 23
314094864680700 66
314094864699005 91
314094864705993 23
314094864712820 23
314094864719506 66
314094931849777 91
314094931865171 23
314094931872204 23
314094931878994 66
314094931885717 91
314094931893089 23
314094998860195 23
314094998875953 66
314094998882973 91
314094998889780 23
314095065881859 23
314095065905448 66
314095065912766 91
314095065919731 23
314095065926422 23
314095133071755 66
314095133093182 91
314095133100415 23
314095133107174 23
314095133113989 66
314095200029203 91
314095200046852 23
314095200053957 23
314095200060913 66
314095200067667 91
314095200074217 23
314095277709186 23
314095277727136 66
314095277734271 91
314095277741086 23
314095334229279 23
314095334244114 66
314095334251172 91
314095334258047 23
314095334264778 23
314095401404511 66
314095401418326 91
314095401425320 23
314095401432218 23
314095401438964 66
314095478990602 91
314095479005590 23
314095479012745 23
314095479019526 66
314095479026164 91
314095479032822 23
314095535633506 23
314095535661323 66
314095535668410 91
314095535675577 23
314095602405382 23
314095602424308 66
314095602431451 91
314095602477387 23
314095602488694 23
314095680958613 66
314095680980402 91
314095680987746 23
314095680994537 23
314095681001237 66
314095736599887 91
314095736616323 23
314095736623315 23
314095736630064 66
314095736636708 91
314095736643539 23
314095803580826 23
314095803595031 66
314095803601997 91
314095803608793 23
314095870628741 23
314095870647657 66
314095870655298 91
314095870662045 23
314095870668824 23
314095938133739 66
314095938149256 91
314095938156272 23
314095938163133 23
314095938169960 66
314096014136833 91
314096014154810 23
314096014162009 23
314096014168892 66
314096014175574 91
314096014182246 23
314096084225466 23
314096084244678 66
314096084251901 91
314096084258763 23
314096138886556 23
314096138902351 66
314096138909630 91
314096138917290 23
314096138924055 23
314096216103956 66
314096216120313 91
314096216127559 23
314096216134299 23
314096216141024 66
314096273003549 91
314096273021584 23
314096273028685 23
314096273035472 66
314096273042071 91
314096273048828 23
314096351462437 23
314096351481270 66
314096351488401 91
314096351495272 23
314096407116875 23
314096407132496 66
314096407139555 91
314096407146434 23
314096407153044 23
314096474297794 66
314096474311931 91
314096474319110 23
314096474326027 23
314096474332844 66
314096541301842 91
314096541316858 23
314096541323874 23
314096541330685 66
314096541337510 91
314096541344210 23
314096619318499 23
314096619333959 66
314096619341225 91
314096619347859 23
314096675454477 23
314096675470227 66
314096675477446 91
314096675484243 23
314096675491100 23
314096742557247 66
314096742572808 91
314096742580715 23
314096742587484 23
314096742594277 66
314096820617783 23
314096820632367 66
314096820639538 91
314096876708862 91
314096876724839 23
314096876732165 66
314096943829040 23
314096943864191 66
314096943871466 91
314097022632879 23
314097022657605 91
314097022664647 23
314097022671315 66
314097077964695 91
314097077988109 23
314097077995145 23
314097078001948 66
314097078008622 91
314097078015264 23
314097144926558 23
314097144962369 66
314097144969594 91
314097144976580 23
314097212043124 23
314097212061583 66
314097212069106 91
314097212076028 23
314097212082790 23
314097289887466 66
314097289909320 91
314097289916882 23
314097289923711 23
314097289930495 66
314097346051341 91
314097346068825 23
314097346076084 23
314097346082966 66
314097346089688 91
314097346096272 23
314097413234952 23
314097413251873 66
314097413259629 91
314097413266478 23
314097485834055 23
314097485849964 66
314097485857741 91
314097485864485 23
314097485871159 23
314097547200806 66
314097547215456 91
314097547222482 23
314097547229329 23
314097547235981 66
314097614385322 91
314097614399032 23
314097614406105 23
314097614412853 66
314097614419644 91
314097614426419 23
314097693076079 23
314097693091658 66
314097693098966 91
314097693105882 23
314097748433504 23
314097748446771 66
314097748453753 91
314097748460419 23
314097748467120 23
314097824969710 66
314097824985856 91
314097824993152 23
314097825000009 23
314097825006728 66
314097882592514 91
314097882608202 23
314097882615534 23
314097882622373 66
314097882629186 91
314097882636031 23
314097956107619 23
314097956120746 66
314097956127947 91
314097956134704 23
314098016657033 23
314098016672315 66
314098016679586 91
314098016686393 23
314098016693114 23
314098083992061 66
314098084012560 91
314098084019832 23
314098084026625 23
314098084033417 66
314098150863642 91
314098150880362 23
314098150887320 23
314098150894296 66
314098150901038 91
314098150907797 23
314098217905287 23
314098217921619 66
314098217928758 91
314098217935512 23
314098284907873 23
314098284922322 66
314098284929372 91
314098284936137 23
314098284943487 23
314098352123259 66
314098352140993 91
314098352148361 23
314098352155248 23
314098352162069 66
314098419128138 91
314098419142160 23
314098419149323 23
314098419156352 66
314098419163162 91
314098419169927 23
314098486140452 23
314098486153160 23
314098486160191 66
314098486166947 91
314098486173879 23
314098553189020 23
314098553204446 66
314098553211715 23
314098553218520 23
314098553225281 66
314098553232520 91
314098631475470 91
314098631490807 23
314098687397607 66
314098687414930 91
314098687422254 23
314098687429087 66
314098687435819 91
314098687442491 23
314098759805100 23
314098759821105 66
314098759828278 23
314098759835105 91
314098821406345 23
314098821422089 66
314098821429360 91
314098821436200 23
314098821443149 23
314098888597742 66
314098888612653 91
314098888619731 23
314098888626562 23
314098888633595 66
314098955603385 91
314098955617456 23
314098955624371 23
314098955631238 66
314098955637995 91
314098955644830 23
314099034744059 23
314099034760412 66
314099034767738 91
314099034774748 23
314099089681252 23
314099089694798 66
314099089702075 91
314099089709100 23
314099089715874 23
314099089722556 66
314099168805046 91
314099236065639 23
314099236085186 66
314099236092426 91
314099236099333 91
314099291065652 23
314099291081507 66
314099291088579 91
314099291095451 23
314099367954305 66
314099367972743 91
314099367979942 23
314099367986813 23
314099425051212 66
314099425069131 91
314099425076294 23
314099425083042 23
314099425089742 66
314099492422350 91
314099492448111 23
314099492455314 23
314099492462063 66
314099492468697 91
314099492475417 23
314099569912165 23
314099569938417 66
314099569945399 91
314099569952950 23
314099626308114 23
314099626332704 66
314099626339833 91
314099626346601 23
314099626353414 23
314099693537341 66
314099693570351 91
314099693577838 23
314099693584852 23
314099693591528 66
314099771281610 91
314099771309191 23
314099771316475 23
314099771323225 66
314099771329906 91
314099771336600 23
314099827614759 23
314099827644982 66
314099827652316 91
314099894613632 23
314099894632830 66
314099894676537 91
314099973175830 91
314099973193360 23
314100028653479 66
314100028670408 91
314100028677750 23
314100028684615 66
314100028691331 91
314100028698082 23
314100095650562 23
314100095667161 66
314100095674198 91
314100095681115 23
314100162847756 23
314100162863758 66
314100162870683 91
314100162877551 23
314100162884380 23
314100240392705 66
314100240406638 91
314100240413670 23
314100240420463 23
314100240427658 66
314100296885949 91
314100296901818 23
314100296909479 23
314100296916371 66
314100296923107 91
314100296929785 23
314100363888177 23
314100363901708 66
314100363908730 91
314100363915489 23
314100431009415 23
314100431025133 66
314100431032400 91
314100431039177 23
314100431045871 23
314100498058732 66
314100498071277 91
314100498078126 23
314100498084837 23
314100498091537 66
314100565193346 91
314100565209271 23
314100565216667 23
314100565223307 66
314100565230223 91
314100565236816 23
314100643615879 23
314100643631850 66
314100643639190 91
314100643646017 23
314100699330723 23
314100699345502 66
314100699352731 91
314100699359443 23
314100699366067 23
314100766332887 66
314100766347933 91
314100766355051 23
314100766361874 23
314100766368714 66
314100841654336 91
314100841669591 23
314100841676585 23
314100841683720 66
314100841690404 91
314100841697093 23
314100900549032 23
314100900562268 66
314100900569197 91
314100900576045 23
314100967570180 23
314100967582277 66
314100967589301 91
314100967596263 23
314100967603126 23
314101046899577 23
314101046915907 66
314101046923257 91
314101046929987 23
314101046936665 66
314101101615814 91
314101101630387 23
314101101637375 23
314101101644252 66
314101101650896 23
314101101657958 91
314101178797959 23
314101178814413 66
314101178821534 91
314101178828333 23
314101235739824 23
314101235755083 66
314101235762582 91
314101235769359 23
314101235776112 23
314101302801562 66
314101302815087 91
314101302822120 23
314101302828872 23
314101302835579 66
314101369987556 91
314101369999864 23
314101370006856 23
314101370013881 66
314101370020794 91
314101370027494 23
314101436910016 23
314101436923998 66
314101436931233 91
314101436938008 23
314101516070720 23
314101516086571 66
314101516093713 91
314101516100530 23
314101516107283 23
314101571199623 66
314101571215074 23
314101571222363 23
314101571229144 66
314101571235971 91
314101647968026 91
314101647984492 23
314101647991985 66
314101647998963 91
314101710603123 23
314101710618392 66
314101710625627 91
314101710632495 23
314101783299006 23
314101783314325 66
314101783321778 23
314101783328866 91
314101783335714 23
314101839376561 66
314101839392291 91
314101839399639 23
314101839406452 23
314101839413333 66
314101906382929 91
314101906396641 23
314101906403544 23
314101906411096 66
314101906417842 91
314101906424488 23
314101985456109 23
314101985490566 66
314101985497795 91
314101985504562 23
314102040719931 23
314102040744354 66
314102040751730 91
314102040759485 23
314102040766406 23
314102107716293 23
314102107740936 66
314102107748087 91
314102107755002 23
314102107761781 66
314102186635691 91
314102186663079 23
314102186670230 23
314102186676894 66
314102186683613 91
314102186690349 23
314102242031764 23
314102242059881 66
314102242066778 91
314102242073549 23
314102318530411 23
314102318551658 66
314102318558713 91
314102318565359 23
314102318571916 23
314102375925159 66
314102375944914 91
314102375952298 23
314102375959149 23
314102375965811 66
314102442919522 23
314102442936596 66
314102442943515 91
314102442950533 91
314102518516654 23
314102518533431 66
314102518540556 91
314102518547655 23
314102577127939 66
314102577143820 23
314102577150935 66
314102577157691 91
314102644130408 91
314102644144089 23
314102644151229 66
314102721742461 91
314102721759160 23
314102721767118 66
314102721773997 91
314102721780754 23
314102778276648 23
314102778292587 66
314102778300084 23
314102778307181 91
314102845353491 23
314102845368689 66
314102845375822 23
314102845382671 66
314102845389581 91
314102923705401 91
314102923721495 23
314102923728772 23
314102986669255 66
314102986684448 23
314102986691748 66
314102986698685 91
314103046635554 91
314103046648647 23
314103046655753 66
314103113600656 23
314103113616128 66
314103113623353 91
314103190929911 23
314103190945108 66
314103190952317 91
314103247805199 23
314103247820480 66
314103314767068 91
314103314780947 91
314103387479035 23
314103387495167 66
314103387502173 23
314103387509062 66
314103387515783 91
314103449049094 91
314103449068181 23
314103516033355 66
314103516048978 23
314103516055980 66
314103516062755 91
314103516069445 91
314103594179637 23
314103594197157 66
314103594204093 23
314103650226923 66
314103650241985 91
314103650248977 91
314103717510058 23
314103717524768 66
314103717531895 23
314103717538680 66
314103717545421 91
314103784635110 91
314103784650186 23
314103784657253 66
314103851241961 23
314103851256723 66
314103851263818 91
314103918341694 23
314103918355277 66
314103985674881 91
314103985700169 23
314104063425738 66
314104063449557 91
314104063456945 91
314104119604394 23
314104119620044 66
314104119627090 91
314104119634098 23
314104186613323 66
314104186626968 91
314104186634079 23
314104186641029 23
314104186647832 66
314104253834638 91
314104253850187 23
314104320821553 66
314104320835981 91
314104320843058 91
314104387850155 23
314104387865632 66
314104387872845 91
314104387879773 23
314104387886495 66
314104466609955 91
314104466623635 23
314104466630825 23
314104466637479 66
314104522315599 91
314104522344307 23
314104522351595 23
314104522358529 66
314104522365227 91
314104598559831 23
314104598586429 23
314104598593437 66
314104598600161 91
314104598607026 23
314104663593695 23
314104663626319 66
314104663633375 91
314104663640249 23
314104663647140 23
314104733946010 66
314104733971566 91
314104733978906 23
314104733985898 23
314104733993268 66
314104790362365 91
314104790383874 23
314104790390906 23
314104790397860 66
314104790404576 91
314104790411273 23
314104857447770 23
314104857466437 66
314104857473395 91
314104857480115 23
314104935857578 23
314104935874893 66
314104935881980 91
314104935888893 23
314104935895803 23
314104991565922 66
314104991584104 91
314104991591303 23
314104991598244 91
314104991605037 23
314104991611778 23
314105058570149 66
314105058585676 23
314105058592949 23
314105058600090 66
314105125556212 23
314105125571437 66
