310188268775544 91
310188335805440 23
310188335823215 91
310188335830610 23
310188335837356 23
310188413339359 66
310188413358377 91
310188413365798 23
310188413372727 23
310188413380186 66
310188470308357 91
310188470345167 23
310188470352392 23
310188470359151 66
310188537158573 91
310188537184712 23
310188537192097 23
310188537198910 66
310188537205646 91
310188604158192 23
310188604182364 23
310188604189581 66
310188604196326 91
310188604203067 23
310188680662827 23
310188680692787 66
310188680700020 91
310188680706986 23
310188738262287 23
310188738277733 66
310188738284713 91
310188738292210 23
310188805289019 23
310188805310673 66
310188805318055 91
310188805324804 23
310188805331578 23
310188872217405 66
310188872231530 91
310188872238504 23
310188872245214 23
310188946835712 66
310188946850641 91
310188946857391 23
310188946864251 23
310188946870949 66
310189006758698 91
310189006787117 23
310189006794280 23
310189006801165 66
310189073844800 23
310189073862424 66
310189073869654 91
310189140489098 91
310189140506242 23
310189219866484 66
310189219883698 23
310189219890992 66
310189219897877 91
310189274765762 91
310189274781911 23
310189274789180 23
310189349743747 66
310189349758469 91
310189349765610 23
310189349772469 23
310189349779212 66
310189421156816 91
310189421175738 23
310189421183025 23
310189421189891 66
310189421196649 91
310189475824537 23
310189475841200 66
310189475848534 91
310189475856043 23
310189553057241 23
310189553077308 66
310189553084608 91
310189553091388 23
310189553097984 23
310189610072848 66
310189610089889 91
310189610097048 23
310189610103907 23
310189610110756 66
310189677049409 91
310189677064252 23
310189677071373 66
310189677078538 91
310189677085178 23
310189754997431 23
310189755013199 66
310189755020664 91
310189755027537 23
310189811270812 23
310189811284573 66
310189811291983 91
310189811298814 23
310189811305605 23
310189890351892 66
310189890369593 91
310189890376648 23
310189890383398 66
310189945324822 23
310189945343891 66
310189945350964 91
310189945357917 91
310190022229287 23
310190022245377 66
310190022252297 23
310190079498794 66
310190079512746 91
310190146513577 91
310190146527847 23
310190220801259 66
310190220816740 23
310190220823953 66
310190220830643 91
310190280750733 91
310190280765785 23
310190280773012 23
310190347745416 66
310190347758440 91
310190347765456 23
310190347772301 23
310190425493349 66
310190425510000 91
310190425517263 23
310190425524068 23
310190425530813 66
310190425537587 91
310190481800835 23
310190481815064 66
310190481822110 91
310190481828883 23
310190549041867 23
310190549055272 66
310190549062207 91
310190549068853 23
310190549075543 23
310190621561976 66
310190621578172 91
310190621585754 23
310190621592506 23
310190621599216 66
310190683042310 91
310190683056819 23
310190683063889 66
310190683070712 91
310190683077445 23
310190750123970 23
310190750137024 66
310190750144179 91
310190750151042 23
310190828721905 23
310190828737458 66
310190828744810 23
310190828751968 66
310190828758799 91
310190884210118 91
310190884223235 23
310190960648258 66
310190960666536 91
310190960674154 23
310190960681095 91
310190960687932 23
310191028808889 23
310191028838878 66
310191028846315 91
310191028853319 23
310191085719132 66
310191085744493 91
310191085751590 23
310191085758121 66
310191152903947 91
310191152931131 23
310191152938185 23
310191152944974 66
310191152951726 91
310191219560359 23
310191219585618 23
310191219592881 66
310191219599746 91
310191219606539 23
310191297991013 23
310191298017861 66
310191298025177 91
310191298032030 23
310191298038774 66
310191353894811 91
310191353919623 23
310191353927109 23
310191420935166 66
310191420965836 91
310191420973178 23
310191420980252 23
310191420987278 66
310191420993972 91
310191487897100 23
310191487914554 66
310191487922029 91
310191487928827 23
310191554821278 23
310191554838734 66
310191554846150 91
310191554853019 23
310191554860474 23
310191622014189 66
310191622027544 91
310191622034560 23
310191622041236 23
310191689031679 66
310191689045282 91
310191689052192 23
310191689058902 66
310191689065677 91
310191767142140 23
310191767160461 23
310191767167734 66
310191767174779 91
310191767181539 23
310191823193385 66
310191823217147 91
310191823225309 23
310191823232203 23
310191890331067 66
310191890351041 91
310191890357958 23
310191890365419 23
310191890372240 66
310191968482061 91
310191968506400 23
310191968513619 23
310191968520440 66
310191968527189 91
310192024334851 23
310192024351771 66
310192024359137 23
310192024366240 66
310192091332772 91
310192091350226 23
310192091357389 91
310192091364224 23
310192091370946 23
310192158520027 66
310192158535180 91
310192158542294 23
310192158549208 66
310192158556007 91
310192236352321 23
310192236368849 66
310192236375872 91
310192300548152 23
310192300565835 66
310192300573123 91
310192300580079 23
310192359606573 66
310192359624634 91
310192359631737 23
310192359638757 23
310192359645433 23
310192437665503 66
310192437682225 91
310192437689591 23
310192437696478 66
310192493780040 23
310192493792931 66
310192493800036 23
310192493806843 66
310192493813583 91
310192560812043 91
310192560825773 23
310192639592456 66
310192639607917 91
310192639615229 23
310192639621997 23
310192639628661 66
310192695037803 91
310192695052724 23
310192695059988 23
310192695066774 66
310192695073531 91
310192762036929 23
310192762052391 66
310192762059492 91
310192762066307 23
310192829127812 23
310192829143278 66
310192829150821 91
310192829157704 23
310192829164449 23
310192906830682 66
310192906846034 91
310192906853235 23
310192906860756 23
310192906867458 66
310192963247769 91
310192963263163 23
310192963270274 66
310192963276992 91
310192963283691 23
310193030288807 23
310193030364190 66
310193030371673 91
310193030378548 23
310193108805621 23
310193108819621 66
310193108826733 91
310193108833838 23
310193108840548 66
310193164603302 91
310193164615542 23
310193164622315 23
310193164628937 66
310193164635637 91
310193231868974 23
310193231890839 23
310193231898225 66
310193231905004 91
310193231911750 23
310193310131718 23
310193310151075 66
310193310158389 91
310193310165101 23
310193365573504 66
310193365592607 23
310193365599834 66
310193365606661 91
310193442024915 91
310193442046679 23
310193512072903 66
310193512092141 23
310193512099254 66
310193512106085 91
310193566954605 91
310193566985628 23
310193566992869 66
310193643333013 23
310193643358162 66
310193643365331 91
310193713395423 91
310193713420257 23
310193713427555 66
310193768135309 23
310193768161418 66
310193768168685 91
310193845339758 91
310193902216081 23
310193902235606 66
310193902242878 23
310193902249723 66
310193902256477 91
310193969277810 91
310193969294486 23
310194036306256 66
310194036321793 23
310194036328899 66
310194036335638 91
310194103287361 91
310194103301908 23
310194170469521 66
310194170485255 23
310194170492732 66
310194170499623 91
310194248507819 91
310194248525214 23
310194304544772 23
310194304559707 66
310194304567091 91
310194304573725 23
310194304580538 23
310194371534128 66
310194371547812 91
310194371554774 23
310194371561364 23
310194371568022 66
310194438743743 91
310194438759933 23
310194438767108 66
310194438773913 23
310194505758935 66
310194505775646 91
310194505783445 91
310194572788282 23
310194572803975 66
310194572811263 23
310194572818102 66
310194639811793 91
310194639826527 91
310194717679872 23
310194717694652 23
310194717701805 66
310194717708487 91
310194717715248 23
310194774020178 23
310194774034552 66
310194774041770 91
310194774048522 23
310194848487994 23
310194848505258 66
310194848512809 91
310194848519620 23
310194848526299 66
310194908147868 91
310194908165829 23
310194908172939 23
310194908179720 66
310194908186463 91
310194975207939 23
310194975222749 23
310194975229870 66
310194975236723 91
310194975243496 23
310195042218816 23
310195042232186 66
310195042239231 91
310195042245879 23
310195042252637 66
310195120961736 91
310195120977832 23
310195120985120 23
310195120991846 66
310195176425537 91
310195176440036 23
310195176447141 23
310195176453946 66
310195176461187 91
310195251374122 23
310195251390486 23
310195251397743 66
310195251404641 91
310195251411482 23
310195322237395 66
310195322250991 91
310195322258005 23
310195322264852 23
310195377605539 66
310195377621384 91
310195377628658 23
310195377635591 23
310195377642273 66
310195454131254 91
310195454146174 23
310195454153282 23
310195454160105 66
310195454166976 91
310195511822781 23
310195511837296 66
310195511844721 91
310195511851656 23
310195579029947 23
310195579058524 66
310195579065627 91
310195579072561 23
310195579079275 23
310195654260829 66
310195654280008 91
310195654287401 23
310195654294427 66
310195654301310 91
310195713001844 23
310195713016932 23
310195713023984 66
310195713030795 91
310195791426434 91
310195791442100 23
310195791449249 23
310195847051150 66
310195847064846 91
310195847071768 23
310195847079009 23
310195914064234 66
310195914078731 91
310195914085704 23
310195914092445 23
310195914099334 23
310195914106081 66
310195993410236 23
310195993471616 66
310195993479145 91
310195993485902 91
310196048287480 91
310196048300156 23
310196048307086 23
310196048313774 66
310196115432738 23
310196115459239 66
310196115466533 91
310196182388786 91
310196182412367 23
310196182419578 66
310196260696764 23
310196260724183 66
310196260731271 91
310196316606179 91
310196316629257 23
310196316636553 23
310196383587456 66
310196383603990 91
310196383611284 23
310196383618380 23
310196383625177 66
310196383631889 91
310196462615611 23
310196462635567 23
310196462642833 66
310196462649835 91
310196462656732 23
310196523222196 66
310196523241115 91
310196523248527 23
310196584771489 23
310196584786241 66
310196584793501 91
310196584800676 23
310196584807332 23
310196651798814 66
310196651812999 91
310196651819902 23
310196651826916 23
310196651833667 66
310196651840416 91
310196729844364 23
310196729860607 66
310196729867776 91
310196729874702 23
310196786008754 23
310196786022460 66
310196786029390 91
310196786036261 23
310196786043120 23
310196853025141 66
310196853040768 91
310196853047895 23
310196853054563 23
310196920020785 66
310196920037456 23
310196920044802 66
310196920051879 91
310196987118255 91
310196987133379 23
310196987140542 91
310196987147245 23
310197054185386 66
310197054200500 91
310197054207512 23
310197054214263 66
310197121213282 91
310197121228280 23
310197121235324 23
310197121242189 66
310197199042079 91
310197199057055 23
310197199064407 23
310197199071226 66
310197255428514 23
310197255443949 66
310197255451116 91
310197255458429 23
310197255465142 91
310197255471822 23
310197322632191 23
310197322646391 66
310197322653499 91
310197322660282 23
310197400414730 66
310197400439972 91
310197400447389 23
310197400454377 66
310197456723282 91
310197456749297 23
310197456756772 66
310197456763737 91
310197523825701 23
310197523855018 66
310197523862511 91
310197523869348 23
310197602366993 23
310197602398085 66
310197602405592 91
310197602413533 23
310197602420545 23
310197657883523 66
310197657904638 91
310197657911664 23
310197657918586 23
310197657925443 66
310197657932272 91
310197734185163 23
310197734202057 66
310197734209065 91
310197734215790 23
310197792006108 23
310197792022964 66
310197792030260 91
310197792037154 23
310197859013156 23
310197859028165 66
310197859035153 91
310197859041908 23
310197859048670 23
310197935748479 66
310197935769860 91
310197935776922 23
310197935783680 66
310197935790395 91
310197993069741 23
310197993085680 23
310197993092769 66
310197993099668 91
310197993106570 23
310198060257439 23
310198060272139 66
310198060279338 91
310198060286123 23
310198060292829 23
310198137435272 66
310198137451704 91
310198137458849 23
310198137465517 66
310198200071612 91
310198200086928 23
310198200093972 23
310198200100765 66
310198200108131 91
310198272783193 23
310198272798462 23
310198272805675 66
310198272812522 91
310198272819209 23
310198328495417 23
310198328511393 66
310198328518568 91
310198328525429 23
310198328532270 66
310198395486872 23
310198395500872 66
310198395508059 91
310198474737072 91
310198474752567 23
310198474759772 66
310198529719614 23
310198529734071 66
310198529741270 91
310198596940638 91
310198596969085 23
310198596977072 23
310198663851291 66
310198663881039 91
310198663887978 23
310198663894674 23
310198663901606 66
310198663908355 91
310198742005039 23
310198742031961 23
310198742039374 66
310198742046323 91
310198742053189 23
310198798047484 66
310198798066660 91
310198798074008 23
310198798080831 23
310198865071016 66
310198865090596 91
310198865097622 23
310198865104453 23
310198943943383 66
310198943960605 91
310198943968776 23
310198943975623 23
310198943982510 23
310198943989295 66
310198999064666 23
310198999079448 66
310198999086492 91
310198999093213 91
310199075184077 91
310199075201076 23
310199075208396 23
310199145237355 66
310199145251460 91
310199145258591 23
310199145265426 66
310199200408486 91
310199200424226 23
310199200431612 66
310199200438666 91
310199277116316 23
310199277132527 23
310199277139762 66
310199277146959 91
310199277153855 23
310199334452180 23
310199334469829 66
310199334477203 91
310199334484084 23
310199334490869 23
310199401620102 66
310199401634308 91
310199401641203 23
310199401648062 66
310199476113557 91
310199476128221 23
310199476135249 23
310199476142010 66
310199476148730 91
310199476155475 23
310199535622257 23
310199535637979 66
310199535645375 91
310199535652160 23
310199602692771 23
310199602708738 66
310199602716014 91
310199602722887 23
310199602729638 66
310199680368700 91
310199680382327 23
310199680389462 23
310199680396315 66
310199680403070 91
310199736794691 23
310199736811378 23
310199736818740 66
310199736825698 91
310199736832426 23
310199804134944 23
310199804162043 66
310199804169025 91
310199804175953 23
310199804182625 66
310199876920646 23
310199876935655 66
310199876942782 91
310199938032182 91
310199938046066 23
310199938053396 66
310200005168048 23
310200005183307 66
310200005190287 91
310200083643577 91
310200083657825 23
310200083664903 23
310200139253488 66
310200139266253 91
310200139273342 23
310200139279980 23
310200139286662 23
310200215591771 66
310200215607201 91
310200215614666 23
310200215621650 66
310200215628332 91
310200273298940 23
310200273349628 66
310200273357571 91
310200273364581 23
310200340502082 23
310200340517679 66
310200340524876 91
310200340531689 23
310200340538516 23
310200407527046 66
310200407542337 91
310200407549358 23
310200407556102 23
310200407562758 66
310200407569521 91
310200474551738 23
310200474567307 23
310200474574510 66
310200474581372 91
310200552821112 23
310200552835239 66
310200552842293 23
310200552848876 23
310200608657567 66
310200608672664 91
310200675750538 91
310200675764944 23
310200675771980 23
310200675778777 66
310200675785600 91
310200742755362 23
310200742768031 23
310200742774948 66
310200742781812 91
310200742788516 23
310200809948455 66
310200809962491 91
310200809969580 23
310200809976272 23
310200876986383 66
310200876999956 91
310200877007176 23
310200877014007 23
310200877020715 66
310200956076483 91
310200956092435 23
310200956099473 23
310200956106390 66
310200956113078 91
310201011040267 23
310201011055784 66
310201011063033 91
310201011069722 23
310201087977339 23
310201087992195 66
310201087999312 91
310201088006043 23
310201088012872 23
310201153060800 66
310201153090003 91
310201153097236 23
310201153104071 23
310201153110733 66
310201223410442 91
310201223438062 23
310201223445321 66
310201223452082 91
310201223458867 23
310201279855193 23
310201279885478 66
310201279893357 91
310201279900116 23
310201346909368 23
310201346958994 66
310201346966066 91
310201346972821 23
310201346979575 66
310201425408918 91
310201425443918 23
310201425451509 23
310201425458304 66
310201425465224 91
310201480787685 23
310201480816854 23
310201480824163 66
310201480830996 91
310201480837673 23
310201553927226 23
310201553962110 66
310201553969393 91
310201553976132 23
310201626799559 66
310201626839400 91
310201626846704 23
310201626853595 23
310201681763095 66
310201681787257 91
310201681794671 23
310201681801601 23
310201681808474 66
310201681815366 91
310201758524042 23
310201758546007 23
310201758553102 66
310201758560026 91
310201758566768 23
310201816029958 66
310201816049850 91
310201816057101 23
310201816063818 23
310201882993079 66
310201883017829 91
310201883024944 23
310201883032879 23
310201883039726 66
310201950012985 91
310201950029882 23
310201950037343 23
310201950044005 66
310201950050824 91
310202017015845 23
310202017033626 91
310202017040852 66
310202084123881 23
310202084139231 66
310202084146205 23
310202084153018 66
