306388105784151 91
306388182587130 91
306388182614296 23
306388239798462 66
306388239814047 91
306388239820896 23
306388306895739 66
306388306912758 91
306388306919927 23
306388306926756 66
306388374135866 91
306388374157062 23
306388374164522 66
306388374171391 91
306388441101819 23
306388441116857 66
306388441123895 91
306388508103174 23
306388508116571 66
306388508123621 91
306388508130460 23
306388585929401 66
306388585962024 91
306388585969187 23
306388585976160 91
306388642370158 66
306388642388086 91
306388642395177 23
306388709394957 23
306388709410220 66
306388709417166 91
306388709423812 23
306388776402135 66
306388776415877 91
306388776422896 23
306388776429624 66
306388843393678 91
306388843408271 23
306388843415164 66
306388910678059 91
306388910700087 23
306388910707272 91
306388910714073 23
306388910720970 23
306388977637588 66
306388977656904 91
306388977664248 23
306389054993916 66
306389055011112 91
306389055018394 23
306389055025052 66
306389111771034 91
306389111786552 23
306389111793619 66
306389185749788 91
306389185766397 23
306389185773783 23
306389185780683 14
306389245837744 66
306389245853134 91
306389245860293 23
306389245867235 91
306389245874005 66
306389312791531 23
306389312803924 66
306389312810697 91
306389312817584 23
306389380030762 23
306389380047003 66
306389380054327 91
306389380061055 23
306389458241150 91
306389458254448 23
306389458261349 23
306389458268116 66
306389458274802 91
306389514411811 23
306389514425306 66
306389514432350 91
306389586543297 23
306389586560473 66
306389586568203 91
306389586575056 23
306389648310738 66
306389648340616 91
306389648348121 23
306389715373133 91
306389715391591 23
306389715398866 14
306389715405641 23
306389715412569 14
306389715419229 66
306389782384071 91
306389782399541 23
306389782406648 91
306389782413274 66
306389861487110 91
306389861502456 23
306389861509673 23
306389861516305 66
306389861523078 91
306389916417024 23
306389916429871 66
306389916437647 91
306389989533060 23
306389989547864 66
306389989554862 91
306389989561585 91
306390062817602 23
306390062837130 14
306390062844494 66
306390062851339 91
306390117656745 91
306390117669413 23
306390117676484 14
306390117683337 23
306390117690063 14
306390194652676 66
306390194668518 91
306390194675999 23
306390194682764 91
306390194689627 66
306390251888483 91
306390251902109 23
306390251909152 23
306390251916361 23
306390251923057 91
306390251929655 66
306390318894843 91
306390318908342 23
306390318915304 23
306390318922185 14
306390396815478 66
306390396845813 91
306390396853109 23
306390396859948 91
306390453058929 66
306390453088624 91
306390453095506 23
306390453102281 23
306390453108898 14
306390520231840 66
306390520257766 91
306390520264768 23
306390520271525 91
306390598001803 66
306390598029750 91
306390598038935 23
306390598045794 23
306390598052486 14
306390654320256 66
306390654342721 91
306390654349815 23
306390721260002 91
306390721289527 66
306390721296978 91
306390721303773 23
306390721310539 14
306390799917538 23
306390799938747 14
306390799945888 66
306390799952695 91
306390799959466 23
306390855457222 91
306390855473917 66
306390855480929 91
306390855487748 23
306390922419213 23
306390922437730 66
306390922445714 91
306390989421463 91
306390989435804 23
306390989442682 14
306390989449459 23
306390989456312 14
306390989463102 66
306390989469811 91
306391067155768 23
306391067173672 91
306391067180917 23
306391067187710 23
306391067194328 66
306391123770110 91
306391123786614 23
306391123793866 66
306391123800741 91
306391190739237 23
306391190754611 91
306391190761961 66
306391257796049 91
306391257810781 23
306391257818336 14
306391257825284 66
306391257832117 91
306391324988270 91
306391325003256 23
306391325010330 14
306391391822931 23
306391391839264 14
306391391846570 66
306391391853499 91
306391391860244 23
306391391867071 66
306391458998909 91
306391459014693 23
306391459021868 66
306391459028810 91
306391536348358 23
306391536364525 66
306391593424894 91
306391593439887 23
306391593447129 91
306391593453950 23
306391593461384 23
306391660173583 66
306391660187659 91
306391660194830 23
306391660201649 66
306391727135798 91
306391727148841 23
306391727155917 91
306391727162744 66
306391794358546 91
306391794373449 23
306391794380606 14
306391794387367 66
306391794394361 91
306391861344650 91
306391861363564 23
306391861370807 14
306391939574693 23
306391939592160 14
306391939599335 66
306391939606152 91
306391939613080 23
306391939620245 91
306391939626933 23
306391995397291 23
306391995414954 66
306391995422163 91
306392062581742 23
306392062596874 66
306392062603782 91
306392062610635 23
306392136567765 66
306392136585867 91
306392136593106 91
306392136600052 23
306392196724709 14
306392196746419 66
306392196753524 91
306392196760285 23
306392263814721 66
306392263841979 91
306392263849435 23
306392263856310 91
306392263863174 66
306392342940805 91
306392342975670 23
306392342982909 14
306392397816372 66
306392397835114 91
306392397842689 91
306392397849568 23
306392397856339 14
306392474748054 23
306392474765142 14
306392474772166 66
306392474778949 91
306392474785631 23
306392537355155 91
306392537370917 23
306392537378012 23
306392537384975 66
306392537391651 91
306392610099941 23
306392610115030 66
306392610122255 91
306392666144398 23
306392666162266 91
306392666169604 14
306392666176336 91
306392666183085 14
306392733190573 14
306392733208388 23
306392733215423 66
306392733222241 91
306392733228968 23
306392812021990 91
306392812035978 23
306392812043098 23
306392812050185 66
306392812056946 91
306392867377969 23
306392867395352 66
306392867402581 91
306392934573116 23
306392934601705 91
306392934608965 66
306392934615916 91
306393013393508 23
306393013418803 14
306393013425986 66
306393013432650 91
306393068538961 91
306393068562902 23
306393068569990 14
306393068576811 23
306393068583596 14
306393145236499 66
306393145259074 91
306393145266188 23
306393145273076 91
306393145280088 23
306393145286879 23
306393202724043 66
306393202786027 91
306393202793512 23
306393269743119 66
306393269757429 91
306393269764588 23
306393269771286 91
306393269778127 66
306393345272244 91
306393345290195 23
306393345297325 14
306393403846327 66
306393403862972 91
306393403870173 91
306393403876918 23
306393403883600 14
306393470833380 23
306393470849961 66
306393470856929 91
306393470863557 23
306393470870283 23
306393548486939 66
306393548504252 91
306393548511467 23
306393548518228 91
306393605230641 23
306393605245276 66
306393605252246 91
306393605259073 23
306393671976781 66
306393671990773 91
306393671997506 23
306393750439202 66
306393750454459 91
306393750461767 91
306393750468521 23
306393750475113 14
306393813429631 66
306393813446536 91
306393813453878 91
306393873233369 23
306393873289164 14
306393873299010 23
306393873307221 14
306393873316128 66
306393873324282 91
306393873331150 23
306393940415955 91
306393940429108 66
306393940436137 91
306394017687089 23
306394017702108 23
306394017709905 66
306394017716611 91
306394074462274 91
306394074481929 23
306394074489067 14
306394074496085 23
306394074502824 14
306394074509617 66
306394141650217 91
306394141668838 23
306394141675979 91
306394141682846 23
306394141689592 23
306394214212827 66
306394214227716 91
306394214234919 23
306394275680993 66
306394275697124 91
306394275704385 23
306394275711391 66
306394275718146 91
306394342681632 91
306394342696938 23
306394342704376 14
306394342711101 66
306394342718044 91
306394421036847 91
306394421052826 23
306394421060105 14
306394476907075 23
306394476920749 14
306394476927741 66
306394476934465 91
306394476941146 23
306394543941604 91
306394543958145 23
306394543965360 23
306394543972386 14
306394543979117 66
306394611077466 23
306394611108889 66
306394611115996 91
306394611122746 23
306394678189866 91
306394678209935 23
306394678217910 23
306394678224649 66
306394678231381 91
306394745046585 23
306394745061142 66
306394745068435 91
306394745075232 23
306394812134247 66
306394812150751 91
306394812157791 23
306394890157139 66
306394890173561 91
306394890180904 23
306394946385450 91
306394946401921 23
306394946409379 23
306394946416192 14
306394946423013 66
306395013377783 91
306395013391117 23
306395013398167 91
306395013405650 23
306395013412346 23
306395080406469 66
306395080420933 23
306395080427970 66
306395080434722 91
306395147583621 23
306395147612301 66
306395147619432 91
306395214950584 23
306395214987002 66
306395214994113 91
306395215000954 91
306395293380413 23
306395293395799 91
306395293402811 66
306395348741761 91
306395348770109 23
306395348780426 14
306395348789383 23
306395348798401 14
306395348806926 66
306395425494516 91
306395425527772 23
306395425534984 91
306395425541760 23
306395425548612 23
306395490442490 66
306395490480449 23
306395490489675 66
306395560759564 91
306395560793081 23
306395560802233 66
306395560810643 91
306395617192176 23
306395617227071 91
306395617234475 66
306395617241270 91
306395684413497 23
306395684440014 66
306395684447628 91
306395762647983 91
306395762671209 23
306395762678823 14
306395762687983 23
306395762694688 66
306395762701352 91
306395818100433 23
306395818117567 91
306395818124842 66
306395891099868 91
306395891118549 23
306395891125937 14
306395891132962 23
306395891139762 14
306395963928566 66
306395963944451 91
306395963951598 23
306395963958487 91
306395963965300 23
306395963971956 23
306396019398886 66
306396019414410 91
306396019421551 23
306396095764627 66
306396095777722 91
306396095785295 23
306396095792165 91
306396095798799 66
306396153415797 91
306396153430207 23
306396153437412 14
306396153444235 66
306396220587173 91
306396220602169 91
306396220609386 23
306396220616261 14
306396287618185 23
306396287631009 14
306396287637972 66
306396287644761 91
306396287651647 23
306396354643950 91
306396354658793 23
306396354665929 23
306396354672706 14
306396354679509 66
306396421769718 91
306396421794644 23
306396421801950 91
306396421808775 23
306396499042352 23
306396499059536 14
306396499066695 66
306396499073411 23
306396499080079 66
306396555903285 23
306396555918649 66
306396555925564 91
306396623185114 91
306396623222704 91
306396623229894 23
306396699032858 23
306396699060211 66
306396699067631 91
306396699074458 23
306396757128582 66
306396757146366 91
306396757153689 23
306396836363273 66
306396836381237 91
306396836388817 23
306396836395539 66
306396891169330 23
306396891186098 91
306396891193291 91
306396891200152 23
306396968325222 23
306396968349970 66
306396968357414 91
306397025394774 23
306397025414514 66
306397025421876 91
306397025428881 23
306397092390472 66
306397092406476 91
306397092413600 23
306397092420407 66
306397159382783 23
306397159396490 66
306397159403677 91
306397226602754 23
306397226619057 91
306397226626312 66
306397293629218 23
306397293645328 66
306397293652531 91
306397293659282 23
306397293665958 91
306397371461192 23
306397371476103 23
306397371483286 66
306397371490190 91
306397427745519 23
306397427761281 66
306397427768577 91
306397427775438 23
306397494820098 91
306397494833909 66
306397494840764 91
306397494847658 23
306397570041665 14
306397570057698 66
306397570065083 91
306397570072217 91
306397628931037 23
306397628947208 14
306397628954427 23
306397628961171 14
306397628967974 66
306397628974761 91
306397696005524 23
306397696019261 91
306397696026263 23
306397696033361 23
306397696040224 66
306397774860047 91
306397774895234 23
306397774902611 66
306397774909530 91
306397830555126 23
306397830580819 91
306397830588267 66
306397897203975 91
306397897219151 23
306397897226198 14
306397897235304 66
306397897242060 91
306397970914992 91
306397970947164 23
306397970954281 14
306397970961072 23
306398031444580 14
306398031463104 66
306398031470385 91
306398031477152 23
306398031483764 91
306398031490426 23
306398098491338 23
306398098516238 66
306398098523528 91
306398098530252 23
306398165516543 66
306398165538891 91
306398165546209 23
306398232462449 66
306398232484531 91
306398232491706 91
306398232499079 23
306398232505853 14
306398309947477 66
306398309964080 91
306398309971357 23
306398309978315 23
306398309985112 66
306398366656780 91
306398366675127 23
306398366682256 91
306398366689207 66
306398438995894 91
306398439011423 23
306398439018570 23
306398439025411 66
306398439032166 91
306398500876742 23
306398500892716 66
306398500899820 91
306398567884192 23
306398567901702 91
306398567909096 66
306398567916549 91
306398634903502 23
306398634919035 14
306398634926291 66
306398634933130 91
306398713145745 91
306398713161262 23
306398713168772 14
306398713175491 23
306398713182235 14
306398769120471 66
306398769134054 91
306398769141090 23
306398769147809 91
306398769154658 66
306398841970335 91
306398841999498 23
306398842006762 23
306398842013729 66
306398842020391 91
306398903171335 91
306398903188576 23
306398903196250 14
306398980413792 23
306398980429920 14
306398980437157 66
306398980444071 91
306398980450815 23
306399037340873 91
306399037355673 23
306399037362842 23
306399037369727 66
306399037376524 91
306399104387692 23
306399104403865 66
306399104411476 91
306399182344543 23
306399182360908 91
306399182368063 66
306399182374864 91
306399238424954 23
306399238440948 14
306399238448245 66
306399238454950 91
306399305599318 91
306399305613485 23
306399305620616 23
306399305627362 14
306399305634199 66
306399305640982 91
306399372617871 23
306399372632724 91
306399372639983 66
306399449585979 91
306399449602849 23
306399449610346 14
306399449617147 23
306399449623948 14
306399449630733 66
306399449637383 91
306399506739396 23
306399506754892 91
306399506762260 66
306399573799921 91
306399573813969 23
306399573821188 23
306399573828357 66
306399573835271 91
306399640814330 23
306399640829030 66
306399640836239 91
306399707915827 23
306399707930169 66
306399707937244 91
306399707944049 91
306399786874401 23
306399786889699 14
306399786896958 66
306399786903821 91
306399842236838 91
306399842253521 23
306399842260797 14
306399842267706 23
306399842274405 14
306399842281228 66
306399918803742 91
306399918819828 23
306399918827069 91
306399918834934 23
306399918841693 23
306399976255507 66
306399976277493 91
306399976284567 23
306399976331634 91
306400043303253 23
306400043318347 14
306400043325249 23
306400043332011 14
306400043338768 66
306400043345430 91
306400110340133 23
306400110353284 91
306400110360149 23
306400110366848 23
306400177367762 66
306400177382776 23
306400177390188 66
306400256090196 23
306400256107803 66
306400256115000 91
306400256122449 23
306400311599132 91
306400311612993 23
306400311620168 23
306400311626933 66
306400311633722 91
306400387981858 23
306400387998296 91
306400388005557 23
306400388012469 23
306400388019213 66
306400445630795 23
306400445646157 66
306400520925042 23
306400520951598 66
306400520958858 23
306400520965755 66
