318190313301232 91
318190391923605 23
318190391952369 23
318190391960075 66
318190391966854 91
318190447782685 23
318190447812733 66
318190514514522 91
318190514542850 91
318190514549943 23
318190593907032 66
318190593935066 91
318190593942166 23
318190593949062 23
318190593955885 66
318190593962635 23
318190648528166 66
318190648554750 91
318190648562064 91
318190725113829 23
318190725141457 66
318190725148837 91
318190725155606 23
318190725162338 23
318190782718631 66
318190782746631 23
318190782753879 66
318190849794830 91
318190849822693 91
318190927050392 23
318190927077837 66
318190927085245 91
318190927092143 23
318190927098863 23
318190984016440 66
318190984042280 23
318190984049541 91
318190984056346 23
318190984063875 66
318190984070688 91
318191050961085 23
318191050990095 23
318191050997576 66
318191051004441 23
318191051011083 91
318191051017904 23
318191118080688 66
318191118110347 23
318191118117655 91
318191118124404 23
318191118131037 66
318191185189245 23
318191185215638 91
318191185222652 23
318191185229320 66
318191185236055 23
318191185242829 91
318191252277831 23
318191252304477 23
318191252311903 66
318191252319324 91
318191252326078 23
318191252332732 23
318191330370951 66
318191330413363 23
318191330420828 91
318191330427639 23
318191330434629 66
318191330441397 91
318191330448132 23
318191386283871 23
318191386308401 66
318191386315609 91
318191386322504 23
318191386329257 23
318191453470899 66
318191453500641 23
318191453507983 91
318191453514895 23
318191453521683 66
318191520390282 23
318191520415319 91
318191520423208 23
318191520430725 66
318191520437612 23
318191520444308 66
318191587478453 91
318191654470213 23
318191654494934 66
318191654502214 91
318191721663959 91
318191721692854 23
318191721699951 66
318191721706707 23
318191799526834 66
318191799556395 91
318191799564429 91
318191799571155 23
318191855718074 66
318191855746008 23
318191855753127 66
318191855759964 91
318191855766787 91
318191930316857 23
318191930351222 66
318191930358517 23
318191930365282 66
318191930372029 91
318191990130465 91
318191990159531 23
318191990166523 66
318192057108117 23
318192057134242 66
318192057141465 91
318192057148258 91
318192124007519 23
318192124032749 91
318192124040147 66
318192124047077 23
318192124053866 66
318192124060635 91
318192202763453 23
318192202792241 23
318192202799491 66
318192202806497 23
318192202813334 91
318192258283927 23
318192258317006 66
318192258324133 23
318192258330978 91
318192258337688 23
318192258344535 66
318192333187379 23
318192333211899 66
318192333218925 91
318192407169638 23
318192407196534 66
318192407203906 91
318192459504935 91
318192459529526 23
318192459536926 66
318192459543813 91
318192536049913 23
318192536076887 23
318192536083976 66
318192536090646 91
318192536097495 23
318192593355683 23
318192593378195 66
318192593385652 23
318192593392535 66
318192660864099 91
318192660898119 23
318192660905497 66
318192734031345 91
318192734063206 91
318192734070284 23
318192794861263 66
318192794886551 91
318192794893837 23
318192794900602 23
318192794907306 66
318192794914010 91
318192861697953 23
318192861727626 23
318192861734606 66
318192861741347 23
318192861747985 66
318192928743615 91
318193005164274 23
318193005193608 91
318193005200819 23
318193005207666 66
318193005214433 23
318193005221174 66
318193075248703 91
318193129974699 23
318193130001629 66
318193130008844 91
318193130015603 91
318193196998691 23
318193197027749 66
318193197035031 91
318193197041852 23
318193197048554 66
318193264120243 23
318193264144841 66
318193264152014 91
318193342475944 91
318193342501250 23
318193342508657 66
318193342515462 91
318193342523019 23
318193398236031 66
318193398262914 23
318193398269969 91
318193398276695 23
318193398283494 66
318193465434820 23
318193465459758 66
318193465466923 91
318193544449506 23
318193544480662 66
318193544487711 91
318193605100902 91
318193605133323 23
318193605140603 66
318193672437444 91
318193672468328 23
318193672475530 23
318193672482270 66
318193672489055 91
318193672495743 23
318193739795151 23
318193739821395 66
318193739828695 23
318193739835516 91
318193739842178 23
318193739848848 66
318193807180448 23
318193807208649 66
318193807215617 91
318193874572208 23
318193874599274 66
318193874606735 91
318193941944935 91
318193941973150 23
318193941980265 66
318193941987062 91
318194009375734 23
318194009406473 66
318194009413745 23
318194009420697 66
318194082318145 91
318194144172163 23
318194144204409 66
318194144212349 91
318194144219252 91
318194203016492 23
318194203042404 66
318194203049762 91
318194203056964 23
318194203063680 66
318194270125006 23
318194270153891 91
318194270161277 23
318194270167927 66
318194270174510 23
318194337196901 66
318194337226197 91
318194404305656 23
318194404345804 66
318194404353059 91
318194471483938 23
318194471516349 66
318194471523609 91
318194471530617 91
318194538517064 23
318194538545195 91
318194538552463 66
318194538559290 23
318194538565972 66
318194605733981 91
318194605763673 23
318194605771043 23
318194605777779 66
318194605784522 91
318194605791468 23
318194672397123 23
318194672424804 66
318194672432075 23
318194672438761 91
318194672445460 23
318194746353312 66
318194746380053 23
318194746387403 66
318194813682553 91
318194813711385 23
318194813718389 66
318194881059460 91
318194881086933 91
318194881094180 23
318194948401580 91
318194948426880 66
318194948434142 23
318194948440848 23
318194948447579 66
318194948454365 91
318194948461142 23
318195015973290 66
318195016007415 23
318195016016153 91
318195016024203 23
318195083341839 66
318195083374600 23
318195083381862 91
318195083388741 23
318195083395606 66
318195083402310 23
318195141967426 23
318195141993079 66
318195142000314 91
318195142007811 91
318195208984414 23
318195209013404 23
318195209020426 66
318195209027241 91
318195209033941 23
318195209040754 66
318195285622474 91
318195285650788 23
318195285658154 23
318195285665130 66
318195285671868 23
318195285678621 66
318195343320278 91
318195410215492 23
318195410240743 66
318195410247984 91
318195410254574 91
318195477213772 23
318195477244103 66
318195477251055 91
318195477258119 23
318195477265857 66
318195544286237 23
318195544315257 23
318195544322735 66
318195544329486 91
318195611514687 91
318195611551059 23
318195611558369 66
318195611565156 91
318195611571989 23
318195688874956 66
318195688906961 23
318195688914369 66
318195745452347 91
318195745480673 23
318195745488037 66
318195813568664 91
318195813594119 91
318195886923446 23
318195886951751 66
318195886959071 91
318195886965802 23
318195886973228 66
318195886979953 91
318195946705373 23
318195946733127 66
318196013760604 91
318196013790649 91
318196013797708 23
318196013804434 66
318196092094749 91
318196092119615 23
318196092126971 66
318196092133605 23
318196092140483 66
318196155335779 91
318196215003278 23
318196215031541 66
318196215038869 91
318196215045690 91
318196282177959 23
318196282206991 66
318196282214130 91
318196282220947 23
318196282228510 23
318196355111812 66
318196355139214 91
318196355146466 23
318196355153299 23
318196355160060 66
318196355166860 91
318196419113094 23
318196419142004 23
318196419149336 66
318196419156231 91
318196419162919 23
318196419170398 23
318196483251974 66
318196483281901 23
318196483289008 91
318196483295746 23
318196483302555 66
318196561318519 23
318196561346167 66
318196561353533 91
318196617504950 23
318196617533515 66
318196617540803 91
318196684790103 91
318196684815516 23
318196684822810 66
318196684829464 91
318196757966350 23
318196757992429 66
318196757999521 91
318196758006222 23
318196758012948 23
318196818480348 66
318196818507960 23
318196818515326 91
318196818522173 23
318196818528934 66
318196885673708 23
318196885705775 91
318196885712942 23
318196885719657 66
318196885726419 23
318196885733110 91
318196964626429 23
318196964654668 66
318196964662149 23
318196964669002 91
318196964675783 23
318196964682589 66
318197019695573 23
318197019722362 66
318197019729326 91
318197096432965 23
318197096463417 66
318197096470517 91
318197153913271 91
318197153956677 23
318197153964137 66
318197153970950 91
318197220958864 23
318197220986770 66
318197220994160 23
318197221000999 91
318197221007740 23
318197287966602 23
318197287999178 66
318197288006244 23
318197288012987 66
318197288019679 91
318197355085494 91
318197355112885 23
318197355120114 66
318197355126923 23
318197433919494 66
318197433958123 91
318197433965372 91
318197433972324 23
318197489325438 66
318197489351082 91
318197489358601 23
318197489365563 66
318197489372255 23
318197563781117 66
318197563809913 91
318197631141557 23
318197631169952 66
318197631177203 91
318197698539264 91
318197698574107 23
318197698581395 66
318197698588210 91
318197698594932 23
318197757442876 66
318197757469927 23
318197757477152 66
318197824680978 91
318197824722467 23
318197824729606 66
318197891683854 91
318197961145179 91
318197961167511 23
318197961174549 66
318197961181366 23
318198025660679 66
318198025688319 91
318198092931695 23
318198092973035 66
318198092980317 91
318198159906814 91
318198159938658 23
318198159945984 66
318198227101015 23
318198227136558 66
318198227143737 91
318198227150510 91
318198300746384 23
318198300782492 66
318198300789770 23
318198300796637 66
318198300803375 91
318198300810162 91
318198377204847 23
318198377238556 66
318198377245739 23
318198377252620 66
318198435541670 91
318198435568417 91
318198435575679 23
318198502860811 66
318198502893414 23
318198502900613 66
318198502908089 91
318198502914828 91
318198570241027 23
318198570269789 23
318198570276888 66
318198570283586 23
318198570290238 66
318198570296884 91
318198637715009 91
318198637746056 23
318198637753229 66
318198637759887 91
318198696541570 23
318198696565471 66
318198696572726 23
318198696579636 91
318198696586857 23
318198763802806 66
318198763826240 23
318198763833329 91
318198763840168 23
318198763846876 66
318198763854299 23
318198763860949 91
318198830523854 23
318198830552171 66
318198830559338 23
318198830566344 66
318198897837131 91
318198964750477 23
318198964782476 66
318198964789494 91
318198964796252 91
318199031775139 23
318199031802165 66
318199031809364 91
318199031816121 23
318199031822900 66
318199098807638 23
318199098839279 66
318199098846622 91
318199165858504 23
318199165883446 66
318199239830611 91
318199239860335 91
318199239867436 23
318199307191348 66
318199307219981 91
318199307227213 23
318199307234028 66
318199307240748 23
318199307247497 66
318199374689456 91
318199434211476 23
318199434236674 23
318199434243879 66
318199434250678 91
318199434257250 91
318199501212225 23
318199501244751 66
318199501251739 91
318199501258470 23
318199501265108 66
318199568406644 23
318199568475431 66
318199657086347 91
318199657119953 23
318199657127244 66
318199702435565 91
318199702462575 91
318199702469934 23
318199777491727 66
318199777516417 91
318199777523732 23
318199777530577 23
318199777537350 66
318199777544079 91
318199777550809 23
318199848317191 23
318199848346783 66
318199848354151 91
318199848361022 23
318199848367851 23
318199903481496 66
318199903511135 23
318199903518351 91
318199903525234 23
318199903532025 66
318199903541165 23
318199903547883 91
318199980206555 23
318199980241567 66
318199980248812 23
318199980255543 91
318199980262185 23
318200037761679 66
318200037790031 23
318200037797357 66
318200104675430 91
318200104699268 23
318200104706439 66
318200178025235 91
318200178100023 91
318200178107524 23
318200238958065 66
318200238987690 91
318200238994747 23
318200239001527 23
318200239008258 66
318200239015000 91
318200317503768 23
318200317528519 23
318200317535895 66
318200317542831 23
318200317549857 91
318200317556551 23
318200372911698 66
318200372932236 23
318200372939642 91
318200372946346 23
318200372953085 66
318200449488611 23
318200449517542 66
318200449524938 91
318200519603549 23
318200519641563 66
318200519648722 91
318200574162966 91
318200574188039 23
318200574195256 66
318200574202027 91
318200641192439 23
318200641219926 23
318200641227389 66
318200641234202 91
318200641240936 23
318200641247661 23
318200708387781 66
318200708412651 91
318200708419721 23
318200708426472 23
318200708433160 66
318200786694902 91
318200786725965 23
318200786733156 23
318200786739933 66
318200786746700 23
318200786753533 91
318200842737879 23
318200842764365 66
318200842771504 23
318200842778290 91
318200842785071 23
318200842791882 66
318200909488443 23
318200909518288 66
318200909525499 91
318200988783494 23
318200988818940 66
318200988826294 91
318201043675885 91
318201043701634 23
318201043708811 66
318201110694601 91
318201110721020 23
318201110728241 23
318201110735124 66
318201110741917 91
318201110748591 23
318201189960112 23
318201189989478 66
318201189996482 23
318201190003110 91
318201190009764 23
318201190016569 66
318201245052460 23
318201245091905 66
318201245100734 91
318201321908131 23
318201321931314 66
318201321938354 91
318201378947273 91
318201378977262 23
318201378984476 66
318201378991566 91
318201446190595 23
318201446220578 66
318201446227705 23
318201446234564 66
318201523184194 91
318201580141096 23
318201580167700 23
318201580175084 66
318201580181966 91
318201580188656 91
318201647231900 23
318201647260972 66
318201647268224 91
318201647275966 23
318201647282819 66
318201725079339 23
318201725108875 66
318201725115990 91
318201781560623 23
318201781588237 66
318201848416374 91
318201848446987 91
318201848454192 23
318201848460876 66
318201915540154 91
318201915576558 23
318201915583824 66
318201915590846 23
318201915597506 91
318201992586199 23
318201992633033 66
318201992640164 23
318201992646958 23
318201992653671 66
318201992660544 91
318202049641886 91
318202049665955 23
318202049673279 66
318202049680287 91
318202116701813 23
318202116728053 23
318202116735349 66
318202116742552 91
318202116749283 23
318202116755947 23
318202194320237 66
318202194348557 23
318202194355700 91
318202194362412 23
318202194369118 66
318202250989143 23
318202251016536 91
318202251023633 23
318202251030343 66
318202251037087 91
318202251043906 23
318202325437523 23
318202325469729 66
318202325477026 91
318202325483781 23
318202325490616 23
318202325497383 66
318202385008794 91
318202385039504 23
318202385046783 23
318202385053493 66
318202385060218 23
318202385067670 23
318202451936836 66
318202451963669 91
318202451970885 91
318202451977776 23
318202520431749 66
318202520457444 91
318202520464714 23
318202520471499 23
318202520478338 66
318202520485062 91
318202597626583 23
318202597659099 91
318202597666225 23
318202597672912 23
318202597679843 66
318202653175209 23
318202653206344 66
318202653213749 23
318202653220455 66
