308328224088472 91
308328224158126 91
308328291157381 23
308328291178681 23
308328291185882 66
308328291192504 91
308328291199259 23
308328376225545 66
308328376250995 91
308328376258182 23
308328376265670 66
308328425230685 91
308328425257846 23
308328425265504 23
308328492320346 66
308328492343645 91
308328492350858 23
308328492357967 66
308328492364933 91
308328569808686 23
308328569831387 66
308328569838866 91
308328569845591 23
308328626494466 66
308328626520493 91
308328626527801 23
308328703046754 23
308328703073483 66
308328703080543 91
308328703087445 23
308328703094203 66
308328771134327 91
308328771160366 23
308328771167518 66
308328771174335 91
308328827740709 23
308328827770843 66
308328827778286 91
308328827784992 23
308328894700527 66
308328894722481 91
308328894729773 23
308328894736439 23
308328973198189 91
308328973229448 23
308328973236762 66
308329028842352 91
308329028868479 23
308329028875755 23
308329028882675 66
308329028889389 91
308329095841518 23
308329095861905 66
308329095869170 91
308329095877949 23
308329163017513 66
308329163033605 91
308329163040641 23
308329163047460 66
308329229899597 91
308329229912748 23
308329229919724 66
308329297021790 91
308329297036152 23
308329297043227 66
308329297050019 91
308329376281257 23
308329376299691 23
308329376306795 23
308329376313514 91
308329431420674 23
308329431434549 14
308329431441567 66
308329431448299 91
308329431454970 23
308329431461692 66
308329498224315 91
308329498244985 23
308329498252216 23
308329498258876 66
308329577643323 91
308329577667855 23
308329577675233 66
308329577682088 91
308329632403833 23
308329632422759 66
308329632429960 91
308329632436884 23
308329709683214 66
308329709717669 91
308329709724900 23
308329709731709 66
308329766660447 91
308329766685563 23
308329766692985 66
308329766699989 91
308329833625612 23
308329833644238 23
308329833651950 66
308329833658717 91
308329907549057 23
308329907579729 23
308329907586829 66
308329907593640 23
308329907600360 66
308329967713309 91
308329967733850 91
308330034873129 23
308330034893482 91
308330034900848 23
308330112755061 66
308330112770922 91
308330112778233 23
308330112785089 91
308330112791879 23
308330168875358 23
308330168889777 66
308330168896948 91
308330168903775 23
308330236073540 66
308330236088793 91
308330236095912 23
308330236102685 91
308330236109341 23
308330314688024 14
308330314704904 23
308330314712212 14
308330314719137 66
308330314726011 91
308330314732580 23
308330375674729 91
308330375694605 23
308330375702079 23
308330375708854 66
308330375715566 91
308330437126426 23
308330437145050 66
308330437152392 91
308330504347812 23
308330504369795 91
308330504377214 66
308330581931473 91
308330581946748 23
308330581953954 14
308330581960724 23
308330581967497 23
308330581974360 14
308330581981127 66
308330638347677 91
308330638363095 23
308330638370431 91
308330638377470 23
308330638384242 23
308330705415480 66
308330705435631 91
308330705442740 23
308330705449462 66
308330705456028 91
308330778567441 23
308330778585864 91
308330778593054 66
308330839665058 91
308330839688319 23
308330839695782 14
308330839703363 23
308330906625993 14
308330906647681 66
308330906655023 91
308330906661814 23
308330906668502 91
308330906711892 23
308330985182352 23
308330985200292 14
308330985207495 66
308330985214310 91
308330985221166 23
308331040836077 91
308331040851546 23
308331040858819 23
308331040865650 14
308331108000504 66
308331108030642 91
308331108037932 23
308331108044751 23
308331108051455 66
308331175044070 91
308331175070042 23
308331175077286 91
308331175084133 66
308331242107035 91
308331242134309 23
308331242141582 23
308331242148353 66
308331242155272 91
308331309111359 23
308331309134911 66
308331309142177 91
308331376114616 23
308331376145453 14
308331376152491 66
308331376159233 91
308331376165859 23
308331376172560 91
308331376179276 66
308331454379448 91
308331454396777 23
308331454404051 23
308331510462804 66
308331510484046 91
308331510491376 23
308331510498189 66
308331577683008 91
308331577706068 23
308331577713629 66
308331577720500 91
308331655703935 23
308331655724339 14
308331655731633 66
308331655738444 91
308331655745211 23
308331711422023 91
308331711440800 66
308331711448046 91
308331711454758 23
308331778609735 23
308331778624489 66
308331778631501 91
308331778638225 23
308331857638069 66
308331857655569 91
308331857663362 23
308331912610511 66
308331912626428 91
308331912633513 23
308331912640135 66
308331912646809 91
308331989547672 23
308331989566659 66
308331989574039 91
308332052534264 23
308332052556147 66
308332052563539 91
308332052570362 91
308332124852358 23
308332124868450 14
308332124875838 66
308332124882689 91
308332124889367 23
308332180865988 66
308332180880422 91
308332180887326 23
308332180894094 91
308332180901382 66
308332247878782 23
308332247893599 91
308332247901067 14
308332326855920 23
308332326872591 14
308332326879808 66
308332326886599 23
308332326893219 66
308332382106520 91
308332382119868 23
308332382126924 23
308332382133717 66
308332449133272 91
308332449147400 23
308332449154358 91
308332449161109 23
308332449167908 23
308332516142343 66
308332516155252 91
308332516162033 23
308332516168735 66
308332516176055 91
308332594175177 23
308332594204304 91
308332594211632 66
308332650348650 91
308332650371229 23
308332650378510 23
308332650385245 66
308332717394552 91
308332717420665 23
308332717427905 66
308332717434826 91
308332796072715 23
308332796096495 66
308332796103730 91
308332851599133 23
308332851617435 91
308332851624701 23
308332851631689 23
308332851638465 14
308332851645375 66
308332851652147 91
308332918575082 23
308332918591410 66
308332918598653 91
308332985611421 23
308332985628324 66
308332985635517 91
308333063306690 23
308333063328535 14
308333063335470 66
308333063342320 91
308333063349094 23
308333063355742 91
308333063362453 66
308333119840665 91
308333119857972 23
308333119865346 23
308333186906499 66
308333186926553 91
308333186933859 23
308333186940694 66
308333186947414 91
308333263283845 23
308333263300031 66
308333263307126 91
308333321038745 23
308333321058496 14
308333321066023 66
308333321072846 91
308333321079580 23
308333388101715 91
308333388121614 23
308333388129045 23
308333388135976 66
308333388142781 91
308333466551345 91
308333466570581 23
308333466577674 14
308333466584464 23
308333522231952 14
308333522248314 66
308333522255304 91
308333522262191 23
308333522268897 91
308333522275652 23
308333589434885 23
308333589451622 66
308333589458906 91
308333668529401 23
308333668555050 66
308333668562350 91
308333731508741 23
308333731533123 14
308333731540559 66
308333731547380 23
308333731554215 66
308333731560887 91
308333790570407 23
308333790596864 66
308333790604493 91
308333790611312 23
308333857672576 66
308333857695259 91
308333857702513 23
308333857709436 66
308333857716255 91
308333935789451 23
308333935814840 66
308333991886331 23
308333991910835 66
308333991918081 91
308334058909900 91
308334058939274 23
308334058946369 23
308334132329963 66
308334132362916 91
308334132370097 23
308334132376879 91
308334132383606 66
308334192918068 23
308334192945441 66
308334192952700 91
308334259968069 23
308334259984656 23
308334259992050 66
308334259998779 23
308334260005525 91
308334338989201 91
308334339004597 23
308334339012084 23
308334339018903 66
308334394073198 91
308334394086876 23
308334394093975 66
308334394100880 91
308334470876500 23
308334470891854 91
308334470898946 66
308334528190581 91
308334528203785 23
308334528210748 23
308334528217575 66
308334528224372 91
308334595269823 23
308334595283266 66
308334595290371 91
308334662372939 23
308334662390930 66
308334662397948 91
308334662404773 23
308334729570398 91
308334729607731 66
308334729615109 91
308334729621912 23
308334729628671 14
308334808221978 23
308334808249118 14
308334808256325 66
308334808263154 91
308334808269951 23
308334863582925 91
308334863603987 23
308334863611253 23
308334863618154 66
308334863624965 91
308334938033877 23
308334938050435 66
308334938057399 91
308335009484331 23
308335009503635 91
308335009511108 66
308335064814323 91
308335064831774 23
308335064839687 14
308335064846625 23
308335064853321 14
308335064860108 66
308335141384631 23
308335141405438 66
308335141412834 91
308335141419909 23
308335198858524 23
308335198910505 66
308335198918843 91
308335198925722 23
308335198932521 91
308335265863178 23
308335265880841 23
308335265888107 66
308335265894958 91
308335343342775 23
308335343358480 66
308335343365484 91
308335408338420 23
308335408354832 66
308335408362929 23
308335408369856 66
308335408376631 91
308335478691952 23
308335478708989 66
308335478716110 91
308335478722756 23
308335534147551 66
308335534163104 91
308335534170283 23
308335534177088 66
308335534183893 91
308335610613089 23
308335610631719 66
308335680673317 23
308335680694542 66
308335680701882 91
308335735616832 91
308335735632497 23
308335735639606 66
308335735646282 91
308335809121478 23
308335809138385 66
308335809145475 91
308335809152357 23
308335869476991 66
308335869494213 91
308335869501487 23
308335869508362 91
308335869515046 66
308335936620597 23
308335936634116 91
308336013837912 23
308336013853715 66
308336013861147 91
308336013867978 23
308336070664381 91
308336070680411 23
308336070687509 23
308336070694244 66
308336070700990 91
308336137815363 23
308336137837361 66
308336137844725 91
308336137852232 23
308336204935135 91
308336204966061 66
308336204973626 23
308336204980417 91
308336271928719 14
308336271952783 23
308336271960006 14
308336271966809 66
308336271973604 91
308336271980262 23
308336339015826 23
308336339042082 66
308336339049263 91
308336339056166 23
308336417120163 91
308336417142543 66
308336417149826 91
308336417156790 23
308336473119692 23
308336473138546 66
308336473145507 91
308336473153036 23
308336540166494 66
308336540185956 91
308336540193036 23
308336540199754 91
308336617077454 14
308336617103392 23
308336617110997 14
308336617117899 66
308336617124643 91
308336617131424 23
308336674413534 91
308336674437431 23
308336674444543 23
308336674451360 66
308336741351684 91
308336741369548 23
308336741376502 66
308336741383331 91
308336808462605 23
308336808488853 14
308336808495861 66
308336808503392 23
308336886337426 23
308336886362238 66
308336886369648 91
308336942596279 23
308336942615286 91
308336942622803 66
308337009604606 23
308337009622504 66
308337009629653 91
308337009636438 23
308337009643078 66
308337076615803 91
308337076633164 23
308337076640222 66
308337076646943 91
308337143846555 23
308337143864716 66
308337143872099 91
308337210816408 23
308337210831765 66
308337210838999 23
308337210846441 66
308337210853190 91
308337277789939 91
308337277803907 23
308337355560638 66
308337355589715 91
308337355596912 23
308337355603638 66
308337411998541 91
308337412020667 23
308337412027798 66
308337412034561 91
308337479023854 23
308337479042331 66
308337479049683 91
308337556788875 23
308337556803475 66
308337556810481 23
308337556817310 66
308337556824143 91
308337613118155 91
308337613130976 23
308337680206386 66
308337680219885 91
308337680227024 23
308337680301827 66
308337758756081 91
308337758779014 23
308337758786342 66
308337758793037 91
308337814682823 23
308337814705189 91
308337814712323 66
308337881388534 23
308337881404489 91
308337881411417 23
308337881418224 66
308337948438541 91
308337948454871 23
308337948461927 23
308337948468689 23
308338015553972 66
308338015569239 91
308338015576398 23
308338015583829 66
308338091904032 23
308338091921164 66
308338091928590 91
308338091935315 23
308338161990891 66
308338162006897 23
308338162014299 66
308338162021181 91
308338216812356 91
308338293921479 23
308338293940961 66
308338293948047 91
308338293954862 23
308338351073653 23
308338351106702 66
308338351113897 23
308338351120597 23
308338351127159 23
308338429263835 66
308338429285698 91
308338485098321 23
308338485115559 66
308338485122955 91
308338552058548 91
308338552072017 23
308338552079104 91
308338631253683 23
308338631277042 66
308338631284199 91
308338631290884 23
308338686381293 91
308338686407615 23
308338686414786 23
308338686421565 66
308338686428285 91
308338753503619 23
308338753529628 66
308338753536885 91
308338820395941 23
308338820420370 91
308338820427682 66
308338898480345 23
308338898506750 91
308338898514678 14
308338898521511 23
308338898528277 14
308338898535014 66
308338954600285 23
308338954622116 66
308338954629486 91
308338954636425 23
308339021579022 23
308339021599700 66
308339021606935 91
308339021613563 23
308339100424816 91
308339100448535 23
308339100455749 23
308339100462445 66
308339100469194 91
308339155609905 23
308339155627079 91
308339155634091 23
308339155640804 23
308339155647542 66
308339222779759 91
308339222793976 23
308339222801061 66
308339289810498 91
308339289824625 23
308339289831621 91
308339289838504 23
308339289845413 14
308339367618616 23
308339367631741 14
308339367638698 66
308339367645509 91
308339367652439 23
308339367659069 91
308339423826089 23
308339423838717 23
308339423845695 66
308339423852454 91
308339490952056 23
308339490967494 66
308339490974838 91
308339490981609 23
308339563626720 91
308339563642995 66
308339563650381 91
308339563657017 23
308339563663677 14
308339625041614 23
308339625056405 14
308339625063324 66
308339625070059 91
308339625076763 23
308339692132213 23
308339692147249 66
308339692154368 91
308339692161191 23
308339770874300 91
308339770890736 23
308339770898056 91
308339770905074 23
308339770911770 14
308339826423506 23
308339826440089 14
308339826446974 66
308339826454235 23
308339826461477 66
308339893618500 91
308339893634419 23
308339893641753 23
308339893648548 66
308339960396346 91
308339960414624 23
308339960422167 91
308339960428970 23
308340027493433 23
308340027509265 66
308340027516692 91
308340027523585 23
308340027530380 91
308340094578048 23
308340094592840 23
308340094599780 66
308340094606502 91
308340161614107 23
308340161627680 91
308340161634632 23
308340161641741 14
308340161648503 23
308340228627084 14
308340228640742 66
308340228647641 91
308340228654473 23
308340228661436 91
308340228668094 23
308340306009757 23
308340306023163 66
308340306030183 91
308340306036990 23
308340362831603 23
308340362846667 14
308340362853933 66
308340362860768 91
308340362867484 23
308340362874249 91
308340362881025 66
308340436768477 91
308340436784004 23
308340436791119 23
308340496861293 66
308340496874657 91
308340496881647 23
308340496888786 66
308340564059221 91
308340564073635 23
308340564080728 91
308340564087545 23
308340564094291 14
308340631111465 23
308340631127593 14
308340631134947 66
308340631141822 91
308340631148581 23
308340709274007 91
308340709288457 23
308340709295411 23
308340709302142 66
308340709308818 91
308340765127628 23
308340765143445 66
308340765150650 91
308340837605737 23
308340837621149 66
308340837628258 91
308340837635183 91
308340904758643 23
308340904785683 14
308340904792989 23
308340904800078 14
308340904806895 66
308340904813667 23
308340966445590 66
308340966469134 23
308340966476341 66
