310275196516483 91
310275252073326 91
310275252091703 23
310275252099000 23
310275252105934 66
310275328384958 91
310275328401476 23
310275328408951 23
310275328415750 66
310275328422388 91
310275328429090 23
310275396455345 23
310275396476136 66
310275396483502 91
310275453172371 91
310275453189396 23
310275453196519 23
310275520318535 66
310275520332606 91
310275520339570 23
310275520346453 23
310275520353226 66
310275587354651 91
310275587370294 23
310275587377516 23
310275587384345 66
310275587391035 91
310275654343995 23
310275654356223 23
310275654363147 66
310275654369887 91
310275654376664 23
310275721707414 23
310275721736404 66
310275721743259 91
310275721750082 23
310275788559535 23
310275788578391 66
310275788585666 91
310275788592435 23
310275788599308 23
310275855562163 66
310275855579223 91
310275855586782 23
310275855594275 23
310275855601106 66
310275922577464 91
310275922590404 23
310275922597406 23
310275922604132 66
310275922610869 91
310275922617664 23
310275989798579 23
310275989813620 66
310275989820946 91
310275989827769 23
310276056774574 23
310276056789983 66
310276056797417 91
310276056804226 23
310276056810995 23
310276134905237 66
310276134921913 91
310276134929204 23
310276134935955 23
310276134942816 66
310276190857042 91
310276190872203 23
310276190879213 23
310276190885961 66
310276190892660 91
310276257903804 23
310276257919072 23
310276257926347 66
310276257933021 91
310276257939722 23
310276336195695 23
310276336210658 66
310276336217930 91
310276336224831 23
310276392038178 23
310276392053241 66
310276392060506 91
310276392067359 23
310276392074204 23
310276459096109 66
310276459108729 91
310276459115950 23
310276459123523 23
310276459130360 66
310276459137127 91
310276538131324 23
310276538146509 23
310276538153739 23
310276538160467 66
310276538167330 91
310276593424650 23
310276593440344 66
310276593447666 91
310276593454354 23
310276660610920 23
310276660625437 66
310276660632574 91
310276660639395 23
310276660646006 23
310276727409129 66
310276727427236 91
310276727434597 23
310276727441524 23
310276727448202 66
310276805395098 23
310276805410416 91
310276805417504 23
310276805424313 66
310276861559819 23
310276861573162 91
310276861580133 23
310276861586781 66
310276861593594 91
310276928554114 23
310276928566698 66
310276928573505 91
310276928580255 23
310277007403281 66
310277007433554 91
310277007440702 23
310277007447702 66
310277062783700 91
310277062807269 23
310277062814556 66
310277062821198 91
310277129925960 23
310277129951054 66
310277129987395 91
310277129994753 23
310277196927364 66
310277196954151 91
310277196961312 23
310277196968210 66
310277274635616 91
310277274656947 23
310277274664287 66
310277274671195 91
310277331098528 23
310277331117440 66
310277331124743 91
310277331131691 23
310277398151146 66
310277398167328 91
310277398174479 23
310277398181360 66
310277398188147 91
310277476548211 23
310277476564570 66
310277476572771 91
310277532180413 23
310277532195364 66
310277532202423 91
310277532209161 23
310277599267751 66
310277599280218 91
310277599287080 23
310277599293921 66
310277599300521 91
310277677873850 23
310277677890946 66
310277677898398 91
310277677905426 23
310277733567657 66
310277733592272 91
310277733599405 23
310277733606342 66
310277800532089 91
310277800547533 23
310277800554714 66
310277800561441 91
310277879829306 23
310277879847396 66
310277879854645 91
310277879861895 23
310277934569258 91
310277934585324 23
310277934592712 23
310277934599460 66
310277934606308 91
310278011042382 23
310278011058174 66
310278011065726 91
310278011072549 23
310278081103290 66
310278081120203 91
310278081127937 23
310278135807649 66
310278135823156 91
310278135830373 23
310278135837333 66
310278135844134 91
310278212988907 23
310278213005466 66
310278213012830 91
310278213020556 23
310278270031034 66
310278270046503 91
310278270053923 23
310278336933669 23
310278336948464 66
310278336955524 23
310278336962466 66
310278336969156 91
310278336975862 23
310278404018081 66
310278404032785 91
310278404039883 23
310278404046636 66
310278471199726 91
310278471212643 23
310278471219969 66
310278471226716 91
310278538111625 23
310278538123721 66
310278538130869 91
310278538137789 23
310278616246098 66
310278616260269 91
310278616267335 23
310278616274158 66
310278672422434 91
310278672437683 23
310278672444852 66
310278672451631 91
310278739598636 23
310278739613756 66
310278739621042 91
310278739628179 23
310278806358923 66
310278806375785 91
310278806383023 23
310278806389922 66
310278873574391 91
310278873588074 23
310278873595106 66
310278873601899 91
310278940618867 23
310278940634422 66
310278940641593 23
310278940648359 91
310279007631175 91
310279007648005 23
310279007655520 23
310279007662319 66
310279007669122 91
310279085461395 23
310279085477398 66
310279085484728 91
310279141749985 23
310279141765719 66
310279141773031 91
310279141779918 23
310279216205038 66
310279216220108 91
310279216227343 23
310279216234247 66
310279216241180 91
310279275868201 23
310279275884084 23
310279275891454 66
310279275898259 91
310279343040819 23
310279343054893 91
310279343061811 23
310279343068616 23
310279343075352 66
310279410037020 91
310279410049210 23
310279410056256 23
310279410063037 14
310279410069783 66
310279488783533 91
310279488814715 23
310279488821935 23
310279488828822 66
310279488835563 91
310279488842373 23
310279544195187 66
310279544220671 91
310279544227952 23
310279544235331 66
310279544242103 91
310279619183254 23
310279619208465 66
310279619216130 91
310279690099322 23
310279690133570 66
310279690140480 91
310279690147455 23
310279745381154 66
310279745398457 91
310279745405459 23
310279745412270 66
310279821878066 91
310279821895896 23
310279821902946 91
310279821909819 23
310279821916523 23
310279879474291 66
310279879488430 91
310279879495496 23
310279879502235 66
310279946768216 91
310279946796539 23
310279946803596 66
310279946810338 91
310280019926661 23
310280019944744 66
310280019951736 91
310280019958561 23
310280080819895 66
310280080836367 91
310280080843556 23
310280080850472 66
310280080857196 91
310280147799041 23
310280147813496 66
310280147820796 91
310280225153937 23
310280225169812 66
310280225177172 91
310280225184194 23
310280281827631 66
310280281843063 91
310280281851173 23
310280281857992 66
310280281864797 91
310280349022071 23
310280349037360 66
310280349044465 91
310280427084840 23
310280427099906 66
310280427106908 91
310280427113671 23
310280483009321 66
310280483024823 91
310280483032046 23
310280483038990 66
310280550203509 23
310280550217900 91
310280550225064 91
310280550231942 23
310280550238803 23
310280628380030 66
310280628395287 91
310280628402734 23
310280628410024 66
310280628416829 91
310280684213168 23
310280684229734 66
310280684237352 91
310280751407448 23
310280751421645 66
310280751428661 91
310280751435478 23
310280830362192 66
310280830379364 91
310280830386672 23
310280830393415 66
310280830400193 91
310280885400255 23
310280885415458 14
310280885422609 66
310280885429303 91
310280952456264 23
310280952471003 91
310280952478101 23
310280952484936 23
310280952492001 66
310281019541641 91
310281019555448 23
310281019562358 66
310281019569110 91
310281097576824 23
310281097592039 66
310281097599149 91
310281097605918 23
310281153779610 66
310281153793441 91
310281153800579 23
310281153807427 66
310281220775497 91
310281220788447 23
310281220795329 66
310281220802178 91
310281287789903 23
310281287804036 66
310281287810947 91
310281287817891 23
310281354836393 66
310281354853261 91
310281354860635 23
310281354867528 66
310281354874349 91
310281422068279 23
310281422085638 66
310281422092871 91
310281500876513 23
310281500898547 66
310281500906134 91
310281500912915 23
310281556085494 66
310281556103443 23
310281556110604 66
310281556117483 23
310281632747275 66
310281632765298 23
310281632772458 66
310281632779189 91
310281690192591 91
310281690210316 23
310281757284943 66
310281757303525 91
310281757310891 23
310281757317627 23
310281757324346 66
310281834016219 91
310281834029658 91
310281891523664 23
310281891572899 66
310281891580967 91
310281891587919 23
310281891594734 91
310281891601553 23
310281958631298 23
310281958652656 66
310281958659974 91
310281958666797 23
310282036070932 91
310282036102372 23
310282036109909 23
310282036116853 66
310282092597167 91
310282092616114 23
310282092623699 66
310282092630490 91
310282159899013 23
310282159922158 66
310282159929530 91
310282159936246 23
310282226861080 66
310282226886147 91
310282226893284 23
310282226900046 66
310282226906785 91
310282303243747 23
310282303262888 66
310282303270261 91
310282360864230 23
310282360881072 66
310282360888378 91
310282360895299 23
310282428024247 66
310282428039555 91
310282428046792 23
310282428053724 66
310282428061358 91
310282505176005 23
310282505191716 66
310282505198968 91
310282567838670 23
310282567856924 66
310282567864461 91
310282567871254 23
310282640534953 14
310282640550170 66
310282640557198 91
310282640564122 23
310282640570939 91
310282640577798 23
310282696130788 23
310282696146013 14
310282696153158 66
310282696160011 23
310282696167051 66
310282772429278 23
310282772446314 91
310282772453704 23
310282772461114 23
310282842493001 66
310282842509323 23
310282842516675 23
310282842523457 66
310282897608941 91
310282897624554 91
310282964393254 23
310282964408505 66
310282964415640 23
310282964422729 66
310283043791169 91
310283043806392 91
310283043813565 23
310283098563518 91
310283098578315 23
310283098585589 23
310283098592438 66
310283098599158 91
310283175674536 23
310283175688888 66
310283175696085 91
310283232773380 23
310283232788559 66
310283232795786 91
310283232802665 23
310283299787401 66
310283299801912 91
310283299809184 23
310283299816053 66
310283299822763 91
310283375702274 23
310283375717185 66
310283375724464 91
310283375731179 23
310283433892025 66
310283433911143 91
310283433918613 23
310283433925581 66
310283501054819 91
310283501070070 23
310283501077132 66
310283501083923 91
310283578917860 23
310283578932894 66
310283578939906 91
310283578946635 23
310283635083316 66
310283635096216 91
310283635103143 23
310283635109904 66
310283635116673 91
310283702083080 23
310283702095672 66
310283780900585 91
310283780917108 23
310283780924208 91
310283780930903 23
310283780937708 23
310283843948684 14
310283843965205 66
310283843972565 23
310283843979162 91
310283843986046 91
310283843992879 23
310283903346444 23
310283903360981 14
310283903368094 66
310283903374881 23
310283903381704 91
310283970348634 91
310283970361912 23
310283970368855 23
310284048134004 14
310284048150022 66
310284048157237 91
310284048164070 23
310284048170877 91
310284048177571 23
310284104533392 23
310284104549405 66
310284104557039 91
310284104563936 23
310284171721262 66
310284171746167 91
310284171753505 23
310284171760275 66
310284171767002 91
310284244699570 23
310284244716716 66
310284244724109 91
310284305812496 23
310284305828137 66
310284305835584 91
310284305842415 23
310284373027264 66
310284373042206 91
310284373049431 23
310284373056445 66
310284373063182 91
310284451385926 23
310284451400578 66
310284451407807 91
310284507035924 23
310284507049013 66
310284507056017 91
310284507063045 23
310284574127871 66
310284574154221 91
310284574161330 23
310284574168861 14
310284574175640 66
310284641113641 91
310284641137899 23
310284641145038 91
310284641151740 23
310284641158435 23
310284708309781 66
310284708337710 91
310284708344899 23
310284708351766 66
310284775159467 91
310284775181004 23
310284775188084 66
310284775195028 91
310284842226054 23
310284842242512 66
310284842249494 91
310284842256215 23
310284920596396 66
310284920613677 91
310284920621234 23
310284920629050 66
310284920635831 91
310284976619282 23
310284976635106 66
310284976642307 91
310285043363199 23
310285043376534 66
310285043383463 91
310285043390312 23
310285110468683 66
310285110484612 91
310285110491818 23
310285110498624 66
310285110505371 91
310285177542810 23
310285177558329 66
310285177565860 91
310285177572820 23
310285244661699 66
310285244676075 91
310285244683308 23
310285323829045 23
310285323842567 91
310285323849595 14
310285323856327 23
310285323863076 14
310285323869867 66
310285323876631 91
310285323883424 23
310285378795403 66
310285378810103 91
310285378817417 23
310285378824374 66
310285455728121 91
310285455744196 23
310285455751568 66
310285455758446 91
310285520720858 23
310285520736016 66
310285520743308 91
310285520750072 23
310285591103461 66
310285591120985 91
310285591128391 23
310285591135639 66
310285647106147 91
310285647125516 23
310285647132898 66
310285647139673 91
310285714103696 23
310285714120643 66
310285714127981 91
310285714134915 23
310285793052081 66
310285793068885 91
310285793076054 23
310285793082966 66
310285848191895 23
310285848206770 91
310285848214182 91
310285848221075 23
310285921536657 23
310285921553672 66
310285921560873 91
310285921567974 23
310285994335214 66
310285994352157 91
310285994359421 23
310285994366169 66
310285994372936 91
310286049516175 23
310286049533003 66
310286049540363 91
310286126239564 23
310286126255219 66
310286126262521 91
310286126269511 23
310286183646066 66
310286183670234 91
310286183677429 23
310286183684185 66
310286183690866 91
310286250661159 23
310286250683519 66
310286250690458 91
310286250697261 23
310286317777986 23
310286317797021 14
310286317805219 66
310286317812135 91
310286317818944 23
310286384788046 91
310286384806594 23
310286384813798 23
310286384820602 66
310286384827548 91
310286451814583 23
310286451833280 66
310286451840272 91
310286451846948 23
310286529472322 66
310286529492046 91
310286529499583 23
310286529506167 66
310286529512871 91
310286586015530 23
310286586034225 66
310286586041532 91
310286653007639 23
310286653027359 66
310286653035037 91
310286653041931 23
310286729418499 66
310286729433342 91
310286729440402 23
310286729447163 66
310286729453857 91
310286787240491 23
310286787255907 66
310286787262923 91
310286787269611 23
310286854127729 91
310286854142053 23
310286854149178 14
310286854155945 23
310286854162814 14
310286921188345 66
310286921201349 91
310286921208287 23
310286921215114 66
310286921221899 91
310286998680965 23
310286998698503 66
310286998705807 91
310286998712680 23
310287055819156 66
310287055846552 91
310287055853804 23
310287055860597 66
310287055867303 91
310287122476463 23
310287122501610 66
310287122509135 91
310287189688988 23
310287189720345 66
310287189727625 91
310287189734422 23
310287189741372 66
310287256700189 91
310287256724516 23
310287256731677 66
310287256738679 91
310287323713605 23
310287323737256 66
310287323745393 91
310287323752119 23
310287402217719 66
310287402237315 91
310287402244697 23
310287402251567 66
310287457744180 91
310287457761141 23
310287457768278 66
310287457774990 91
310287524818400 23
310287524832375 66
310287524839180 91
310287524845937 23
310287591854752 91
310287591868519 23
310287591875433 23
310287591882252 14
310287669161813 66
310287669177919 91
310287669185191 23
310287669191901 91
310287669199868 23
310287726070996 23
310287726085592 14
310287726092714 66
310287726099642 23
310287726106356 66
310287793080071 91
310287793093554 23
310287793100448 91
310287793107249 66
310287871127804 23
310287871142927 66
310287871150096 23
310287871156935 66
310287927318190 91
310287994323844 91
310287994338003 23
310287994345065 23
310287994351785 66
310287994358502 91
310288061613669 23
310288061651590 91
310288061659803 66
310288061666660 23
310288128485458 66
310288128513005 23
310288128520166 66
