314113252330764 91
314113307550789 23
314113307573712 66
314113307580958 91
314113384191154 23
314113384208962 66
314113384216400 91
314113441774365 23
314113441788341 66
314113441795313 91
314113508788353 91
314113508807275 23
314113508814607 66
314113575803266 91
314113575818107 23
314113575825310 66
314113575832854 91
314113575839558 23
314113642821580 23
314113642834816 66
314113642841685 91
314113642848498 23
314113642855229 23
314113721518246 66
314113721533479 91
314113721540661 23
314113721547457 23
314113721554333 66
314113776936704 91
314113776950970 23
314113776958002 23
314113776964827 66
314113776971562 91
314113851501098 23
314113851515432 23
314113851522530 66
314113851529244 91
314113851535959 23
314113922811411 23
314113922827326 23
314113922834596 66
314113922841326 23
314113922848039 66
314113922854616 91
314113978148613 91
314113978166223 23
314114054694788 66
314114054709008 91
314114054716084 23
314114054722788 66
314114054729521 91
314114054736149 23
314114124798734 23
314114124816830 66
314114124826519 91
314114124835653 23
314114179626087 23
314114179641615 66
314114179649112 91
314114179656018 23
314114179663132 23
314114256662918 66
314114256677511 91
314114256684351 23
314114256691113 23
314114256697830 66
314114319628852 91
314114319644874 23
314114319652057 23
314114319658828 66
314114319665462 91
314114319672293 23
314114391999684 23
314114392013819 66
314114392021110 91
314114392027976 23
314114392034768 23
314114392041573 66
314114447628996 91
314114514653121 91
314114514667153 23
314114514674429 66
314114514682979 91
314114602157305 23
314114602186133 66
314114602193242 91
314114602199979 23
314114649960476 23
314114649986565 66
314114649993623 91
314114650000476 23
314114650007343 23
314114716397208 66
314114716420662 91
314114716428006 23
314114716434755 23
314114716441531 66
314114783150648 91
314114783177693 23
314114783185113 23
314114783191918 66
314114783198743 91
314114783205470 23
314114861291582 23
314114861319484 66
314114861326866 91
314114861333789 23
314114917117763 23
314114917134388 66
314114917141358 91
314114917148070 23
314114917154855 23
314114984170739 66
314114984191954 91
314114984199322 23
314114984206242 23
314114984212914 66
314115063142413 91
314115063158206 23
314115063165383 23
314115063172141 66
314115063178866 91
314115063185504 23
314115118347589 23
314115118363404 66
314115118370760 91
314115118378056 23
314115185346054 23
314115185359995 66
314115185366887 91
314115185373599 23
314115185380479 23
314115252383097 66
314115252397018 91
314115252403990 23
314115252410586 23
314115252417497 66
314115330388834 23
314115330402315 66
314115330409443 91
314115330416254 91
314115386555571 23
314115386568088 66
314115386575175 91
314115386581889 23
314115453568065 66
314115453581683 91
314115453588572 23
314115453596011 23
314115453602775 66
314115530428395 91
314115530442073 23
314115530449061 23
314115530455689 66
314115530462448 91
314115587784929 23
314115587798005 23
314115587804846 66
314115587811583 91
314115587818307 23
314115654799762 23
314115654814589 66
314115654821770 91
314115654828641 23
314115654835491 23
314115733675460 66
314115733692724 91
314115733700111 23
314115733706964 23
314115733713736 23
314115789038849 66
314115789053048 91
314115789059956 23
314115789066835 66
314115789073640 91
314115789080352 23
314115865549382 23
314115865563639 66
314115865570627 91
314115865577249 23
314115923008796 23
314115923022252 66
314115923029043 91
314115923035750 23
314115923042621 23
314115990265888 66
314115990284186 91
314115990291377 23
314115990298184 23
314115990304832 66
314115990311480 91
314116057275916 23
314116057297976 23
314116057305445 66
314116057312206 91
314116057318990 23
314116124207798 23
314116124222989 66
314116124230150 91
314116124237029 23
314116124243737 23
314116202849551 66
314116202868504 91
314116202875797 23
314116202882649 23
314116202890248 66
314116258651281 23
314116258669979 66
314116258677164 91
314116258683921 91
314116325375942 23
314116325391712 66
314116325398889 91
314116325405642 23
314116399393908 66
314116399408310 91
314116399415729 23
314116399422318 23
314116459582779 66
314116459599468 91
314116459606816 23
314116459613709 23
314116459620488 66
314116459627158 91
314116536227273 23
314116536256902 23
314116536264275 66
314116536271176 91
314116536277870 23
314116606151391 23
314116606170630 66
314116606177864 91
314116606184600 23
314116606191610 23
314116660819113 66
314116660836544 91
314116660844260 23
314116660851158 23
314116660857824 66
314116738053016 91
314116738075688 23
314116738082963 23
314116738089768 66
314116738096476 91
314116738103215 23
314116795050768 23
314116795069477 66
314116795076876 91
314116795083866 23
314116862112830 23
314116862135791 66
314116862143039 91
314116862149787 23
314116862156478 23
314116862163204 66
314116929099015 91
314116996127651 23
314116996148796 66
314116996156848 91
314117075324979 23
314117075344994 66
314117075352096 91
314117075358909 91
314117130408014 23
314117130435181 66
314117130442310 23
314117130449056 66
314117205208418 91
314117205238535 23
314117276662377 66
314117276688062 91
314117276695307 91
314117331581979 23
314117331606556 66
314117331613855 91
314117331620580 23
314117331627308 66
314117408546349 91
314117408568232 23
314117408575403 23
314117408582934 66
314117465562229 91
314117465578821 23
314117465586063 23
314117465593026 66
314117465599942 91
314117465606880 23
314117532791230 23
314117532813298 66
314117532820304 91
314117532827017 23
314117610467497 23
314117610488869 66
314117610496170 91
314117610503074 23
314117610509923 23
314117666833778 66
314117666854466 91
314117666911466 23
314117666920564 23
314117666929577 66
314117745818579 91
314117745837416 23
314117745844619 23
314117745851322 66
314117745857927 91
314117745864652 23
314117801006189 23
314117801024234 66
314117801031476 91
314117801038385 23
314117877697891 23
314117877716528 66
314117877723641 91
314117877730399 23
314117877737065 23
314117877743794 66
314117935044337 91
314117935059406 23
314117935066554 23
314117935073277 66
314117935080007 91
314118002111406 23
314118002127852 23
314118002135224 66
314118002142087 91
314118002148727 23
314118076260205 23
314118076275859 66
314118076283203 91
314118076290265 23
314118076296999 23
314118136234978 66
314118136249773 91
314118136256885 23
314118136263702 23
314118136270491 66
314118203328786 91
314118203345224 23
314118203352796 23
314118203359621 66
314118203366413 91
314118203373172 23
314118280936621 23
314118280950548 66
314118280957701 91
314118280964977 23
314118337605024 23
314118337620066 66
314118337627573 91
314118337634479 23
314118337641281 23
314118404803365 66
314118404817888 91
314118404825147 23
314118404832014 23
314118404838801 66
314118477058563 91
314118477075642 23
314118477082644 23
314118477089497 66
314118477096121 91
314118477102743 23
314118538559892 23
314118538575650 66
314118538582897 91
314118538589652 23
314118538596583 23
314118605760095 66
314118605775402 91
314118605782762 23
314118605789766 23
314118605796539 66
314118684240868 91
314118684255886 23
314118684263246 23
314118684270049 66
314118684276876 91
314118739800969 23
314118739816043 23
314118739823212 66
314118739830125 91
314118739836755 23
314118806825357 23
314118806839144 66
314118806846140 91
314118806852770 23
314118806859525 23
314118884144352 66
314118884161637 91
314118884169220 23
314118884175929 23
314118884182828 66
314118941054600 91
314118941068431 23
314118941075547 23
314118941082451 66
314118941089127 91
314118941095735 23
314119008060506 23
314119008074327 66
314119008081356 91
314119008087996 23
314119075150777 23
314119075170202 66
314119075177084 91
314119075183734 23
314119075190561 23
314119153398718 66
314119153414639 91
314119153422215 23
314119153429217 23
314119153436444 66
314119209311349 91
314119209324939 23
314119209331891 23
314119209338840 66
314119209345593 91
314119209352319 23
314119276308784 23
314119276322043 66
314119276329257 91
314119276335979 23
314119276342816 23
314119343349461 66
314119343363493 91
314119343370489 23
314119343377152 23
314119343383844 66
314119410541971 91
314119410555618 23
314119410562725 23
314119410569512 66
314119410576335 91
314119477554298 23
314119477567473 23
314119477574518 66
314119477581272 23
314119477587960 66
314119544535069 91
314119544548202 91
314119622600545 23
314119622616848 66
314119622624218 23
314119622630922 66
314119622637697 91
314119678987694 91
314119679017937 23
314119679025124 66
314119679031963 91
314119745882482 23
314119745906562 66
314119745913851 91
314119745920729 23
314119823948053 23
314119823975447 66
314119823983111 91
314119823989882 23
314119823996600 23
314119880121500 66
314119880145445 91
314119880152570 23
314119880159379 23
314119880166101 66
314119947054223 91
314119947072334 23
314119947079282 23
314119947086171 66
314119947092835 91
314120025864859 23
314120025883532 66
314120025890852 91
314120081152018 91
314120081168743 23
314120148223055 66
314120148243494 91
314120148250922 23
314120148257958 66
314120148265487 91
314120215329303 23
314120215351309 23
314120215358599 66
314120215365448 91
314120215372162 23
314120293109662 23
314120293129675 66
314120293136999 91
314120293143810 23
314120293150502 23
314120349438218 66
314120349454344 91
314120349461390 23
314120349468105 23
314120349474887 66
314120416619652 91
314120416633811 23
314120416640752 23
314120416647602 66
314120416654362 91
314120416661211 23
314120495092292 23
314120495112757 66
314120495120075 91
314120495126877 23
314120550593388 23
314120550610832 66
314120550618198 91
314120550625027 23
314120550631804 23
314120617649287 66
314120617664542 91
314120617702792 23
314120617710663 23
314120617717482 66
314120617724277 91
314120684738039 23
314120684751075 23
314120684758019 66
314120684764768 91
314120684771566 23
314120762535325 23
314120762567959 66
314120762575798 91
314120762582726 23
314120762589494 23
314120818984411 66
314120819008123 91
314120819015131 23
314120819021843 23
314120819028549 66
314120886106631 91
314120886135099 23
314120886142369 23
314120886149286 66
314120886156005 91
314120964254270 23
314120964274673 23
314120964282128 66
314120964288858 91
314120964295683 23
314121020066510 23
314121020081946 66
314121020089014 91
314121020095817 23
314121020104615 23
314121087050079 66
314121087100471 91
314121087107612 23
314121087114469 23
314121087121151 66
314121165541173 91
314121165558899 23
314121165566371 23
314121165573277 66
314121165580005 91
314121165586740 23
314121221259204 23
314121221272440 66
314121221279649 91
314121221286458 23
314121288275778 23
314121288290550 66
314121288297679 91
314121288304436 23
314121288311120 23
314121367538201 66
314121367556998 91
314121367564453 23
314121367571212 23
314121367577880 66
314121422500026 91
314121422515868 23
314121422523156 23
314121422529894 66
314121422536571 91
314121422543329 23
314121498718683 23
314121498734592 66
314121498741811 91
314121498748604 23
314121568815942 23
314121568831225 66
314121568838092 91
314121568844809 23
314121568851700 23
314121623543220 66
314121623557944 91
314121623565083 23
314121623572169 23
314121623579175 66
314121623585910 91
314121700715914 23
314121700733317 66
314121757769926 91
314121757785688 23
314121824775487 66
314121824790436 91
314121824797426 91
314121891889695 23
314121891905872 66
314121891913290 23
314121891920057 66
314121891926852 91
314121959010683 91
314121959025940 23
314122026009680 23
314122026023560 66
314122026030859 91
314122026037636 23
314122026044445 23
314122103934646 66
314122103948276 91
314122103955326 23
314122103962183 23
314122103968859 66
314122160165109 91
314122160178606 23
314122160185684 23
314122160192503 66
314122160199258 91
314122160205835 23
314122227313446 23
314122227338670 66
314122227345967 91
314122227352873 23
314122294259541 23
314122294286428 66
314122294293634 91
314122294300483 23
314122294307197 23
314122361405102 66
314122361428023 91
314122361435876 23
314122361442823 23
314122361449552 66
314122361456280 91
314122428479824 23
314122428501725 23
314122428508978 66
314122428515719 91
314122428522532 23
314122495617829 23
314122495632596 66
314122495639682 91
314122495646554 23
314122495653228 23
314122573185732 66
314122573205301 91
314122573212406 23
314122573219199 23
314122573225975 66
314122629762618 91
314122629779917 23
314122629787484 23
314122629795063 66
314122629801969 91
314122703949476 23
314122703966214 23
314122703973783 66
314122703980560 91
314122763820659 23
314122763834868 66
314122830817967 91
314122897839159 23
314122897852797 66
314122897859716 91
314122897866586 91
314122976385640 23
314122976398489 66
314122976405389 91
314122976412341 23
314123032038593 66
314123032053039 91
314123032060182 23
314123032066959 23
314123104715950 66
314123104730954 91
314123104738137 23
314123104744946 23
314123104751717 66
314123104758534 91
314123166080494 23
314123166097348 23
314123166104825 66
314123166111593 91
314123166118426 23
314123233261810 23
314123233276317 66
314123233283236 91
314123233289876 23
314123233296589 23
314123309613444 66
314123309633549 91
314123309640724 23
314123309647533 23
314123309654374 66
314123379675394 91
314123379690981 23
314123434326795 66
314123434343301 91
314123507616835 23
314123507631666 66
314123507638738 91
314123568556928 91
314123568571757 23
314123568578879 66
314123635548131 91
314123635560646 23
314123635567620 66
314123635574423 91
314123635581194 23
314123702544455 23
314123702560109 66
314123702567549 91
314123702574257 23
314123769750141 23
314123769763884 66
314123769770999 91
314123769777898 23
314123769784504 23
314123769791727 66
314123836768721 91
314123836783198 23
314123836790276 23
314123836797097 66
314123836803860 91
314123914800935 23
314123914818890 23
314123914826091 66
314123914832946 91
314123914839697 23
314123970823162 23
314123970838256 66
314123970845329 91
314123970852102 23
314123970858868 23
314124037997970 66
314124038011814 91
314124038018759 23
314124038025490 23
314124038032112 66
314124116095291 91
314124116109389 23
314124116116262 23
314124116122876 66
314124116129603 91
314124116136414 23
314124172130154 23
314124172145520 66
314124172152769 91
314124172159495 23
314124239123801 23
314124239137254 66
314124239144386 91
314124239151324 23
314124239157970 23
314124318071761 66
314124318087696 91
314124318094853 23
314124318101762 23
314124318108589 66
314124378705389 91
314124378722199 23
314124378729181 23
314124378736669 66
314124378743466 91
314124378750191 23
314124440374041 23
314124440393514 66
314124440401009 91
314124440407888 23
314124507455123 23
314124507472013 66
314124507479347 91
314124507486285 23
314124507493072 23
314124585323171 66
314124585339422 91
314124585346603 23
314124585353522 23
314124585360313 66
314124585367146 91
314124641847891 23
314124641863138 23
314124641870253 66
314124641877124 91
314124641884627 23
314124708793920 23
314124708830634 66
314124708837968 91
314124708844939 23
314124708851678 23
314124775731402 23
314124775755158 66
314124775762337 23
314124775769333 66
314124775776039 91
314124842842176 91
314124842867285 23
314124842874674 66
314124842881511 91
314124909793760 23
314124909812626 66
314124909820113 91
314124909827057 23
314124988718931 23
314124988751222 66
314124988758608 91
314124988767766 23
314124988774624 23
314125044050214 66
314125044071176 91
314125044078598 23
314125044085415 23
314125044092164 66
314125044098876 91
314125120459911 23
314125120479181 23
314125120486473 66
314125120493342 91
314125120500115 23
314125178079616 23
314125178098781 66
314125178105636 91
314125178112338 23
314125178119174 23
314125245090202 66
314125245111486 91
314125245118882 23
314125245125697 23
314125245133186 66
314125321745496 91
314125321760876 23
314125321767997 23
314125321774832 66
314125321781581 91
314125379296568 23
314125379310298 23
314125379317356 66
314125379323974 91
314125379330685 23
314125446276945 23
314125446289696 66
314125446296832 91
314125446303595 23
314125446310327 23
314125523716900 66
314125523734074 91
314125523741249 23
314125523748078 23
314125523754746 66
314125580629522 91
314125580644427 23
314125580651405 23
314125580658169 66
314125580664890 91
314125580671624 23
314125647484780 23
314125647500701 66
314125647507827 91
314125647514723 23
314125714519419 23
314125714533220 66
314125714540326 91
314125714547121 23
314125714553894 23
314125790953399 66
314125790970749 91
314125790977946 23
314125790985054 23
314125790991839 66
314125860989126 91
314125861004317 23
314125861011593 23
314125861018923 66
314125861025744 91
314125861032575 23
314125915771456 23
314125915786279 66
314125915793671 91
314125915800496 23
314125915807168 23
314125992929486 66
314125992945969 91
314125992953224 23
314125992960057 23
314125992966725 66
314126055529792 91
314126055547311 23
314126055554536 23
314126055561375 66
314126055568091 91
314126128241227 23
314126128256772 66
314126184060219 91
314126184079473 91
314126251042479 23
314126251058830 66
314126251065752 91
314126251072589 23
314126251079422 66
314126330221487 91
314126330238154 23
314126330245420 23
314126330252126 66
314126330258827 91
314126330265406 23
314126385215240 23
314126385229172 66
314126385236122 91
314126385242864 23
314126452254512 23
314126452269284 66
314126452276226 91
314126452282908 23
314126452289616 23
314126531521554 66
314126531538516 23
314126531546613 66
314126531553408 91
314126586414599 91
314126586428498 23
314126586435555 66
314126586442366 91
314126586449030 23
314126663566966 66
314126663598552 91
314126663605822 23
314126663612808 91
314126663619494 23
314126720861290 23
314126720880721 66
314126720887626 23
314126720894262 66
314126787575365 23
314126787589385 66
