304265099935735 91
304265167283740 23
304265167325354 66
304265167332834 91
304265245136299 91
304265301210941 91
304265301250831 23
304265301258191 23
304265301265020 66
304265301271642 91
304265368224506 23
304265368252178 66
304265368260073 91
304265435332502 23
304265435362741 91
304265435370043 66
304265502319299 91
304265502346830 23
304265502354174 23
304265502360862 66
304265569362228 91
304265569384854 23
304265569392093 91
304265569398882 23
304265569405554 14
304265636479244 23
304265636501163 14
304265636508459 66
304265636515196 91
304265636521966 23
304265714326127 91
304265714359653 23
304265714367033 23
304265770577509 14
304265770595405 66
304265770602596 91
304265770609391 23
304265770616055 91
304265770622745 23
304265837582095 23
304265837612618 66
304265837620141 91
304265837626996 23
304265915468888 66
304265915493118 91
304265971794413 91
304265971818714 23
304265971825959 14
304265971833070 23
304265971839698 14
304265971846428 66
304266038784863 91
304266038807058 23
304266038814034 91
304266038820827 23
304266117448660 23
304266117477213 14
304266117484499 66
304266117491486 91
304266117498195 23
304266172984933 91
304266173007546 23
304266173014717 23
304266173021657 66
304266173028500 91
304266239990667 23
304266240013541 91
304266240020781 66
304266307038278 91
304266307060471 23
304266307067730 14
304266384710995 23
304266384740765 14
304266384748013 66
304266384754882 91
304266384761606 23
304266441211464 91
304266441236410 23
304266441243702 23
304266441250439 66
304266441257091 91
304266508278736 23
304266508301611 66
304266508308859 91
304266586655656 91
304266586678444 23
304266586685834 14
304266586692629 23
304266586699426 66
304266642490446 91
304266642519001 23
304266642526190 23
304266642533075 66
304266715842367 91
304266715871188 23
304266715878281 91
304266715885051 23
304266776582027 23
304266776611415 14
304266776619324 66
304266776626292 91
304266776632986 23
304266843553054 91
304266843582271 23
304266843589472 23
304266843596261 66
304266843603033 91
304266910660827 23
304266910686552 66
304266910693485 91
304266990004866 23
304266990035302 66
304266990042427 91
304267044978866 23
304267045006388 66
304267045013750 91
304267111908567 23
304267111933487 66
304267111940674 91
304267111947616 23
304267178963736 66
304267178995576 91
304267179003057 23
304267257190115 66
304267257220040 91
304267257227414 23
304267257234263 66
304267313275103 23
304267313294160 66
304267380079953 91
304267380103204 23
304267380110564 23
304267380117554 66
304267459082319 91
304267459109056 23
304267459116233 91
304267459122971 23
304267459129641 23
304267514316591 66
304267514339649 91
304267514346776 23
304267581376545 91
304267581402837 66
304267581410781 91
304267581417684 23
304267581424475 14
304267648355733 23
304267648377467 14
304267648384685 66
304267648391628 91
304267648398357 23
304267726375523 91
304267726409182 23
304267782545462 23
304267782568350 14
304267782575529 66
304267782582632 91
304267782589439 23
304267782596163 91
304267849558159 23
304267849580052 23
304267849587173 66
304267849594173 91
304267922348483 23
304267922372852 66
304267922380890 91
304267922387766 23
304267983833840 66
304267983864014 91
304267983871163 23
304268050807877 66
304268050834939 91
304268050842293 23
304268050849281 91
304268129631396 66
304268129657461 23
304268129664839 14
304268184858449 66
304268184884564 91
304268184891920 23
304268184898598 23
304268261517903 66
304268261544334 91
304268261551559 23
304268261558282 91
304268261565280 23
304268319074906 23
304268319106060 14
304268319113271 66
304268319120092 91
304268392670854 23
304268392698514 91
304268392705693 23
304268392712430 23
304268392719295 66
304268453174133 91
304268453203358 23
304268453210423 23
304268453217405 66
304268520339486 91
304268520369908 23
304268520377349 91
304268520384280 23
304268520391118 23
304268587284968 66
304268587308601 91
304268587355014 23
304268664835935 66
304268664864999 91
304268664873074 23
304268721417263 66
304268721430911 91
304268721438008 23
304268721444851 66
304268795596953 91
304268795629630 23
304268795636471 91
304268795643375 66
304268855529573 91
304268855553110 23
304268855560094 14
304268922814103 23
304268922851229 14
304268922858624 66
304268922865485 91
304268922872344 23
304268922879097 91
304268922885865 66
304268989664966 23
304268989689810 66
304268989697090 91
304269068011551 23
304269068039885 91
304269068047102 23
304269068054030 23
304269123742702 66
304269123770627 91
304269123777865 23
304269123784565 66
304269123791271 91
304269190806773 91
304269190829974 23
304269269307678 23
304269269332341 14
304269269339610 66
304269269346431 91
304269269353260 23
304269325100534 91
304269325128600 23
304269325135822 23
304269325142602 66
304269392316704 91
304269392338346 23
304269392347402 66
304269392354291 91
304269459083211 23
304269459104463 66
304269459111742 91
304269537200262 23
304269537225257 66
304269537232408 91
304269601297726 23
304269601323463 91
304269601330308 66
304269601337028 91
304269660333874 23
304269660361989 14
304269660369411 66
304269660376268 91
304269738549604 23
304269738579145 91
304269738586455 66
304269794506723 91
304269794536896 23
304269794544334 14
304269794551736 23
304269794558640 14
304269861558452 66
304269861584163 91
304269861591471 23
304269861598275 23
304269861605121 66
304269940535610 91
304269940563171 23
304269940570389 91
304269940577228 23
304269995745857 23
304269995771628 91
304269995778789 23
304270062840005 14
304270062867969 66
304270062875369 91
304270062882401 23
304270062889222 91
304270129722704 23
304270129738756 23
304270129745691 14
304270129753162 66
304270129759985 91
304270207710286 23
304270207737991 91
304270207745232 23
304270207751956 23
304270263844660 66
304270263862013 91
304270263869046 23
304270263875949 66
304270263882593 91
304270330968513 23
304270330990179 66
304270409764125 91
304270409797091 23
304270409804280 66
304270409811117 91
304270465180607 23
304270465202826 66
304270465210082 91
304270532218087 23
304270532238710 66
304270532246151 91
304270532253000 23
304270599239001 23
304270599260192 14
304270599267221 66
304270599274172 91
304270676887811 23
304270676913900 91
304270676921077 23
304270733479365 23
304270733502477 14
304270733509777 66
304270733516815 91
304270733523729 23
304270733530340 91
304270800478811 23
304270800500841 23
304270800508060 14
304270800515032 66
304270800521809 91
304270867492581 23
304270867517147 91
304270867525079 23
304270867532028 23
304270934563149 66
304270934590763 91
304270934597827 23
304270934604721 66
304270934611528 91
304271001724541 91
304271001748439 23
304271001755868 14
304271080148656 23
304271080171919 14
304271080179241 66
304271080186147 91
304271080192998 23
304271135693664 91
304271135715547 23
304271203003699 23
304271203035457 14
304271203043507 66
304271203050287 91
304271203056988 23
304271203064519 91
304271203071279 23
304271269824623 23
304271269852016 66
304271269859341 91
304271336962886 23
304271336990208 66
304271336997703 91
304271404142224 91
304271404169202 23
304271404176337 14
304271404183162 23
304271404189983 14
304271404196786 66
304271471308141 91
304271471337690 23
304271471344793 91
304271471351636 23
304271549391834 23
304271549419647 23
304271549427166 14
304271549434238 66
304271549441703 91
304271605189504 23
304271605212562 91
304271605219887 23
304271605226733 23
304271605233475 66
304271672203616 91
304271672224598 23
304271672231620 66
304271672238352 91
304271746700151 91
304271746736563 23
304271746743943 14
304271806450316 23
304271806470493 14
304271806477779 66
304271806484517 91
304271806491481 23
304271873490197 91
304271873514566 23
304271873521900 23
304271873528650 66
304271873536103 91
304271952635471 23
304271952669667 66
304271952679773 91
304272007517033 23
304272007542465 66
304272007549485 91
304272084519860 23
304272084542905 66
304272084550096 91
304272147128828 23
304272147150806 91
304272147158123 66
304272147165021 91
304272219845803 23
304272219867773 14
304272219875137 66
304272219881906 91
304272275771274 23
304272275798280 91
304272275805610 66
304272342986165 91
304272343007466 23
304272343015030 14
304272343021869 23
304272343028780 14
304272343035503 66
304272421816439 91
304272421837580 23
304272421844991 91
304272421851737 23
304272477042746 23
304272477065231 66
304272477072223 91
304272477079022 23
304272544084385 91
304272544112850 66
304272544120182 23
304272623099138 66
304272623122556 91
304272623129681 23
304272623136443 91
304272623143285 23
304272678259537 23
304272678281782 66
304272678288989 91
304272755029740 23
304272755053184 66
304272755060637 91
304272755067559 23
304272812555797 66
304272812584631 91
304272812591650 23
304272879520980 66
304272879543537 91
304272879550700 23
304272879557591 66
304272879564696 91
304272955039251 23
304272955067060 66
304273013610287 91
304273013636241 23
304273013643637 23
304273013650358 14
304273080755111 66
304273080779583 91
304273080787146 23
304273080793957 91
304273080801396 23
304273158279256 23
304273158307089 66
304273158314272 91
304273158321116 23
304273214669551 66
304273214686618 91
304273214693942 23
304273281934998 66
304273281957555 91
304273281964750 23
304273360330424 66
304273360360912 91
304273360368111 23
304273360374916 66
304273360381670 91
304273423185321 23
304273423202475 66
304273423209930 91
304273483110992 23
304273483134023 66
304273483141218 91
304273550269042 23
304273550292621 23
304273550299858 14
304273550306607 66
304273617500743 91
304273617529576 23
304273617536713 91
304273617543588 23
304273617550260 23
304273684153727 66
304273684175154 91
304273684182355 23
304273763478127 66
304273763503120 91
304273763510502 91
304273763517403 23
304273826110975 14
304273826134767 23
304273826141736 14
304273826148638 66
304273826155867 91
304273885519552 23
304273885548606 91
304273885555811 23
304273885562568 23
304273952494582 66
304273952517511 91
304273952524837 23
304273952531698 66
304273952538324 91
304274030722566 23
304274030746444 91
304274030753726 66
304274086740674 91
304274086765140 23
304274086772683 14
304274153784427 23
304274153814021 14
304274153820846 23
304274153827592 66
304274153834272 23
304274220767852 66
304274220796781 91
304274220804037 23
304274220810841 91
304274220817638 23
304274287827277 23
304274287857475 66
304274287864656 91
304274355041902 23
304274355066983 66
304274355074004 91
304274355080949 23
304274421895643 66
304274421924233 91
304274421931985 23
304274499977920 66
304274500007614 91
304274500015078 23
304274500021992 66
304274500029002 91
304274556238382 23
304274556264775 66
304274623132018 91
304274623150304 23
304274623157340 23
304274690211073 66
304274690241254 91
304274690248449 23
304274690255340 91
304274690262298 23
304274757210169 23
304274757232684 14
304274757240006 66
304274757246841 91
304274824427341 23
304274824451746 91
304274824459257 23
304274824466068 23
304274824472893 66
304274903261130 91
304274903289470 23
304274903296962 66
304274903303816 91
304274958426844 91
304274958442369 23
304274958450075 14
304275035048868 23
304275035070484 14
304275035077781 66
304275035084614 91
304275035091291 23
304275100096845 91
304275100118121 23
304275100125135 23
304275100131948 66
304275100138608 91
304275170450748 23
304275170476562 66
304275170483908 91
304275226804255 23
304275226831195 91
304275226838421 66
304275293810102 91
304275293864772 23
304275293872850 14
304275293879770 23
304275372693102 14
304275372719050 66
304275372726324 91
304275372733080 23
304275372739845 91
304275372746648 23
304275427892658 23
304275427915808 14
304275427923247 66
304275427930080 91
304275500878793 23
304275500906715 91
304275500913882 23
304275500920691 23
304275573706809 66
304275573732491 91
304275573740024 23
304275573747040 66
304275573753799 91
304275629318605 91
304275629340450 23
304275629347669 14
304275696504116 23
304275696525237 14
304275696532519 66
304275696539283 91
304275696545923 23
304275763332618 91
304275763359232 23
304275763366379 23
304275763373248 66
304275830315002 91
304275830338631 23
304275830345949 66
304275830352987 91
304275897364800 23
304275897392359 66
304275897399381 91
304275964630891 23
304275964663378 66
304275964670626 91
304276031587360 23
304276031615662 66
304276031622985 91
304276031629927 23
304276108820502 66
304276108845726 91
304276108852557 23
304276165795407 23
304276165825682 14
304276165833084 66
304276165839925 91
304276165846596 23
304276232724400 23
304276232744847 66
304276232752000 91
304276232758688 23
304276308876055 91
304276308905809 23
304276308913034 91
304276308919911 23
304276366751454 14
304276366770034 23
304276366777099 14
304276366783817 66
304276366790477 91
304276366797314 23
304276446284768 91
304276446318676 23
304276446325990 23
304276446333040 66
304276501038755 91
304276501065818 23
304276501073283 91
304276501080279 66
304276578060942 91
304276578090179 23
304276578097270 14
304276635042779 23
304276635064386 14
304276635071573 66
304276635078370 91
304276635085251 23
304276702221603 91
304276702244315 23
304276702251335 23
304276702257951 14
304276769137355 66
304276769161204 91
304276769168906 23
304276769175668 91
304276769182517 23
304276836308691 23
304276836337226 14
304276836344566 66
304276836351355 91
304276903409672 23
304276903431947 91
304276903439389 66
304276981310383 91
304276981334420 23
304276981341537 23
304276981348132 66
304276981354851 91
304277037494084 23
304277037517263 66
304277037524579 91
304277104518392 23
304277104545435 91
304277104552771 66
304277179834086 91
304277179855564 23
304277179862896 14
304277179869916 23
304277179876760 14
304277179883510 66
304277238746832 91
304277238770332 23
304277238777481 91
304277238784358 23
304277305748895 23
304277305770506 14
304277305777754 66
304277305784506 91
304277305791243 23
304277384566944 91
304277384593148 23
304277384600266 23
304277384607288 66
304277439949880 91
304277439977489 23
304277439984628 66
304277439991407 91
304277516474220 23
304277516499573 66
304277516506677 91
304277580708841 23
304277580735686 66
304277580742941 91
304277641146746 23
304277641171081 66
304277641179077 91
304277641185950 23
304277717813544 66
304277717841301 91
304277717848721 23
304277717855554 23
304277787871014 66
304277787897707 91
304277787905624 23
304277842232882 23
304277842249324 66
304277842256595 91
304277842263497 23
304277919783853 91
304277919816266 23
304277919823697 23
304277919830679 14
304277919837500 66
304277976384253 23
304277976400665 66
304277976407820 91
304277976414667 23
304278048820617 23
304278048841253 66
304278048848229 23
304278110483432 66
304278110504432 91
304278110511569 91
304278177671206 91
304278177696951 23
304278177703981 23
304278244710763 66
304278244733014 91
304278244740278 23
304278322963059 66
304278322989323 91
304278322997349 23
304278323004158 91
304278323010885 66
304278378751579 91
304278378775914 23
304278451727246 23
304278451756131 14
304278451763312 66
304278451770024 91
304278451776952 23
304278512983269 91
304278513005796 66
304278513013164 23
304278590210674 66
304278590232658 23
304278590239745 66
