308285906112422 91
308285973051097 91
308285973067748 23
308285973075078 23
308285973082295 66
308286040148372 91
308286040165456 23
308286040172798 23
308286040179691 66
308286040186414 91
308286118215894 23
308286118228619 66
308286118235786 91
308286118242778 23
308286174265797 23
308286174285940 66
308286174293390 91
308286174300233 23
308286174306942 66
308286241496402 91
308286241515990 23
308286241523266 23
308286308544504 66
308286308559494 91
308286308566633 23
308286308573422 23
308286308580231 66
308286308586931 91
308286385382684 23
308286385399305 66
308286385406389 91
308286385413176 23
308286442581820 23
308286442602438 66
308286442609894 91
308286442616929 23
308286521545953 23
308286521567777 66
308286521574816 91
308286521581594 23
308286521588343 66
308286576759743 91
308286576778470 23
308286576785812 23
308286653436989 66
308286653453074 91
308286653460390 23
308286653467308 23
308286653474034 66
308286653480797 91
308286718403606 23
308286718419942 66
308286718427386 91
308286718434429 23
308286788741020 23
308286788755831 66
308286788763028 91
308286788769718 23
308286844984906 66
308286845002217 91
308286845009505 23
308286845016297 23
308286911984754 66
308286912000557 91
308286912007724 23
308286912014474 23
308286912021243 66
308286990770062 91
308286990796739 23
308286990804012 66
308286990810839 91
308287046229489 23
308287046245748 23
308287046252977 66
308287046259595 91
308287046266249 23
308287119184374 23
308287119201029 66
308287119208329 91
308287119214979 23
308287191987343 66
308287192002345 91
308287192009403 23
308287192016285 23
308287247436119 23
308287247450689 66
308287247457675 91
308287247464387 23
308287247471089 66
308287323886806 23
308287323902150 66
308287381395397 91
308287381443812 91
308287448633072 23
308287448651884 23
308287448658992 66
308287448665846 23
308287515651205 66
308287515673607 91
308287515680693 91
308287582845080 23
308287582881820 66
308287582888916 91
308287582896401 23
308287649863949 23
308287649885319 23
308287649892363 66
308287727253652 23
308287727280193 66
308287727287169 91
308287783816979 91
308287783837866 23
308287783845359 66
308287783852188 91
308287850914310 23
308287850939760 66
308287850946924 91
308287850953790 23
308287927109314 66
308287927131223 91
308287927138569 23
308287927145306 66
308287984981384 91
308287984995456 23
308287985002402 66
308287985009595 91
308288064431048 23
308288064446494 66
308288064453681 91
308288064460623 23
308288119260161 91
308288119278508 23
308288119285574 23
308288119292411 66
308288119299212 91
308288196343445 23
308288196360712 66
308288196368047 91
308288253364258 23
308288253393312 66
308288253400618 91
308288253407495 23
308288320521347 66
308288320545573 91
308288320552569 23
308288320559412 66
308288320566270 91
308288387567952 23
308288387593158 66
308288387600416 91
308288454524445 23
308288454546270 66
308288454553652 91
308288454560356 23
308288521505486 91
308288521523756 23
308288521531134 23
308288521538001 66
308288521545026 91
308288599620612 23
308288599641447 23
308288599648676 66
308288599655435 91
308288655707181 23
308288655722373 66
308288655729480 91
308288655736347 23
308288722716129 23
308288722731881 66
308288722740196 91
308288722747090 23
308288798137027 91
308288798152538 23
308288798159472 23
308288798166162 66
308288798172844 91
308288856928000 23
308288856944335 66
308288856952789 91
308288856959464 23
308288923934359 66
308288923948520 91
308288923955659 23
308288923962397 66
308288923969126 91
308289002848809 23
308289002863147 14
308289002870095 66
308289058143312 91
308289058159385 23
308289058166605 91
308289058174112 23
308289134730372 23
308289134746190 14
308289134753257 66
308289134760208 91
308289134766983 23
308289198984956 91
308289199005751 23
308289199013256 23
308289199020232 14
308289199026946 66
308289259257727 91
308289259275372 23
308289259282611 91
308289259289412 23
308289336051403 23
308289336068316 14
308289336075277 66
308289336081966 91
308289336088791 23
308289393460858 23
308289393475713 23
308289393483813 66
308289393490596 91
308289393497262 23
308289393503912 91
308289460407937 23
308289460423188 23
308289460430552 66
308289538078142 23
308289538094938 66
308289538103383 91
308289538110264 23
308289538117047 91
308289538123775 23
308289594630014 23
308289594643789 14
308289594650915 66
308289594657690 91
308289667122557 23
308289667137862 91
308289667145126 23
308289667152041 23
308289667158854 66
308289728808490 91
308289728823116 23
308289728830347 66
308289728837180 91
308289795999470 23
308289796013977 66
308289796021325 91
308289863210910 23
308289863225411 66
308289863232401 91
308289863239222 23
308289941263820 66
308289941283471 91
308289941290732 23
308289941297604 14
308289941304394 66
308289997003606 91
308289997022693 23
308289997030027 91
308289997036962 23
308289997043602 23
308290064196233 66
308290064215763 91
308290064222745 23
308290142537323 23
308290142555543 14
308290142562947 66
308290142569716 91
308290142576442 23
308290142583163 91
308290142589911 23
308290198216186 23
308290198232435 14
308290198239799 66
308290198246809 23
308290265235228 66
308290265251412 91
308290265258752 23
308290265265491 91
308290265272147 23
308290344526158 23
308290344544295 66
308290344551350 23
308290344558034 66
308290399469493 91
308290399487331 23
308290399494542 91
308290399501304 23
308290399508178 23
308290466492592 66
308290466506962 91
308290466513779 23
308290466520566 66
308290466527316 91
308290545805165 23
308290545821640 66
308290545828784 91
308290600765753 23
308290600787936 66
308290600795398 91
308290600802175 23
308290677733633 66
308290677762098 91
308290677769468 23
308290735039278 66
308290735067385 91
308290735075057 23
308290735081773 91
308290735088395 23
308290801815002 23
308290801840608 66
308290801847910 91
308290801855002 23
308290869093046 66
308290869118278 91
308290869125556 23
308290869132356 66
308290869139173 91
308290935897491 23
308290935921734 66
308290935929138 91
308291015022772 23
308291015044615 14
308291015051715 66
308291015058343 91
308291015065126 23
308291070256371 91
308291070280038 23
308291070288309 23
308291070295094 14
308291147074716 66
308291147105093 91
308291147112513 23
308291147119447 91
308291147126258 23
308291147133011 23
308291204214266 66
308291204233605 91
308291204240645 23
308291271268395 66
308291271286665 91
308291271294069 23
308291271301007 66
308291271307786 91
308291338407434 23
308291338422728 66
308291338430104 91
308291405437885 23
308291405452939 14
308291405459925 66
308291405467835 91
308291405474728 23
308291484192602 91
308291484206333 23
308291484213321 23
308291484220049 14
308291484226673 66
308291539514367 91
308291539526846 23
308291539533651 91
308291539540361 23
308291616087399 23
308291616102618 14
308291616109922 66
308291616116805 91
308291616123735 23
308291673669538 91
308291673684039 23
308291673690986 23
308291673697841 66
308291673704548 91
308291746876043 23
308291746893096 66
308291746900337 91
308291746907337 23
308291807822428 66
308291807838612 91
308291807845636 23
308291875030478 66
308291875044081 91
308291875051124 23
308291875057776 66
308291875064554 91
308291942297670 23
308291942320967 23
308291942327929 14
308291942334617 23
308291942341446 66
308291942348090 91
308292019333032 23
308292019350773 91
308292019358125 66
308292076024348 91
308292076042212 23
308292076050037 23
308292076057156 66
308292076063910 91
308292143172824 23
308292143191158 66
308292143198671 91
308292220611096 23
308292220626880 14
308292220634208 66
308292220640882 91
308292220647625 23
308292277196977 91
308292277213807 23
308292277221004 23
308292277227686 66
308292277234409 91
308292344414965 23
308292344430568 66
308292344437912 91
308292344444636 23
308292422601355 66
308292422615657 91
308292422623091 23
308292422629886 66
308292422636518 91
308292478431051 23
308292478445518 66
308292478452397 91
308292545463492 23
308292545480553 14
308292545487806 66
308292545494555 91
308292545501396 23
308292612905095 91
308292612940037 23
308292612947264 23
308292612954174 14
308292689898516 66
308292689922841 91
308292689930104 23
308292689937003 91
308292689943929 23
308292746739558 23
308292746758169 14
308292746766780 66
308292746773691 91
308292746780454 23
308292813763390 91
308292813778136 23
308292813785092 23
308292813791939 14
308292891775765 66
308292891793271 91
308292891800408 23
308292891807074 91
308292891813881 23
308292947927544 23
308292947942477 14
308292947949498 66
308292947956331 91
308292947963103 23
308293022934491 91
308293022952653 23
308293022960039 23
308293022967126 66
308293022973929 91
308293082107122 23
308293082121108 66
308293082128044 91
308293149130560 23
308293149145690 66
308293149152849 91
308293149159571 23
308293216151740 66
308293216166735 91
308293216174089 23
308293216181279 66
308293216188017 91
308293295147538 23
308293295178320 14
308293295185421 66
308293295192322 91
308293350394777 23
308293350414853 91
308293350421906 23
308293350428544 23
308293350435248 66
308293417547032 91
308293417573773 23
308293417580897 66
308293417587710 91
308293484519150 23
308293484536290 66
308293484543587 91
308293551466152 23
308293551487190 66
308293551494488 91
308293551501651 23
308293628267562 66
308293628287794 91
308293628295053 23
308293628301893 14
308293685644916 66
308293685662193 91
308293685669468 23
308293685676319 91
308293685683052 23
308293752664026 23
308293752680991 14
308293752688086 66
308293752695826 91
308293752702896 23
308293819762699 91
308293819783627 23
308293819790568 23
308293819797422 66
308293819804277 91
308293886809995 23
308293886824930 66
308293886832012 91
308293886838862 23
308293953990783 66
308293954004541 91
308293954011521 23
308293954018278 66
308294031470458 91
308294031485622 23
308294031492725 14
308294031499433 66
308294087995033 91
308294088008736 23
308294088015605 23
308294088022866 23
308294088029800 66
308294088036567 91
308294154979124 23
308294154992544 91
308294154999587 66
308294229561834 91
308294229581944 23
308294229589451 23
308294229596383 66
308294229603202 91
308294289268033 23
308294289285559 66
308294289292998 91
308294289299722 23
308294356268605 66
308294356282422 91
308294356289412 23
308294434730606 14
308294434743123 66
308294434750109 91
308294434756870 23
308294434764210 91
308294434771033 23
308294490423998 23
308294490438724 66
308294490445744 91
308294490452565 23
308294557434316 66
308294557447752 91
308294557454829 23
308294557461521 66
308294557468258 91
308294636733019 23
308294636754498 66
308294636761852 91
308294697714382 14
308294697732464 91
308294697739466 23
308294697746248 23
308294758709087 14
308294758725724 66
308294758733116 91
308294758740010 23
308294758747287 66
308294758754046 91
308294825732315 23
308294825752518 66
308294825759693 91
308294903999868 23
308294904021142 66
308294904028645 91
308294904035578 23
308294959992387 66
308294960013237 91
308294960020331 23
308294960027102 66
308294960033877 91
308295026957652 23
308295026973249 66
308295026980289 91
308295100627578 23
308295100649340 66
308295100656459 91
308295100663292 23
308295161070849 91
308295161087056 23
308295161094706 23
308295161101639 66
308295161108494 91
308295228122506 23
308295228136510 66
308295228143586 91
308295307225469 23
308295307241240 66
308295307248173 91
308295307254928 23
308295362317216 66
308295362341364 91
308295362348568 23
308295362355379 66
308295362362055 91
308295439101399 23
308295439119296 14
308295439126517 66
308295439133334 91
308295496431956 23
308295496446811 91
308295496454745 23
308295496461499 23
308295496468137 66
308295563421574 91
308295563435669 23
308295563442647 66
308295563449315 91
308295630451611 23
308295630466916 66
308295630474077 91
308295630481112 23
308295697599721 66
308295697621525 91
308295785680678 23
308295785709887 14
308295785716881 66
308295785723616 91
308295785730402 23
308295785737115 91
308295785743845 23
308295831728123 23
308295831752522 14
308295831760369 66
308295831767202 91
308295831773896 23
308295906433386 91
308295906459873 23
308295906467191 23
308295906474068 66
308295977763388 91
308295977789911 23
308295977797122 66
308295977803911 91
308296033074741 23
308296033095843 66
308296033103113 91
308296033110052 23
308296109588784 66
308296109606000 91
308296109613258 23
308296109620258 66
308296109626996 91
308296167088025 23
308296167144922 14
308296167153964 66
308296234081953 91
308296234098934 23
308296234106333 23
308296234113361 66
308296234120232 91
308296234127035 23
308296311600053 91
308296311619160 23
308296311626502 23
308296311633257 66
308296311640029 91
308296374572098 23
308296374589081 66
308296374596337 91
308296446920876 23
308296446937652 66
308296446944853 91
308296446951670 23
308296502380312 66
308296502396784 91
308296502404214 23
308296502411570 66
308296502418456 91
308296578798534 23
308296578814011 66
308296578821280 91
308296636445258 23
308296636460312 91
308296636467479 23
308296703793684 23
308296703807817 14
308296703814922 66
308296703821634 91
308296703828377 23
308296703835278 91
308296703841988 23
308296770673123 23
308296770687462 66
308296770694489 91
308296770701392 23
308296837717323 66
308296837732989 91
308296837740055 23
308296916093454 66
308296916109081 91
308296916116403 23
308296916123168 66
308296916130023 91
308296971870948 23
308296971889529 14
308296971896629 66
308296971903529 91
308297038925344 23
308297038941923 91
308297038948923 23
308297038955720 23
308297118066365 14
308297118083845 66
308297118091152 23
308297118097849 23
308297118104511 91
308297178242822 91
308297178259882 23
308297178267296 23
308297178274008 66
308297240130378 23
308297240146148 66
308297240153178 91
308297240160110 23
308297319363862 91
308297319377965 23
308297319385029 23
308297319391715 66
308297319398414 91
308297374258218 23
308297374271100 66
308297374278011 91
308297374284762 23
308297451267754 66
308297451283526 91
308297451290880 23
308297451297681 66
308297508352952 91
308297508368312 23
308297508375571 14
308297508382507 66
308297575426008 91
308297575443179 23
308297575450227 91
308297575457112 23
308297652560519 23
308297652576277 14
308297652583440 66
308297652590116 91
308297652596811 23
308297709449543 91
308297709464899 23
308297709471855 23
308297709478688 14
308297709485571 66
308297776510147 91
308297776525313 23
308297776532577 91
308297776539512 23
308297776546354 23
308297854515776 66
308297854531353 91
308297854538741 23
308297854545613 66
308297854553134 91
308297910623560 23
308297910636655 66
308297910643576 91
308297977734170 23
308297977750101 66
308297977757252 91
308297977764172 23
308298044814895 66
308298044830170 91
308298044837482 23
308298044844522 14
308298121739303 66
308298121754739 91
308298121762318 23
308298121769171 91
308298121776073 23
308298121782851 23
308298179234282 66
308298179248839 91
308298179310099 23
308298245981619 66
308298245996798 91
308298246004065 23
308298246010779 66
308298246017681 91
308298323859012 23
308298323889573 66
308298323896796 91
308298380206054 23
308298380225012 91
308298380232271 23
308298380239064 14
308298380245781 23
308298447292798 14
308298447323148 66
308298447330232 91
308298447337001 23
308298447344132 91
308298447350826 23
308298514323662 23
308298514355964 66
308298514363208 91
308298514370135 23
308298590973947 66
308298590991843 91
308298590999189 23
308298591006000 66
308298648442087 91
308298648497902 23
308298648505958 66
308298648512815 91
308298715480765 23
308298715499126 14
308298715506229 66
308298715513158 91
308298792927586 23
308298792946571 91
308298792953645 23
308298792960539 23
308298792967392 66
308298855113555 91
308298855133493 23
308298855140829 91
308298855147756 23
308298855154629 14
308298916694878 23
308298916710290 14
308298916717395 66
308298916724197 91
308298916731016 23
308298994245337 91
308298994267772 23
308298994274922 23
308298994281836 14
308298994288568 66
308299050984041 23
308299051004715 66
308299051011972 23
308299051018711 66
