318126936904381 91
318126936935833 23
318127013433157 66
318127013456657 91
318127079298797 23
318127079331564 66
318127079338993 91
318127079345995 23
318127079352754 66
318127138029471 91
318127138052979 23
318127138060209 23
318127138066997 91
318127205298302 23
318127205328925 66
318127205336249 23
318127205343171 66
318127272262020 91
318127272289831 91
318127272298074 23
318127339332047 66
318127339358491 23
318127339365647 91
318127339372396 23
318127339379058 66
318127406308200 23
318127406333018 66
318127406340046 91
318127482655849 91
318127482682891 23
318127482690334 66
318127482697193 23
318127482703827 91
318127552865750 23
318127552909202 66
318127552916355 23
318127552923154 66
318127607550203 91
318127607575258 91
318127607582455 23
318127674580843 66
318127674610617 23
318127674617724 91
318127674624573 23
318127674631303 66
318127741742624 23
318127741769265 66
318127741776412 91
318127819987987 91
318127820013181 23
318127820020585 66
318127820027491 23
318127820034249 91
318127876141546 23
318127876169653 66
318127876176872 23
318127876183741 66
318127942901544 91
318127942929824 91
318127942936799 23
318128021920630 66
318128021951570 23
318128021959301 91
318128021966108 23
318128021972737 66
318128077046485 23
318128077072493 66
318128077079716 91
318128153164002 91
318128153194902 23
318128153202154 66
318128153209051 23
318128153216518 91
318128223296426 23
318128223325690 66
318128223333140 23
318128223340080 66
318128278317478 91
318128278343688 91
318128278350819 23
318128358120598 66
318128358147840 23
318128358154955 91
318128358161579 23
318128358168864 66
318128412355317 23
318128412385218 66
318128412392329 91
318128479343149 91
318128479368542 23
318128479376016 66
318128479382837 23
318128479389638 91
318128554125090 23
318128554149868 66
318128554157035 23
318128554163918 66
318128613736670 91
318128613766784 91
318128613774134 23
318128680681310 66
318128680710851 23
318128680718117 91
318128680724821 23
318128680731829 66
318128758534073 23
318128758573016 66
318128758580308 91
318128814816240 91
318128814842333 23
318128814849480 66
318128814856230 23
318128814862993 91
318128881946700 23
318128881979170 23
318128881986399 66
318128881993206 91
318128881999949 23
318128954941835 23
318128954972106 66
318128954979181 23
318128954986066 66
318129015987423 91
318129016014301 91
318129016021524 23
318129083064459 66
318129083128732 23
318129083136585 91
318129083144170 23
318129083150899 66
318129083157657 23
318129161656518 66
318129161684363 91
318129161691723 91
318129217100535 23
318129217128223 66
318129217135429 23
318129217142083 91
318129293525318 23
318129293552043 66
318129293559240 23
318129293566196 66
318129351388046 91
318129351418818 91
318129351425947 23
318129418382514 66
318129418414414 23
318129418421750 91
318129418428605 23
318129418435517 66
318129485322975 23
318129485349806 66
318129485356758 91
318129485363619 91
318129552437997 23
318129552462537 66
318129552469837 23
318129552476785 91
318129630945061 23
318129630973570 66
318129630980876 23
318129630987604 66
318129686755681 91
318129686786074 91
318129686793366 23
318129753629392 66
318129753659353 23
318129753666396 91
318129753673068 23
318129753679740 66
318129753686458 23
318129820714626 66
318129820741884 91
318129887947781 91
318129887979082 23
318129887986456 66
318129887993281 23
318129888000006 23
318129955103054 66
318129955127741 91
318129955135175 91
318130034132778 23
318130034162329 66
318130034169492 23
318130034176435 91
318130034183337 23
318130034190160 66
318130088936677 23
318130088963508 66
318130088970504 91
318130165998724 91
318130166026630 23
318130166033602 66
318130166040332 23
318130230999310 91
318130231027272 23
318130231034564 66
318130231041445 23
318130231048065 66
318130301404019 91
318130301437452 91
318130357439168 23
318130357474729 66
318130357482115 23
318130357488850 91
318130357495629 23
318130424324168 66
318130424354109 23
318130424361401 91
318130424368157 23
318130424374817 66
318130503320928 23
318130503349286 66
318130503356521 91
318130558690797 91
318130558728782 23
318130558736879 66
318130558743627 23
318130558750339 91
318130631804610 23
318130631831834 66
318130631838961 23
318130631845906 66
318130704719547 91
318130704745767 91
318130704752984 23
318130759776595 66
318130759805583 23
318130759812607 91
318130759819323 23
318130759825941 66
318130837056599 23
318130837082867 66
318130837090215 91
318130893755348 91
318130893776464 23
318130893783529 66
318130893790444 23
318130893798010 91
318130960836647 23
318130960867586 66
318130960875143 23
318130960881906 66
318131027972137 91
318131028000274 23
318131095043868 66
318131095070424 91
318131095077625 23
318131162002370 66
318131162028843 91
318131162035932 91
318131239795858 23
318131239826668 66
318131239833885 91
318131239840545 23
318131239847236 66
318131296310012 23
318131296343854 66
318131296351023 91
318131363398583 91
318131363430496 23
318131363437699 66
318131363444516 91
318131363451182 23
318131439738258 23
318131439770579 66
318131439778080 23
318131439784854 66
318131439791549 91
318131497377825 91
318131497402436 23
318131497409468 66
318131564678464 91
318131564717737 23
318131564725121 23
318131564731964 66
318131564738821 23
318131564745533 66
318131631443589 91
318131711914958 23
318131711944543 66
318131711951959 91
318131765788237 91
318131765816691 23
318131765824150 66
318131765830917 91
318131765837613 23
318131832726634 23
318131832754541 66
318131832761916 23
318131832768690 66
318131899716107 91
318131899743039 91
318131899750284 23
318131899757206 66
318131966989358 91
318131967013218 23
318131967020302 23
318131967027071 66
318131967033763 23
318131967040427 66
318132034091500 91
318132034117770 91
318132123098602 23
318132123133820 66
318132123141097 91
318132123147950 23
318132123154816 23
318132123161522 66
318132168125632 23
318132168150190 66
318132168157299 91
318132168164023 91
318132235205201 23
318132235235098 66
318132235242122 91
318132235249038 23
318132235255861 66
318132302188451 23
318132302213774 66
318132369310727 91
318132369340849 23
318132369348122 66
318132436229172 91
318132436258393 91
318132515675323 23
318132515712664 66
318132515719755 91
318132515726624 23
318132515733417 23
318132515740145 66
318132570538990 23
318132570562912 66
318132570570136 91
318132647429090 23
318132647455028 66
318132711594442 91
318132711625024 91
318132711632222 23
318132771905440 66
318132771946195 91
318132771953625 23
318132771960466 23
318132771967328 66
318132771973984 23
318132771980835 66
318132848669870 91
318132848701129 91
318132905901673 23
318132905928331 66
318132905935711 91
318132905942506 23
318132905949192 23
318132905955862 66
318132972843638 23
318132972875832 66
318132972883285 91
318132972890118 91
318133050614081 23
318133050638742 66
318133050646142 91
318133050652901 23
318133107071308 23
318133107101653 66
318133107108832 23
318133107115597 66
318133107122347 91
318133179750041 23
318133179777658 66
318133179784926 91
318133241075647 91
318133241102035 23
318133241109206 91
318133241115915 66
318133241122653 23
318133308055044 66
318133308081163 91
318133308088397 23
318133308095236 23
318133308101866 66
318133375278192 23
318133375306739 66
318133375313868 91
318133454069044 23
318133454110503 66
318133509287297 91
318133509311179 91
318133509318437 23
318133576356125 66
318133576380026 91
318133576387132 23
318133576394052 23
318133576401587 66
318133576408366 23
318133655194637 66
318133655223226 91
318133710568702 23
318133710592749 66
318133710600067 91
318133787074399 91
318133787103429 23
318133787110622 66
318133787117389 91
318133844734596 23
318133844761613 23
318133844768776 66
318133844775645 23
318133844782478 66
318133911770044 91
318133978814681 23
318133978842430 66
318133978849653 91
318134045958150 91
318134045991732 23
318134045999917 66
318134046006816 91
318134046013613 23
318134113303777 23
318134113333551 66
318134113340940 23
318134113347899 66
318134113354735 91
318134199226937 23
318134199259620 66
318134199266956 91
318134247119426 91
318134247148446 23
318134247155679 66
318134247162524 91
318134247169412 23
318134314070401 66
318134314099843 23
318134314106904 66
318134314113632 91
318134381234442 91
318134381262866 23
318134381270715 66
318134457414438 91
318134457447885 23
318134457455332 23
318134457462261 66
318134457468917 23
318134457475688 66
318134527643129 91
318134527674524 91
318134582586700 23
318134582629422 66
318134582636702 91
318134582643541 23
318134582650332 66
318134582657104 23
318134659524187 66
318134659548880 91
318134659556129 91
318134716663199 23
318134716692539 66
318134716699829 91
318134716706593 23
318134716714157 23
318134783763425 66
318134783794416 23
318134783801346 66
318134783808022 91
318134850792422 91
318134850819990 23
318134850827155 66
318134850834092 91
318134850840949 23
318134917752053 23
318134917775635 66
318134917782619 91
318134917789438 23
318134917796207 23
318134996868223 66
318134996895517 23
318134996902567 66
318135051852931 91
318135051882062 23
318135051889227 66
318135128713233 91
318135128738457 91
318135128745823 23
318135186059661 66
318135186087834 23
318135186094916 66
318135186101778 91
318135259581180 91
318135259609349 23
318135259616486 66
318135259623270 91
318135259630152 23
318135320076628 23
318135320107054 66
318135320114249 23
318135320121167 23
318135320127915 66
318135320134626 91
318135387271396 91
318135387298481 23
318135387306000 66
318135454267284 91
318135454296732 23
318135454304631 23
318135454311623 66
318135454318322 23
318135454325024 66
318135532105270 91
318135532133518 91
318135588312865 23
318135588338626 66
318135588345849 91
318135588352588 23
318135588359210 23
318135588365890 66
318135655510590 23
318135655537829 66
318135655544741 91
318135733295601 23
318135733324191 66
318135789682671 91
318135789718112 91
318135789725438 23
318135856596170 66
318135856618005 91
318135856625779 23
318135856632629 23
318135856639681 66
318135856646403 23
318135856653114 66
318135935268341 91
318135935302374 91
318135990880761 23
318135990910911 66
318135990917969 91
318135990924730 23
318135990931390 23
318135990938052 66
318136063205300 23
318136063230942 66
318136063238055 91
318136063244844 91
318136136610731 23
318136136640777 66
318136136647998 91
318136136654715 23
318136136661508 23
318136192171787 66
318136192199417 23
318136192206797 66
318136192213493 91
318136268445839 91
318136268484228 23
318136268491516 66
318136268498343 91
318136326076245 23
318136326100796 23
318136326107937 66
318136326114896 23
318136326121514 66
318136404526756 91
318136404556727 91
318136404563878 23
318136460491571 66
318136460534305 91
318136460541442 23
318136460548364 23
318136460555056 66
318136460561782 23
318136535578966 66
318136535609963 91
318136535617287 91
318136594305790 23
318136594329051 66
318136594336189 91
318136594342845 23
318136594349636 23
318136594356322 23
318136661400385 66
318136661430258 91
318136661437550 23
318136661444335 23
318136661451053 66
318136661457777 23
318136728546109 66
318136728577261 91
318136807678602 23
318136807703641 66
318136807710854 91
318136862579821 91
318136862609604 23
318136862617287 66
318136862624046 91
318136862630666 23
318136929668288 23
318136929701260 66
318136929708651 23
318136929715447 66
318136996799109 91
318136996825914 91
318136996833067 23
318137064091659 66
318137064118368 23
318137064125487 66
318137064132233 91
318137064138966 91
318137140902194 23
318137140931020 66
318137140938119 91
318137140944793 23
318137140951616 23
318137197863907 66
318137197889166 23
318137197897256 66
318137197904095 91
318137265028324 91
318137265054970 23
318137265062125 66
318137265068942 91
318137332100711 23
318137332130239 23
318137332137362 66
318137332144087 91
318137399105771 23
318137399136146 66
318137399143257 91
318137466255371 91
318137466281786 23
318137466289162 66
318137466295965 91
318137544178590 23
318137544209610 23
318137544216646 66
318137544223314 23
318137544230074 66
318137600304781 91
318137600331301 91
318137600338460 23
318137667342760 66
318137667373908 91
318137667381121 23
318137667387801 23
318137667394467 66
318137667401103 23
318137742266097 66
318137742294258 91
318137742301332 91
318137801563910 23
318137801595870 66
318137801603142 91
318137801609850 23
318137801616398 23
318137801623178 66
318137868590307 23
318137868621531 66
318137868628688 91
318137953740043 23
318137953773510 66
318137953780818 91
318137953787659 91
318138002723349 23
318138002748857 66
318138002756028 91
318138002762849 23
318138002769491 66
318138079415705 23
318138079438258 66
318138079445477 91
318138136935874 23
318138136969122 66
318138203929024 91
318138203954920 91
318138203962385 23
318138280640847 66
318138280670026 91
318138280677159 23
318138280684068 23
318138280690907 66
318138280697728 23
318138350787291 66
318138350817349 91
318138405059542 23
318138405079709 66
318138405086969 91
318138405093733 91
318138482620560 23
318138482646884 66
318138482654150 23
318138482661041 66
318138482667697 91
318138539285465 91
318138539312906 23
318138539320009 66
318138539326715 91
318138539333470 23
318138606448949 23
318138606486121 66
318138606493399 23
318138606500147 66
318138606506765 91
318138673272485 91
318138673299952 23
318138673307200 66
318138740609766 91
318138740633582 23
318138740640679 23
318138740647608 66
318138740654280 23
318138740660900 23
318138807576577 66
318138807607896 91
318138807614870 91
318138807621647 23
318138885842085 66
318138885868476 91
318138885875624 23
318138885882363 23
318138885889126 66
318138885896067 23
318138941527698 66
318138941554787 91
318138941561839 91
318139016381026 23
318139016407779 66
318139016415253 91
318139016422004 23
318139016428905 23
318139075817670 66
318139075849574 23
318139075856709 66
318139075863349 91
318139142814617 91
318139142842426 23
318139142849798 66
318139142856818 91
318139142863649 23
318139209814333 23
318139209845241 66
318139209852147 91
318139209858837 23
318139209865704 23
318139289218555 66
318139289245893 23
318139289252932 66
318139289259698 91
318139344066096 91
318139344087379 23
318139344094347 66
318139344101118 91
318139419091215 23
318139419119756 23
318139419126955 66
318139419133788 23
318139419140615 66
318139486449031 91
318139547181893 23
318139547207743 66
318139547214972 91
318139547221864 91
318139612164382 23
318139612196298 66
318139612203421 23
318139612210216 66
318139679300887 91
318139679335461 91
318139679342608 23
318139746285790 66
318139746316415 91
318139746323413 23
318139746330304 23
318139746336979 66
318139746343703 23
318139813525871 66
318139813555842 91
318139813563035 91
318139880508000 23
318139880539587 66
318139880546377 91
318139880553080 23
318139880559720 23
318139947579122 66
318139947613249 23
318139947620454 66
318139947627414 91
318140021262870 91
318140021295349 23
318140021302452 66
318140021309186 91
318140021315939 23
318140081739605 23
318140081763835 66
318140081770994 91
318140081777864 23
318140081784542 23
318140148772780 66
318140148804756 23
318140148811901 66
318140148818646 91
318140215933726 91
318140215970346 23
318140215977487 66
318140215984114 91
318140215990895 23
318140293464580 91
318140293490406 23
318140293498373 23
318140293505128 66
318140293511963 23
318140350127245 66
318140350155719 23
318140350163029 66
