316157644613180 91
316157711783673 23
316157711817002 66
316157711824283 91
316157778958097 23
316157778984434 91
316157778991802 23
316157856439271 66
316157856465760 23
316157856472810 66
316157856479553 91
316157915346998 91
316157915375636 23
316157915382853 66
316157980018717 91
316157980043145 23
316157980050511 23
316157980057396 66
316157980064283 23
316158052476256 66
316158052502303 91
316158052510894 91
316158114296489 23
316158114327246 66
316158114334725 91
316158114341606 23
316158181238347 23
316158181264165 66
316158181271501 23
316158181278191 66
316158259723599 91
316158259751218 91
316158259758526 23
316158315559153 66
316158315587628 91
316158315594853 23
316158315601740 23
316158315608388 66
316158382796997 23
316158382830816 66
316158382837997 91
316158382844780 91
316158461666387 23
316158461694838 66
316158461702474 91
316158461709383 23
316158516470234 23
316158516502018 66
316158516508978 23
316158516515799 66
316158583793163 91
316158583826660 91
316158667028332 23
316158667054449 66
316158667061629 91
316158667068474 23
316158667075200 23
316158667081935 66
316158717717414 23
316158717746014 66
316158717753366 91
316158794890089 91
316158794923564 23
316158794930647 66
316158794937538 91
316158851959896 23
316158851986307 23
316158851993641 66
316158852000556 23
316158852007305 66
316158925604418 91
316158925632569 91
316158986004023 23
316158986032765 66
316158986039702 91
316158986046618 23
316158986053238 23
316159053016523 66
316159053047713 23
316159053054888 66
316159053061558 91
316159120125885 91
316159120149677 23
316159120157081 66
316159206402518 91
316159206435408 23
316159206442511 23
316159206450056 66
316159206457040 23
316159206463809 66
316159254190696 91
316159254217851 91
316159321365130 23
316159321390573 66
316159321397537 91
316159321404318 23
316159321410992 23
316159399390774 66
316159399419875 23
316159399427096 66
316159399433760 91
316159462715653 91
316159462749428 23
316159522443889 66
316159522474035 91
316159522481327 23
316159522488206 23
316159522494933 66
316159522501699 23
316159601435938 66
316159601463689 91
316159656695463 23
316159656727424 66
316159656734313 91
316159729303949 23
316159729331011 66
316159729338100 91
316159802678041 91
316159802709028 23
316159802716256 66
316159802722966 91
316159857769035 23
316159857795828 66
316159857803315 91
316159857810220 23
316159857816892 23
316159934553187 66
316159934582183 91
316159934589424 23
316159934596095 23
316159934602813 66
316159992150358 91
316159992177199 23
316159992184417 23
316159992191320 66
316159992198149 91
316159992205010 23
316160058913462 23
316160058940790 66
316160058947914 91
316160058954804 23
316160058961452 23
316160136537576 66
316160136563325 91
316160136570731 23
316160136577587 23
316160136584224 66
316160193174310 91
316160193200609 23
316160193207772 23
316160193214707 66
316160193221444 91
316160193228184 23
316160260189478 23
316160260218804 66
316160260226097 91
316160260232874 23
316160260239667 23
316160337789964 66
316160337818545 91
316160337825565 23
316160337832328 23
316160337839040 66
316160394527802 91
316160394555587 23
316160394562812 23
316160394569639 66
316160394576399 91
316160394583090 23
316160461726307 23
316160461754593 66
316160461761860 91
316160461768760 23
316160461775474 23
316160461782207 66
316160539755826 91
316160539779554 23
316160595450596 66
316160595480322 91
316160595487338 91
316160662715684 23
316160662743239 66
316160662750410 91
316160662757127 23
316160662763893 66
316160729794057 91
316160729828932 23
316160729836149 23
316160729842932 66
316160729849649 91
316160807003568 23
316160807028855 23
316160807035979 23
316160807042909 66
316160807049724 91
316160807056493 23
316160863808635 66
316160863838413 23
316160863845576 91
316160863852306 23
316160930958645 66
316160930988479 91
316160930995648 23
316160931002501 23
316160931009254 66
316160931016011 91
316160997873228 23
316160997897368 23
316160997904601 66
316160997911396 91
316160997918133 23
316161064974719 23
316161065004791 66
316161065011837 91
316161065018674 23
316161065025465 23
316161132045897 66
316161132076608 91
316161132083906 23
316161132091612 23
316161132098425 66
316161132105141 91
316161210275777 23
316161210299794 23
316161210307112 66
316161210313921 91
316161210320645 23
316161273524357 23
316161273557016 66
316161273564110 91
316161273570954 23
316161273577736 23
316161333552501 66
316161333581762 91
316161333589090 23
316161333596082 23
316161333602807 66
316161333609618 91
316161411169175 23
316161411195652 66
316161467452856 91
316161467479655 91
316161467486790 23
316161534636595 66
316161534664084 91
316161534671416 23
316161534678193 66
316161534685364 91
316161613544833 23
316161613572504 66
316161677290412 91
316161677329354 91
316161745489766 23
316161745518205 66
316161745525555 23
316161745532460 66
316161745539221 91
316161802759623 91
316161802790041 23
316161802797197 66
316161802804051 23
316161869764011 66
316161869793878 91
316161869801994 91
316161869808803 23
316161936924131 66
316161936951590 23
316161936958880 66
316161936965632 91
316161936972455 91
316162003940339 23
316162003971583 66
316162003979002 23
316162003985881 66
316162082795725 91
316162082822359 91
316162082829798 23
316162138061600 91
316162138090895 66
316162138098165 23
316162138104928 66
316162138111642 91
316162138118485 23
316162214702872 23
316162214729571 66
316162214737450 91
316162214744249 23
316162214751007 23
316162272135897 66
316162272168091 91
316162272175183 23
316162272182022 23
316162272188781 66
316162339336136 91
316162339365681 23
316162339373053 23
316162339379997 66
316162339386743 91
316162339393424 23
316162406313309 23
316162406339470 66
316162406346780 91
316162406353656 23
316162406360356 23
316162473644605 66
316162473671565 91
316162473678847 23
316162473686654 23
316162473693476 66
316162552000622 91
316162552031002 23
316162552038364 23
316162552045205 66
316162552052028 91
316162552058672 23
316162607614783 23
316162607655862 66
316162607663166 91
316162607669858 23
316162607676548 23
316162674544020 66
316162674574126 91
316162674581259 23
316162674588180 23
316162674595027 66
316162753328964 91
316162753358939 23
316162753366206 23
316162753372945 66
316162753380488 91
316162753387307 23
316162808779354 23
316162808810591 66
316162808818069 91
316162808824902 23
316162808831643 23
316162885143388 66
316162885171153 91
316162885178366 23
316162885185032 23
316162885191666 66
316162948733643 91
316162948766674 23
316162948773806 23
316162948780736 66
316162948787517 91
316162948794195 23
316163009947331 23
316163009972628 66
316163009979901 91
316163009986628 23
316163009994000 23
316163077035402 66
316163077065681 91
316163077072938 23
316163077079683 23
316163077086512 66
316163144034850 91
316163144060573 23
316163144067756 23
316163144074722 66
316163144081444 91
316163144088247 23
316163222530003 23
316163222561256 66
316163222568586 91
316163222575508 23
316163222582337 23
316163278224100 66
316163278256218 23
316163278263606 66
316163278270477 91
316163345206388 91
316163345232395 23
316163345239849 66
316163345246695 91
316163345253324 23
316163412318645 23
316163412350579 66
316163412357630 91
316163412364473 23
316163412371376 23
316163490600703 66
316163490630821 91
316163490638079 23
316163490644887 23
316163490651574 66
316163490658195 91
316163553368460 23
316163553400249 23
316163553407424 66
316163553414165 91
316163553420906 23
316163625718571 23
316163625742916 66
316163625750759 91
316163625757773 23
316163625764455 23
316163680510272 66
316163680538705 91
316163680545890 23
316163680552643 23
316163680559451 66
316163680566347 91
316163757720188 23
316163757760810 23
316163757767858 66
316163757774699 91
316163757781553 23
316163814660214 23
316163814682789 66
316163814689825 91
316163814696557 23
316163814703260 23
316163881718089 66
316163881743545 91
316163881750720 23
316163881758170 23
316163881764931 66
316163881771686 91
316163881778362 23
316163954160977 23
316163954188615 66
316163954196174 91
316163954202820 23
316164016107412 23
316164016145929 66
316164016153057 91
316164016159916 23
316164016166687 23
316164016173397 66
316164082936503 91
316164082962139 23
316164082969296 23
316164082976079 66
316164082982797 91
316164082989502 23
316164160896179 23
316164160924983 66
316164160932800 91
316164160939647 23
316164217154843 23
316164217185641 66
316164217193069 91
316164217199900 23
316164217206747 23
316164217213452 23
316164284107520 66
316164284132915 91
316164284140184 23
316164284146844 23
316164284153510 66
316164284160217 91
316164284167008 23
316164351072724 23
316164351102725 66
316164351110256 91
316164351116880 23
316164351123601 23
316164418227743 66
316164418256451 91
316164418264404 23
316164418271286 23
316164418278219 66
316164485343856 91
316164485377451 23
316164485384478 23
316164485391528 66
316164485398152 91
316164485404971 23
316164552575965 23
316164552605598 66
316164552612870 91
316164552619600 23
316164552626331 23
316164630176213 66
316164630207872 91
316164630214972 23
316164630221801 23
316164630228319 66
316164686708740 91
316164686738496 23
316164686745558 23
316164686753208 66
316164686759983 91
316164686766719 23
316164753548504 23
316164753571758 66
316164753579225 91
316164753586143 23
316164753592797 23
316164820719104 66
316164820744213 91
316164820751527 23
316164820758253 23
316164820764992 66
316164887854794 91
316164887883854 23
316164887891085 23
316164887897894 66
316164887904747 91
316164887911534 23
316164954768729 23
316164954831862 66
316164954839892 91
316164954847349 23
316164954854298 23
316165033433018 66
316165033462202 91
316165033469397 23
316165033476114 23
316165033482814 66
316165088968539 91
316165089001502 23
316165089008616 23
316165089015395 66
316165089022104 91
316165089028818 23
316165156015674 23
316165156045826 66
316165156053150 91
316165156060130 23
316165156066915 23
316165222954719 66
316165222980792 91
316165222988057 23
316165222994848 23
316165223002321 66
316165290026914 91
316165290052599 23
316165290059907 23
316165290066674 66
316165290073521 91
316165290080191 23
316165357201549 23
316165357229159 66
316165357236352 91
316165357243238 23
316165357250002 23
316165426411254 66
316165426436926 91
316165426443900 23
316165426450940 23
316165426457637 66
316165491242693 91
316165491265153 23
316165491272370 23
316165491279260 66
316165491285906 91
316165491293451 23
316165579681432 23
316165579721041 66
316165579728417 91
316165579735133 23
316165579741892 23
316165625450577 66
316165625476187 91
316165625483566 23
316165625490391 23
316165625497087 66
316165702309264 91
316165702333337 23
316165702340637 23
316165702347462 66
316165702354220 91
316165702360915 23
316165759448769 23
316165759476467 66
316165759483417 91
316165759490105 23
316165759496733 23
316165826643537 66
316165826671262 91
316165826678604 23
316165826685445 23
316165826692316 66
316165826699008 91
316165904320515 23
316165904352491 23
316165904359441 66
316165904366107 91
316165904372880 23
316165960722618 23
316165960749355 66
316165960756613 91
316165960763675 23
316165960770484 23
316166027720636 66
316166027752794 91
316166027759917 23
316166027766724 23
316166027773549 66
316166027780164 91
316166094965229 23
316166094996130 23
316166095003387 66
316166095010178 91
316166095016993 23
316166171626516 23
316166171665439 66
316166171674157 91
316166171680925 23
316166171687591 23
316166229022310 66
316166229053054 91
316166229060316 23
316166229067159 23
316166229073919 66
316166229080493 91
316166296125628 23
316166296154557 23
316166296161722 66
316166296168426 91
316166296175165 23
316166373514224 23
316166373545091 66
316166373552449 91
316166373559435 23
316166373566240 23
316166373572950 23
316166442497637 66
316166442529624 91
316166442536709 23
316166442543451 66
316166442550224 23
316166442556938 91
316166508906690 23
316166508934985 66
316166508942317 23
316166508949082 66
316166564491181 91
316166564519910 91
316166564527398 23
316166640685811 66
316166640710625 91
316166640717917 23
316166640724689 66
316166640732084 91
316166640738933 23
316166710838508 23
316166710863426 66
316166710870408 91
316166710877340 23
316166710884141 23
316166765528389 66
316166765559183 91
316166765566218 23
316166765573055 23
316166765579701 66
316166832617550 91
316166832645431 23
316166832652578 23
316166832659285 66
316166832666015 91
316166832672774 23
316166899663542 23
316166899687408 66
316166899694529 91
316166899701272 23
316166899708511 23
316166978051857 66
316166978077321 91
316166978084522 23
316166978091182 23
316166978097929 66
316167033790312 91
316167033830475 23
316167033837938 23
316167033844694 66
316167033851636 91
316167033858395 23
316167100917815 23
316167100950502 66
316167100957876 91
316167100964633 23
316167100971530 23
316167180028237 66
316167180063573 91
316167180070625 23
316167180077492 23
316167180084154 66
316167234985374 91
316167235011789 23
316167235018996 23
316167235025867 66
316167235032573 23
316167311243749 66
316167311275074 91
316167311282329 91
316167381339383 23
316167381363113 66
316167381370224 91
316167381377047 23
316167381383807 66
316167436195648 91
316167436224529 23
316167436231541 23
316167436238235 66
316167436244954 91
316167436251680 23
316167513310653 23
316167513339496 66
316167513346950 91
316167513354475 23
316167513361403 23
316167570365607 66
316167570403061 91
316167570410148 23
316167570416910 23
316167570423802 66
316167637390943 91
316167637415218 23
316167637422439 23
316167637429176 66
316167637435890 91
316167637442530 23
316167712190157 23
316167712219328 66
316167712226650 91
316167712233406 23
316167712240101 23
316167779694255 66
316167779720742 91
316167779727941 23
316167779734873 23
316167779742306 66
316167838424343 91
316167838447383 23
316167838454417 23
316167838461238 66
316167838468037 91
316167838474731 23
316167905656364 23
316167905713785 66
316167905721243 91
316167905728245 23
316167905735016 23
316167972710831 66
316167972740130 91
316167972747285 23
316167972754082 23
316167972760937 66
316168039717273 91
316168039743837 23
316168039751098 23
316168039757895 66
316168039764654 91
316168039771987 23
316168106709807 23
316168106738825 66
316168106746368 91
316168106753076 23
316168106759777 23
316168173952916 66
316168173979019 91
316168173986107 23
316168173993029 23
316168173999924 66
316168174006661 91
316168241040598 23
316168241077629 23
316168241084967 66
316168241091712 91
316168241098527 23
316168307966548 23
316168307993588 66
316168308000916 91
316168308007757 23
316168308014546 23
316168381777680 66
316168381806981 91
316168381814011 23
316168381820816 23
316168381827571 66
316168381834374 91
316168449249579 23
316168449279549 23
316168449286872 66
316168449293876 91
316168449300553 23
316168522599305 23
316168522685087 66
316168522694444 91
316168522702641 23
316168583924987 23
316168583953929 66
316168583961198 91
316168583968001 91
316168651363379 23
316168651393576 66
316168651400827 91
316168651409356 23
316168718699167 66
316168718728935 91
316168718736157 23
316168718743022 23
316168718750032 66
316168787215135 23
316168787241341 91
316168787248731 23
316168787255560 66
316168787262343 91
316168787269045 23
316168844498076 23
316168844526871 66
316168844534144 91
316168844540939 23
316168911474921 23
316168911502963 66
316168911509979 91
316168911516740 23
316168911523483 23
316168911530247 66
316168978649816 91
316168978673803 23
316168978681183 23
316168978688026 66
316168978694688 91
316168978701298 23
316169047987074 23
316169048013437 66
316169048020522 91
316169048027363 23
316169048034113 23
316169112724961 66
316169112754929 91
316169112761961 23
316169112768824 23
316169112775587 66
316169179752317 91
316169179778533 23
316169179785728 23
316169179792581 66
316169179799257 91
316169179806006 23
316169253608247 23
316169253642671 66
316169253651214 91
316169253658051 23
316169253664739 23
316169320895443 66
316169320923582 91
316169320930596 23
316169320937270 23
316169320944039 66
316169388361626 91
316169388392424 23
316169388399671 23
316169388406555 66
316169388413392 91
316169388420273 23
316169455652340 23
316169455679385 66
316169455686546 91
316169455693477 23
316169455700170 23
316169523013594 66
316169523045389 91
316169523052597 23
316169523059226 23
316169523065810 66
316169590377199 91
316169590403105 23
316169590410189 23
316169590416982 66
316169590423745 91
316169590430477 23
316169649285248 23
316169649312679 66
316169649319779 91
316169649326538 23
316169649333220 23
316169716248566 66
316169716273607 91
316169716280852 23
316169716287661 23
316169716294333 66
316169783453017 91
316169783484171 23
316169783492479 23
316169783499219 66
316169783506086 91
316169783512738 23
316169850481249 23
316169850507119 66
316169850514455 91
316169850521367 23
316169850528053 23
316169917457153 66
316169917484427 91
316169917491682 23
316169917498554 23
316169917505628 66
316169984657529 91
316169984683477 23
316169984691002 23
316169984697668 66
316169984704411 91
316169984711135 23
316170051661746 23
316170051689738 66
316170051697474 91
316170051704428 23
316170051711155 23
316170118830753 66
316170118865856 91
316170118873361 23
316170118880258 23
316170118887039 66
316170192698694 91
316170192732233 23
316170192739316 23
316170192746095 66
316170192752753 91
316170192759399 23
316170259995115 23
316170260030091 66
316170260037342 91
316170260044149 23
316170260050825 23
316170327488401 66
316170327537743 91
316170327546376 23
316170327555233 23
316170327563039 66
316170394725183 91
316170394754945 23
316170394762168 23
316170394768959 66
316170394775700 91
316170394782498 23
316170467746952 23
316170467784959 66
316170467792307 91
316170467798961 23
316170467805621 23
316170529486341 66
316170529514312 91
316170529521558 23
316170529528294 23
316170529535059 66
316170529541759 91
316170588203342 23
316170588261291 23
316170588268438 66
316170588276297 91
316170588283124 23
316170655240897 23
316170655274431 66
316170655281793 91
316170655288700 23
316170655295344 91
316170655302061 23
316170729555162 23
316170729586177 66
316170729593471 23
316170729600276 66
316170797081407 23
316170797127732 66
