306262359496787 91
306262426184714 91
306262426203854 23
306262503148240 23
306262503177747 66
306262503185422 91
306262503192280 23
306262560535347 66
306262560571138 91
306262560578671 23
306262560585422 66
306262560646768 91
306262627437058 23
306262627460687 66
306262627467834 91
306262705118351 23
306262705144818 66
306262705152408 91
306262761639494 23
306262761660683 66
306262761667727 23
306262828663642 66
306262828684900 91
306262828692306 91
306262895853645 23
306262895885899 66
306262895893289 91
306262895900098 23
306262972347641 66
306262972375887 91
306262972383227 23
306263029902838 66
306263029923088 91
306263029930440 23
306263029937259 66
306263029944066 91
306263096903676 23
306263096918312 66
306263096925364 91
306263174326414 23
306263174354740 91
306263174362184 66
306263236461202 23
306263236484817 91
306263236492929 23
306263298093237 66
306263298112877 91
306263298119947 23
306263298126855 66
306263298133519 91
306263375655354 23
306263375692293 66
306263375699808 91
306263432176994 23
306263432196938 66
306263432204177 91
306263432210940 23
306263499458005 66
306263499487650 91
306263499494916 23
306263577556500 66
306263577582891 23
306263577590249 66
306263577597130 91
306263633424349 23
306263633448833 66
306263633456468 91
306263633463327 23
306263700425358 66
306263700443276 91
306263700450368 23
306263700457228 66
306263778878552 91
306263778913181 23
306263778920278 66
306263778927105 91
306263835030155 23
306263835068190 91
306263835075285 66
306263901808786 23
306263901844396 91
306263901851721 23
306263901858568 66
306263980806101 91
306263980832200 23
306263980839456 66
306263980846265 91
306264035799566 23
306264035818687 66
306264035825775 91
306264102879446 23
306264102903198 66
306264102910546 91
306264102917268 23
306264182137331 66
306264182170585 91
306264182178106 23
306264237035808 66
306264237060421 91
306264237067688 23
306264237074507 91
306264237081322 23
306264313979046 23
306264314010526 66
306264314017731 91
306264314024604 23
306264371369327 66
306264371401734 91
306264371408994 23
306264438768638 66
306264438827213 91
306264438837109 23
306264438846493 66
306264438855295 91
306264512734383 23
306264512768726 14
306264512775993 66
306264512782871 91
306264572441549 23
306264572468769 91
306264572475807 66
306264639503110 91
306264639530430 23
306264639537859 23
306264639545070 66
306264639551845 91
306264717394214 23
306264717434623 66
306264717441693 91
306264773530789 23
306264773557469 66
306264773564751 91
306264773572207 23
306264840744813 66
306264840772485 91
306264840779799 23
306264913347890 66
306264913375371 91
306264913382441 23
306264913389178 14
306264974900360 66
306264974935770 91
306264974943020 23
306264974950002 91
306264974956829 23
306264974963563 23
306265041895125 66
306265041931143 91
306265041938374 23
306265120811844 66
306265120855900 91
306265120865199 23
306265120874033 66
306265120882659 91
306265176035216 23
306265176063270 14
306265176070602 66
306265252438452 91
306265252469678 23
306265252476958 91
306265252483710 23
306265252490624 23
306265310056345 66
306265310082722 91
306265310090084 23
306265310097090 66
306265383710405 91
306265383741608 23
306265383748857 66
306265383755610 91
306265453722259 23
306265453750283 91
306265453757700 66
306265511353704 23
306265511385465 91
306265511392549 14
306265511400089 23
306265578303291 14
306265578323691 66
306265578330679 91
306265578337414 23
306265578344156 66
306265578350941 91
306265655703648 23
306265655733243 66
306265655740565 91
306265712426435 23
306265712448647 66
306265712455700 91
306265712462499 23
306265779527445 66
306265779555167 91
306265779562252 23
306265857173410 66
306265857213419 23
306265857220670 23
306265857227531 91
306265913911781 23
306265913945046 23
306265913952369 66
306265913959204 91
306265913965891 23
306265980767619 91
306265980794080 23
306265980801253 23
306265980808076 66
306266059427764 91
306266059464520 23
306266059471766 66
306266059478482 91
306266114932062 23
306266114962679 66
306266114969824 91
306266182046599 23
306266182082346 14
306266182089591 66
306266182096696 23
306266260264536 66
306266260294771 91
306266260302173 23
306266260309561 66
306266260316392 91
306266316256256 23
306266316293597 66
306266316300993 91
306266383316344 23
306266383353816 66
306266383360923 91
306266383367814 23
306266462391451 66
306266462433624 91
306266462442462 23
306266517562218 91
306266517591059 66
306266517598258 23
306266517605116 91
306266584477096 23
306266584513462 66
306266584520563 91
306266584527357 23
306266651471908 66
306266651501233 91
306266651509239 23
306266729574482 66
306266729609474 91
306266729616752 23
306266729623752 66
306266729630402 91
306266785564248 23
306266785596641 66
306266785603979 91
306266852770144 23
306266852804374 66
306266852811557 91
306266931481835 23
306266931516584 91
306266931523739 66
306266986810149 91
306266986837689 23
306266986845008 23
306266986851956 66
306266986858638 91
306267053805557 23
306267053836538 66
306267053844606 91
306267053851482 23
306267120950963 23
306267120984945 14
306267120992193 66
306267120998885 91
306267121005527 23
306267198879072 91
306267198918294 23
306267198925596 23
306267198932475 14
306267255022592 66
306267255050499 23
306267255057906 66
306267255064674 91
306267255071443 23
306267322250743 91
306267322300185 66
306267322308674 23
306267400631900 66
306267400669366 91
306267400676764 23
306267400684891 66
306267456219855 91
306267456246130 23
306267456253468 66
306267456260186 91
306267523168613 23
306267523190458 66
306267523197687 91
306267523204500 23
306267601894103 66
306267601920260 91
306267601927516 23
306267657239488 66
306267657255284 91
306267657262067 23
306267733706526 66
306267733724578 91
306267733731731 23
306267733738495 91
306267733745242 23
306267791457578 23
306267791481764 66
306267791489574 91
306267791496442 23
306267864193105 91
306267864219238 23
306267864226462 23
306267864233265 66
306267864239892 91
306267935029923 23
306267935045959 66
306267935052894 91
306267992704043 23
306267992726652 91
306267992733944 23
306267992740675 14
306268059636649 23
306268059654751 14
306268059662236 66
306268059668932 91
306268059675749 23
306268059682610 66
306268126703842 91
306268126727988 23
306268126736063 66
306268126742853 91
306268193826699 23
306268193860705 66
306268193868049 91
306268267082817 23
306268267110284 91
306268267117620 66
306268328088475 23
306268328115103 66
306268328122401 23
306268328129204 66
306268328136021 91
306268404270086 23
306268404296427 23
306268404303773 66
306268474354999 91
306268474381321 23
306268474388715 91
306268474395512 23
306268529265045 23
306268529285754 66
306268529293691 91
306268529300705 23
306268606214143 91
306268606233946 23
306268606240960 23
306268606247690 14
306268606254376 66
306268663245220 91
306268663264040 23
306268663271247 91
306268663278072 23
306268737483935 23
306268737521904 14
306268737529168 66
306268737536019 91
306268737542886 23
306268797528787 91
306268797555361 23
306268797562691 23
306268797569554 23
306268797576244 91
306268797583027 14
306268864544564 23
306268864570629 14
306268864577822 66
306268864584502 91
306268864591223 23
306268931518436 66
306268931540961 91
306268931548413 23
306269009429828 66
306269009447781 91
306269009454956 23
306269009461974 66
306269009468795 91
306269065655797 23
306269065673728 66
306269065680802 91
306269140267093 23
306269140288506 66
306269140295526 91
306269199734467 23
306269199754858 91
306269199762149 23
306269199769493 23
306269199776250 66
306269266983022 91
306269267014718 23
306269267022047 91
306269267028756 23
306269334012122 14
306269334039995 23
306269334047287 14
306269334054281 66
306269334061150 91
306269334067822 23
306269412739515 91
306269412766380 23
306269468034349 23
306269468063760 14
306269468070995 66
306269468077862 91
306269468084601 23
306269468091204 91
306269543142157 23
306269543166973 23
306269543174912 14
306269543181640 66
306269543188403 91
306269614053970 23
306269614078442 91
306269614085649 23
306269614092635 23
306269669222077 66
306269669243852 91
306269669251339 23
306269669258292 66
306269745878814 91
306269745895765 23
306269745902664 91
306269745909560 23
306269745916352 14
306269803374833 23
306269803430718 14
306269803440234 66
306269803447083 91
306269803453908 23
306269870396035 66
306269870412207 91
306269870419644 23
306269870426350 66
306269943882204 91
306269943898493 23
306269943905595 66
306269943912457 91
306270004777827 23
306270004798777 66
306270004805899 91
306270071636315 23
306270071653421 91
306270071660556 66
306270149164499 23
306270149184699 91
306270149191934 23
306270149198590 14
306270205921817 66
306270205957207 91
306270205964414 23
306270205971296 91
306270205978147 23
306270272853048 23
306270272878544 23
306270272886216 14
306270272893139 66
306270272900019 91
306270351120533 23
306270351142700 91
306270351149959 23
306270351156796 23
306270351163492 66
306270407094837 91
306270407119142 23
306270407126611 66
306270407133579 91
306270474053426 23
306270474078684 66
306270474086125 91
306270552564322 23
306270552598848 66
306270552606109 91
306270608415083 23
306270608448884 14
306270608456682 66
306270608463910 23
306270608470566 66
306270675449798 91
306270675467314 23
306270675474379 66
306270675481218 91
306270754376387 23
306270754397194 66
306270754404625 91
306270754411552 23
306270815026352 66
306270815051124 91
306270815058436 23
306270876393313 66
306270876412573 91
306270876419422 23
306270876426118 66
306270876432786 91
306270943629341 23
306270943670397 66
306270943677687 91
306271021856775 23
306271021897198 91
306271021904738 66
306271077764523 91
306271077797311 23
306271077804723 23
306271077811631 66
306271077818271 91
306271144730200 23
306271144760208 66
306271144767500 91
306271211736988 23
306271211765121 66
306271211772212 91
306271211778970 23
306271278886572 66
306271278905887 91
306271278912788 23
306271345979824 66
306271346005545 91
306271346012648 23
306271424900712 66
306271424926618 91
306271424934340 23
306271424941281 91
306271424948129 23
306271424954805 23
306271479997970 66
306271480024023 91
306271480031212 23
306271480037963 23
306271556767062 66
306271556788174 23
306271556796210 91
306271556803240 91
306271614178033 23
306271614205539 23
306271614212704 14
306271614219502 66
306271681167632 91
306271681191527 23
306271681198704 91
306271681205432 23
306271758134872 23
306271758168186 14
306271758175546 66
306271758182202 91
306271758188969 23
306271815426227 91
306271815454702 23
306271815461877 23
306271815468796 66
306271815475557 91
306271882438390 23
306271882466100 66
306271882473253 91
306271960030486 23
306271960060393 66
306271960067608 91
306272016690374 23
306272016720132 14
306272016727516 66
306272016734315 91
306272016741140 23
306272016747802 91
306272083607800 23
306272083628390 23
306272083635820 66
306272083642593 91
306272150753020 23
306272150779524 66
306272150786614 91
306272150793447 23
306272227349393 66
306272227385618 91
306272227392904 23
306272284958420 91
306272284984624 66
306272284992030 23
306272284998978 91
306272285005678 14
306272351781111 23
306272351801331 14
306272351809165 66
306272351815852 23
306272351822524 91
306272418871104 91
306272418895441 23
306272418903088 23
306272486075990 14
306272486103202 66
306272486110479 91
306272486117532 23
306272486124272 91
306272486130997 23
306272564612240 23
306272564637126 66
306272564644414 91
306272620089247 23
306272620113712 66
306272620121099 91
306272620127998 23
306272687317644 66
306272687342232 91
306272687349367 23
306272687356216 91
306272687363013 66
306272754523298 23
306272754551330 91
306272754558624 14
306272832499676 23
306272832528877 14
306272832536153 66
306272832542996 91
306272832549674 23
306272888417572 66
306272888444776 91
306272888452003 23
306272888459299 66
306272955457451 91
306272955479403 23
306272955486862 66
306272955493739 91
306273022570327 23
306273022599627 66
306273022606719 91
306273099696810 23
306273099716334 66
306273099723149 91
306273099729801 23
306273156759366 91
306273156786628 23
306273156794603 23
306273156801420 66
306273156808225 91
306273223681039 23
306273223698616 66
306273223705395 91
306273299832670 23
306273299864115 66
306273299871302 91
306273299878127 23
306273357944912 91
306273357969319 66
306273424984099 23
306273425008003 91
306273425015080 14
306273425021977 23
306273425028798 14
306273425035430 66
306273425042205 91
306273503012548 23
306273503037360 66
306273503044686 91
306273503052322 23
306273559099792 66
306273559130041 91
306273559137206 23
306273626130398 66
306273626145374 91
306273626152494 23
306273626159227 66
306273626165998 91
306273704964233 23
306273704990879 66
306273704998099 91
306273767907195 23
306273767925524 91
306273767932699 23
306273767939544 23
306273827360881 66
306273827391972 91
306273827399204 23
306273827405976 66
306273827412860 91
306273894296387 23
306273894320455 66
306273894327662 91
306273972566192 23
306273972623055 14
306273972632360 66
306273972641243 91
306274028682882 23
306274028723182 91
306274028730540 23
306274028737404 23
306274028744102 66
306274096026304 91
306274096057890 23
306274096065123 66
306274096072035 91
306274168881754 23
306274168916336 66
306274168923457 91
306274229796901 23
306274229825199 66
306274229832448 91
306274296807409 23
306274296840098 14
306274296847528 66
306274296854295 23
306274296861024 66
306274296867714 91
306274375483383 23
306274375517249 66
306274375524627 91
306274430840628 23
306274430867029 66
306274430874462 91
306274430881194 23
306274507460172 66
306274507489789 91
306274507497371 23
306274574350595 66
306274574380247 91
306274574387478 23
306274574394192 91
306274574400776 66
306274632039432 23
306274632073092 66
306274699149232 23
306274699179016 66
306274699186252 91
306274766307200 91
306274766331660 23
306274766339048 66
306274766345988 91
306274844729162 23
306274844760223 66
306274844767386 91
306274900302617 91
306274900329062 23
306274967427998 66
306274967461572 91
306274967468773 23
306274967475590 66
306275034428023 91
306275034453084 23
306275034460535 66
306275034467289 91
306275111961769 23
306275111997535 66
306275112005760 91
306275168676706 23
306275168717401 66
306275168724560 91
306275168731316 23
306275235843751 91
306275235884094 66
306275235891480 23
306275235898536 91
306275313935169 23
306275313969974 66
306275369905054 91
306275369954424 23
306275369961913 91
306275369968894 23
306275369975552 23
306275436978343 66
306275437021523 91
306275437029105 23
306275437035988 66
306275515346706 91
306275515382885 23
306275515390921 66
306275515399437 91
306275571019653 23
306275571047874 66
306275571055228 91
306275638100114 23
306275638131572 14
306275638138835 66
306275638146109 23
306275717298163 66
306275717333817 23
306275717341125 66
