308264378010535 91
308264453209085 91
308264453228060 23
308264453235551 23
308264512233132 66
308264512248379 91
308264512255719 23
308264512263195 23
308264512269928 66
308264579200983 91
308264579216005 23
308264579223041 23
308264579230142 66
308264579236914 91
308264657904996 23
308264657922973 23
308264657930343 66
308264657937283 91
308264657943955 23
308264713638433 23
308264713655068 66
308264713662316 91
308264713669125 23
308264780794448 66
308264780806487 91
308264780813456 23
308264780820133 23
308264854016410 66
308264854034121 91
308264854042048 23
308264854048948 23
308264914576360 66
308264914592691 91
308264914600085 23
308264914606949 23
308264914613643 66
308264914620271 91
308264991092862 23
308264991110992 23
308264991118649 66
308264991125505 91
308265061183846 23
308265061203076 66
308265061210454 91
308265061217303 23
308265115815680 23
308265115830581 66
308265115837820 91
308265115844589 23
308265193071569 23
308265193087357 66
308265193095641 91
308265193102510 23
308265193109222 23
308265250076009 66
308265250092646 91
308265250099984 23
308265250106851 23
308265250113481 66
308265317049979 91
308265317064351 23
308265317071401 91
308265394379358 91
308265451179580 14
308265451204331 91
308265518450250 23
308265518476502 14
308265518483715 66
308265518490755 91
308265518497649 23
308265518504335 23
308265596512582 66
308265596540689 91
308265596548670 23
308265596555459 23
308265652455047 66
308265652485162 91
308265652492164 23
308265652499115 23
308265652505966 66
308265652512647 91
308265725131574 23
308265725154433 23
308265725161481 66
308265725168300 91
308265786627131 23
308265786650786 66
308265786657927 91
308265786664768 23
308265863558591 23
308265863579730 66
308265863586843 91
308265863593754 23
308265920588356 23
308265920606520 66
308265920614471 91
308265920621276 23
308265920627856 23
308265987651643 66
308265987671214 91
308265987678313 23
308265987685134 23
308265987691925 66
308266065665110 91
308266065695747 23
308266065703103 23
308266065709874 66
308266065716632 91
308266121851400 23
308266121870918 23
308266121878356 66
308266121885310 91
308266121892175 23
308266188800070 23
308266188814903 66
308266188821794 91
308266188828609 23
308266266838022 23
308266266857383 91
308266323023199 14
308266323039991 91
308266390050758 23
308266390065629 14
308266390072810 66
308266390079617 91
308266390086341 23
308266390093102 66
308266468901096 91
308266468934191 23
308266468941321 66
308266468948094 91
308266524467246 23
308266524499714 66
308266524506977 91
308266524513845 23
308266591340653 66
308266591365646 91
308266591372978 23
308266591379678 66
308266670051446 91
308266670069513 23
308266670076739 66
308266670083491 91
308266725435597 23
308266725453419 66
308266725460914 91
308266801952074 23
308266801968250 66
308266801975631 91
308266801982631 23
308266859514844 66
308266859533625 91
308266859540837 23
308266859547591 66
308266926589260 91
308266926605141 23
308266926612274 91
308266926618976 23
308266993553330 23
308266993568046 14
308266993575129 66
308266993582364 23
308266993589062 66
308267060665442 91
308267060678774 23
308267060685714 23
308267060692352 66
308267139261856 23
308267139278992 23
308267139286483 66
308267139293252 91
308267194793345 91
308267194807470 23
308267271150406 66
308267271165991 91
308267271172979 23
308267271179792 23
308267271186490 66
308267341218256 23
308267341235583 66
308267341242756 91
308267396035183 91
308267396050124 23
308267396057852 66
308267463043775 91
308267463057244 23
308267463064487 66
308267463071280 91
308267530101556 23
308267530114695 66
308267530121784 91
308267597266341 23
308267597278609 66
308267597285667 91
308267597292454 23
308267674405921 66
308267674421611 91
308267674428961 23
308267674435828 66
308267731302954 91
308267731319006 23
308267731326441 66
308267731333318 91
308267798481846 23
308267798496339 66
308267798503721 91
308267798510562 23
308267875716398 66
308267875731848 91
308267875739080 23
308267875745931 66
308267932547522 91
308267932564125 23
308267932571300 66
308267932578081 91
308267999540148 23
308267999557025 66
308267999564226 91
308268077712638 23
308268077745717 91
308268077752870 23
308268077759667 23
308268133853549 66
308268133878856 91
308268133886081 23
308268133892804 91
308268133899556 23
308268200876369 23
308268200901008 66
308268200908124 91
308268200914907 23
308268267885251 66
308268267906533 91
308268267913758 23
308268267920512 66
308268345035998 91
308268345056683 23
308268345064270 66
308268345071004 91
308268402055164 23
308268402073125 66
308268402080497 91
308268469019636 23
308268469034932 66
308268469042026 91
308268469048831 23
308268546842573 66
308268546858262 91
308268546865552 23
308268546872838 14
308268603201353 66
308268603215081 91
308268603222077 23
308268603228931 91
308268603235645 23
308268603242428 23
308268678001790 66
308268678017079 91
308268678024146 23
308268737393731 66
308268737409179 23
308268737416320 91
308268737423121 91
308268804418222 23
308268804434223 14
308268804441249 23
308268804447954 14
308268804454638 66
308268804461320 23
308268871602769 91
308268871647324 91
308268871655086 23
308268950114522 23
308268950127977 14
308268950135087 66
308268950141882 91
308268950148635 23
308269005573199 91
308269005585382 23
308269005592256 23
308269005599024 66
308269005606052 91
308269072599305 23
308269072612736 66
308269072619834 91
308269072626551 23
308269139800830 66
308269139813412 91
308269139820247 23
308269139827096 66
308269206835827 91
308269206851832 23
308269206859206 66
308269206866605 91
308269283334895 23
308269283355344 66
308269283362574 91
308269283369499 23
308269340927762 66
308269340945369 91
308269340952357 23
308269408029612 14
308269408044314 66
308269408051366 91
308269408058118 23
308269408064905 91
308269408071579 23
308269475093415 23
308269475110968 14
308269475118040 66
308269475124684 91
308269475131529 23
308269542063146 91
308269542077483 23
308269542084405 23
308269542091942 66
308269609138670 91
308269609158606 23
308269609165854 66
308269609172675 91
308269686577083 23
308269686598661 66
308269686606063 91
308269743338762 23
308269743356161 66
308269743363282 91
308269743370187 23
308269810354217 66
308269810371792 91
308269810378721 23
308269810385532 66
308269810392520 91
308269884572703 23
308269884588143 14
308269884595236 66
308269884602216 91
308269944532848 23
308269944546325 91
308269944553438 23
308269944560160 23
308269944567072 66
308270011546411 91
308270011561286 23
308270011568658 66
308270011575427 91
308270089801668 23
308270089816843 66
308270089824231 91
308270145971411 23
308270146001945 66
308270146009265 91
308270146016134 23
308270212898485 66
308270212924351 91
308270212931548 23
308270212938415 66
308270212945112 91
308270291768697 23
308270291787649 66
308270291797156 91
308270352779596 23
308270352796060 14
308270352803217 66
308270352810144 91
308270352816845 23
308270414052389 91
308270414070181 23
308270414077635 23
308270414084396 14
308270414091259 91
308270481038364 23
308270481055080 14
308270481062345 66
308270481069287 91
308270559111247 23
308270559136527 66
308270559143859 91
308270559150729 23
308270615231299 66
308270615255250 91
308270615262451 23
308270615270038 23
308270682296810 66
308270682322453 91
308270682329588 23
308270682336383 91
308270682343397 23
308270755689461 23
308270755713963 66
308270755720993 91
308270755727672 23
308270816445913 66
308270816471680 91
308270816479085 23
308270816485958 66
308270883502103 91
308270883517431 23
308270883524602 66
308270883531358 91
308270962295966 23
308270962312820 66
308270962319824 91
308271017823991 23
308271017838652 66
308271017845640 91
308271017852443 23
308271094232329 66
308271094248962 91
308271094255984 23
308271094262841 14
308271151652551 66
308271151669999 91
308271151677178 23
308271151683971 91
308271151690824 23
308271218768891 23
308271218785082 14
308271218792560 66
308271218799536 91
308271218806166 23
308271285750722 91
308271285763831 23
308271285770831 23
308271285777642 66
308271285784485 91
308271352779979 23
308271352793880 66
308271352800876 91
308271431495563 23
308271431518015 23
308271431525506 14
308271431532231 66
308271431538981 91
308271431545704 23
308271487131812 91
308271487148622 23
308271487156098 23
308271487163171 66
308271487169972 91
308271554195880 23
308271554229850 66
308271554237097 91
308271632806977 23
308271632833032 66
308271632840137 91
308271632846799 23
308271688266458 66
308271688283152 91
308271688290437 23
308271688297387 66
308271764674822 91
308271764692269 23
308271764699684 66
308271764706454 91
308271822293546 23
308271822306799 66
308271822313829 91
308271889401498 23
308271889415015 91
308271889422236 23
308271889429099 14
308271889435908 23
308271889442777 14
308271956534832 66
308271956551786 23
308271956559124 66
308271956565996 91
308271956572849 23
308272023507581 91
308272023523977 66
308272023531160 23
308272090518156 66
308272090532908 91
308272090540097 23
308272090546938 23
308272167904103 66
308272167921010 91
308272167928408 23
308272167935134 23
308272167942160 66
308272224757337 91
308272224772065 23
308272224779025 91
308272224785705 23
308272224792427 23
308272291788081 66
308272291805308 91
308272291812467 23
308272291819286 66
308272369869567 91
308272369884233 23
308272369892076 91
308272369898792 23
308272432517781 23
308272432536824 66
308272432544101 91
308272432551041 23
308272505220191 66
308272505238078 91
308272505245691 23
308272505252607 66
308272560006472 91
308272560020679 23
308272560027884 66
308272560034892 91
308272637093085 23
308272637108489 66
308272637115749 91
308272694130344 23
308272694145678 66
308272694153056 91
308272694159887 23
308272761218533 66
308272761234716 91
308272761242010 23
308272761248909 14
308272828411292 66
308272828426243 91
308272828433249 23
308272828440147 91
308272828446845 23
308272895309806 23
308272895326801 14
308272895334145 66
308272895340857 91
308272895347706 23
308272974414626 23
308272974430608 66
308272974437869 91
308272974444823 23
308272974451576 91
308272974458360 23
308273029730000 23
308273029745917 66
308273029753167 91
308273106407137 23
308273106432335 91
308273106439539 23
308273106446287 23
308273163671897 66
308273163693733 91
308273163700798 23
308273163707522 66
308273163714188 91
308273230757089 23
308273230781916 66
308273230789196 91
308273307693679 23
308273307720597 66
308273307727905 91
308273307734796 23
308273364801291 23
308273364820212 14
308273364827264 66
308273364833926 23
308273364840620 66
308273364847510 91
308273431976000 23
308273431992213 66
308273431999374 91
308273432006187 23
308273509552696 66
308273509569354 91
308273509576714 23
308273566044998 66
308273566061568 91
308273566068852 23
308273566075530 66
308273633062179 91
308273633076983 23
308273633084042 66
308273633090802 91
308273708558806 23
308273708574124 23
308273708581150 91
308273767269283 23
308273767283158 66
308273767290116 91
308273767296943 23
308273767304166 66
308273834415821 91
308273834431185 23
308273834438334 66
308273834445123 91
308273912852861 23
308273912876441 66
308273912883830 91
308273912890624 23
308273968535505 66
308273968553902 91
308273968560995 23
308273968567762 66
308274035522806 91
308274035537033 23
308274035543941 66
308274035550683 91
308274109444286 23
308274109458886 66
308274109465902 91
308274169616213 23
308274169634538 66
308274169642497 91
308274169649547 23
308274246009749 66
308274246024407 91
308274246031536 23
308274246038425 66
308274246045081 91
308274316052981 23
308274316069307 91
308274370843174 23
308274370863038 14
308274370870092 66
308274370876895 91
308274370883700 23
308274370890412 66
308274447950240 91
308274447963691 23
308274447970701 66
308274447977349 91
308274505005639 23
308274505021707 66
308274505029035 91
308274572015273 23
308274572031904 66
308274572039077 91
308274572045962 23
308274639053024 66
308274639068054 91
308274639075144 23
308274639082060 66
308274639089058 91
308274706244606 23
308274706263421 66
308274706271534 91
308274785275366 23
308274785291428 66
308274785298673 91
308274785305446 23
308274840335156 66
308274840351359 91
308274840358617 23
308274840365385 66
308274915128562 91
308274915144230 23
308274915152320 66
308274986563470 91
308274986578713 23
308274986586176 91
308274986593027 23
308274986599765 23
308275041576783 66
308275041607716 91
308275041615142 23
308275041622066 66
308275118459724 91
308275118474880 23
308275118481746 66
308275118488498 91
308275182489919 23
308275182510730 66
308275182518013 91
308275182524784 23
308275243041249 66
308275243059898 91
308275243067067 23
308275243073968 66
308275320423689 91
308275320441205 23
308275320448593 66
308275320455504 91
308275376755038 23
308275376768199 66
308275376775000 91
308275455755285 23
308275455774006 14
308275455781195 66
308275455788010 91
308275455794656 23
308275510986119 91
308275511004337 23
308275511011536 23
308275511018337 66
308275511025174 91
308275587810741 23
308275587844121 66
308275587851602 91
308275587858421 23
308275645138202 23
308275645196069 66
308275645205207 91
308275645212062 23
308275645218732 66
308275712307561 91
308275712336179 23
308275712343243 66
308275712350098 91
308275786266997 23
308275786295285 66
308275786302547 91
308275846350458 23
308275846375614 66
308275846382713 91
308275846389387 23
308275913298042 66
308275913313120 91
308275913320144 23
308275913327002 66
308275913333802 91
308275990921022 23
308275990937784 66
308275990945793 91
308276047509002 23
308276047525249 66
308276047532295 91
308276047539172 23
308276114481264 91
308276114494414 23
308276114501349 23
308276114508070 66
308276114514806 91
308276186996975 23
308276187012357 66
308276187019477 91
308276248723284 23
308276248739402 66
308276248746649 91
308276248753482 23
308276315731578 66
308276315746759 91
308276315754035 23
308276315760960 66
308276394145221 91
308276394160607 23
308276394167985 66
308276394174746 91
308276449943306 23
308276449958071 66
308276449965360 91
308276516872962 23
308276516887742 91
308276516894957 23
308276516901820 14
308276516908716 23
308276516915525 14
308276594112821 66
308276594129068 91
308276594136374 23
308276594143197 66
308276594149963 91
308276651012190 23
308276651027281 23
308276651034228 66
308276651041069 91
308276718106274 23
308276718122994 91
308276718130519 23
308276718137249 23
308276718143931 66
308276785265644 91
308276785280024 23
308276785287081 66
308276785293944 91
308276863379529 23
308276863400010 66
308276863407052 91
308276863413896 23
308276919333271 23
308276919348554 14
308276919355448 66
308276919362419 91
308276919369289 23
308276986402405 91
308276986415150 23
308276986422077 23
308276986428975 66
308276986435695 91
308277053428652 23
308277053444573 66
308277053451881 91
308277053458756 23
308277120510923 66
308277120524207 91
308277120531219 23
308277187604862 66
308277187621169 91
308277187628556 23
308277187635300 66
308277187642093 91
308277254800969 23
308277254815062 66
308277254822120 91
308277332544429 23
308277332560497 66
308277332567753 91
308277388800296 23
308277388815478 14
308277388822633 66
308277388829378 91
308277388836563 23
308277388843384 91
308277388850197 23
308277455799591 23
308277455814112 14
308277455821053 66
308277455827900 91
308277533839310 23
308277533852318 91
308277533859419 23
308277533866115 23
308277533872884 66
308277590016132 91
308277590028704 23
308277590035648 66
308277590042453 91
308277657016327 23
308277657028530 66
308277657035357 91
308277735827851 23
308277735843925 66
308277735851122 23
308277791238806 23
308277791253645 66
308277791260838 23
308277791267583 66
308277858240382 23
308277858254348 23
308277858261394 66
