318148464805157 91
318148531976525 23
318148532007249 66
318148532014615 91
318148609904763 23
318148609929897 66
318148609937120 91
318148609943901 23
318148666251877 66
318148666280235 91
318148666287259 23
318148666294092 66
318148666300720 91
318148741369816 23
318148741402237 66
318148741409642 91
318148808429907 23
318148808456712 66
318148808463971 91
318148872737050 23
318148872822209 66
318148872830124 91
318148872837699 23
318148934451172 66
318148934480496 91
318148934487745 23
318148934494528 66
318148934501178 91
318149013146339 23
318149013171555 66
318149013178798 91
318149068334449 23
318149068362075 66
318149068369369 91
318149145088631 23
318149145119710 66
318149145126807 91
318149209287590 23
318149209331748 66
318149209338823 91
318149209345712 23
318149209352443 66
318149269810089 91
318149269836266 23
318149269844220 66
318149269851055 91
318149346336406 23
318149346369668 66
318149346376674 91
318149403854103 23
318149403880520 66
318149403887761 91
318149470794535 23
318149470820174 66
318149470827208 91
318149470833977 23
318149548363312 66
318149548392943 91
318149548400188 23
318149548407007 66
318149548413736 91
318149605005338 23
318149605033047 66
318149605040099 91
318149677449817 23
318149677478028 66
318149677486199 91
318149739038192 23
318149739061731 66
318149739068974 91
318149806078106 23
318149806103921 66
318149806111307 91
318149806118293 23
318149806125172 66
318149873195602 91
318149873225380 23
318149873232463 66
318149873239392 91
318149951543474 23
318149951569420 23
318149951576684 66
318150007302811 91
318150007331662 91
318150007338746 23
318150080312797 66
318150080340266 91
318150080347189 23
318150080354515 23
318150080361252 66
318150141503633 23
318150141535171 66
318150141542507 91
318150141549306 91
318150218789738 23
318150218814737 66
318150218821922 23
318150218828632 91
318150275537529 23
318150275566436 66
318150275573386 23
318150275580183 66
318150362920369 91
318150362953239 91
318150362960535 23
318150426239165 66
318150426270305 23
318150426277619 91
318150426284609 23
318150426291454 66
318150426299560 23
318150476718593 66
318150476747997 91
318150476755365 91
318150543877235 23
318150543906361 66
318150543913534 91
318150543920333 23
318150610862278 23
318150610891151 66
318150610898459 23
318150610905278 66
318150691013560 91
318150691039991 23
318150691047057 66
318150745119504 91
318150745147991 23
318150745155287 66
318150812318895 91
318150812346225 91
318150879080494 23
318150879105378 66
318150879113569 91
318150879120547 23
318150879127263 23
318150879134164 66
318150949641238 23
318150949666661 23
318150949674035 66
318150949680679 91
318150949687374 91
318151025318976 23
318151025347757 66
318151025354805 91
318151025361626 23
318151025368224 23
318151025374781 23
318151080332191 66
318151080357315 23
318151080364723 91
318151080371530 23
318151080378235 66
318151080385076 23
318151157190892 66
318151157220204 91
318151157227322 91
318151214531318 23
318151214557612 66
318151214565058 91
318151214571954 23
318151214578887 23
318151281550460 66
318151281579671 23
318151281586953 66
318151348545897 91
318151348573559 23
318151348580706 66
318151415804818 91
318151415840140 91
318151415847017 23
318151494534665 66
318151494562224 91
318151494569633 23
318151494576379 23
318151494583106 66
318151494589910 23
318151549800518 66
318151549830662 91
318151626414439 23
318151626440673 66
318151626447778 91
318151683928515 23
318151683960206 66
318151683967188 91
318151683973969 91
318151757205966 23
318151757231803 66
318151757239077 91
318151757245930 23
318151817953599 66
318151817977550 23
318151817984548 91
318151817991214 23
318151817997791 66
318151885229026 23
318151885257454 66
318151885264831 91
318151952218976 23
318151952248269 66
318152029708052 91
318152029749189 91
318152029756843 23
318152029763924 66
318152086239163 91
318152086264494 23
318152086271778 23
318152086278699 66
318152086285647 23
318152086292311 66
318152153470309 91
318152231009957 23
318152231038047 66
318152231045369 91
318152287549357 91
318152287574776 23
318152287582100 66
318152287588954 91
318152287595696 23
318152354551523 23
318152354579963 66
318152354587798 23
318152354594832 66
318152432955654 91
318152432984634 23
318152432991968 66
318152488655733 91
318152488684203 91
318152555711004 23
318152555735061 66
318152555742137 91
318152555748906 23
318152555755663 23
318152555762323 66
318152631621639 23
318152631655822 91
318152631663112 23
318152631669743 66
318152631676568 23
318152631683436 66
318152700206408 91
318152700241460 91
318152757040834 23
318152757073907 66
318152757081303 91
318152757088076 23
318152757094726 23
318152757101412 66
318152824144447 23
318152824174322 66
318152824181436 91
318152902120245 23
318152902146851 66
318152902154038 91
318152958161362 23
318152958193634 66
318152958200835 91
318153033249294 91
318153033274659 23
318153033281866 66
318153092239189 23
318153092264652 66
318153092271932 91
318153092278650 91
318153159325389 23
318153159352256 91
318153159359604 66
318153159366495 23
318153159373200 66
318153159379918 91
318153226501828 23
318153226535788 23
318153226543046 66
318153226549941 23
318153226556792 66
318153305400057 91
318153360538170 23
318153360568358 66
318153360575505 91
318153427804449 23
318153427853416 66
318153427860760 91
318153427867644 91
318153494699009 23
318153494723067 66
318153494730270 91
318153494736900 23
318153494744433 66
318153561786426 23
318153561810146 91
318153561817882 23
318153561824620 66
318153561831504 23
318153561838220 66
318153638688549 91
318153638718454 91
318153695829267 23
318153695858126 66
318153695866212 91
318153695873009 23
318153695879774 23
318153695886635 66
318153762979750 23
318153763009444 91
318153763016603 23
318153763023448 66
318153763030160 23
318153763036858 66
318153830029353 91
318153830059326 91
318153897081013 23
318153897110045 66
318153897117164 23
318153897123993 66
318153897130749 91
318153964056627 91
318153964082334 23
318153964089297 91
318153964095943 66
318153964102672 23
318154041831857 66
318154041860631 91
318154041867915 23
318154041874800 23
318154098236078 66
318154098264247 23
318154098271772 66
318154098278604 91
318154165303827 23
318154165332931 66
318154239842462 91
318154239869197 91
318154239876579 23
318154299529766 66
318154299561077 91
318154299568059 23
318154299574832 23
318154299581584 66
318154299588256 23
318154366591504 66
318154366624080 91
318154448437071 23
318154448464210 66
318154448471683 91
318154500828871 91
318154500858305 23
318154500865556 66
318154500872530 91
318154500879247 23
318154568264525 23
318154568294412 66
318154568301824 23
318154568308543 66
318154647102609 91
318154647133204 91
318154647140232 23
318154647146926 66
318154708131077 23
318154708163355 66
318154708170345 91
318154708177108 91
318154768877922 23
318154768907046 66
318154768914135 91
318154768920921 23
318154768927730 23
318154835933573 66
318154835960129 23
318154835967344 66
318154914266244 91
318154914289949 23
318154914297026 66
318154970338072 91
318154970362675 91
318154970369822 23
318155037128677 66
318155037155110 91
318155037162390 23
318155037169257 23
318155037176080 66
318155037182776 23
318155037189481 91
318155110939757 23
318155110966220 66
318155110973483 23
318155110980329 66
318155178277313 91
318155245721792 23
318155245753272 66
318155245760636 91
318155245767632 91
318155313081138 23
318155313113891 66
318155313120749 91
318155313127652 23
318155313134431 23
318155380434639 66
318155380459266 23
318155380466506 66
318155447828513 91
318155447859748 23
318155447867198 66
318155506768300 91
318155506804252 91
318155580479243 23
318155580514007 66
318155580521339 91
318155580528186 23
318155580534878 23
318155580541561 66
318155647854854 23
318155647883417 66
318155647890429 91
318155715238576 23
318155715271124 66
318155775219450 91
318155775261395 91
318155775268866 23
318155775275600 91
318155841968432 66
318155841997891 23
318155842005178 66
318155842012058 91
318155842018732 23
318155920390513 23
318155920419371 66
318155920426402 23
318155920433277 66
318155920440196 91
318155976021822 91
318155976049725 23
318155976056812 66
318155976063576 91
318156043239027 23
318156043271814 23
318156043279084 66
318156043285931 23
318156043292635 91
318156043299326 23
318156122334594 66
318156122360763 23
318156122368685 66
318156122375749 91
318156177261741 91
318156177288474 23
318156177295659 66
318156177302478 91
318156177309249 23
318156244311163 23
318156244341275 66
318156244348432 23
318156244355311 23
318156244362229 66
318156244368901 91
318156323640111 91
318156323667258 23
318156323674425 66
318156386643394 91
318156386675232 23
318156386682509 23
318156386689296 66
318156386696010 23
318156386702769 23
318156386710010 66
318156455540483 91
318156455570008 91
318156455577217 23
318156512538599 66
318156512569956 91
318156512577055 23
318156512583775 23
318156512590598 66
318156512597290 23
318156586307528 66
318156586332372 91
318156654096897 23
318156654130600 66
318156654137874 91
318156713891568 91
318156713920270 23
318156713927518 66
318156713934411 91
318156781035490 23
318156781065085 23
318156781072514 23
318156781079900 66
318156781086592 23
318156781093483 66
318156858772620 91
318156858804621 91
318156858811814 23
318156915013547 66
318156915040455 91
318156915047853 23
318156915054730 23
318156915061483 66
318156915068135 23
318156915074787 66
318156982212814 91
318157060054982 23
318157060079754 66
318157060086772 91
318157116154462 91
318157116183965 23
318157116191156 66
318157116197808 91
318157116204466 23
318157183352897 23
318157183377351 66
318157183384679 23
318157183391828 66
318157183398502 91
318157262020233 91
318157262048599 23
318157262055820 66
318157317392621 91
318157317423694 23
318157317430855 23
318157317437630 66
318157317444427 23
318157317451232 66
318157390076968 91
318157463358741 23
318157463383814 66
318157463391108 91
318157518522524 91
318157518549957 23
318157518556833 66
318157518563635 23
318157595242903 23
318157595275489 66
318157595282853 91
318157595289539 91
318157595296197 23
318157652964107 66
318157653006904 91
318157653014121 23
318157653021063 23
318157653027791 66
318157653034638 23
318157719799478 23
318157719823958 66
318157719831118 91
318157719838177 91
318157786788414 23
318157786815716 66
318157786822768 91
318157786829577 23
318157786836378 66
318157853855027 23
318157853882028 66
318157853889818 91
318157921024801 91
318157921054545 23
318157921061541 66
318157921068456 91
318157921075201 23
318157921081871 23
318157998482172 66
318157998510333 91
318158055107886 23
318158055138525 66
318158055145656 91
318158142707873 91
318158142740355 23
318158142748521 66
318158142755362 91
318158142762212 23
318158200619704 23
318158200651719 66
318158200659195 23
318158200666240 91
318158200673342 23
318158200681010 66
318158256251826 23
318158256276883 66
318158256284032 91
318158256290724 91
318158326502424 23
318158326525759 66
318158326533077 91
318158326539972 23
318158326546656 23
318158390523621 66
318158390550291 91
318158467787557 23
318158467815207 66
318158467822455 91
318158467829370 91
318158524725235 23
318158524753730 66
318158524761062 91
318158524767799 23
318158524774559 23
318158591741179 66
318158591780576 23
318158591787897 66
318158591794572 91
318158658713043 91
318158658736694 23
318158658744135 66
318158658751062 91
318158725706340 23
318158725732228 23
318158725739658 66
318158725746475 23
318158725753278 66
318158792698576 91
318158870983935 23
318158871010914 66
318158871018276 91
318158871025203 91
318158926903091 23
318158926926437 66
318158926933435 91
318158926940145 23
318158926946817 23
318158993966378 66
318158993993350 23
318158994000704 66
318158994007499 91
318159068995247 91
318159069025674 23
318159069032854 66
318159069039600 91
318159069046310 23
318159128402135 23
318159128437845 66
318159128445054 23
318159128451818 66
318159195074232 91
318159195104201 23
318159274338406 66
318159274374271 91
318159274381726 91
318159329294117 23
318159329318914 66
318159329326013 23
318159329332898 66
318159329340174 91
318159406113229 91
318159406137618 23
318159406144914 66
318159463501367 23
318159463527997 66
318159463535070 91
318159463541720 91
318159530671889 23
318159530714277 66
318159530721579 91
318159530728402 23
318159530735309 23
318159597452836 66
318159597473704 23
318159597480814 66
318159597487798 91
318159664724970 91
318159664751882 23
318159664759035 66
318159664765814 91
318159664772550 23
318159743488305 23
318159743517021 66
318159743523922 23
318159743530795 66
318159798733025 91
318159798758472 23
318159875325566 66
318159875349992 91
318159875357091 91
318159933118932 23
318159933146926 66
318159933154125 91
318159933160958 23
318159933167721 23
318159933174407 66
318159999897953 23
318159999928407 66
318159999935441 91
318159999942246 91
318160066987693 23
318160067016610 66
318160067023857 91
318160067031312 23
318160134033369 23
318160134063020 66
318160134070127 23
318160134076885 66
318160134116677 91
318160212695939 91
318160212724156 23
318160212731500 91
318160212738317 66
318160268220335 23
318160268245439 66
318160268252692 23
318160268259513 66
318160342964302 91
318160342992400 91
318160342999531 23
318160402284643 66
318160402310205 91
318160402317392 23
318160402324330 23
318160402331002 66
318160402338561 91
318160402345237 23
318160469501236 23
318160469532851 66
318160469540018 23
318160469547038 66
318160469553847 91
318160546191339 91
318160546218360 23
318160546225734 66
318160615905902 91
318160615938374 23
318160615945460 23
318160615952187 66
318160615958901 23
318160615965579 66
318160671196794 91
318160745876660 23
318160745904529 66
318160745911759 91
318160805544887 91
318160805570818 23
318160805579077 66
318160805586105 91
318160805592922 23
318160871734719 23
318160871760179 66
318160871767317 23
318160871774020 91
318160871780607 23
318160871787229 66
318160949098552 23
318160949126383 66
318160949133649 91
318161005922732 23
318161005948006 66
318161072955524 91
318161072980666 91
318161072987970 23
318161151142964 66
318161151172977 91
318161151180341 23
318161151187130 23
318161151193868 66
318161151201532 91
318161151208269 23
318161214051308 23
318161214075142 66
318161214082536 23
318161214089239 66
318161286385516 91
318161286414112 91
318161286421256 23
318161286427848 66
318161341222024 91
318161341246856 23
318161341254252 91
318161341261029 23
318161341267737 23
318161341274568 66
318161418317688 23
318161418348058 66
318161418355098 23
318161418362048 66
