306326339002112 91
306326406113147 91
306326406137378 23
306326484891333 23
306326484926387 66
306326484933709 91
306326484940325 23
306326540366578 66
306326540400733 91
306326540407946 23
306326540414800 23
306326607434813 66
306326607467065 91
306326607474254 23
306326607481071 23
306326674624412 66
306326674658529 91
306326674665758 23
306326674672702 23
306326752020110 66
306326752053784 91
306326752061068 23
306326752067806 91
306326752074557 23
306326808834631 23
306326808866980 66
306326808874020 91
306326808880793 23
306326875874948 66
306326875911002 91
306326875918116 91
306326875924837 23
306326954170168 23
306326954206487 66
306326954213560 91
306326954220304 23
306327009963153 66
306327010004721 91
306327010012024 23
306327083269429 91
306327083306119 66
306327083313543 91
306327083320340 23
306327083327098 14
306327143982814 23
306327144009416 14
306327144016874 66
306327144023595 91
306327144030291 23
306327210915710 91
306327210941180 23
306327210949387 23
306327278059868 14
306327278092374 66
306327278099790 91
306327278106678 23
306327278113322 23
306327357255112 23
306327357288451 91
306327357295465 91
306327357302204 23
306327357309002 14
306327412172989 23
306327412200562 14
306327412208403 66
306327412215248 91
306327412221971 23
306327412228685 91
306327412235452 23
306327479246418 23
306327479278843 14
306327479286068 66
306327479292996 91
306327546398026 23
306327546426670 91
306327546433839 23
306327546440690 23
306327624499877 66
306327624532319 91
306327624539606 23
306327624546490 66
306327624553216 91
306327680365906 23
306327680390929 66
306327680398247 91
306327680405039 23
306327747431190 91
306327747454926 66
306327747462105 91
306327826452211 23
306327826479825 23
306327826487201 66
306327826493983 91
306327881607158 23
306327881625535 66
306327881633364 91
306327881641269 23
306327948615104 91
306327948635213 66
306327948642376 91
306327948649145 23
306328015593295 14
306328015609276 23
306328015616327 14
306328015623077 66
306328015629896 91
306328015636725 23
306328093648142 91
306328093668066 23
306328093675506 23
306328093682492 66
306328149761263 91
306328149776029 23
306328149783098 66
306328149789957 91
306328216809653 91
306328216827004 23
306328216835197 14
306328289654056 23
306328289670838 14
306328289677987 66
306328289684951 91
306328289691597 23
306328351011440 91
306328351025927 23
306328351032923 23
306328351039716 14
306328351046695 66
306328351053420 91
306328418017027 23
306328418031496 91
306328418038556 66
306328496888946 91
306328496906035 23
306328496913222 23
306328496920045 66
306328496926758 91
306328552253609 23
306328552270870 66
306328552278898 91
306328628781227 91
306328628798761 23
306328628806123 14
306328628812888 23
306328686203767 14
306328686218229 66
306328686225195 91
306328686231859 23
306328686238648 23
306328686245419 66
306328759913777 91
306328759930130 23
306328759937372 91
306328759944339 23
306328820326724 23
306328820341395 66
306328820348645 91
306328820355414 23
306328887396932 91
306328887410731 23
306328887417789 23
306328887424966 66
306328887431683 91
306328954582735 23
306328954595047 66
306328954602053 91
306329032127214 91
306329032150314 23
306329032158797 14
306329032165521 23
306329032172171 14
306329032178845 66
306329088831509 91
306329088862908 23
306329088870353 91
306329088877276 23
306329088884025 23
306329162867831 66
306329162894403 91
306329162901781 23
306329222790515 66
306329222807840 91
306329222814872 91
306329222822274 23
306329222829039 14
306329289817663 23
306329289836998 14
306329289844090 66
306329289850825 91
306329289857666 23
306329357037191 91
306329357058629 23
306329357065818 23
306329357072712 66
306329357079543 91
306329435279632 23
306329435294214 66
306329435301268 91
306329491005446 91
306329491018178 23
306329491025218 14
306329491032013 23
306329563609992 14
306329563627538 66
306329563634773 91
306329563642232 23
306329563649156 23
306329625255503 66
306329625270514 91
306329625277480 23
306329625284231 91
306329625291080 66
306329692228320 91
306329692241709 23
306329692248973 66
306329759398289 91
306329759427820 23
306329759435162 91
306329759441952 66
306329838625942 91
306329838656221 23
306329838663483 14
306329893464574 23
306329893487652 14
306329893495243 66
306329893502197 91
306329893509760 23
306329966533163 91
306329966558306 23
306329966565620 23
306329966572524 14
306329966579304 66
306329966586055 91
306330039916208 23
306330039944062 91
306330039951080 23
306330039957883 23
306330094797222 66
306330094820988 91
306330094828181 23
306330094834867 91
306330094841606 66
306330171786681 91
306330171812800 23
306330171820512 14
306330228809855 23
306330228829688 14
306330228837298 66
306330228844243 91
306330228851646 23
306330295767508 91
306330295784266 23
306330295791423 23
306330295798237 66
306330295804948 91
306330373693372 23
306330373709686 66
306330373717140 91
306330430014521 91
306330430031765 23
306330430039109 14
306330430046085 23
306330430052729 14
306330430059526 66
306330497020547 91
306330497035332 23
306330497042440 91
306330497049241 23
306330574961148 23
306330574977145 66
306330574984431 91
306330574992079 23
306330631216366 91
306330631231662 66
306330631238915 91
306330631245793 23
306330698228680 14
306330698242374 23
306330698249469 14
306330698256276 66
306330698262984 91
306330698269841 23
306330776932076 91
306330776946225 23
306330832423560 23
306330832437996 14
306330832444934 66
306330832451799 91
306330832458652 23
306330832465473 91
306330832472371 66
306330899414495 91
306330899428200 23
306330899435391 23
306330966394478 66
306330966409832 91
306330966416964 23
306330966423769 66
306330966430456 91
306331044185307 91
306331044200580 23
306331044207564 14
306331100824073 23
306331100839171 14
306331100846282 66
306331100853055 91
306331100859835 23
306331167573798 91
306331167588745 23
306331167595768 23
306331167602641 66
306331167609277 91
306331234656854 23
306331234671928 91
306331234679077 66
306331301771424 91
306331301785436 23
306331301792486 14
306331301799277 23
306331301806074 14
306331368824890 66
306331368846337 91
306331368853717 23
306331368860586 91
306331368867218 23
306331447443918 23
306331447461060 66
306331447468323 91
306331447475362 23
306331503002268 91
306331503014993 66
306331503022144 91
306331579324933 23
306331579340789 14
306331579347974 23
306331579354759 14
306331579361463 66
306331579368934 91
306331645444110 23
306331645457963 91
306331645464965 23
306331704252391 23
306331704266695 14
306331704273900 66
306331704280805 91
306331704287652 23
306331704294304 91
306331704301117 23
306331780619883 23
306331780636025 66
306331780643137 91
306331838288404 23
306331838303227 91
306331838310414 66
306331905310963 91
306331905326311 23
306331905333574 14
306331905340663 23
306331905347530 14
306331905354723 66
306331972512037 23
306331972525180 66
306331972532015 91
306331972538776 23
306331972545434 91
306332039519396 23
306332039533537 23
306332039540479 66
306332039547272 91
306332113623559 23
306332113637499 66
306332113644537 91
306332113651283 23
306332173600146 66
306332173620164 91
306332173627484 23
306332240661673 66
306332240679344 91
306332240686702 91
306332240693448 23
306332320045018 23
306332320076057 14
306332320083379 66
306332320090120 91
306332320096776 23
306332374890356 91
306332374915005 23
306332374922160 23
306332451820861 14
306332451847539 66
306332451854620 91
306332451861437 23
306332451868123 91
306332451874684 23
306332514468664 23
306332514494085 66
306332514501303 91
306332514507910 23
306332587217184 91
306332587239924 66
306332587247310 91
306332587254157 23
306332643069701 14
306332643085715 23
306332643092846 14
306332643099715 66
306332643106487 91
306332643113200 23
306332710234508 91
306332710249608 23
306332710256695 23
306332789097974 14
306332789114716 66
306332789122118 91
306332789128925 23
306332789135692 91
306332789142439 23
306332844223854 23
306332844241004 66
306332844248205 91
306332844255112 23
306332911380357 66
306332911395691 91
306332911402733 91
306332990382089 23
306332990398056 14
306332990405229 23
306332990411893 14
306332990418597 66
306333045421595 91
306333045436574 23
306333045443641 91
306333045450574 23
306333045457462 23
306333122272182 66
306333122287144 91
306333122294361 23
306333122301140 91
306333122307884 66
306333179800416 91
306333179816534 23
306333179825224 14
306333247007730 23
306333247019779 14
306333247026732 66
306333247033515 91
306333247040312 23
306333322296637 91
306333322313186 23
306333322320542 23
306333322327284 66
306333322334057 91
306333391488683 23
306333391506887 66
306333391514062 91
306333448147175 91
306333448177943 23
306333448185361 14
306333448192100 23
306333448198740 14
306333525596493 66
306333525630707 91
306333525637932 23
306333525644731 91
306333525651604 23
306333582047420 23
306333582070102 14
306333582077408 66
306333582084263 91
306333582091745 23
306333649015404 91
306333649035290 23
306333649042626 23
306333649049529 66
306333649056419 91
306333727488726 23
306333727509513 91
306333727516984 66
306333790482667 91
306333790501762 23
306333790509152 14
306333790516027 23
306333850320442 14
306333850339891 66
306333850346986 91
306333850353772 23
306333850360384 91
306333850367093 23
306333917294021 23
306333917308610 66
306333917315701 91
306333917323298 23
306333994771896 66
306333994792745 91
306333994799884 91
306334051404189 23
306334051417026 14
306334051424085 23
306334051430827 14
306334051437485 23
306334051444419 91
306334118493929 23
306334118508202 14
306334118515031 66
306334118521846 91
306334118528547 23
306334191266210 91
306334191282803 23
306334191290093 23
306334191296940 66
306334191303691 91
306334252694900 23
306334252708157 91
306334252715831 66
306334319714549 91
306334319728535 23
306334319735593 14
306334319742366 23
306334397961643 14
306334397977556 66
306334397984677 91
306334397991518 23
306334397998236 91
306334398004860 23
306334453766321 23
306334453780518 14
306334453787490 66
306334453794353 91
306334520967315 23
306334520981522 91
306334520988592 23
306334520995431 23
306334521002176 66
306334587963422 91
306334587976297 23
306334587983537 91
306334587990372 23
306334587997010 14
306334655187984 23
306334655202577 14
306334655209901 66
306334655216865 91
306334655223690 23
306334722024107 91
306334722037379 23
306334722044338 23
306334722051149 14
306334789336968 66
306334789354333 91
306334789361659 23
306334789368621 91
306334789375508 66
306334867342522 91
306334867373587 23
306334867380764 23
306334923270253 14
306334923290106 66
306334923297879 91
306334923304706 23
306334923311356 91
306334923318022 23
306334990520729 23
306334990546730 14
306334990553832 66
306334990560864 91
306334990567752 23
306335057434526 91
306335057456421 66
306335057463706 91
306335124491456 23
306335124510215 23
306335124517447 66
306335124524229 91
306335191618053 23
306335191635094 66
306335191642516 91
306335191649430 23
306335270449106 91
306335270469456 66
306335270477379 91
306335270484261 23
306335325604516 14
306335325621201 23
306335325628660 14
306335325635428 66
306335325642207 91
306335325648935 23
306335402319456 91
306335402335908 23
306335402343211 23
306335402350026 66
306335467330768 91
306335467346512 23
306335467353892 66
306335467360777 91
306335537713396 91
306335537733169 23
306335537740322 14
306335593874527 23
306335593891152 14
306335593898371 66
306335593905925 91
306335593912784 23
306335660942835 91
306335660955324 23
306335660962225 23
306335660969046 66
306335660975781 91
306335739630128 23
306335739644406 66
306335739651529 91
306335795047561 91
306335795061700 23
306335795068668 14
306335795075384 23
306335795082203 14
306335795088940 66
306335868114992 91
306335868128847 23
306335868135831 91
306335868142497 23
306335940918546 23
306335940931939 14
306335940939562 66
306335940946544 91
306335940953546 23
306335996302942 91
306335996318254 66
306335996325511 91
306335996332268 23
306336072812821 23
306336072827362 66
306336072834399 91
306336072841232 23
306336130518993 66
306336130534858 91
306336130542368 23
306336197552707 66
306336197568698 91
306336197575789 23
306336197582557 66
306336264561771 91
306336264578015 23
306336264585265 66
306336264592122 91
306336331715409 91
306336331729228 23
306336331736113 23
306336331742866 14
306336331749437 66
306336331756302 91
306336398640337 91
306336398653184 23
306336398660269 14
306336476036778 23
306336476052420 14
306336476059609 66
306336476066323 91
306336476073090 23
306336532774671 91
306336532788818 23
306336532795880 23
306336532802719 14
306336599975988 66
306336599990240 91
306336599997260 23
306336600004069 91
306336600011405 23
306336600018141 23
306336676027894 66
306336676045259 91
306336676052311 23
306336734023591 66
306336734039103 91
306336734046363 91
306336734053266 23
306336734060037 14
306336813377647 23
306336813393051 14
306336813400212 23
306336813407233 91
306336868257568 23
306336868272666 14
306336868279857 66
306336868286795 91
306336868293747 23
306336868300576 91
306336945267023 23
306336945282397 23
306336945290047 66
306336945297035 91
306337002200263 23
306337002214287 66
306337002221444 91
306337069402097 23
306337069417153 23
306337069424195 14
306337069430982 66
306337069437725 91
306337069444415 23
306337136307007 91
306337136321146 23
306337136328224 23
306337136335077 14
306337136341967 66
306337203416620 23
306337203431936 91
306337203439191 23
306337270610399 66
306337270622910 91
306337270629880 23
306337270637091 91
306337270644001 23
306337348510221 23
306337348525695 14
306337348532981 66
306337348539856 91
306337348546685 23
306337404698722 91
306337404722629 23
306337404729916 23
306337404736691 66
306337404743451 91
306337471727168 23
306337471748242 66
306337471755787 91
306337547154991 91
306337547184803 23
306337547191916 14
306337547198695 23
306337605844623 14
306337605865283 66
306337605872456 91
306337605880257 23
306337673063211 23
306337673087848 66
306337673094922 91
306337673102124 23
306337673108731 91
306337673115339 66
306337751820835 23
306337751841197 66
306337807036256 91
306337807050952 23
306337807058143 23
306337807064851 23
306337807071636 66
306337883733168 91
306337883754966 23
306337883761862 91
306337883768648 23
306337883775363 23
306337947899933 66
306337947918443 91
306337947925644 23
306337947933183 91
306337947939950 66
306338008285964 91
306338008306004 23
306338008313163 14
306338085295110 23
306338085328270 14
306338085335535 23
306338085342368 23
306338085349157 66
306338085355865 91
306338142674752 23
306338142705256 91
306338142712717 66
306338142719391 91
306338209514375 23
306338209541990 66
306338209549405 91
306338286983234 23
306338287012097 66
306338287019531 91
306338287026336 23
306338343725193 66
306338343763096 91
306338343770619 23
306338416178795 91
306338416209295 66
306338416216756 91
306338416223557 23
306338416230227 14
306338477836643 66
306338477862744 91
306338477869774 23
306338544834401 66
306338544861681 91
306338544868888 23
306338544875695 66
306338544882492 91
306338611874733 23
306338611907359 91
306338611914540 66
306338690312709 91
306338690340976 23
306338690348097 14
306338690356825 66
306338690363557 91
306338746120173 23
306338746147789 91
306338746155187 66
306338819009276 91
306338819038008 23
306338819045493 14
306338819052549 23
306338819059225 14
306338880256227 66
306338880290121 91
306338880297211 23
306338880303978 91
306338880310702 23
306338957575222 23
306338957607128 66
306338957614412 91
306338957621199 23
306339014225574 91
306339014251748 66
306339014259043 23
306339081246081 14
306339081262981 66
306339081270023 23
306339081276828 66
306339159416834 23
306339159435066 66
