318250873014647 91
318250940001455 23
318250940033343 66
318250940040830 91
318250940047611 23
318251017649689 66
318251017676657 91
318251074063826 23
318251074091944 66
318251074099135 91
318251148929948 91
318251148961766 23
318251148968919 66
318251148975911 91
318251208123107 23
318251208154544 66
318251208161947 91
318251208168713 23
318251208175458 23
318251280648675 66
318251280680651 91
318251280687846 23
318251280694583 23
318251280701325 66
318251280708092 91
318251280714808 23
318251342482571 23
318251342511148 66
318251342518323 91
318251342525897 23
318251342532657 23
318251420905671 66
318251420933072 91
318251420940391 23
318251420947359 23
318251420954134 66
318251420960836 91
318251420967698 23
318251476327712 23
318251476355109 66
318251476362447 91
318251476369220 23
318251476375866 23
318251476382546 66
318251544764647 91
318251544791615 23
318251544800027 23
318251544807057 66
318251544814109 91
318251544820719 23
318251610563017 23
318251610595726 66
318251610603032 91
318251610609877 23
318251610616585 23
318251677641531 66
318251677667262 91
318251677674367 23
318251677681250 23
318251677687832 66
318251677694464 91
318251677701337 23
318251744584943 23
318251744617644 66
318251744624650 91
318251744631553 23
318251744638256 23
318251744644994 66
318251811808276 91
318251811836674 23
318251811843862 23
318251811850644 66
318251811857461 91
318251811865115 23
318251878809995 23
318251878841459 66
318251878848608 91
318251878855405 23
318251878862131 23
318251878868837 66
318251945836488 91
318251945863383 23
318251945870615 23
318251945877474 66
318251945884182 91
318251945891011 23
318252012882236 23
318252012915993 66
318252012923150 23
318252012930084 66
318252012936842 91
318252080162809 91
318252080196839 23
318252080204145 66
318252080210996 91
318252080218702 23
318252153854170 66
318252153886101 91
318252153893348 23
318252153900157 23
318252153906952 66
318252221224383 91
318252221254431 23
318252221261821 23
318252221268587 66
318252221275529 23
318252221282229 66
318252288607899 91
318252288633335 91
318252288640480 23
318252356002582 23
318252356030298 66
318252356037457 23
318252356044208 66
318252356050912 91
318252356057761 91
318252423378157 23
318252423408312 66
318252423415535 23
318252423422231 66
318252490803831 91
318252490833573 91
318252490840889 23
318252490847999 23
318252549526735 66
318252549560512 91
318252549567983 23
318252549574703 23
318252549581456 66
318252616508394 91
318252616534640 23
318252616541809 23
318252616548772 66
318252616555503 91
318252616562169 23
318252616568847 23
318252683547555 66
318252683579234 91
318252683586594 23
318252750629979 66
318252750660827 91
318252750668008 91
318252817741522 23
318252817771654 66
318252817778876 91
318252817785767 23
318252817792683 66
318252884967680 91
318252885001370 23
318252885009953 23
318252885018297 66
318252885026321 91
318252885035954 23
318252885043799 23
318252952114146 66
318252952144916 91
318252952152070 23
318252952158922 23
318252952165642 66
318253025591176 91
318253025623779 23
318253025631760 23
318253025638626 66
318253025645344 91
318253025651990 23
318253025658747 23
318253093037400 66
318253093078571 91
318253093085830 23
318253093092712 23
318253093099444 66
318253160319002 91
318253160349064 23
318253160356438 23
318253160363309 66
318253160370017 23
318253160376734 66
318253233486687 91
318253233520033 91
318253233527158 23
318253295178763 66
318253295208020 91
318253295215187 23
318253295222895 66
318253295229543 91
318253295236169 23
318253295243016 23
318253362536577 66
318253362568944 91
318253362576153 23
318253362583032 23
318253362589769 66
318253421354109 91
318253421379422 23
318253421386741 23
318253421393524 66
318253421400271 91
318253421406995 23
318253421413661 23
318253488470628 66
318253488501798 91
318253488508842 23
318253488515633 23
318253488522394 66
318253555401607 91
318253555433770 23
318253555441251 23
318253555448058 66
318253555454799 91
318253555461537 23
318253622529460 23
318253622561180 23
318253622568487 66
318253622575491 91
318253622582172 23
318253622588987 66
318253622595618 91
318253689594159 23
318253689623845 23
318253689630917 66
318253689637797 91
318253689644636 23
318253689651380 23
318253756688250 66
318253756712746 91
318253756719776 23
318253756726732 23
318253756734299 66
318253756741078 91
318253823631831 23
318253823655249 23
318253823662625 66
318253823669379 91
318253823676357 23
318253823683033 23
318253897346860 66
318253897375014 91
318253897382258 23
318253897389115 23
318253897395856 66
318253897402588 91
318253964658345 23
318253964685816 23
318253964693027 66
318253964699896 91
318253964706558 23
318253964713222 23
318254032287328 66
318254032328887 91
318254032339086 23
318254032346068 23
318254032352720 23
318254032359323 66
318254032366014 91
318254099391480 23
318254099416829 66
318254099423835 91
318254099430640 23
318254099437501 23
318254166822195 66
318254166852178 91
318254166859454 23
318254166866260 23
318254166872981 66
318254166879619 23
318254234227643 66
318254234257485 91
318254234264608 91
318254293127610 23
318254293155075 66
318254293162294 91
318254293170000 23
318254293176813 66
318254293183519 91
318254360119887 23
318254360149271 23
318254360156359 66
318254360163198 91
318254360169967 23
318254360176832 23
318254427352984 66
318254427378701 91
318254427385962 23
318254427392824 23
318254427399570 66
318254427406319 91
318254494348115 23
318254494378147 23
318254494385231 66
318254494392109 91
318254494398781 23
318254494405549 23
318254561355120 66
318254561385434 91
318254561392846 23
318254561399699 23
318254561406494 66
318254561413261 91
318254628440705 23
318254628470356 23
318254628477501 66
318254628484314 91
318254628491099 23
318254628497807 23
318254695619166 66
318254695653934 91
318254695661137 23
318254695668125 23
318254695674928 66
318254695681622 91
318254762574733 23
318254762604294 23
318254762611352 66
318254762618189 91
318254762624895 23
318254762632207 23
318254836420163 66
318254836451425 91
318254836458629 23
318254836465572 23
318254836472345 66
318254836479174 91
318254836485951 23
318254903767368 23
318254903795444 23
318254903802660 66
318254903809579 91
318254903816209 23
318254903822927 23
318254971158604 66
318254971184936 91
318254971192278 23
318254971199081 66
318254971206007 91
318254971212634 23
318255038558961 23
318255038590151 66
318255038598038 91
318255038604885 23
318255038611622 23
318255105932561 66
318255105960506 91
318255105968082 23
318255105974788 23
318255105981480 66
318255105988191 91
318255105995056 23
318255173342457 23
318255173371781 66
318255173378974 91
318255173385793 23
318255173392589 23
318255232103981 66
318255232132333 91
318255232139808 23
318255232146589 23
318255232153309 66
318255232160033 91
318255232166691 23
318255299073251 23
318255299104306 66
318255299111481 91
318255299118521 23
318255299125137 23
318255366096714 66
318255366124668 91
318255366131943 23
318255366138804 23
318255366145631 66
318255366152285 91
318255366158970 23
318255433315882 23
318255433348036 66
318255433355441 91
318255433362394 23
318255433369257 23
318255500309757 66
318255500336536 91
318255500343707 23
318255500350395 23
318255500357143 66
318255500364584 91
318255500371425 23
318255575540750 23
318255575573847 66
318255575581179 91
318255575588167 23
318255575594998 23
318255634399164 66
318255634428304 91
318255634435711 23
318255634442803 23
318255634449662 66
318255634456449 91
318255634463250 23
318255701678279 23
318255701723330 66
318255701732829 91
318255701739688 23
318255701746523 23
318255768621481 66
318255768654178 91
318255768661862 23
318255768669534 23
318255768676222 66
318255768683007 91
318255768689826 23
318255844015428 23
318255844047212 66
318255844054399 91
318255844061395 23
318255844068157 23
318255902701907 66
318255902731585 91
318255902739035 23
318255902745899 23
318255902752605 66
318255902759394 91
318255902766126 23
318255977224255 23
318255977257328 66
318255977264576 91
318255977271636 23
318255977278370 23
318256036790512 66
318256036821899 91
318256036829366 23
318256036836295 23
318256036843108 66
318256036849911 91
318256036856660 23
318256103970825 23
318256104002541 66
318256104009637 91
318256104016478 23
318256104023321 23
318256177721647 66
318256177753641 91
318256177760742 23
318256177767400 23
318256177774157 23
318256177780801 66
318256245097654 23
318256245129374 66
318256245136633 91
318256245143349 91
318256312475965 23
318256312509589 91
318256312516899 66
318256312523662 23
318256312530517 66
318256312537270 91
318256312543984 23
318256379928362 66
318256379957041 91
318256379964247 23
318256379970953 23
318256447213450 66
318256447241383 91
318256447248570 23
318256447255285 23
318256447262124 66
318256447268778 91
318256447275476 23
318256514606825 23
318256514634931 66
318256514642143 91
318256514648897 23
318256514655557 23
318256573530208 66
318256573559998 91
318256573567179 23
318256573574042 23
318256573580783 66
318256573587507 91
318256573594238 23
318256640454509 23
318256640499209 66
318256640506627 91
318256640513607 23
318256640520376 23
318256707420036 66
318256707448271 91
318256707455671 23
318256707462374 23
318256707469084 66
318256707475746 91
318256707482454 23
318256782137521 23
318256782175602 66
318256782182795 91
318256849389590 23
318256849421311 66
318256849428440 91
318256849435219 91
318256916751618 23
318256916780568 66
318256916789012 91
318256916796038 23
318256916802740 66
318256975723653 91
318256975761588 23
318256975768763 23
318256975775719 66
318256975782415 91
318256975789139 23
318257042918938 23
318257042947632 66
318257042954600 91
318257042961353 23
318257042967995 23
318257110179013 66
318257110208868 91
318257110216763 23
318257110223634 23
318257110285532 66
318257110293582 91
318257176883872 23
318257176912339 66
318257244095120 91
318257244126021 23
318257244133091 66
318257311152574 91
318257378163064 23
318257378193661 66
318257378200779 91
318257378207556 91
318257445198709 23
318257445228400 66
318257445235610 91
318257445242231 23
318257445249056 23
318257518980437 66
318257519012574 91
318257519019637 23
318257519027184 66
318257519033956 91
318257519040562 23
318257586349169 23
318257586378772 66
318257586386134 91
318257586392935 23
318257586399675 23
318257661460187 66
318257661493294 91
318257661500517 23
318257661507284 23
318257661513976 66
318257661520658 91
318257661527306 23
318257721203990 23
318257721256834 66
318257721266760 91
318257721275201 23
318257721283924 23
318257788929961 66
318257788976600 91
318257788986335 23
318257788994474 23
318257789002299 66
318257789010009 91
318257789017550 23
318257855937525 23
318257855973659 66
318257855980762 91
318257855987589 23
318257855994267 23
318257921453174 66
318257921485848 23
318257921493050 23
318257921499957 66
318257921506859 91
318257921513462 91
318257981836377 23
318257981866064 66
318257981873195 23
318257981880113 66
318258049004018 91
318258049035136 91
318258049043004 23
318258116122660 66
318258116153792 23
318258116161156 66
318258116167937 91
318258182924285 23
318258182950662 91
318258182957996 23
318258182964889 66
318258182971604 91
318258182978302 23
318258249931683 23
318258249962000 66
318258249969054 91
318258249975883 23
318258249982525 23
318258317248543 66
318258317287926 91
318258317294841 23
318258317301551 23
318258317308475 66
318258317315169 91
318258317322873 23
318258384078277 23
318258384103752 66
318258384110853 91
318258384117563 23
318258384153720 23
318258458055834 66
318258458080513 91
318258458087913 23
318258458094668 23
318258458101483 66
318258458108434 91
318258458115074 23
318258525433316 23
318258525458260 66
318258525465359 91
318258525472085 23
318258525478747 23
318258592817301 66
318258592845754 23
318258592852818 66
318258592859685 91
318258592867150 91
318258660160443 23
318258660187456 66
318258660194357 91
318258660201025 23
318258660207627 66
318258727619839 91
318258727643623 23
318258727650833 23
318258727657551 66
318258727664426 91
318258727671135 23
318258786504479 23
318258786534225 66
318258786541334 91
318258786548062 23
318258786554700 23
318258853502123 66
318258853526745 91
318258853534134 23
318258853540973 23
318258853547798 66
318258853555204 91
318258853561876 23
318258920697852 23
318258920729610 66
318258920736706 91
318258920743467 23
318258920750173 23
318258987771927 66
318258987799758 91
318258987807120 23
318258987813913 23
318258987820651 66
318258987827351 91
318258987833951 23
318259054717217 23
318259054747685 66
318259054754973 91
318259054761740 23
318259054768460 23
318259121896149 66
318259121924503 91
318259121931881 23
318259121939096 23
318259121945861 66
318259121952535 91
318259121959262 23
318259189117159 23
318259189148160 66
318259189155331 91
318259189162070 23
318259189168716 23
318259256017877 66
318259256046158 91
318259256053879 23
318259256060653 23
318259256067343 66
318259256073995 91
318259256080629 23
318259329834933 23
318259329879137 66
318259329890072 91
318259329898993 23
318259329907620 23
318259329914306 66
318259397179959 91
318259397210377 23
318259397217622 23
318259397224588 66
318259397231325 91
318259397238007 23
318259464523427 23
318259464550411 66
318259464557731 91
318259464564381 23
318259464571180 23
318259464577850 66
318259531919886 91
318259531949958 23
318259531957122 23
318259531963939 66
318259531970664 91
318259531977346 23
318259605655381 23
318259605687489 66
318259605694545 91
318259605701324 23
318259605708956 23
318259605715720 23
318259666681824 66
318259666713002 91
318259666720254 23
318259666727131 66
318259666733895 91
318259666740511 23
318259725450353 23
318259725487093 66
318259725494465 91
318259725501212 23
318259725507940 23
318259792538916 66
318259792562998 91
318259792570227 23
318259792576923 23
318259792583909 66
318259792590600 91
318259792597282 23
318259866330997 23
318259866365313 66
318259866372891 91
318259866379722 23
318259866386452 23
318259936390556 66
318259936419489 91
318259936426777 23
318259936433539 23
318259936440306 66
318259936447032 91
318259936453781 23
318259993727995 23
318259993760149 66
318259993767328 91
318259993774131 23
318259993780847 23
318259993787505 66
318260060677415 91
318260060708676 23
318260060715789 23
318260060722451 66
318260060729079 91
318260060735827 23
318260127823697 23
318260127856644 66
318260127863835 91
318260127870585 23
318260127877312 23
318260194962076 66
318260194995517 91
318260195003064 23
318260195009835 23
318260195016594 66
318260195023272 91
318260195030014 23
318260262118029 23
318260262159831 66
318260262166829 91
318260262173745 23
318260262180506 23
318260339666929 66
318260339696725 91
318260339703735 23
318260339710410 23
318260339717210 66
318260339726053 91
318260339732779 23
318260396062618 23
318260396090644 66
318260396097986 91
318260396104753 23
318260396111425 23
318260463108329 66
318260463142299 91
318260463149492 23
318260463156319 23
318260463163091 66
318260463169774 91
318260463176412 23
318260535654818 23
318260535684956 66
318260535692602 91
318260535699714 23
318260535706519 23
318260597320908 66
318260597352490 91
318260597359476 23
318260597367057 23
318260597374154 66
318260597381015 91
318260597387687 23
318260664488273 23
318260664517424 66
318260664524599 91
318260664531373 23
318260664538060 23
318260664544762 66
318260742994931 91
318260743028307 23
318260743035581 23
318260743042480 66
318260743049257 91
318260743055895 23
318260798551384 23
318260798582041 66
318260798589234 91
318260798595943 23
318260798602653 23
318260798609369 66
318260865472516 91
318260865499810 23
318260865506780 23
318260865513567 66
318260865520227 91
318260865526883 23
318260944916222 23
318260944946294 23
318260944953584 66
318260944960385 91
318260944967079 23
318260944973844 23
318260999724708 66
318260999755451 91
318260999762635 23
318260999769433 23
318260999776256 66
318260999782961 91
318260999789697 23
318261066670505 23
318261066699700 66
318261066707100 91
318261066714658 23
318261066721442 23
318261066728056 66
318261134093210 91
318261134153633 23
318261134162152 23
318261134171065 66
318261134179704 91
318261134187971 23
318261200918620 23
318261200945504 66
318261200952802 91
318261200959496 23
318261200966218 23
318261200973051 66
318261278091356 91
318261278132500 23
318261278139574 23
318261278146296 66
318261278152977 91
318261278159723 23
318261334907735 23
318261334938149 66
318261334945411 91
318261334952242 23
318261334958896 23
318261334965556 66
318261408817624 91
318261408853183 23
318261408860587 23
318261408867601 66
318261408874422 91
318261408881118 23
318261469091596 23
318261469119093 66
318261469126401 91
318261469133240 23
318261469140017 23
318261469146683 66
318261536128864 91
318261536157422 23
318261536164510 23
318261536171363 66
318261536178142 91
318261536186069 23
318261603310964 23
318261603340795 66
318261603349428 91
318261603356309 23
318261603362963 23
318261603369635 66
318261681369821 91
318261681399150 23
318261681406410 23
318261681413199 66
318261681419917 91
318261681426692 23
318261737346610 23
318261737375978 66
318261737382966 91
318261737389716 23
318261737396501 23
318261737403370 66
318261804517950 23
318261804548650 23
318261804555827 66
318261804563539 91
318261804570299 91
318261882622727 23
318261882652119 91
318261882659371 66
318261882666061 23
318261882672844 66
318261938650637 91
318261938676700 23
318261938683967 66
318261938690957 91
318261938697774 23
318262005605102 23
318262005634152 66
318262005641303 91
318262005648182 23
318262005654852 23
318262005661544 66
318262084598599 91
318262084627583 23
318262084634935 23
318262084641734 66
318262084649186 91
318262084655907 23
318262139835985 23
318262139864659 66
318262139871876 91
318262139878609 23
318262139885370 23
318262139891987 66
318262212563153 91
318262212593129 23
318262212600330 23
318262212607352 23
318262212614038 66
318262212620708 23
318262285927367 66
318262285956981 91
318262285964228 91
318262285971119 91
318262341062994 23
318262341106621 66
318262341113831 23
318262341120641 66
318262341128991 23
318262417803429 66
