322168070854457 91
322168138046321 23
322168138070925 66
322168138078259 91
322168205148144 23
322168205173845 66
322168205181193 91
322168205188004 23
322168205194726 66
322168205201460 91
322168272332883 23
322168272360010 66
322168272367181 91
322168351518190 23
322168351546047 66
322168351554186 91
322168351561164 23
322168351568137 66
322168406445631 91
322168406484181 23
322168406491409 66
322168406498218 91
322168483371329 23
322168483403911 66
322168483411341 91
322168483418226 23
322168547574264 66
322168547606981 91
322168547614257 23
322168547621092 66
322168547627818 91
322168607543200 23
322168607571182 66
322168607578464 91
322168684635628 23
322168684668949 66
322168684676047 91
322168684683620 23
322168684690347 66
322168684697140 91
322168741827549 23
322168741864474 66
322168741871913 91
322168808695431 23
322168808727287 66
322168808734378 91
322168808741241 23
322168808747851 66
322168808754710 91
322168886629207 23
322168886656714 66
322168886663982 91
322168942930237 23
322168942959279 66
322168942966549 91
322168942973350 23
322169015843153 66
322169015879512 91
322169015886683 23
322169015894285 66
322169015901082 91
322169076959610 23
322169076990444 66
322169076997454 91
322169144150210 23
322169144176229 23
322169144183566 91
322169144190404 23
322169144197138 23
322169144203931 66
322169144210595 23
322169144217400 66
322169211154524 91
322169211184449 91
322169211191654 23
322169289858664 23
322169289886392 66
322169289893732 91
322169289900470 23
322169289907155 23
322169289913772 66
322169289921060 23
322169289927690 66
322169345200344 91
322169345232522 91
322169412290711 23
322169412317510 66
322169412324710 23
322169412331486 66
322169491141978 91
322169491170304 23
322169491177254 66
322169491183861 91
322169546517888 23
322169546557066 66
322169546564430 91
322169546571142 23
322169623056710 66
322169623085020 91
322169623092054 23
322169623098722 66
322169623105491 91
322169680801529 23
322169680833558 66
322169680841093 91
322169747741394 23
322169747769296 66
322169747776445 91
322169747783189 23
322169747789974 66
322169747796556 91
322169814662227 23
322169814690400 66
322169814697567 91
322169881870245 23
322169881897014 66
322169881904376 91
322169881911110 23
322169881917911 66
322169948761666 91
322169948788865 23
322169948795935 66
322169948802698 91
322170026332956 23
322170026357663 66
322170026365603 91
322170026372339 23
322170082988428 66
322170083015995 91
322170083023176 23
322170083030226 66
322170083037025 91
322170150213986 23
322170150249239 66
322170150256551 91
322170217068733 23
322170217096345 66
322170217103705 91
322170217110532 23
322170217117570 66
322170217124415 91
322170284114782 23
322170284140024 66
322170284147330 91
322170363631586 23
322170363664468 66
322170363671824 91
322170363679168 23
322170363685951 66
322170418433916 91
322170418462508 23
322170418469797 66
322170418476538 91
322170495531373 23
322170495564080 66
322170495571543 91
322170552603597 91
322170552636527 23
322170552643764 66
322170552650469 23
322170552657304 66
322170619744702 91
322170686599391 23
322170686629483 66
322170686636763 91
322170686643696 23
322170686650397 66
322170686657085 91
322170753697024 23
322170753729836 66
322170753737166 91
322170832791557 23
322170832817145 66
322170832824558 91
322170832831427 23
322170832838358 66
322170887766244 91
322170887799269 23
322170887806096 66
322170887812850 91
322170964710282 23
322170964737274 66
322170964744474 91
322170964751433 23
322171021861637 66
322171021894777 91
322171021901930 23
322171021908757 66
322171021915724 91
322171095574612 23
322171095611877 66
322171095619859 91
322171155977023 23
322171156006379 66
322171156013618 91
322171156020367 23
322171156027200 66
322171156033948 91
322171223150065 23
322171223176540 66
322171223183858 91
322171290529722 23
322171290568320 66
322171290575318 91
322171290582127 23
322171290588884 66
322171367973876 91
322171368002465 23
322171368009793 66
322171368016590 91
322171424190672 23
322171424221213 66
322171424228171 91
322171424235553 23
322171491453232 66
322171491481443 91
322171491488779 23
322171491495558 66
322171491502266 91
322171569264880 23
322171569294201 66
322171569301427 91
322171625441839 23
322171625467966 66
322171625475417 91
322171625482210 23
322171625489009 66
322171692657424 91
322171692741219 91
322171771213536 23
322171771239670 66
322171771246877 91
322171771253664 23
322171771260233 66
322171771267024 23
322171771274259 66
322171826697703 91
322171826730214 23
322171826737269 66
322171826743989 91
322171899175534 23
322171899200281 66
322171899207526 91
322171899214293 23
322171972663535 66
322171972695242 91
322171972702496 23
322171972709456 66
322171972716258 91
322172028031369 23
322172028059339 23
322172028066672 66
322172028073445 91
322172105108717 23
322172105142665 66
322172105149896 91
322172105156920 23
322172105164632 66
322172105171491 91
322172162146066 23
322172162179174 66
322172162186399 91
322172229321965 23
322172229356114 66
322172229363476 91
322172229370271 23
322172229376959 66
322172296159944 91
322172296197509 23
322172296204497 66
322172296211249 91
322172363169826 23
322172363203929 66
322172363211321 91
322172363218242 23
322172430322240 66
322172430356851 91
322172430363952 91
322172507683562 23
322172507707942 66
322172507715119 23
322172507722006 66
322172564354883 91
322172564386181 23
322172564393079 66
322172564399805 91
322172631657772 23
322172631696966 66
322172631704371 91
322172709656363 23
322172709689200 66
322172709696365 91
322172709703070 23
322172709709774 66
322172709716454 91
322172765966533 23
322172765992504 66
322172765999741 91
322172832580512 23
322172832611990 66
322172832619101 91
322172832626722 23
322172899670548 66
322172899695326 91
322172899702563 23
322172899709424 66
322172899716283 91
322172976950262 23
322172976980954 66
322172976988099 91
322173033898954 23
322173033925662 66
322173033933072 91
322173033939871 23
322173033946541 66
322173033953131 91
322173100946106 23
322173100977584 66
322173100984849 91
322173167942702 23
322173167969772 66
322173167976779 91
322173167984243 23
322173167991949 66
322173167998851 91
322173235116790 23
322173235147350 66
322173235154775 91
322173302141585 23
322173302169204 66
322173302176754 91
322173302183514 23
322173302190224 66
322173380136966 91
322173380164614 23
322173380171568 66
322173380178441 91
322173436191782 23
322173436220371 66
322173436227554 91
322173436234466 23
322173503686852 66
322173503718181 91
322173503725233 23
322173503731966 66
322173503739505 91
322173578140813 23
322173578166735 66
322173578174053 91
322173637473147 23
322173637501823 66
322173637508998 91
322173637515608 23
322173637522266 66
322173637528942 91
322173704546970 23
322173704586564 66
322173704593761 91
322173783379759 23
322173783408065 66
322173783415185 91
322173783421843 23
322173783428530 66
322173838628601 91
322173838657051 23
322173838664291 66
322173838671025 91
322173915484429 23
322173915510896 66
322173915518310 91
322173915524983 23
322173972721001 66
322173972784482 91
322173972792027 23
322173972798806 66
322173972805435 91
322174039919870 23
322174039951515 66
322174039958485 91
322174107016206 23
322174107043210 66
322174107050530 91
322174107057249 23
322174107064104 66
322174107070913 91
322174173924743 23
322174173951660 66
322174173958928 91
322174252647660 23
322174252687504 66
322174252694942 91
322174252701660 23
322174252708538 66
322174308292591 91
322174308327565 23
322174308334609 66
322174308341398 91
322174375120605 23
322174375147841 66
322174375155104 91
322174375161732 23
322174449263877 66
322174449292810 91
322174449300008 23
322174449306849 66
322174449313529 91
322174509490320 23
322174509528567 66
322174509535828 91
322174585804795 23
322174585833266 66
322174585841402 91
322174585848269 23
322174585854966 66
322174585861612 91
322174643370810 23
322174643399391 66
322174643406443 91
322174710545507 23
322174710571598 66
322174710578847 91
322174710585741 23
322174710592465 66
322174787773550 91
322174787801896 23
322174787809043 66
322174787815677 91
322174844940205 23
322174844969828 66
322174844977206 91
322174844984013 23
322174911648783 66
322174911677772 91
322174911685752 23
322174911692667 66
322174911699547 91
322174978655082 23
322174978683353 66
322174978690792 91
322175045876253 23
322175045903883 66
322175045910840 91
322175045917535 23
322175045924331 66
322175045931080 91
322175113024829 23
322175113062888 66
322175113070230 91
322175191099502 23
322175191135841 66
322175191142968 91
322175191149713 23
322175191156399 66
322175246982417 91
322175247008291 23
322175247016294 66
322175247023131 91
322175314130397 23
322175314156885 66
322175314164050 91
322175314170849 23
322175392316026 66
322175392346163 91
322175392353360 23
322175392360068 66
322175392366785 91
322175448187090 23
322175448215233 66
322175448222518 91
322175515220861 23
322175515250607 66
322175515258029 91
322175515265140 23
322175515272049 66
322175515278742 91
322175594322486 23
322175594353061 66
322175594360664 91
322175649440840 23
322175649473642 23
322175649480941 66
322175649488056 91
322175649494696 23
322175649501342 66
322175723183634 91
322175723213456 23
322175723220784 66
322175723227540 91
322175798685374 23
322175798723997 66
322175798731315 91
322175798738216 23
322175850842052 66
322175850872375 91
322175850879277 23
322175850886023 66
322175850892842 91
322175927451512 23
322175927482507 66
322175927490504 91
322175993399954 23
322175993433858 66
322175993441262 91
322175993449155 23
322175993455926 66
322175993462660 91
322176051639123 23
322176051666407 66
322176051673713 91
322176118973426 23
322176119003661 66
322176119010923 91
322176119017706 23
322176119024414 66
322176119031054 91
322176185954511 23
322176185982637 66
322176185989804 91
322176264801537 23
322176264831124 66
322176264838299 91
322176264845742 23
322176320081697 66
322176320122019 91
322176320129075 23
322176320136252 66
322176320142975 91
322176396853788 23
322176396901947 66
322176396909016 91
322176454199208 91
322176454232281 23
322176454239507 66
322176454246310 91
322176454252972 23
322176526915912 23
322176526944307 66
322176526951582 23
322176526958327 66
322176588331941 91
322176588364077 91
322176588371316 23
322176588378214 66
322176588385570 23
322176655530843 66
322176655563137 91
322176722443626 23
322176722477483 66
322176722484485 91
322176722491218 23
322176722498189 66
322176799923065 91
322176799948575 23
322176799955869 66
322176799962810 91
322176856739647 23
322176856771892 66
322176856779018 91
322176856785723 23
322176923919742 66
322176923945658 91
322176923953006 23
322176923959996 66
322176990832661 91
322176990885189 91
322176990893123 23
322177057681804 66
322177057708416 23
322177057715873 66
322177057722732 91
322177124848820 23
322177124882873 66
322177124890084 91
322177203267126 23
322177203298323 66
322177203305592 91
322177203312484 23
322177203319186 66
322177258887952 91
322177258915006 23
322177258922228 66
322177258928954 91
322177325907279 23
322177325934738 66
322177325942048 91
322177325948831 23
322177393122299 66
322177393152180 91
322177393159413 23
322177393166156 66
322177393172814 91
322177470483435 23
322177470512561 66
322177470519875 91
322177527165607 23
322177527190815 66
322177527197980 91
322177527204678 23
322177527211288 66
322177527218039 91
322177594328135 23
322177594367793 66
322177594375005 91
322177672372098 23
322177672398753 66
322177672405994 91
322177672412837 23
322177672419570 66
322177728302157 91
322177728328720 23
322177728335857 66
322177728342610 91
322177795385866 23
322177795414502 66
322177795421852 91
322177795428683 23
322177862715620 66
322177862760200 91
322177862767404 23
322177862774192 23
322177862780879 66
322177939703796 91
322177996675379 23
322177996710284 66
322177996717488 91
322177996724321 23
322177996731109 66
322177996737697 91
322178063679329 23
322178063706293 66
322178063713506 91
322178141679545 23
322178141714773 66
322178141721895 91
322178141728762 23
322178141735471 66
322178203907608 91
322178203942739 23
322178203950085 66
322178203956866 91
322178264919536 23
322178264955016 66
322178264962230 91
322178264969041 23
322178342881456 66
322178342911699 91
322178342919132 23
322178342926124 66
322178342932961 91
322178399144920 23
322178399176915 66
322178399184182 91
322178466202530 23
322178466242652 66
322178466250082 91
322178466256877 23
322178466263549 66
322178466270424 91
322178544846106 23
322178544876687 66
322178544883808 91
322178600260055 23
322178600287293 66
322178600294456 91
322178600301188 23
322178600307971 66
322178667328662 91
322178667361898 23
322178667369112 66
322178667375816 91
322178746168954 23
322178746196882 66
322178746204107 91
322178746210952 23
322178801581719 66
322178801623660 91
322178801630638 23
322178801637359 66
322178801644113 91
322178878049111 23
322178878075269 66
322178878082327 91
322178935751779 23
322178935780511 66
322178935787656 91
322178935794400 23
322178935801068 66
322178935807827 91
322179002910429 23
322179002937714 66
322179002944986 91
322179069722618 23
322179069753087 66
322179069760052 91
322179069766863 23
322179069773562 66
322179136850834 91
322179136887443 23
322179136894663 66
322179136901470 91
322179203713038 23
322179203743406 66
322179203750560 91
322179203757345 23
322179281297960 66
322179281324420 91
322179281331536 23
322179281338245 66
322179281344907 91
322179337978668 23
322179338010168 66
322179338017204 91
322179405066129 23
322179405094294 66
322179405101439 91
322179405108224 23
322179405114860 66
322179405121590 91
322179479859220 23
322179479889403 66
322179479896598 91
322179539159004 23
322179539185021 66
322179539192316 91
322179539199105 23
322179539205924 66
322179539212598 91
322179606180387 23
322179606210103 66
322179606217228 91
322179684569642 23
322179684601635 66
322179684609011 91
322179684615731 23
322179740466905 66
322179740495078 91
322179740502209 23
322179740509006 66
322179740515740 91
322179807450462 23
322179807480806 66
322179807488763 91
322179880690796 23
322179880720317 66
322179880727414 91
322179880734301 23
322179880741130 66
322179880747792 91
322179941492171 23
322179941522882 66
322179941530126 91
322180008793073 23
322180008832199 66
322180008839440 91
322180008846517 23
322180008853332 66
322180008860124 91
322180087825956 23
322180087857617 66
