320243516465192 91
320243516494126 23
320243573945963 66
320243573967415 91
320243573974834 23
320243573982429 66
320243641164545 91
320243641198131 91
320243718490659 23
320243718521006 66
320243718528271 23
320243718535141 66
320243718541849 91
320243780748610 23
320243780783381 66
320243780790769 91
320243780797657 91
320243842249214 23
320243842274111 66
320243842281322 23
320243842288253 66
320243922912296 91
320243922941278 23
320243922948561 66
320243922955390 91
320243976241555 23
320243976270013 66
320243976278082 91
320244049920447 91
320244049953478 23
320244121814426 66
320244121848225 23
320244121855645 66
320244121862649 91
320244121869332 91
320244177612349 23
320244177645330 66
320244177652909 23
320244177659740 66
320244177666470 91
320244244663997 91
320244244698203 23
320244244705378 66
320244323191416 23
320244323233584 66
320244323240776 91
320244323247677 91
320244378766761 23
320244378794926 66
320244378803251 23
320244378810020 66
320244378816576 91
320244378823183 91
320244445887997 23
320244445917817 66
320244445925240 23
320244445932322 23
320244525020546 66
320244525048982 91
320244525056403 23
320244525063147 66
320244579940570 91
320244579967118 23
320244579974410 66
320244579981126 91
320244646925475 91
320244646955561 23
320244646962893 66
320244726342424 23
320244726370072 66
320244726377189 91
320244781259166 23
320244781282586 66
320244781290005 91
320244781296783 91
320244858213270 23
320244858243167 66
320244858250630 23
320244858257563 66
320244858264447 91
320244915532629 23
320244915562136 66
320244915569182 91
320244982300382 91
320244982330004 23
320244982337094 66
320245056761080 23
320245056792007 66
320245056799451 91
320245116499762 23
320245116527410 66
320245116534633 91
320245116541408 91
320245183583921 23
320245183613977 66
320245183621182 23
320245183627882 66
320245183634574 91
320245261465259 23
320245261490638 66
320245261497866 91
320245317674662 91
320245317700699 23
320245317707664 66
320245384783024 23
320245384808747 66
320245384816109 91
320245384822894 23
320245457631621 66
320245457669572 91
320245457676892 91
320245518778184 23
320245518803589 66
320245518810871 23
320245518817682 66
320245518825118 91
320245585958918 23
320245585989907 66
320245585997088 91
320245664878089 91
320245664908179 23
320245664915421 66
320245664922145 23
320245719991642 66
320245720017991 91
320245720025397 23
320245796656891 66
320245796688017 91
320245796695051 91
320245854226372 23
320245854257483 66
320245854264685 23
320245854271469 66
320245854278387 91
320245921224303 23
320245921252687 66
320245921259876 91
320246000533094 91
320246000560573 23
320246000567953 66
320246000574967 23
320246055474028 66
320246055506059 91
320246055513256 23
320246122489727 66
320246122512815 91
320246122520221 91
320246199873029 23
320246199899621 66
320246199907221 23
320246199914122 23
320246199920973 66
320246199927792 91
320246258631599 23
320246258658549 66
320246258665923 91
320246323688752 91
320246323718673 23
320246323725731 66
320246323733425 23
320246390716262 66
320246390745590 91
320246390752702 23
320246390759493 66
320246457725854 91
320246457752824 91
320246524781107 23
320246524806993 23
320246524814417 66
320246524821474 91
320246524828182 23
320246524834997 23
320246524841784 66
320246591837321 91
320246591864098 23
320246591871137 23
320246591877933 66
320246591884762 91
320246591891402 23
320246591898032 23
320246658972791 91
320246659029171 23
320246659036589 66
320246659043485 91
320246659050293 23
320246659057042 23
320246732915468 66
320246732944874 91
320246732952321 23
320246732959091 23
320246732965840 66
320246732972707 23
320246800308608 66
320246800340705 23
320246800347977 66
320246800354735 91
320246867659229 23
320246867688407 66
320246867695799 91
320246935038068 23
320246935063854 66
320246935071137 91
320246935077828 91
320247002415649 23
320247002443901 66
320247002451011 23
320247002457671 66
320247061328146 91
320247061353523 23
320247061360793 66
320247128388613 91
320247128416878 91
320247195503766 23
320247195529193 66
320247195536471 23
320247195543247 66
320247195549958 91
320247262496888 23
320247262527760 66
320247262535174 91
320247262541883 91
320247329568818 23
320247329598606 66
320247329606107 23
320247329612950 66
320247396687441 91
320247396714290 23
320247396721403 66
320247463734079 91
320247463765138 91
320247463772548 23
320247463779675 23
320247537263818 91
320247537289825 66
320247537297191 23
320247537304175 66
320247537311038 91
320247537317751 23
320247537324545 23
320247604644254 66
320247604671574 91
320247604679070 23
320247604685875 23
320247604692749 66
320247604699449 91
320247604706167 23
320247678134200 23
320247678166800 66
320247678174082 91
320247678180806 23
320247678187601 23
320247739386147 66
320247739417889 91
320247739425210 23
320247739432162 23
320247739438760 66
320247739445474 91
320247739452279 23
320247806844650 23
320247806876297 66
320247806883804 91
320247806890832 23
320247806897643 23
320247806904486 66
320247874151333 91
320247874185369 23
320247874192627 23
320247874199335 66
320247874206114 91
320247874214558 23
320247874221228 23
320247942336710 66
320247942365379 91
320247942372752 23
320247942379548 23
320247942386317 66
320247942393027 91
320247942399788 23
320248000292457 23
320248000320817 66
320248000328367 91
320248000335244 23
320248000341936 23
320248000348675 66
320248067364256 91
320248067396995 23
320248067404138 23
320248067410961 66
320248067417681 91
320248067424385 23
320248134373488 23
320248134404181 66
320248134411453 91
320248134418310 23
320248134425131 23
320248134431793 66
320248134438451 91
320248201535833 23
320248201566490 23
320248201573500 66
320248201580279 91
320248201586977 23
320248201593741 23
320248268690242 66
320248268729354 91
320248268736575 23
320248268743271 23
320248268750754 66
320248268757553 91
320248268764311 23
320248335513368 23
320248335538404 66
320248335545659 91
320248335553421 23
320248335560333 23
320248335567264 66
320248402662723 91
320248402690116 23
320248402697500 23
320248402704325 66
320248402711087 91
320248402717683 23
320248469780549 23
320248469838108 66
320248469845740 91
320248469852587 23
320248469859454 23
320248469866131 66
320248469872927 91
320248543778999 23
320248543813733 23
320248543821128 66
320248543827862 91
320248543834496 23
320248543841287 23
320248611118315 66
320248611148190 91
320248611155336 23
320248611162105 23
320248611168874 66
320248611175570 91
320248611182260 23
320248670866771 23
320248670896378 66
320248670903501 91
320248670910368 23
320248670917126 23
320248670923833 66
320248743776470 91
320248743807138 23
320248743814224 23
320248743821081 66
320248743827810 91
320248743834546 23
320248743841134 23
320248811124022 23
320248811151941 23
320248811159760 66
320248811166436 23
320248811173207 66
320248811179913 91
320248878537228 91
320248878567429 91
320248878574720 23
320248878581513 66
320248945950507 91
320248945987174 23
320248945994480 23
320248946001261 66
320248946008088 91
320248946014768 23
320249013255889 23
320249013281793 66
320249013288922 91
320249013295710 23
320249013302437 23
320249013309210 66
320249080659693 91
320249080690280 23
320249080698129 23
320249080704910 66
320249080711727 91
320249080718407 23
320249080725141 23
320249148034432 66
320249148063102 91
320249148070438 23
320249148077349 23
320249148084066 66
320249148090768 91
320249148097518 23
320249223679270 23
320249223710794 66
320249223718042 91
320249223724796 23
320249223731456 23
320249282790843 66
320249282816499 23
320249282823660 66
320249282830592 23
320249282837340 66
320249282844889 91
320249341471458 23
320249341499573 66
320249408683670 91
320249408712668 23
320249408719851 66
320249408726720 91
320249475881989 91
320249475917409 23
320249475924670 66
320249542718139 23
320249542744482 66
320249542751741 91
320249609740249 23
320249609771135 66
320249609778079 91
320249609784785 91
320249676743931 23
320249676771483 66
320249676778748 23
320249676785517 66
320249744001158 91
320249744028070 23
320249744035331 66
320249744042235 91
320249810964488 91
320249810988847 23
320249810996179 66
320249885730842 23
320249885760797 66
320249885768111 91
320249952471648 23
320249952499749 66
320249952507004 91
320249952513769 91
320250019746357 23
320250019773480 66
320250019780699 23
320250019787619 66
320250019794325 91
320250087125583 23
320250087151807 66
320250087158718 91
320250154570722 91
320250154594200 23
320250154601677 66
320250221900419 23
320250221930905 66
320250221938143 91
320250280355096 23
320250280378998 66
320250280386395 91
320250280393187 91
320250347608770 23
320250347638583 66
320250347646035 23
320250347652724 66
320250347659305 91
320250414459551 23
320250414487818 66
320250414495070 91
320250481562195 91
320250481589034 23
320250481596048 66
320250548746099 23
320250548775310 66
320250548783408 91
320250548790207 23
320250615725912 66
320250615755288 91
320250615762228 91
320250682769332 23
320250682828099 66
320250682835385 23
320250682842407 66
320250682849132 91
320250756722401 23
320250756752452 91
320250756759800 23
320250756766533 66
320250824162177 91
320250824197654 23
320250824205205 23
320250824211897 66
320250824218515 91
320250824225334 23
320250891553307 23
320250891592318 66
320250891600873 91
320250891607794 23
320250891614440 23
320250891621056 66
320250958866393 91
320250958890215 23
320250958897477 23
320250958904314 66
320250958911235 91
320250958918002 23
320250958924668 23
320251026230245 66
320251026261060 91
320251026268229 23
320251026275031 23
320251026281693 66
320251026288376 91
320251026295062 23
320251093610765 23
320251093637934 66
320251093645395 91
320251093652063 23
320251093659341 23
320251093666089 66
320251152582512 91
320251152614316 23
320251152621877 23
320251152628706 66
320251152635441 91
320251152642173 23
320251219320416 23
320251219347388 66
320251219354831 91
320251219361698 23
320251219368400 23
320251219375171 66
320251219381885 91
320251286502003 23
320251286531427 23
320251286538503 66
320251286545185 91
320251286551900 23
320251286558634 23
320251353530619 66
320251353557937 91
320251353565314 23
320251353572004 23
320251353578708 66
320251353585437 91
320251353592278 23
320251420532397 23
320251420560626 66
320251420567787 91
320251420574495 23
320251420581767 23
320251420588499 66
320251487544296 91
320251487572268 23
320251487579539 23
320251487586340 66
320251487593167 91
320251487599934 23
320251554804361 23
320251554835937 66
320251554842986 91
320251554849829 23
320251554858669 23
320251554865366 66
320251554872209 91
320251628438660 23
320251628469547 23
320251628476750 66
320251628483603 91
320251628490255 23
320251628497006 23
320251701539186 66
320251701571474 91
320251701578856 23
320251701585756 23
320251701592468 66
320251701599164 91
320251701605933 23
320251763215703 23
320251763251292 66
320251763258534 91
320251763265375 23
320251763272149 23
320251763278799 66
320251833689349 91
320251833713699 23
320251833721053 23
320251833727837 66
320251833734524 91
320251833741276 23
320251833748019 23
320251897960322 66
320251897985894 91
320251897993532 23
320251898000337 23
320251898007140 66
320251898014091 91
320251898020904 23
320251966025424 23
320251966053309 66
320251966060601 91
320251966067572 23
320251966074301 23
320252024149604 66
320252024180368 23
320252024187925 66
320252024195283 91
320252024202174 91
320252091382399 23
320252091410494 66
320252091417832 23
320252091497382 66
320252158215054 91
320252158240968 23
320252158248274 66
320252158255260 91
320252225322839 91
320252225348244 23
320252225355454 91
320252292360073 23
320252292389419 66
320252292396385 91
320252292403167 23
320252292409898 23
320252359511872 66
320252359540819 91
320252359548016 23
320252359554761 23
320252359562290 66
320252359568922 91
320252359575618 23
320252426471363 23
320252426501162 66
320252426508379 91
320252426515172 23
320252426521918 23
320252426528679 66
320252493570143 91
320252493625616 23
320252493633467 23
320252493640175 66
320252493646853 91
320252493653556 23
320252493660334 23
320252567703410 66
320252567747578 91
320252567754672 23
320252567761499 23
320252567768252 66
320252567775149 91
320252567782799 23
320252634943563 23
320252634972024 66
320252634979213 91
320252634986001 23
320252634992742 23
320252702291448 66
320252702322079 91
320252702329242 23
320252702336095 23
320252702342820 66
320252702349721 91
320252702356327 23
320252769681703 23
320252769708911 66
320252769716064 91
320252769722973 23
320252769729671 23
320252769736303 66
320252837112229 91
320252837149620 23
320252837156743 23
320252837164292 66
320252837171033 91
320252837177886 23
320252837184598 23
320252895951286 66
320252895977705 91
320252895984938 23
320252895991642 23
320252895998320 66
320252896004985 91
320252896011649 23
320252962956237 23
320252962987896 66
320252962995093 91
320252963001932 23
320252963008703 23
320252963015447 66
320253030151054 91
320253030178016 23
320253030185271 23
320253030192197 66
320253030198909 91
320253030206518 23
320253097121791 23
320253097148794 66
320253097156168 91
320253097162924 23
320253097169605 23
320253097176247 66
320253097182848 91
320253164331127 23
320253164360545 23
320253164367818 66
320253164374583 91
320253164381352 23
320253164387976 23
320253231501162 66
320253231528373 91
320253231535659 23
320253231542620 23
320253231549427 66
320253231556079 91
320253231562768 23
320253298318280 23
320253298348973 66
320253298356210 91
320253298362993 23
320253298369661 23
320253298376345 66
320253365423049 91
320253365453586 23
320253365460886 23
320253365467870 66
320253365474606 91
320253365481365 23
320253439245357 23
320253439272263 66
320253439279416 91
320253439286227 23
320253439293034 23
320253439299776 66
320253439306476 91
320253506629634 23
320253506659408 23
320253506666473 66
320253506673394 91
320253506680726 23
320253506687819 23
320253573997614 66
320253574021734 91
320253574028931 23
320253574035742 23
320253574042392 66
320253574049060 91
320253574055742 23
320253641406478 23
320253641437863 66
320253641444964 91
320253641451827 23
320253641458581 23
320253641465332 66
320253708747455 91
320253708775212 23
320253708782504 23
320253708789254 66
320253708795985 91
320253708802749 23
320253708809506 23
320253782272993 66
320253782306301 91
320253782313545 23
320253782320384 23
320253782327116 66
320253782333921 91
320253782340654 23
320253834962760 23
320253834986791 66
320253834994093 91
320253835000904 23
320253835007654 23
320253901983097 66
320253902008802 91
320253902016124 23
320253902022985 23
320253902029707 66
320253902036424 91
320253902043025 23
320253969091139 23
320253969122647 66
320253969129999 91
320253969137275 23
320253969143975 23
320253969150633 66
320254036080033 91
320254036107898 23
320254036115178 23
320254036121991 66
320254036128707 91
320254036135422 23
320254036142170 23
320254103079109 66
320254103105914 91
320254103113220 23
320254103120168 23
320254103127069 66
320254103133822 91
320254103140610 23
320254170440308 23
320254170478957 66
320254170486208 91
320254170493184 23
320254170499959 23
320254237232932 66
320254237259743 91
320254237266971 23
320254237273898 23
320254237280595 66
320254237287325 91
320254237294076 23
320254311028556 91
320254311056079 23
320254311063294 23
320254311070334 66
320254311076986 23
320254311083612 66
320254378355145 23
320254378386164 66
320254378393410 23
320254378400062 66
