312330790122739 91
312330857091024 91
312330857120550 23
312330924227345 23
312330924250410 66
312330924257791 91
312330924264670 23
312330924271410 23
312330991262163 66
312330991290692 91
312330991297893 23
312330991304629 66
312330991311390 91
312331068940695 23
312331068964714 23
312331068972018 66
312331068978775 91
312331068985497 23
312331125241956 23
312331125259015 66
312331125266218 91
312331125273035 23
312331125279733 66
312331192464406 91
312331192489294 23
312331192496491 23
312331192503332 66
312331192510000 91
312331266898548 23
312331266920910 66
312331266928091 91
312331266934922 23
312331326487247 23
312331326509804 66
312331326516904 91
312331326523751 23
312331326531224 23
312331393561912 66
312331393582534 91
312331393589802 23
312331393596796 66
312331393603729 91
312331393610424 23
312331472158560 23
312331472184770 66
312331472191983 91
312331472198784 23
312331527679515 23
312331527704383 66
312331527711560 91
312331527718206 23
312331527724912 66
312331604078934 91
312331604107459 23
312331604114913 23
312331604121787 66
312331604128588 91
312331604135228 23
312331674114311 66
312331674139243 91
312331674146515 23
312331674153243 23
312331735104233 66
312331735129336 91
312331735136620 23
312331735143554 23
312331735150306 23
312331735156944 66
312331796242659 91
312331796264967 23
312331796272293 66
312331796279110 91
312331796285864 23
312331863061907 66
312331863086145 91
312331863093457 23
312331863100318 23
312331941399800 66
312331941427299 91
312331941434287 23
312331941441812 66
312331941449013 91
312331997629173 23
312331997652096 23
312331997659201 66
312331997666239 91
312331997672919 23
312332064235747 23
312332064253398 66
312332064260706 91
312332064267483 23
312332064274171 66
312332137999968 91
312332138022718 23
312332138029949 23
312332138036722 66
312332138043604 91
312332198442450 23
312332198462792 23
312332198470170 66
312332198477243 91
312332198483965 23
312332265413846 66
312332265429893 91
312332265437085 23
312332265443769 23
312332344598453 66
312332344616997 91
312332344624268 23
312332344631138 23
312332344638079 66
312332344644751 91
312332399476874 23
312332399493539 66
312332399500815 91
312332399507455 23
312332476521131 23
312332476543877 66
312332476551277 91
312332476558285 23
312332476564953 66
312332533706428 91
312332533725523 23
312332533732837 23
312332533740392 23
312332533747131 66
312332533753869 91
312332600765863 23
312332600791813 66
312332600798896 91
312332600805562 23
312332600812258 66
312332667719009 91
312332667737863 23
312332667745016 23
312332667751754 66
312332734916747 91
312332734936050 23
312332734943275 23
312332734950301 66
312332734957072 91
312332734963957 23
312332814803575 66
312332814822823 91
312332814830322 23
312332814837220 23
312332868945369 66
312332868960284 91
312332868967208 23
312332868974093 23
312332868980731 66
312332868987446 91
312332943891066 23
312332943922413 66
312332943929641 91
312332943936379 23
312333015146148 23
312333015170268 66
312333015177686 91
312333015184598 23
312333015191358 23
312333070364600 23
312333070388885 66
312333070396193 23
312333070403144 66
312333070409883 91
312333147111319 91
312333147142624 23
312333204467973 66
312333204500223 91
312333204573637 23
312333204580619 91
312333204588166 23
312333204594910 23
312333271512493 66
312333271535709 91
312333271543073 23
312333271549848 66
312333271556560 91
312333348974472 23
312333348999974 66
312333349007210 91
312333349013932 23
312333411993978 91
312333412019922 23
312333412027174 23
312333412034121 66
312333412040840 91
312333484328949 23
312333484351731 66
312333484359829 91
312333484366654 23
312333539639591 66
312333539656144 91
312333539663027 23
312333539669909 14
312333539676657 66
312333539683607 91
312333616202441 23
312333616219889 23
312333616227054 66
312333616233831 23
312333673760090 66
312333673774798 91
312333673781812 23
312333673788595 91
312333673795257 23
312333673802141 23
312333740811362 66
312333740826702 91
312333740833803 23
312333740840728 66
312333740848358 91
312333808002089 23
312333808017200 66
312333808024113 91
312333875383982 23
312333875414637 66
312333875421844 91
312333875428830 23
312333875435639 91
312333953554242 23
312333953583218 23
312333953590672 66
312333953597489 91
312333953604236 23
312334009108999 66
312334009127583 91
312334009135013 23
312334009141857 66
312334009148615 91
312334076200087 23
312334076217435 14
312334076224777 66
312334076232312 91
312334076239094 23
312334155450491 91
312334155468188 23
312334155475653 23
312334155482500 14
312334155489315 66
312334215614377 91
312334215628803 23
312334215635881 91
312334215642656 23
312334277393647 23
312334277408083 14
312334277415305 66
312334277422075 91
312334277428798 23
312334277435506 91
312334277442198 23
312334356763853 23
312334356779225 14
312334356786541 66
312334356793442 91
312334356800862 23
312334411482903 23
312334411503147 66
312334411510553 23
312334411517235 66
312334411524062 91
312334488658203 23
312334488680327 91
312334488687679 23
312334488694524 23
312334488701341 66
312334545711952 91
312334545734373 23
312334545741664 66
312334545748596 91
312334612684000 23
312334612700613 66
312334612707625 91
312334612714434 23
312334689934821 66
312334689953908 91
312334689961371 23
312334689968813 91
312334689975634 23
312334689982296 23
312334746731335 66
312334746749020 91
312334746756329 23
312334746763124 23
312334813934233 14
312334813954809 66
312334813961950 91
312334813968682 23
312334813975437 23
312334813982294 66
312334891945392 23
312334891966370 66
312334891973579 91
312334891980450 23
312334891987241 23
312334947984483 66
312334948001562 23
312334948008562 66
312334948015262 91
312335014936140 91
312335014950985 23
312335082158499 66
312335082173608 91
312335082180718 23
312335082187537 91
312335082194340 23
312335082201119 23
312335159213634 66
312335159241063 91
312335159248294 23
312335159255244 66
312335159261978 91
312335216343617 23
312335216373591 66
312335216380882 91
312335216387667 23
312335283352735 23
312335283380712 23
312335283387865 66
312335283394630 91
312335283401379 23
312335283408614 23
312335361153426 66
312335361180384 91
312335361187591 23
312335361194191 66
312335361200867 23
312335417492803 66
312335417512934 91
312335417520057 91
312335484538721 23
312335484559964 66
312335484567021 91
312335484573727 23
312335484580578 91
312335551688820 23
312335551718157 23
312335551725266 66
312335551731868 91
312335551738612 23
312335628374860 66
312335628399382 91
312335628406639 23
312335685756591 66
312335685780315 91
312335685787349 23
312335685794256 23
312335685801033 66
312335752826087 23
312335752850239 66
312335752857593 23
312335752864473 66
312335752871445 91
312335830310101 91
312335830331373 23
312335830338381 66
312335892486171 91
312335892501227 23
312335892508609 23
312335892515535 66
312335892522318 91
312335954258822 23
312335954278951 66
312335954286162 91
312335954292941 23
312335954300524 66
312336031638374 91
312336031662205 23
312336031669356 66
312336031675991 91
312336088054679 23
312336088070224 66
312336088077287 91
312336088084186 23
312336155217097 91
312336155235892 23
312336155243021 23
312336155249846 66
312336155256582 91
312336233616984 23
312336233633569 23
312336233640842 66
312336233647687 23
312336289332448 66
312336289350891 91
312336289358272 23
312336289365060 91
312336289372698 23
312336289379487 23
312336356380687 66
312336356394651 91
312336356401649 23
312336356408359 66
312336356415037 91
312336434823729 23
312336434837268 66
312336434844268 91
312336490429979 23
312336490443518 23
312336490450474 66
312336490457277 91
312336490464076 23
312336557451726 91
312336557467953 23
312336557474987 23
312336557481832 91
312336557488571 66
312336636804394 23
312336636820450 91
312336636828355 14
312336636835297 23
312336636842188 14
312336636848906 66
312336636855659 91
312336703423440 23
312336703452112 66
312336703459209 91
312336703465788 23
312336758808780 66
312336758834040 91
312336758841191 23
312336758847970 66
312336758854656 91
312336825772327 23
312336825794952 66
312336825802101 91
312336825808781 23
312336892994037 66
312336893025330 91
312336893032575 23
312336893039332 66
312336960027576 91
312336960048560 23
312336960055920 91
312336960062875 23
312336960069602 23
312336960076336 66
312337026968527 91
312337026988329 23
312337026995578 66
312337027002475 91
312337106082968 23
312337106105440 66
312337106112726 91
312337106119422 23
312337161476814 14
312337161511824 66
312337161519096 91
312337161525945 23
312337161532846 91
312337161539699 23
312337161546581 23
312337228309364 66
312337228338169 91
312337228345535 23
312337228352288 66
312337228359030 91
312337307347058 23
312337307370382 66
312337307377697 91
312337362235401 23
312337362254532 14
312337362261941 66
312337362268816 91
312337362275504 23
312337362282225 23
312337439180518 66
312337439198204 23
312337439205366 66
312337439212181 91
312337439218978 23
312337496446161 91
312337496462838 23
312337496470118 23
312337496476858 66
312337496484122 91
312337571435918 23
312337571451261 66
312337571458625 91
312337571465603 23
312337630537138 66
312337630552309 91
312337630559644 23
312337630566419 66
312337697603970 91
312337697619266 23
312337697626636 91
312337697633495 23
312337764581639 23
312337764595905 14
312337764602883 66
312337764609559 91
312337764616245 23
312337764622895 91
312337764629529 23
312337842455861 23
312337842471539 14
312337842479355 66
312337842486224 91
312337842493025 23
312337898823906 91
312337898837528 23
312337898844588 23
312337898851472 14
312337898858164 66
312337898864906 91
312337966042207 23
312337966055603 91
312337966062587 23
312337966069296 23
312337966075950 66
312338033219573 91
312338033234296 23
312338033241221 66
312338033248116 91
312338099981890 23
312338099996254 66
312338100003421 91
312338100010180 23
312338166996366 14
312338167008926 66
312338167015769 91
312338167022630 23
312338167029379 23
312338167036093 66
312338234023633 23
312338234036666 66
312338234043686 91
312338234050460 23
312338234057127 91
312338234063964 23
312338311635447 23
312338311651227 66
312338311658328 91
312338311665262 23
312338368244837 66
312338368257520 91
312338368264562 23
312338368271347 66
312338368278234 91
312338435215628 23
312338435228849 66
312338435236075 91
312338435242996 23
312338512930680 91
312338512946675 23
312338512953890 23
312338512960749 66
312338512967629 91
312338569446031 23
312338569459846 14
312338569466928 66
312338569473675 91
312338569480373 23
312338636497345 23
312338636517629 66
312338636524432 23
312338636531212 66
312338714921696 91
312338714942256 23
312338714949414 23
312338714956207 66
312338714962861 23
312338770697726 66
312338770713967 91
312338770720995 91
312338837711778 23
312338837728075 66
312338837735441 91
312338837742383 23
312338916199660 91
312338916216206 23
312338916223566 23
312338916230383 66
312338916237188 91
312338973592660 23
312338973613630 66
312338973620879 91
312338973627636 23
312338973634356 66
312338973641006 91
312339039041393 23
312339039072697 66
312339039080019 91
312339106059805 23
312339106087841 91
312339106095342 23
312339106102284 23
312339106109022 14
312339106115831 66
312339184147864 91
312339184179851 23
312339184187022 23
312339184193877 66
312339184200505 91
312339184207159 23
312339248356324 66
312339248383041 91
312339248390507 23
312339248397535 66
312339248404288 91
312339307248379 23
312339307272505 66
312339307280120 91
312339385484272 23
312339385515485 66
312339385522949 91
312339385530685 23
312339385537444 91
312339385544197 23
312339441305931 23
312339441333390 66
312339441340680 91
312339441347412 23
312339508437148 66
312339508456794 91
312339508463738 23
312339508470487 66
312339508477197 91
312339587379892 23
312339587400138 66
312339587407315 91
312339587414180 23
312339642533710 91
312339642550377 23
312339642557699 23
312339642564532 66
312339642571357 91
312339709528212 23
312339709545048 66
312339709552231 91
312339709559078 23
312339776599213 66
312339776615236 91
312339776622343 23
312339776629104 14
312339776636403 66
312339776643156 91
312339854602315 23
312339854617805 23
312339854624940 66
312339854632079 23
312339910924347 66
312339910953683 91
312339910960773 23
312339910967672 23
312339910974383 66
312339977918631 23
312339977943133 66
312339977950324 91
312339977957373 91
312340056602381 23
312340056628379 66
312340056635490 91
312340112334633 23
312340112364226 91
312340112371296 23
312340112378053 23
312340112384641 66
312340112391311 91
312340179018835 23
312340179038091 66
312340179045359 91
312340179052206 23
312340257891211 66
312340257913506 91
312340257920687 23
312340257928323 66
312340313169682 91
312340313186433 23
312340313193687 23
312340313200363 66
312340389782616 23
312340389808560 66
312340389815888 91
312340389822612 23
312340389829359 91
312340389836039 23
312340447315604 23
312340447338646 66
312340447345925 91
312340447352718 23
312340514490026 66
312340514512196 91
312340514519120 23
312340514525939 66
312340514532818 91
312340591054553 23
312340591073725 66
312340591081093 91
312340591088037 23
312340648488254 23
312340648505836 66
312340648513090 23
312340648519720 23
312340648527001 66
312340648533653 91
312340715455200 23
312340715471592 23
312340715478723 66
312340715485519 23
312340793027927 66
312340793045379 91
312340793052622 91
312340849686530 23
312340849701872 66
312340849709051 91
312340849715816 23
312340916691762 91
312340916708765 23
312340916716134 23
312340916722959 66
312340916729850 91
312340916736687 23
312340983656026 23
312340983672810 66
312340983679796 23
312340983686991 66
312341060255175 91
312341060271858 23
312341060279041 23
312341060285731 66
312341117914622 23
312341117929155 66
312341117936417 91
312341117943176 91
312341185236615 23
312341185252542 66
312341185259735 91
312341185266665 23
312341252072201 91
312341252101386 23
312341252108710 23
312341252115504 66
312341252122259 91
312341319229535 23
312341319255053 66
312341319262292 91
312341319269246 23
312341386260718 66
312341386287787 91
312341386295095 23
312341386301845 66
312341453253384 91
312341453279939 23
312341453287104 91
312341453293766 23
312341453300477 23
312341453307221 66
312341520248133 91
312341520268509 23
312341520275737 66
312341520282863 91
312341587562339 23
312341587590303 66
312341587597643 91
312341587604456 23
312341665494745 14
312341665521144 66
312341665528408 91
312341665535112 23
312341665542150 23
312341665548985 66
312341721567049 23
312341721598712 66
312341721605965 91
312341721612788 23
312341721619466 91
312341796290299 23
312341796321632 23
312341796329042 66
312341796335801 91
312341796342553 23
312341855701401 66
312341855724865 91
312341855731929 23
312341855738629 66
312341855745283 91
312341922701444 23
312341922729422 66
312341922736603 91
312341922743372 23
312341989821135 91
312341989854327 23
312341989861353 23
312341989868128 66
312341989874802 91
312342068772343 23
312342068808135 66
312342068815087 91
312342068821832 23
312342124180591 66
312342124204812 91
312342124212065 23
312342124218850 14
312342124225627 66
312342199172285 91
312342199198169 23
312342199205517 91
312342199212252 23
312342199218956 23
312342199225658 66
312342270276176 91
312342270330557 23
312342270339880 66
312342270349896 91
312342325147252 23
312342325172615 91
312342325179955 66
312342401969654 23
312342401992780 14
312342401999822 66
312342402006579 23
312342402013241 66
312342402020007 23
312342459234763 66
