308389655334297 91
308389732363753 91
308389732382259 23
308389732389750 23
308389789623582 66
308389789641072 91
308389789648454 23
308389789655129 66
308389789661716 91
308389856776535 23
308389856790622 66
308389856797594 91
308389856804290 23
308389930577704 66
308389930610777 91
308389930618049 23
308389990768681 66
308389990790512 91
308389990797739 23
308389990804578 66
308389990811960 91
308390057792681 23
308390057811887 66
308390057819291 91
308390135644257 23
308390135661506 66
308390135668721 91
308390135675570 23
308390191813818 66
308390191830099 91
308390191837196 23
308390191843898 66
308390191850753 91
308390258996397 23
308390259011173 66
308390337585525 91
308390337601171 23
308390337608511 23
308390337615304 66
308390337622163 91
308390398578073 23
308390398595372 66
308390398603428 91
308390398610402 23
308390460086657 66
308390460104185 91
308390460111597 91
308390460118597 23
308390527273205 23
308390527288082 66
308390527295299 91
308390527302022 23
308390604822028 91
308390604837046 66
308390604844130 91
308390604850915 23
308390661311671 23
308390661326948 66
308390661334202 91
308390661341164 23
308390728358600 91
308390728373176 66
308390728380170 91
308390728386991 23
308390728395401 14
308390801466264 23
308390801481517 14
308390801488889 66
308390801496001 91
308390801502917 23
308390862553637 91
308390862568729 23
308390862575568 23
308390862582218 14
308390862588897 66
308390929540187 91
308390929554640 23
308390929562101 66
308390929568843 91
308391008113671 23
308391008135268 91
308391008142715 66
308391008149671 91
308391063760215 23
308391063775333 66
308391063782468 91
308391130760618 91
308391130773826 23
308391130780830 14
308391130787566 23
308391130794239 14
308391130801027 66
308391130807802 91
308391197781765 23
308391197799931 91
308391197807098 23
308391197813873 23
308391264992079 14
308391265006367 66
308391265013621 91
308391265020427 23
308391265027283 66
308391265034112 91
308391332054254 23
308391332067560 66
308391332074568 91
308391399039573 23
308391399053782 66
308391399061762 91
308391399068490 91
308391477363111 23
308391477385803 66
308391477392829 91
308391533180143 91
308391533197458 23
308391533204325 23
308391533211472 14
308391533218313 66
308391533224997 91
308391600225205 23
308391600242858 66
308391600249900 91
308391678702481 91
308391678733639 23
308391678740691 14
308391678747516 23
308391678754295 14
308391678761062 66
308391678767734 91
308391734369150 23
308391734387547 91
308391734394393 23
308391734401115 23
308391734407809 66
308391801479309 91
308391801506814 23
308391801513985 91
308391801520734 66
308391880657717 91
308391880685228 23
308391880692679 14
308391880699506 23
308391880706252 14
308391936055705 66
308391936089989 91
308391936097198 23
308391936104027 91
308391936110735 23
308391936117377 23
308392012490569 66
308392012515687 91
308392012522932 23
308392075425501 91
308392075445047 66
308392075452254 91
308392075459053 23
308392075465904 14
308392147815349 23
308392147836248 14
308392147843540 66
308392147850323 91
308392147857120 23
308392203807722 91
308392203824255 23
308392203831377 23
308392203838192 66
308392203844897 91
308392270969777 23
308392270982868 91
308392270989748 66
308392349719015 91
308392349736511 23
308392349743545 14
308392349750268 23
308392349757505 14
308392349764322 66
308392349770926 91
308392405014628 23
308392405033862 91
308392405041067 23
308392405047860 23
308392405054596 66
308392472022458 91
308392472040632 23
308392472047809 91
308392472054571 66
308392539223641 91
308392539240010 23
308392539247129 14
308392539253910 23
308392539260728 14
308392616981527 66
308392616999673 91
308392617006790 23
308392617013623 91
308392617020271 23
308392673281405 23
308392673300021 66
308392673307140 91
308392673313750 23
308392740330619 66
308392740346583 91
308392740353637 23
308392740360389 91
308392740367096 66
308392819057932 91
308392819125763 23
308392819134708 14
308392819141646 66
308392819148391 91
308392874765426 23
308392874797827 66
308392874805228 91
308392941630209 23
308392941659206 66
308392941666420 91
308393008595200 23
308393008616970 66
308393008624803 91
308393008631499 23
308393086211818 23
308393086234452 14
308393086241627 66
308393086248351 91
308393086255094 23
308393142769746 91
308393142787587 23
308393142794825 23
308393142801644 66
308393142808523 91
308393209916441 23
308393209932074 66
308393209939074 91
308393209945994 23
308393286274043 66
308393286298422 91
308393286305726 23
308393286312652 66
308393286319352 91
308393344010472 91
308393344029157 23
308393344036801 14
308393344043630 66
308393344050362 91
308393411035241 91
308393411049038 23
308393411055913 14
308393489407849 23
308393489424663 14
308393489431952 66
308393489438852 91
308393489445568 23
308393489452170 91
308393489458826 66
308393545070171 91
308393545086504 23
308393545093796 23
308393612137596 66
308393612151418 91
308393612158672 23
308393612165509 91
308393612172268 66
308393679138691 23
308393679152208 66
308393679159128 91
308393679165868 23
308393754383815 91
308393754398276 23
308393754405113 23
308393754411900 66
308393754418531 91
308393813334705 23
308393813348347 66
308393813355231 91
308393880422609 23
308393880437216 66
308393880444248 91
308393880450987 91
308393958676042 23
308393958695735 14
308393958703004 66
308393958709898 91
308393958716606 23
308394014816649 66
308394014835124 91
308394014842468 23
308394081562455 66
308394081577873 91
308394081585302 23
308394081592026 66
308394081598869 91
308394155166277 23
308394155183756 66
308394215972050 23
308394216002993 66
308394216010375 91
308394216017170 23
308394282933318 23
308394282957790 66
308394282965188 91
308394282972092 23
308394282978880 91
308394282985760 23
308394362007995 23
308394362045526 14
308394362052817 66
308394417022325 23
308394417042906 66
308394417050134 91
308394417057001 23
308394417063639 91
308394417070522 23
308394493786688 23
308394493805228 66
308394493812375 91
308394493819124 23
308394551108461 91
308394551130187 66
308394551137521 91
308394551144133 23
308394618088748 23
308394618104639 14
308394618111719 66
308394618118470 91
308394618125301 23
308394685268550 91
308394685282562 66
308394685289619 91
308394685296997 23
308394752293005 91
308394752308695 23
308394752315824 14
308394752322550 23
308394831082402 14
308394831096243 66
308394831103324 91
308394831110135 23
308394831116851 91
308394831123696 23
308394886316763 23
308394886329544 66
308394886336420 91
308394886343126 23
308394960991302 66
308394961008492 91
308394961015683 23
308394961022518 66
308394961029355 91
308395032389933 23
308395032406186 66
308395087631596 91
308395087650383 23
308395087657409 23
308395087664136 14
308395087670721 66
308395087677353 91
308395164325802 23
308395164343727 91
308395164350990 23
308395221864503 23
308395221887215 14
308395221894494 66
308395221901229 91
308395221908072 23
308395221914897 91
308395221921527 66
308395288799619 91
308395288814810 23
308395288821724 23
308395288828496 66
308395366283727 91
308395366307472 23
308395366315404 66
308395366322257 91
308395431244997 23
308395431266196 66
308395431273478 91
308395501642444 91
308395501665039 23
308395501672351 14
308395501679168 66
308395501685864 91
308395557055210 23
308395557072342 66
308395557079411 91
308395557086308 23
308395633555425 66
308395633581387 91
308395633588320 91
308395633595039 23
308395691200468 14
308395691222423 66
308395691229856 91
308395691236701 23
308395758294739 91
308395758317519 66
308395758324821 91
308395758331800 23
308395758338446 14
308395825457629 23
308395825478285 14
308395825485184 66
308395825492041 91
308395825498649 23
308395892408155 91
308395892430382 23
308395892437454 23
308395892444129 66
308395892450758 91
308395970873783 23
308395970897120 91
308395970904340 66
308395970911062 91
308396026663191 23
308396026682191 23
308396026689378 14
308396026696921 66
308396026703577 91
308396093858122 23
308396093877955 66
308396093885482 91
308396093892552 23
308396172802002 66
308396172826848 91
308396172834123 23
308396172840793 66
308396172847498 91
308396234943895 91
308396234964569 23
308396234971778 14
308396235089137 66
308396235096706 91
308396294752588 23
308396294767159 91
308396294774216 66
308396374041558 91
308396374058193 23
308396374065635 14
308396374073410 23
308396374080261 14
308396428981156 66
308396428994871 91
308396429001847 23
308396429008585 91
308396429015225 23
308396505932098 23
308396505948248 66
308396505955309 91
308396505962087 23
308396562984626 66
308396562997353 91
308396563004335 23
308396563011027 66
308396563017736 91
308396630014195 91
308396630028090 23
308396630035187 14
308396630042070 66
308396630048766 91
308396697398989 23
308396697427908 66
308396697435278 91
308396764336686 23
308396764361133 66
308396764368443 91
308396764375176 91
308396831381231 23
308396831404263 14
308396831411263 66
308396831417947 91
308396909251191 23
308396909278362 66
308396909285750 91
308396909292539 23
308396965482179 66
308396965501935 91
308396965509173 23
308396965515939 66
308396965522678 91
308397032515122 23
308397032533475 66
308397032540521 91
308397099562248 23
308397099581975 66
308397099589104 23
308397166681913 66
308397166695642 91
308397166702698 23
308397166709422 23
308397233727060 66
308397233743595 91
308397233750478 23
308397233757321 91
308397233764118 23
308397233770869 23
308397300741556 66
308397300756948 91
308397300764204 23
308397300771095 91
308397300778041 66
308397378367413 91
308397378382298 23
308397378389416 14
308397434964306 23
308397434978491 14
308397434985706 66
308397434992468 91
308397434999227 23
308397435006108 91
308397435013028 23
308397502069454 23
308397502093622 14
308397502101080 66
308397502107980 91
308397579683673 23
308397579699268 91
308397579706480 66
308397579713299 91
308397636038819 23
308397636055478 23
308397636062766 66
308397636069573 91
308397636076335 23
308397703233291 66
308397703246782 91
308397703253895 23
308397781641554 66
308397781655078 91
308397781662210 23
308397781669156 91
308397781675868 66
308397837216534 91
308397837231793 23
308397837239044 14
308397837245950 66
308397837252586 91
308397904616820 23
308397904649688 66
308397904656927 91
308397971454806 23
308397971487736 66
308397971494999 91
308397971501874 91
308398048898313 23
308398048914936 14
308398048922115 66
308398048928741 91
308398105645296 23
308398105667658 66
308398105674865 91
308398105681708 23
308398172816916 66
308398172832642 91
308398172839847 91
308398172846614 23
308398172853332 14
308398250838110 66
308398250852649 91
308398250859482 23
308398250866369 66
308398306723316 91
308398306742845 23
308398306750248 66
308398306756946 91
308398379967397 23
308398379984131 66
308398379991264 91
308398440786927 23
308398440800044 66
308398440807052 91
308398440814418 91
308398508054587 23
308398508078242 14
308398508085492 66
308398508092313 23
308398575088596 66
308398575112106 91
308398575119225 23
308398575125967 91
308398575132772 23
308398575139454 23
308398654132768 91
308398654151796 66
308398654158935 91
308398654165670 23
308398709058604 14
308398709074173 23
308398709081179 14
308398709087966 66
308398709094691 91
308398709101554 23
308398776265479 91
308398776284485 23
308398776291741 23
308398776298397 14
308398843278286 66
308398843295774 91
308398843303094 23
308398843310039 91
308398843316786 66
308398921345746 91
308398921359370 23
308398921366237 23
308398921372986 66
308398921379821 91
308398977358438 23
308398977377769 66
308398977384855 91
308399044535041 23
308399044553287 66
308399044560768 91
308399044567456 91
308399123308563 23
308399123326753 14
308399123334441 66
308399123341268 91
308399123347918 23
308399178563214 66
308399178579883 91
308399178587106 23
308399178594561 66
308399245754035 91
308399245779183 91
308399245786396 23
308399245793225 14
308399245799946 66
308399312723516 91
308399312748181 23
308399312755235 91
308399312762254 66
308399390580451 91
308399390605391 23
308399390612709 14
308399390619448 23
308399446851472 14
308399446873976 66
308399446881889 91
308399446888678 23
308399446895332 91
308399446902045 23
308399514072240 23
308399514094266 66
308399514101363 91
308399514108329 23
308399586547879 66
308399586568646 91
308399586576076 23
308399586582933 66
308399586589690 91
308399648046542 23
308399648067475 91
308399648074922 66
308399715051763 91
308399715069033 23
308399715076442 14
308399715083446 66
308399715090168 91
308399802158892 91
308399802181986 23
308399802189704 14
308399802196485 23
308399849327591 14
308399849348338 66
308399849355869 91
308399849362609 23
308399849369472 91
308399849376231 23
308399925743498 23
308399925763816 14
308399925770894 66
308399925777584 91
308399925784329 23
308399995787471 91
308399995811496 66
308399995818896 91
308399995825681 23
308400050490880 23
308400050511942 66
308400050519332 91
308400050526181 23
308400117417839 66
308400117431622 91
308400117438739 23
308400117445562 66
308400117452345 91
308400184642476 23
308400184658248 66
308400184665552 91
308400251820211 91
308400251836192 23
308400251843516 14
308400251850426 66
308400251857224 91
308400329052899 91
308400329083019 23
308400329090618 14
308400329097337 23
308400329104099 14
308400385972425 66
308400386001481 91
308400386008771 23
308400386015451 91
308400386022980 23
308400386029704 23
308400459793909 66
308400459819600 91
308400459826833 23
308400520002006 66
308400520020249 91
308400520027402 23
308400520034289 66
308400520040997 91
308400586987509 23
308400587000678 66
308400587007622 91
308400653973796 91
308400653988139 23
308400653995089 14
308400654001828 66
308400654008608 91
308400732208282 23
308400732224179 66
308400732231390 91
308400788220258 23
308400788235103 66
308400788242196 91
308400788248884 91
308400855330914 23
308400855351312 14
308400855358672 66
308400855365574 91
308400933552538 91
308400933576620 23
308400933583922 14
308400933590694 23
308400933597566 14
308400933604298 66
308400933610950 91
308400989310300 23
308400989326879 91
308400989334022 23
308400989340798 23
308400989347619 66
308400989354308 91
308401056497988 23
308401056518732 66
308401056526559 91
308401135461440 23
308401135479504 66
308401135486962 91
308401135493868 23
308401190516845 66
308401190535009 91
308401190542179 23
308401263410622 66
308401263429552 91
308401263436974 91
308401263443695 23
308401263450347 14
308401336763601 23
308401336782894 14
308401336790481 66
308401336797286 23
308401336803950 66
308401391777535 23
308401391799366 66
