308468456603995 91
308468523786861 91
308468523803669 23
308468590823141 66
308468590839589 91
308468590846857 23
308468668285340 66
308468668301784 91
308468668308853 23
308468668315430 91
308468668322249 66
308468724949648 91
308468724969198 23
308468724976580 23
308468724983446 66
308468792000587 91
308468792013696 23
308468792020871 66
308468792027905 91
308468866851159 23
308468866866927 91
308468866874056 66
308468926020304 91
308468926037768 23
308468926045046 23
308468926051955 14
308468993223633 66
308468993238493 91
308468993245449 23
308468993252117 23
308468993258816 66
308468993265663 91
308469071558071 23
308469071574020 66
308469071581141 91
308469071587847 23
308469127616315 66
308469127632553 91
308469127639747 23
308469194384578 66
308469194398698 91
308469194405686 91
308469194412451 23
308469267703058 66
308469267728669 91
308469267735717 23
308469267742482 23
308469328455025 14
308469328473019 66
308469328480275 91
308469328487239 23
308469328493953 91
308469328500647 66
308469395604311 91
308469395616754 23
308469395623585 23
308469395630412 66
308469395637158 91
308469474815207 91
308469474830973 23
308469474838255 23
308469474845032 14
308469529623654 66
308469529639653 91
308469529646892 23
308469529653699 66
308469529661250 91
308469606676618 91
308469606692907 23
308469606700126 14
308469606706921 66
308469606713885 91
308469663864321 91
308469663881427 23
308469663888650 23
308469663895479 14
308469730985752 66
308469730999143 91
308469731006114 23
308469731012809 66
308469731019620 91
308469807977422 23
308469807992923 91
308469808000042 23
308469808006881 14
308469865103495 91
308469865120412 23
308469865127555 14
308469865134766 23
308469865141579 66
308469865148394 91
308469865155142 23
308469932211866 91
308469932236975 23
308469932244047 91
308469932250899 23
308469932257645 14
308470010022864 23
308470010054018 91
308470010061316 14
308470010068082 23
308470010074791 14
308470066252442 66
308470066277274 91
308470066284268 23
308470066290978 91
308470066297602 66
308470138761964 91
308470138786253 23
308470138793593 66
308470138801081 91
308470200277443 91
308470200292079 23
308470200299163 23
308470200306024 14
308470200312718 66
308470200319427 91
308470277225708 23
308470277244258 66
308470277251500 91
308470334539886 91
308470334557072 23
308470334564245 14
308470334570919 66
308470334577561 91
308470401580961 91
308470401596413 23
308470401603479 23
308470401610256 14
308470401617053 66
308470401623789 91
308470479143095 23
308470479158127 66
308470479165266 91
308470535630838 23
308470535646632 66
308470535653974 91
308470535660679 91
308470602617909 23
308470602632979 14
308470602641076 66
308470602648096 91
308470680438603 23
308470680453822 23
308470680461311 14
308470680468116 66
308470680474772 91
308470680481430 23
308470736934185 91
308470736949374 66
308470736956388 91
308470736963132 23
308470803958550 23
308470803974228 23
308470803981389 91
308470803988274 66
308470803994986 91
308470882412979 23
308470882430260 23
308470882437501 14
308470882444260 91
308470882450987 66
308470938055017 91
308470938070193 23
308470938077391 23
308470938084173 14
308470938090944 66
308470938097805 91
308471004988464 23
308471005001426 66
308471005008589 91
308471083690176 91
308471083705403 23
308471083712777 14
308471083719572 91
308471083726338 23
308471083733650 23
308471083740350 14
308471139429852 66
308471139444073 91
308471139451178 23
308471139457929 66
308471139464691 91
308471206714242 23
308471206733175 66
308471206740635 91
308471273335805 23
308471273354578 66
308471273362001 23
308471340375992 23
308471340391468 66
308471340398492 91
308471340405347 23
308471340412106 91
308471340418826 66
308471407543929 91
308471407559851 23
308471407566962 66
308471407574700 91
308471474591279 91
308471474607941 23
308471474615331 23
308471474622093 14
308471552887672 66
308471552903479 91
308471552910585 91
308471552917428 23
308471608633287 23
308471608648948 14
308471608656193 66
308471608663049 91
308471608669866 23
308471675830839 66
308471675844042 91
308471675850919 23
308471675857638 66
308471675864366 91
308471755019954 91
308471755049209 23
308471755056591 14
308471755064283 66
308471809919572 91
308471809941926 23
308471809949097 23
308471809955871 14
308471876899020 66
308471876919261 91
308471876926509 23
308471876933479 66
308471876940169 91
308471876946875 23
308471956170411 66
308471956187931 91
308471956194986 91
308471956201716 23
308472010989429 23
308472011007055 66
308472011014357 91
308472011021073 91
308472088045225 23
308472088060030 23
308472088067352 66
308472088074698 91
308472145298664 91
308472145313545 23
308472145320581 14
308472145327334 23
308472145334016 14
308472145340803 66
308472212310754 91
308472212324919 23
308472212331855 91
308472212338806 23
308472289373568 23
308472289396294 14
308472289403604 66
308472289410527 91
308472289417217 23
308472346357453 23
308472346373455 66
308472346380581 91
308472346387404 23
308472346394193 66
308472346400922 91
308472413760799 23
308472413793220 66
308472413800448 91
308472491332458 23
308472491355638 66
308472491362827 91
308472547680283 23
308472547703377 66
308472547710476 91
308472547717307 23
308472547724269 91
308472614802972 91
308472614835709 14
308472681817009 91
308472681836140 14
308472681843490 14
308472681850490 23
308472681857374 66
308472681864150 91
308472681870865 23
308472758553160 91
308472758571509 66
308472758579269 91
308472815908094 23
308472815930425 23
308472815937892 66
308472815944725 91
308472882930923 91
308472882945627 23
308472882952774 14
308472882959503 23
308472882966177 14
308472882973185 66
308472882979990 91
308472960500896 23
308472960517545 91
308472960524867 66
308473017034741 23
308473017048524 66
308473017055286 91
308473017062073 23
308473017068828 23
308473091617281 66
308473091632281 91
308473091640514 23
308473091647481 66
308473091654437 91
308473151224427 91
308473151239473 23
308473151246737 66
308473151253654 91
308473218448702 23
308473218465387 23
308473218472616 66
308473218479297 91
308473218485912 23
308473285652496 91
308473285672723 66
308473285679866 91
308473285686840 23
308473363768281 66
308473363786584 91
308473363794020 91
308473419406643 23
308473419421178 14
308473419428427 23
308473419436131 14
308473419442878 66
308473419449621 91
308473419456357 23
308473494658479 91
308473494688610 23
308473494696086 23
308473494703050 66
308473553605146 91
308473553621223 23
308473553628523 23
308473553635370 14
308473553642133 66
308473620600080 91
308473620612849 23
308473620619947 91
308473620626712 66
308473696958612 91
308473696973751 23
308473696980658 66
308473696987529 91
308473767025759 91
308473767042686 23
308473767050072 14
308473767057128 23
308473767063997 14
308473821847740 66
308473821862052 91
308473821868986 23
308473821875670 91
308473821882463 23
308473821889103 23
308473888947156 66
308473888968252 91
308473888975423 23
308473955994096 23
308473956019181 14
308473956028116 66
308473956037584 91
308473956046013 23
308473956054644 91
308473956063617 66
308474023078076 91
308474023094731 23
308474023102968 66
308474090119234 91
308474090133880 91
308474090140834 23
308474090147802 23
308474090154590 14
308474157141684 66
308474157157645 91
308474157164788 23
308474157171601 66
308474236221545 91
308474236238186 91
308474236245264 23
308474236252166 14
308474236258981 66
308474291591022 91
308474291623501 23
308474291630685 14
308474291637546 66
308474358361008 91
308474358389119 23
308474358396193 91
308474358403747 23
308474358410499 23
308474437521214 66
308474437540730 91
308474437548048 23
308474437554822 23
308474492415677 14
308474492436251 66
308474492443764 91
308474492450613 23
308474492457373 66
308474492464233 91
308474569376535 23
308474569392402 66
308474569399772 91
308474626599665 23
308474626615157 23
308474626622220 66
308474626629113 91
308474626635803 23
308474693605012 91
308474693620366 66
308474693628287 91
308474693635054 23
308474693641817 23
308474766399770 91
308474766417053 66
308474766424262 91
308474827858222 23
308474827875480 14
308474827882704 66
308474827889382 91
308474894862618 91
308474894878919 23
308474894886416 14
308474894893331 23
308474894900241 14
308474894907160 66
308474894913969 91
308474972848027 23
308474972876735 91
308474972884039 23
308474972891041 23
308474972897813 66
308475029065286 23
308475029089726 91
308475029097066 23
308475096187220 14
308475096217487 66
308475096224525 91
308475096231252 23
308475096238063 91
308475096244723 66
308475169335947 23
308475169358188 66
308475169365355 91
308475169372176 23
308475230267368 91
308475230286446 66
308475230293584 23
308475297461177 66
308475297476320 91
308475297483312 23
308475297491476 91
308475297498233 23
308475297505181 23
308475375907247 91
308475375929830 66
308475375937084 91
308475375943851 23
308475431384626 23
308475431410496 14
308475431417703 66
308475431424673 91
308475507840448 91
308475507862130 23
308475507869583 14
308475507876464 23
308475507883426 14
308475507890108 66
308475507896804 91
308475565591619 23
308475565609739 91
308475565617056 23
308475632601941 23
308475632620473 14
308475632627495 66
308475632634330 91
308475632641371 23
308475632648129 23
308475699605672 66
308475699620341 91
308475699627343 23
308475699634305 91
308475699640963 23
308475766651006 23
308475766664193 66
308475766671125 23
308475766677984 91
308475845096045 23
308475845110251 14
308475845117343 66
308475845123983 91
308475845130834 23
308475900843758 91
308475900861682 66
308475900868537 91
308475900875342 23
308475967973023 66
308475968002530 91
308475968010968 91
308475968018077 23
308476046421291 14
308476046442344 23
308476046449619 14
308476046456420 66
308476046463100 91
308476046469863 23
308476102123496 91
308476102145278 23
308476102152244 23
308476102158928 66
308476178299830 91
308476178323292 23
308476178330664 23
308476178337642 14
308476178344459 66
308476178351115 91
308476248340918 23
308476248361376 91
308476248368495 66
308476303300641 91
308476303319268 23
308476303326447 23
308476303333223 66
308476303339952 91
308476380241525 91
308476380256744 23
308476380264074 23
308476380270895 14
308476380277654 66
308476380284312 91
308476443247357 91
308476443263439 23
308476443270642 14
308476443277378 23
308476515627162 14
308476515647478 66
308476515654725 91
308476515661578 23
308476515668317 91
308476515675067 23
308476571586048 23
308476571608947 66
308476571616687 23
308476571623719 91
308476638496375 23
308476638513165 14
308476638520284 66
308476638527027 91
308476638533799 23
308476717540118 91
308476717556208 66
308476717563467 91
308476717570320 23
308476772619837 23
308476772635664 91
308476772642963 66
308476772649800 91
308476839716991 23
308476839731317 14
308476839738653 66
308476839745533 91
308476839752327 91
308476906796913 23
308476906810549 23
308476906818519 14
308476906825491 66
308476906832338 91
308476984808012 23
308476984826687 66
308476984834002 91
308476984840743 23
308477041368307 66
308477041397771 91
308477041405089 23
308477041411888 23
308477041418632 66
308477041425405 91
308477108323166 23
308477108357142 66
308477108364235 91
308477186794638 23
308477186818802 66
308477186826100 91
308477186832905 23
308477242138909 66
308477242155689 91
308477242163629 23
308477242170602 23
308477309210670 66
308477309226408 91
308477309233624 23
308477309240606 66
308477309247455 91
308477309254151 23
308477376414384 91
308477376429237 23
308477376436713 23
308477376443490 66
308477376450235 91
308477454002846 91
308477454023046 23
308477454030380 23
308477454037297 66
308477510504954 91
308477510532091 91
308477510539217 23
308477510545881 14
308477577575991 23
308477577601955 14
308477577609345 66
308477577616122 91
308477577622868 23
308477577629456 66
308477577636126 91
308477654101779 23
308477654128473 66
308477711737781 91
308477711761344 23
308477711768799 23
308477711775726 66
308477711782660 91
308477778659904 23
308477778678083 91
308477778685093 66
308477778692043 91
308477857279560 23
308477857299435 66
308477857306476 91
308477912842226 91
308477912859349 23
308477912866929 23
308477912873722 14
308477912880343 66
308477912887001 91
308477989171305 91
308477989193252 23
308477989200476 23
308477989207303 14
308477989214023 66
308477989220947 91
308478059233613 23
308478059251117 66
308478059258226 91
308478122221999 23
308478122242888 66
308478122250234 91
308478122256972 91
308478181136663 23
308478181156100 14
308478181163275 66
308478181170160 91
308478181176967 23
308478248138383 23
308478248157120 14
308478248164291 66
308478248171214 91
308478248178086 23
308478326462887 91
308478326482801 66
308478326490056 91
308478326496833 23
308478382168945 66
308478382186429 91
308478382193501 91
308478382200356 23
308478449367752 23
308478449383238 14
308478449390395 66
308478449397285 91
308478449403882 23
308478522996614 66
308478523013227 91
308478523020499 23
308478523027420 91
308478523034921 66
308478583352756 91
308478583368004 23
308478583375299 14
308478650545565 23
308478650560448 14
308478650567702 66
308478650574579 91
308478650581320 23
308478650588116 23
308478729717351 66
308478729734278 91
308478729741586 23
308478729748441 66
308478729755230 91
308478784604040 23
308478784620588 66
308478784627868 91
308478861641037 23
308478861667969 91
308478861675102 23
308478861682126 23
308478861689856 66
308478861696534 91
308478918858460 91
308478918876990 23
308478918884316 14
308478985902501 23
308478985923843 14
308478985931016 66
308478985937712 91
308478985944422 23
308478985951221 91
308478985957980 23
308479052860920 23
308479052876356 66
308479052883352 91
308479119947967 23
308479119961110 23
308479119968046 14
308479119974762 66
308479119981488 91
308479119988140 23
308479198888820 91
308479198908376 66
308479198915593 91
308479198922447 23
308479254028077 66
308479254044217 91
308479328788622 23
308479328804833 14
308479328812156 66
308479328819018 23
308479328825704 91
308479400167129 23
308479400179832 66
308479400186731 91
308479400193435 23
308479400200152 91
308479400206860 66
308479455419149 23
308479455433752 23
308479455440783 66
308479532074331 91
308479532089801 23
308479532097193 91
308479532104577 66
308479589493675 91
308479589515315 23
308479589522747 23
308479589529447 66
308479589536077 91
308479656505460 91
308479656528026 23
308479656535139 14
308479656541948 66
308479734084940 23
308479734105958 66
308479734113254 23
308479790605604 66
308479790623474 23
308479790630808 66
