312310804740840 91
312310871907343 91
312310871931893 23
312310871939159 23
312310950165132 66
312310950186981 91
312310950194176 23
312310950201041 23
312310950207907 66
312311006248967 91
312311006265319 23
312311006272409 23
312311006279339 66
312311006286045 91
312311006292699 23
312311072991399 23
312311073004534 66
312311073012421 91
312311073019371 23
312311146699866 23
312311146718293 66
312311146725500 91
312311146732233 23
312311146738821 66
312311207171062 91
312311207185969 23
312311207192989 23
312311207199810 66
312311207206484 91
312311207213170 23
312311274152074 23
312311274165191 66
312311274172177 91
312311274179062 23
312311353448987 23
312311353467375 66
312311353474556 91
312311353481320 23
312311353487968 66
312311408414329 91
312311408428766 23
312311408435975 23
312311408442667 66
312311408449552 91
312311408456239 23
312311485282295 23
312311485297047 66
312311485304138 91
312311485310983 23
312311542424399 23
312311542441153 66
312311542448273 91
312311542455102 23
312311542461789 23
312311609460887 66
312311609476202 91
312311609483610 23
312311609490508 23
312311609497383 66
312311609504176 91
312311676643837 23
312311676659865 23
312311676667172 66
312311676673977 91
312311676680722 23
312311743664508 66
312311743680214 91
312311743687417 23
312311743694240 23
312311743700977 66
312311822625854 91
312311822657356 91
312311822664579 23
312311877819112 23
312311877843065 66
312311877850314 91
312311877857280 23
312311952498681 23
312311952523633 66
312311952530786 91
312311952537703 23
312311952544605 23
312312023912099 66
312312023934214 91
312312023941857 23
312312023948648 23
312312023955395 66
312312023962248 91
312312078992841 23
312312079014976 23
312312079022324 66
312312079028986 91
312312079035682 23
312312155772582 66
312312155790717 91
312312155797929 23
312312155804900 23
312312213160223 66
312312213176371 91
312312213183377 23
312312213190237 23
312312213196957 66
312312213203639 91
312312280152341 23
312312280166758 23
312312280174158 66
312312280180999 91
312312280187707 23
312312357744882 23
312312357762501 66
312312357769877 91
312312357776615 23
312312357783338 23
312312422743481 66
312312422758078 91
312312422765092 23
312312422772004 23
312312422778746 66
312312422785579 91
312312493061104 23
312312493075214 66
312312493082156 91
312312493088919 23
312312548434645 23
312312548449621 66
312312548457005 91
312312548463689 23
312312548470926 23
312312624973004 66
312312624988581 91
312312624995718 23
312312625002434 23
312312625009094 66
312312625015784 91
312312682567532 23
312312682583479 23
312312682590782 66
312312682597652 91
312312682604336 23
312312749611678 23
312312749626446 66
312312749633613 91
312312749640348 23
312312749647135 66
312312823599719 91
312312823629469 23
312312823636618 23
312312823643785 66
312312823650585 91
312312883821047 23
312312883844742 23
312312883851955 66
312312883858841 91
312312883865591 23
312312950830160 23
312312950846395 66
312312950853312 91
312312950860033 23
312312950866805 66
312313028203594 91
312313028219913 23
312313028227046 23
312313028233939 23
312313085221327 66
312313085236333 91
312313085243657 23
312313085250667 23
312313085257371 66
312313151969266 23
312313151981587 66
312313151988472 91
312313224305116 91
312313224319782 23
312313224326878 23
312313286222449 66
312313286238195 91
312313286245481 23
312313286252418 66
312313286259237 91
312313286266177 23
312313353249848 66
312313353268002 91
312313353275189 23
312313353282044 66
312313431561482 91
312313431587392 23
312313431594444 66
312313487568212 23
312313487599043 66
312313487606149 91
312313487612906 91
312313554583360 23
312313554612358 66
312313554620456 91
312313554627374 23
312313631468200 23
312313631497461 66
312313631504679 91
312313631511707 23
312313631518439 66
312313688869404 91
312313688912746 23
312313688919945 66
312313688926661 91
312313688933366 23
312313755770422 66
312313755796714 91
312313755804156 23
312313755810993 66
312313822766247 91
312313822792410 23
312313822799648 66
312313822806511 91
312313900734140 23
312313900768892 66
312313900777051 91
312313900783968 23
312313956880481 91
312313956913306 23
312313956920512 23
312313956927274 66
312313956933983 91
312313956940657 23
312314024002407 66
312314024024551 91
312314024031799 23
312314024038463 23
312314091027318 66
312314091049855 91
312314091057010 23
312314091063748 91
312314091070610 23
312314167978988 23
312314168005751 14
312314168013280 66
312314168020228 91
312314168027164 23
312314225096437 23
312314225122072 66
312314225129345 91
312314225136100 23
312314225142963 66
312314225149730 91
312314292173280 23
312314292190500 66
312314292197756 91
312314292204532 23
312314369911475 66
312314369930952 91
312314369938350 23
312314369945312 66
312314369951978 91
312314426199279 23
312314426215360 66
312314426222590 91
312314493370695 91
312314493385572 23
312314493392582 23
312314493399347 66
312314493406693 91
312314571198329 23
312314571215358 14
312314571222810 66
312314571229668 91
312314571236491 23
312314627442363 91
312314627456114 23
312314627463385 23
312314627470242 66
312314627477051 91
312314627483790 23
312314694434716 66
312314694448123 91
312314694455065 23
312314694461837 66
312314694468632 91
312314773258886 23
312314773285822 66
312314773293150 91
312314828679843 23
312314828698550 14
312314828706556 66
312314828713319 91
312314828720096 23
312314895636058 23
312314895652830 66
312314895660180 23
312314895666838 66
312314895673561 23
312314962802275 66
312314962823143 91
312314962830503 91
312315029824399 23
312315029840755 66
312315029847688 91
312315029854399 23
312315106329877 66
312315106346530 91
312315106353798 23
312315106360679 66
312315176395241 91
312315176412399 23
312315176419680 66
312315176427364 91
312315176434165 23
312315230995647 66
312315231011570 91
312315231018809 23
312315231025566 66
312315308298648 91
312315308314320 23
312315308322002 66
312315308328672 91
312315365185711 23
312315365201043 66
312315365208270 91
312315365215282 23
312315443657814 91
312315443675023 23
312315443682554 23
312315443689405 66
312315443696308 91
312315443703169 23
312315499304539 66
312315499320413 91
312315499327719 23
312315499334783 66
312315566637023 91
312315566667941 23
312315566675016 66
312315566681692 91
312315645640226 23
312315645665653 66
312315645673027 91
312315645680112 23
312315700530072 91
312315700553451 23
312315700560558 23
312315700567379 66
312315700574228 91
312315700580931 23
312315767541516 66
312315767566101 91
312315767573421 23
312315767580214 23
312315834782980 14
312315834805656 66
312315834813987 91
312315834820690 23
312315834827328 23
312315834833939 66
312315912855706 23
312315912875725 66
312315912882831 23
312315912889533 66
312315968708276 91
312315968727654 91
312315968734966 23
312316037378402 66
312316037398891 91
312316037406235 23
312316037413048 66
312316037419700 91
312316114976141 23
312316115008814 66
312316115015993 91
312316115022709 23
312316170014662 66
312316170041012 91
312316170049117 23
312316170056050 66
312316170062785 91
312316236963211 23
312316236983976 66
312316236991020 91
312316304117246 23
312316304130142 66
312316304137064 91
312316304143810 23
312316382040790 91
312316382057729 23
312316382064950 23
312316382071857 66
312316382078662 91
312316438168423 23
312316438182990 91
312316438189994 23
312316438196705 23
312316438203449 66
312316438210085 91
312316505153149 23
312316505166433 66
312316505173226 91
312316505179998 23
312316578192386 66
312316578226565 91
312316578233664 23
312316578240539 66
312316578247310 91
312316639495339 23
312316639524185 14
312316639531385 66
312316639538139 91
312316706516273 23
312316706539108 91
312316706546414 23
312316706553321 23
312316706560096 66
312316706566796 91
312316785338760 23
312316785365476 66
312316785372609 91
312316840616464 23
312316840641371 66
312316840648592 91
312316840655405 23
312316840662171 66
312316840669095 91
312316917196621 23
312316917221608 14
312316917229036 66
312316917235696 91
312316974678604 23
312316974735458 23
312316974743032 66
312316974749804 23
312316974756479 66
312317048445653 23
312317048473768 66
312317048481094 91
312317108947808 91
312317108973483 23
312317108980656 23
312317176161784 66
312317176187557 91
312317176195400 23
312317176202147 23
312317176208867 66
312317243304247 23
312317243329308 66
312317243336691 91
312317320510226 91
312317320536341 23
312317320543677 66
312317320550549 91
312317377133627 23
312317377154053 23
312317377160993 66
312317377167846 23
312317377174617 66
312317451253167 91
312317451269912 91
312317511230523 23
312317511250390 66
312317511257716 91
312317511264460 23
312317511271368 91
312317578372157 23
312317578397132 23
312317578404264 66
312317578411021 91
312317578417701 23
312317645493498 66
312317645519746 91
312317645526776 23
312317645533472 66
312317645540204 91
312317723769690 23
312317723798475 66
312317723805585 91
312317779571443 23
312317779596935 66
312317779603949 91
312317779611144 23
312317852065181 66
312317852089840 91
312317852097037 23
312317852103872 23
312317852110766 66
312317913831337 23
312317913861674 66
312317913868960 23
312317913875837 66
312317913882716 91
312317980768231 91
312317980793868 23
312318047801458 66
312318047827229 91
312318047834575 23
312318047841402 66
312318047848213 91
312318127024849 23
312318127052234 66
312318127059489 91
312318127066372 23
312318182044604 66
312318182072103 91
312318182079320 23
312318182086111 66
312318182092807 91
312318254966158 23
312318254998300 66
312318255005646 91
312318328334389 23
312318328360615 66
312318328367895 91
312318328374684 23
312318389152815 66
312318389183619 91
312318389190929 23
312318389197698 91
312318389204384 23
312318389210954 23
312318460251874 66
312318460278830 91
312318460286292 23
312318460293343 66
312318460300097 91
312318517329884 23
312318517363920 66
312318517371111 91
312318584285419 23
312318584309985 66
312318584317918 91
312318584325039 23
312318662161191 66
312318662191076 91
312318662198134 23
312318662205088 23
312318662211746 66
312318718446797 23
312318718463877 66
312318718471038 23
312318718477808 66
312318718484615 91
312318785476146 91
312318785499186 23
312318863388588 66
312318863404833 91
312318863412072 23
312318863419054 66
312318863425801 91
312318919545072 23
312318919560913 66
312318919567967 91
312318919575492 23
312318986732997 66
312318986760571 91
312318986767937 23
312318986774822 66
312318986781708 91
312319065367843 23
312319065384955 66
312319065391997 91
312319120749051 23
312319120764174 66
312319120771278 91
312319120778035 23
312319187956514 66
312319187978212 91
312319187985198 23
312319187991916 91
312319187998514 23
312319255117302 23
312319255142166 66
312319255149241 91
312319255155981 23
312319332678164 91
312319332709714 23
312319332717008 23
312319332723817 66
312319332730668 91
312319332737408 23
312319389099035 66
312319389125343 91
312319389132407 23
312319389139192 66
312319389145882 91
312319456248323 23
312319456272958 66
312319456280302 91
312319523211006 23
312319523232688 14
312319523240158 66
312319523246981 91
312319523253702 23
312319590273520 91
312319590299595 23
312319590306923 23
312319590314339 66
312319590321152 91
312319590327923 23
312319657481037 66
312319657499875 91
312319657507140 23
312319657513867 66
312319657520607 91
312319735906451 23
312319735930903 66
312319735938177 91
312319791470841 23
312319791487746 14
312319791495068 66
312319791501810 23
312319791508563 66
312319791515279 91
312319858441579 23
312319858456965 91
312319858463822 23
312319858470480 23
312319858477265 66
312319933893075 91
312319933909638 23
312319933917048 23
312319933923948 66
312319933930616 91
312319992667921 23
312319992682766 66
312319992689921 91
312319992696808 23
312320069038144 66
312320069054107 91
312320069061349 23
312320069068194 66
312320069074972 91
312320139107615 23
312320139122019 66
312320139129216 91
312320139136208 23
312320193778253 66
312320193791641 91
312320193798619 23
312320193805299 66
312320193812291 91
312320270988530 23
312320271004200 66
312320271011471 91
312320328179286 23
312320328208841 91
312320328215991 23
312320328222756 23
312320328229493 66
312320328236110 91
312320394996252 23
312320395021896 66
312320395029142 91
312320395035916 23
312320462222673 66
312320462250104 91
312320462257246 23
312320462264206 66
312320462270852 91
312320529252535 23
312320529276431 14
312320529283709 66
312320529291139 91
312320596255213 23
312320596276048 91
312320596283255 23
312320596290018 23
312320596296881 66
312320596303676 91
312320674318340 23
312320674349512 66
312320674356647 91
312320730513274 23
312320730536163 66
312320730543436 91
312320730550173 23
312320730556917 66
312320730563698 91
312320797513197 23
312320797539527 14
312320797546764 66
312320797553698 91
312320864741957 23
312320864777653 91
312320864785458 23
312320864792357 23
312320864799097 14
312320931480208 66
312320931504425 91
312320931511306 23
312320931518099 91
312320931524928 23
312320931531725 23
312320998635793 66
312320998661904 91
312320998669376 23
312320998676010 66
312320998682654 91
312321077608128 23
312321077636621 66
312321077643969 91
312321077650732 23
312321132703381 66
312321132724468 91
312321132731775 23
312321132738582 66
312321132745944 91
312321199762786 23
312321199783154 14
312321199790420 66
312321199797391 91
312321278854754 23
312321278876208 23
312321278883375 66
312321278890289 23
312321278896957 66
312321334049068 23
312321334068941 66
312321334076199 91
312321410735888 91
312321410753565 23
312321410760803 66
312321410767730 91
312321467996039 23
312321468010502 66
312321468017629 91
312321468024458 23
312321535017571 66
312321535033263 91
312321535041436 23
312321535048426 66
312321535055156 91
312321610725110 23
312321610738289 66
312321610745313 91
312321669225629 23
312321669241334 66
312321669248519 91
312321669255206 23
312321669261839 66
312321736229122 91
312321736245743 23
312321736252749 66
312321736259539 91
312321813995240 23
312321814016790 23
312321814024290 66
312321814031057 23
312321814037755 66
312321870546353 91
312321870564094 91
312321937490897 23
312321937506770 66
312321937513778 91
312321937520400 23
312322015937142 91
312322015954318 23
312322015961471 23
312322015968184 66
312322015974868 91
312322015981554 23
312322078887782 66
312322078904570 91
312322078911757 23
312322078918419 66
312322078925208 91
312322138690370 23
312322138705332 66
312322138712418 91
312322205693366 23
312322205707918 66
312322205714898 91
312322205721819 23
312322283141264 66
312322283153800 91
312322283160828 23
312322283167403 91
312322283174283 23
312322339915770 23
312322339928506 14
312322339935523 66
312322339942311 91
312322339949088 23
312322406946191 91
312322406961124 23
312322406968482 23
312322406975426 14
312322406982100 66
312322406988828 91
312322479704506 23
312322479725993 23
312322479733395 66
312322479740434 23
312322541078598 66
312322541096397 23
312322541103550 66
312322541110403 91
312322608293125 91
312322608319086 23
312322608326114 66
312322686478113 23
312322686502223 66
