316326379407116 91
316326456010587 23
316326456040160 66
316326456047363 91
316326456054079 23
316326513729750 66
316326513752183 91
316326580669477 23
316326580699485 66
316326580706658 91
316326654246606 91
316326654279307 23
316326654286616 66
316326654293433 91
316326714725966 23
316326714756951 66
316326714763963 91
316326793290516 23
316326793315276 66
316326793322300 91
316326849195039 91
316326849230200 23
316326849240593 66
316326849247368 91
316326916151620 23
316326916182168 23
316326916189372 66
316326916196106 91
316326916202654 23
316326916209432 23
316326983597616 66
316326983628273 91
316326983635359 23
316326983642096 23
316326983649210 66
316326983655917 91
316327059154129 23
316327059183893 23
316327059191273 66
316327059198082 91
316327059204945 23
316327117180060 23
316327117210979 66
316327117218176 91
316327117225833 23
316327117232544 23
316327117239282 66
316327196487811 91
316327196513556 23
316327196520739 91
316327251307213 23
316327251338839 66
316327251345757 91
316327251352588 23
316327328375535 23
316327328403149 91
316327328410340 23
316327328417072 14
316327328423785 66
316327385480387 23
316327385505550 66
316327385512904 23
316327385519874 66
316327385526597 91
316327452609809 23
316327452637691 66
316327452645670 91
316327519536552 91
316327519565409 23
316327519572441 66
316327519579169 91
316327519585858 23
316327586742466 23
316327586769540 66
316327586777047 91
316327586783908 23
316327586790699 66
316327653745464 91
316327653770939 23
316327653777927 66
316327653784811 91
316327731705095 23
316327731733910 66
316327731741286 91
316327731748274 23
316327731755137 23
316327731761844 66
316327787976718 91
316327788017977 23
316327788025176 66
316327788032229 91
316327788038947 23
316327855016733 66
316327855076984 91
316327855087385 23
316327855096079 23
316327855104318 66
316327855111066 91
316327930195416 23
316327930226902 66
316327930233910 91
316327930240626 23
316327930247282 66
316327989076855 91
316327989105475 23
316327989112766 23
316327989119453 66
316327989126290 91
316327989132968 23
316328056076883 66
316328056108564 91
316328056115845 23
316328056122606 66
316328056129346 91
316328134882770 23
316328134913926 23
316328134921278 66
316328134928081 23
316328134934781 66
316328134941437 91
316328190267198 91
316328190296705 23
316328190303796 23
316328266830533 66
316328266865143 91
316328266873458 23
316328266881724 66
316328266888575 91
316328266895299 23
316328331010264 66
316328331040612 91
316328331047785 23
316328331055539 23
316328331062243 23
316328391491837 66
316328391518663 23
316328391525952 66
316328391532773 91
316328468252200 91
316328468289376 23
316328468296487 23
316328468303334 66
316328468310111 91
316328525601780 23
316328525633682 66
316328525641079 91
316328525647980 23
316328525654825 66
316328592553336 91
316328592578192 23
316328592585605 66
316328592592657 91
316328592599397 23
316328670055741 23
316328670085745 66
316328670093125 91
316328670099897 23
316328670106863 66
316328726892040 91
316328726931805 23
316328726939185 66
316328726946024 91
316328726952709 23
316328726959546 66
316328799182390 91
316328799208167 23
316328799215318 23
316328799222165 66
316328799228944 91
316328863886725 23
316328863913156 66
316328863920673 91
316328863927530 23
316328863934305 66
316328927916777 91
316328927942337 23
316328927950212 66
316328927957077 91
316328997063412 91
316328997089228 23
316328997096397 23
316328997103433 66
316329073294028 91
316329073323144 23
316329073330197 66
316329073337040 91
316329073343845 23
316329073350551 66
316329129128031 91
316329129154110 23
316329129161388 23
316329129168261 66
316329129174954 91
316329202083826 23
316329202113630 66
316329202120978 91
316329202127745 23
316329202134477 66
316329263308463 91
316329263338480 23
316329263345520 66
316329263352309 91
316329263359086 23
316329340556261 23
316329340588372 66
316329340595246 91
316329340602191 23
316329340609052 66
316329340615759 91
316329397564627 23
316329397589119 66
316329397596368 91
316329397603000 23
316329397609847 66
316329464666488 91
316329464695270 23
316329464702514 23
316329464709355 66
316329464716108 91
316329542544276 23
316329542569898 66
316329542577236 91
316329542584198 23
316329542590914 66
316329598657718 91
316329598688739 23
316329598695969 66
316329598702727 91
316329598709422 23
316329665845516 23
316329665873046 66
316329665880333 91
316329665887082 23
316329665893808 66
316329665900525 91
316329732767021 23
316329732794245 66
316329732801424 91
316329732808828 23
316329732815434 66
316329809802669 91
316329809828307 23
316329809836458 66
316329809843269 91
316329809850007 23
316329866893513 23
316329866934857 66
316329866942376 91
316329866949135 23
316329866955881 66
316329936348195 91
316329936376161 23
316329936383557 66
316329936390362 91
316329936397016 23
316330001019278 66
316330001052259 91
316330001059600 23
316330001066564 23
316330001073411 66
316330001080166 91
316330068011668 23
316330068041176 66
316330068048422 91
316330068056122 23
316330068062931 66
316330147349872 91
316330147385717 23
316330147393129 66
316330147399962 91
316330147406771 23
316330202305882 23
316330202332406 66
316330202339516 91
316330202346275 23
316330202352965 66
316330278991210 91
316330279023326 23
316330279030422 66
316330279037179 91
316330279043829 23
316330336316590 66
316330336345728 91
316330336353066 23
316330336359891 23
316330336366559 66
316330336373785 91
316330403512573 23
316330403542900 66
316330403550075 91
316330403556701 23
316330403563520 66
316330470409133 91
316330470436244 23
316330470443543 66
316330470450258 91
316330470456946 23
316330537943139 23
316330537977460 66
316330537984486 91
316330537991244 23
316330537998005 66
316330616307720 91
316330616340666 23
316330616348073 66
316330616354932 91
316330616361640 23
316330671610257 66
316330671634364 91
316330671641541 23
316330671648225 66
316330671655046 91
316330748229730 23
316330748264131 23
316330748271338 66
316330748278296 91
316330748284950 23
316330748291823 66
316330805862516 91
316330805895780 23
316330805902903 66
316330805909694 91
316330805916420 23
316330878922816 66
316330878949263 91
316330878956709 23
316330878963480 66
316330939853932 91
316330939878534 23
316330939885639 23
316330939893200 66
316330939899950 91
316330939906627 23
316331006963034 66
316331006993484 91
316331007000913 23
316331007007888 66
316331007014792 91
316331074178616 23
316331074206326 66
316331074213632 91
316331074220431 23
316331074227308 23
316331151390418 66
316331151416727 91
316331151424113 23
316331151431006 66
316331151437856 91
316331151444574 23
316331208427432 66
316331208458596 91
316331208465991 23
316331208473566 66
316331275320400 91
316331275346091 23
316331275353400 23
316331275360308 66
316331275367320 91
316331275373978 23
316331352734363 66
316331352759787 91
316331352767080 23
316331352773819 66
316331352780567 91
316331409281061 23
316331409302862 66
316331409309906 91
316331409316508 23
316331409323307 23
316331476406978 66
316331476438025 91
316331476445156 23
316331476451868 66
316331476458496 91
316331476466045 23
316331554712973 66
316331554743620 91
316331554750877 23
316331554757656 23
316331610561803 91
316331610591273 91
316331677555587 14
316331677584222 91
316331677591429 14
316331677598144 91
316331744815447 14
316331744853810 23
316331744861166 66
316331744868110 23
316331744874987 66
316331811777970 91
316331811806249 23
316331811813328 23
316331811820058 66
316331811826863 91
316331811833614 23
316331878906984 66
316331878938140 91
316331878945222 23
316331878951879 66
316331878958569 91
316331945800110 23
316331945828372 23
316331945835543 66
316331945842303 91
316331945848951 23
316332019959555 23
316332019985601 91
316332019992831 66
316332019999676 23
316332020006545 66
316332020013302 91
316332086902355 23
316332086933408 66
316332086940561 91
316332086947312 23
316332086953934 66
316332154284170 91
316332154314837 23
316332154322272 66
316332154329099 91
316332154335791 23
316332221760610 66
316332221796384 91
316332221803754 23
316332221810575 66
316332221817479 91
316332289031112 23
316332289057574 66
316332289065020 91
316332289071885 23
316332289078751 66
316332356364645 91
316332356390857 23
316332356397906 23
316332356404654 66
316332356411290 91
316332415318096 23
316332415347060 66
316332415354416 91
316332415362138 23
316332482534146 91
316332482564956 91
316332549487287 14
316332549511138 91
316332616512243 91
316332616539443 14
316332616546453 23
316332616553175 14
316332616559906 66
316332616566531 91
316332616573358 23
316332616580212 66
316332683575723 91
316332683603920 23
316332683610926 66
316332683617608 91
316332750750260 23
316332750781315 66
316332750788438 91
316332750795285 23
316332750802110 66
316332817636165 91
316332817664096 23
316332817671215 66
316332817678088 91
316332817684807 23
316332884761800 23
316332884793595 66
316332884800742 91
316332884807545 23
316332884814155 66
316332884820779 91
316332958651283 23
316332958681442 66
316332958688902 91
316332958695645 23
316332958702303 66
316333026075841 91
316333026106775 23
316333026114007 23
316333026120657 66
316333026127433 91
316333093377493 23
316333093410152 66
316333093417329 91
316333093424094 23
316333093430796 66
316333161238833 91
316333161265270 23
316333161272567 66
316333161279364 91
316333161286145 23
316333228131110 23
316333228162081 66
316333228169508 91
316333228176254 23
316333228182993 66
316333228189616 91
316333295500983 23
316333295526680 66
316333295533869 91
316333295540784 23
316333295547491 66
316333354200525 91
316333354264661 23
316333354272689 66
316333354279697 91
316333354286420 23
316333421432234 23
316333421463829 66
316333421470975 91
316333421477633 23
316333421484573 66
316333488288369 91
316333488317970 23
316333488325300 66
316333488332159 91
316333488338996 23
316333555570665 66
316333555606375 91
316333555613406 23
316333555620283 23
316333555626993 66
316333555633687 91
316333622732328 23
316333622762388 66
316333622769565 91
316333622777130 23
316333622784104 66
316333689634247 91
316333689663929 23
316333689671085 66
316333689677808 91
316333689684544 23
316333756553289 66
316333756577260 91
316333756584484 23
316333756591323 23
316333756597939 66
316333830326390 91
316333830350260 23
316333830357353 66
316333830364059 91
316333830370701 23
316333897766629 66
316333897794963 91
316333897802051 23
316333897808828 23
316333897815532 66
316333897822812 91
316333965071395 23
316333965096247 66
316333965103328 91
316333965110044 23
316333965116735 66
316334032463053 91
316334032493698 23
316334032500627 66
316334032507396 91
316334032514120 23
316334099838360 66
316334099864182 91
316334099871307 23
316334099878140 23
316334099885055 66
316334167245591 91
316334167274735 23
316334167282089 66
316334167288870 91
316334167295580 23
316334226090708 66
316334226127786 91
316334226135806 23
316334226142625 66
316334226149488 91
316334293244579 23
316334293274751 23
316334293281689 66
316334293288478 91
316334293295381 23
316334293302067 66
316334360219050 91
316334360243703 23
316334360250767 66
316334360257407 91
316334360264152 23
316334427246649 66
316334427271996 91
316334427278996 23
316334427285861 23
316334427292553 66
316334494255217 91
316334494282302 23
316334494290493 66
316334494297324 91
316334494303941 23
316334561493741 66
316334561523129 91
316334561530208 23
316334561536926 66
316334561543674 91
316334628565613 23
316334628603831 66
316334628611185 91
316334628618228 23
316334628624950 23
316334695575000 66
316334695600757 91
316334695608022 23
316334695614821 66
316334695621626 91
316334695628290 23
316334769487378 66
316334769517118 91
316334769524199 23
316334769531675 66
316334836859741 91
316334836888248 23
316334836895457 23
316334836902351 66
316334836909329 91
316334836916099 23
316334904202109 66
316334904229210 91
316334904236308 23
316334904243278 66
316334904249974 91
316334971545178 23
316334971568666 66
316334971575862 91
316334971582845 23
316334971589650 23
316335038946090 66
316335038975454 91
316335038982704 23
316335038989617 66
316335038996285 91
316335039003597 23
316335106417606 66
316335106449416 91
316335106456605 23
316335106463456 66
316335106470186 91
316335164927564 23
316335164952620 66
316335164959618 91
316335164966779 23
316335164973533 66
316335238604212 91
316335238642748 23
316335238650253 23
316335238657020 66
316335238663728 91
316335299452214 23
316335299491182 66
316335299498567 91
316335299505728 23
316335299512536 66
316335366215897 91
316335366251711 23
316335366259095 66
316335366265941 91
316335366272727 23
316335433185683 66
316335433219593 91
316335433227671 23
316335433234560 23
316335433241297 66
316335433247989 91
316335508764125 23
316335508790389 66
316335508797695 91
316335508804441 23
316335508811117 66
316335567340672 91
316335567371770 23
316335567378687 66
316335567385303 91
316335567391937 23
316335643836002 23
316335643861763 66
316335643869833 91
316335643876827 23
316335643883648 66
316335701521847 91
316335701552094 23
316335701559056 66
316335701565815 91
316335701572567 23
316335768500199 66
316335768528676 91
316335768536016 23
316335768542770 23
316335768549470 66
316335768556088 91
316335835548965 23
316335835575329 66
316335835582738 91
316335835589673 23
316335835596418 66
316335902582532 91
316335902610188 23
316335902617497 66
316335902625055 91
316335902631874 23
316335969759327 23
316335969788168 66
316335969795313 91
316335969802160 23
316335969808886 66
316336044234457 91
316336044267399 23
316336044274550 66
316336044281385 91
316336044288156 23
316336103805334 66
316336103835698 91
316336103843044 23
316336103849959 66
316336103856778 91
316336170825068 23
316336170854557 23
316336170861667 66
316336170868496 91
316336170875366 23
316336170883277 66
316336249201618 91
316336249236131 23
316336249243316 66
316336249250210 91
316336249256916 23
316336305070256 23
316336305093754 66
316336305100995 91
316336305107685 23
316336305114329 66
316336372069241 91
316336372099842 23
316336372106960 66
316336372113836 91
316336372120604 23
316336450385416 66
316336450413780 23
316336450420856 66
316336450427633 23
316336450434289 91
316336506401552 91
316336506439624 23
316336506446827 23
316336506453531 66
316336506460125 91
316336506466797 23
316336573256166 66
316336573280882 91
316336573288193 23
316336573295103 66
316336573301906 91
316336573308612 23
316336652321701 23
316336652350253 66
316336652357540 91
316336652364355 23
316336652371058 66
316336720215026 91
316336720246617 23
316336720253971 23
316336720260796 66
316336720267581 91
316336774489287 23
316336774515943 23
316336774522990 66
316336774529935 91
316336774536595 23
316336774543461 66
316336774550272 91
316336841540861 23
316336841568016 66
316336841575374 91
316336841582280 23
316336919647814 23
316336919676804 66
316336919684182 91
316336919691025 23
316336919697736 66
316336919704464 91
316336975659819 23
316336975688597 66
316336975696008 91
316336975702750 23
316336975709650 23
316337051119308 66
316337051153431 91
316337051160658 23
316337051167324 66
316337051174029 91
316337121546729 23
316337121577378 66
316337121584645 91
316337121591384 23
316337121598030 23
316337121604766 91
316337176917902 23
316337176947602 66
316337176954871 91
316337176961795 23
316337176968626 66
316337176975485 91
316337243901077 23
316337243925965 66
316337243933084 23
316337243939855 66
316337311129151 23
316337311159209 66
