314239456811580 91
314239523795906 23
314239523844501 66
314239523851839 91
314239602314788 91
314239602333833 23
314239602341352 66
314239658029103 23
314239658043918 66
314239658051095 91
314239658057775 91
314239725048817 23
314239725067073 66
314239725074303 91
314239725081248 23
314239725087909 91
314239725094633 66
314239791992109 23
314239792007348 66
314239792014630 23
314239859226353 66
314239859242954 91
314239859250215 91
314239859257000 23
314239926215762 23
314239926230158 66
314239926237238 91
314239926244188 23
314239926250846 23
314240005563954 66
314240005581764 91
314240005589383 23
314240005596055 66
314240005602721 91
314240060289465 23
314240060302260 23
314240060309268 66
314240060316049 91
314240060322836 23
314240137439050 23
314240137454200 66
314240137461478 91
314240137468808 23
314240137475713 66
314240201658655 91
314240201672864 23
314240201679971 23
314240201686820 66
314240201693532 91
314240201700235 23
314240261538532 66
314240261554235 91
314240261561374 23
314240261568137 23
314240338730935 66
314240338746263 91
314240338753490 23
314240338760257 66
314240338767037 91
314240338773754 23
314240395748268 23
314240395762894 66
314240395770087 91
314240395776932 23
314240395784236 66
314240462647397 91
314240462660538 23
314240462667472 23
314240462674345 66
314240462681134 91
314240540712380 23
314240540728413 23
314240540735373 66
314240540742130 91
314240540749556 23
314240540756331 66
314240596974533 91
314240596990750 23
314240596997916 23
314240597004810 66
314240597011512 91
314240669827745 23
314240669842875 66
314240669849938 91
314240669856829 23
314240731050113 23
314240731071968 66
314240731079314 91
314240731086127 23
314240731092853 66
314240731099560 91
314240798144393 23
314240798169627 23
314240798176673 66
314240798183440 91
314240798190128 23
314240865271160 23
314240865293846 66
314240865300981 91
314240865307687 23
314240865314345 66
314240943993712 91
314240944020581 23
314240944027579 23
314240944034304 23
314240944040943 66
314240944047541 23
314240999295449 66
314240999318897 91
314240999325924 91
314241066422720 91
314241066446325 23
314241066453592 23
314241066460345 66
314241066467140 91
314241133577050 23
314241133604036 66
314241133611237 91
314241133618096 23
314241133624763 23
314241211210088 66
314241211231710 91
314241211238997 23
314241211245883 66
314241211252531 91
314241267595963 23
314241267609599 23
314241267616589 66
314241267623368 91
314241267630096 23
314241267637651 66
314241334611049 23
314241334624288 66
314241334631433 91
314241334638270 23
314241413168731 91
314241413184796 23
314241413191788 23
314241413198879 66
314241413205583 91
314241413212282 23
314241469014389 66
314241469029334 91
314241469036525 23
314241469043350 66
314241535780780 91
314241535796224 23
314241535803198 66
314241535809848 91
314241535816818 23
314241602759166 66
314241602774644 91
314241602782163 23
314241602788970 66
314241680389457 91
314241680404904 23
314241680412097 66
314241680418956 91
314241680425650 23
314241736978427 23
314241736992425 66
314241736999423 91
314241737006212 23
314241737012914 66
314241804020052 91
314241804035840 23
314241804043170 23
314241804050244 66
314241804057009 91
314241876469668 23
314241876497545 66
314241876504692 91
314241876511366 23
314241876517974 23
314241938353501 66
314241938380041 91
314241938387216 23
314241938394091 23
314241938400882 23
314241938407583 66
314242006406220 23
314242006431330 66
314242006438539 91
314242006445293 23
314242006452129 91
314242006458867 66
314242083714504 91
314242083744992 23
314242083752219 23
314242083759010 66
314242083765741 91
314242139373988 23
314242139401461 66
314242139408670 91
314242139415427 23
314242206505479 66
314242206529270 91
314242206536643 23
314242206543437 66
314242285644107 91
314242285664854 23
314242285672234 23
314242285679033 66
314242285685753 91
314242285692432 23
314242340496427 66
314242340511085 91
314242340517968 23
314242340524699 23
314242407672696 66
314242407687221 91
314242407694221 23
314242407701023 66
314242407707798 91
314242407714605 23
314242486919582 23
314242486936567 66
314242486944017 91
314242486951106 23
314242486957933 23
314242541851045 66
314242541880779 91
314242541887960 23
314242541894853 66
314242541901546 91
314242618822730 23
314242618839932 23
314242618847198 66
314242618854073 91
314242618860936 23
314242618867540 23
314242675947870 66
314242675963761 91
314242675970916 23
314242675977719 23
314242675984681 66
314242675991482 91
314242749548232 23
314242749563825 66
314242749570887 91
314242749578332 23
314242810016845 23
314242810035194 66
314242810042379 91
314242810049280 23
314242810056019 23
314242877034043 66
314242877052341 91
314242877059715 23
314242877066460 66
314242877073162 91
314242877079872 23
314242944367602 23
314242944404030 23
314242944411438 66
314242944418171 23
314242944424798 66
314243022092429 91
314243022113039 23
314243022120329 91
314243022127009 23
314243022133735 23
314243022142956 66
314243022149845 91
314243078253598 23
314243078269918 66
314243078277262 91
314243078283996 23
314243145327785 23
314243145344091 66
314243145351089 23
314243145357857 66
314243145364630 91
314243223354871 23
314243223369331 23
314243223376333 66
314243223383124 91
314243223389933 23
314243290304047 66
314243290334775 91
314243290342099 23
314243290348811 23
314243290355513 66
314243346634854 91
314243346664851 23
314243346671835 23
314243346678774 66
314243346685561 91
314243346692266 23
314243426392469 66
314243426425158 91
314243426432399 23
314243426439498 23
314243480993005 66
314243481026442 91
314243481033714 23
314243481040784 66
314243481047527 91
314243481054294 23
314243548070418 23
314243548090452 66
314243548097702 91
314243548104529 23
314243548111153 66
314243614737203 91
314243614758102 23
314243614765668 23
314243614772533 66
314243614779255 91
314243692564742 23
314243692582517 23
314243692589459 66
314243692596240 91
314243692603063 23
314243692609938 66
314243748973473 91
314243748988823 23
314243748995837 23
314243749002495 66
314243749009282 91
314243815989647 23
314243816035300 66
314243816042744 91
314243816049410 23
314243894487812 23
314243894501371 66
314243894508265 91
314243894515104 23
314243894522291 66
314243950030509 91
314243950047212 23
314243950054411 23
314243950061248 66
314243950068049 91
314243950074854 23
314244017217036 23
314244017232416 66
314244017239397 91
314244017246265 23
314244017252935 23
314244084242860 66
314244084258101 91
314244084265339 23
314244084272146 66
314244084278842 91
314244084285532 23
314244161732864 23
314244161748874 66
314244161756079 91
314244161762804 23
314244161769956 23
314244218280361 66
314244218293619 91
314244218300538 23
314244218307410 66
314244218314128 91
314244285480204 23
314244285493816 23
314244285501009 66
314244285507733 91
314244285514550 23
314244285521273 23
314244363707641 66
314244363724367 91
314244363731608 91
314244419529651 23
314244419544997 23
314244419552284 66
314244419559258 91
314244419566021 23
314244486555759 23
314244486572986 66
314244486583186 91
314244486590156 23
314244486596741 66
314244553745859 91
314244553758624 23
314244553765662 23
314244553772581 66
314244553779642 91
314244553786362 23
314244630936593 66
314244630953149 91
314244630960700 23
314244630967545 23
314244687744065 66
314244687757614 91
314244687764512 23
314244687771321 23
314244687777962 66
314244687784769 91
314244754957637 23
314244754973128 66
314244754980351 91
314244754987651 23
314244754994369 23
314244821961560 66
314244821976640 91
314244821983891 23
314244821990714 66
314244821997483 91
314244888987131 23
314244889000146 23
314244889007206 66
314244889013926 91
314244889020570 23
314244955992129 66
314244956006256 91
314244956013467 23
314244956020320 23
314244956027101 66
314245034180419 91
314245034194274 23
314245034201318 23
314245034208087 66
314245034214804 91
314245034221858 23
314245090240508 66
314245090254933 91
314245090261796 23
314245090268521 66
314245157237356 23
314245157250575 66
314245157257499 91
314245157264285 91
314245232223489 23
314245232238840 66
314245232245867 23
314245291403998 66
314245291418290 91
314245291425316 91
314245291432137 23
314245358647768 23
314245358676788 66
314245358684070 91
314245358690895 23
314245358697655 23
314245437461916 66
314245437478012 91
314245437485199 23
314245437491913 23
314245437498720 66
314245437505517 91
314245492645139 23
314245492661060 66
314245492668268 91
314245492675079 23
314245569344126 23
314245569359579 66
314245569366464 91
314245569373261 23
314245569380044 23
314245569386766 66
314245639382137 91
314245639397826 23
314245639404979 66
314245639411746 91
314245639418402 23
314245700371266 66
314245700386245 91
314245700393821 23
314245700400547 23
314245760876068 66
314245760891313 91
314245760898512 23
314245760905345 23
314245760912100 66
314245760918754 91
314245760925416 23
314245828212684 66
314245828244681 91
314245828251768 23
314245828258685 23
314245906715878 66
314245906742623 91
314245906749788 23
314245906756581 23
314245906763261 66
314245906769955 91
314245962109748 23
314245962135218 66
314245962142407 91
314245962149982 23
314245962156777 23
314246038577376 66
314246038600545 91
314246038607776 23
314246038614492 23
314246038621279 66
314246038628050 91
314246096320599 23
314246096347020 66
314246096354322 91
314246096361119 23
314246165790581 23
314246165815296 66
314246165822588 91
314246165829479 23
314246165836222 23
314246230328225 66
314246230349437 91
314246230356797 23
314246230363634 66
314246230370499 91
314246230377954 23
314246297307035 23
314246297323636 66
314246297331061 91
314246297337866 23
314246297379133 66
314246375868575 91
314246375886584 23
314246375893848 23
314246375900681 66
314246375907448 91
314246431414900 23
314246431431439 66
314246431438577 91
314246431445529 23
314246431452294 23
314246498499973 66
314246498517226 91
314246498524433 23
314246498531286 66
314246498538031 91
314246577162734 91
314246577181483 23
314246632704264 23
314246632719384 66
314246632726415 91
314246632733216 23
314246632739948 23
314246632746693 66
314246709035290 91
314246709051181 23
314246709058233 66
314246709064926 91
314246709071618 23
314246779130756 23
314246779148841 66
314246779156326 91
314246779163058 23
314246779169849 66
314246833944437 91
314246833960106 91
314246833967018 23
314246909073008 23
314246909088975 66
314246909096750 91
314246909103615 23
314246909110418 23
314246968010544 66
314246968027764 91
314246968035058 23
314246968041780 66
314246968048434 91
314247035113655 23
314247035130154 23
314247035137353 66
314247035144043 91
314247035150818 23
314247035157564 23
314247102458348 66
314247102490572 91
314247102497874 23
314247102504645 23
314247102511454 66
314247102518116 91
314247169304164 23
314247169325722 66
314247169333766 91
314247169340562 23
314247248372591 66
314247248400144 23
314247248407440 66
314247248414180 91
314247303349636 91
314247303371885 23
314247303379251 66
314247377205373 23
314247377223092 66
314247377230406 91
314247377237368 91
314247449588907 23
314247449605333 66
314247449612615 23
314247449619508 66
314247504418202 91
314247504433320 91
314247581524094 23
314247581543583 66
314247581551060 23
314247581558687 66
314247581565601 91
314247638874646 91
314247638893454 23
314247638900751 23
314247706011403 66
314247706025204 91
314247706032260 23
314247706039185 23
314247706045914 66
314247772797751 23
314247772813109 66
314247772820571 91
314247772827386 91
314247839821138 91
314247839836109 23
314247839843431 23
314247839850312 66
314247839857037 91
314247918810219 23
314247918828153 66
314247918835423 91
314247918842956 23
314247974043442 66
314247974058836 91
314247974065830 23
314247974072510 23
314247974079237 66
314248050669154 91
314248050684829 23
314248050691916 66
314248050698783 23
314248050705467 66
314248108022364 91
314248108038796 91
314248180933487 23
314248180951625 66
314248180958748 91
314248180965856 23
314248180972718 23
314248242258800 66
314248242273164 23
314248242280365 66
314248242287027 91
314248309269781 91
314248309284491 23
314248309291600 23
314248309298337 66
314248309305039 91
314248376455711 23
314248376480706 23
314248376488150 66
314248376495006 91
314248376501706 23
314248376508384 66
314248454006697 91
314248454034446 23
314248454041963 23
314248454048740 66
314248454055575 91
314248510620129 23
314248510648579 23
314248510655503 66
314248510662272 91
314248510668885 23
314248577572751 66
314248577593029 91
314248577600349 23
314248577607230 66
314248644642437 91
314248644663925 23
314248644671213 23
314248644678126 66
314248644715995 23
314248644723785 66
314248711775192 91
314248711792918 91
314248778720960 23
314248778743838 66
314248778752375 91
314248778761813 23
314248778768662 91
314248778775401 23
314248857184076 23
314248857200247 91
314248857207339 66
314248857214224 23
314248857221035 66
314248912797238 91
314248912814969 23
314248912822351 66
314248912829174 91
314248979993602 23
314248980011637 66
314248980018907 91
314248980025653 23
314248980032355 23
314249046998033 66
314249047012140 91
314249047019237 23
314249047025979 23
314249047032677 66
314249047039597 91
314249124424629 23
314249124439739 66
314249124447059 91
314249124453983 23
314249124460645 66
314249181047597 91
314249181061000 23
314249181068700 23
314249181076269 66
314249248220138 23
314249248233929 91
314249248240885 23
314249248247716 66
314249248254627 91
314249248261521 23
314249326379467 66
314249326393916 23
314249326401042 66
314249326407885 91
314249382328341 91
314249382341190 23
314249382348285 66
314249449423135 23
314249449439143 66
314249449446241 91
314249449453117 91
314249516423776 91
314249516436773 23
314249516443875 23
314249516451237 66
314249516458042 91
314249593755986 23
314249593784297 66
314249593791354 91
314249593798213 23
314249593805442 66
314249650636444 91
314249650651995 23
314249650659371 23
314249650666188 66
314249650672958 91
314249717795204 23
314249717810230 66
314249717817518 91
314249717824320 23
314249795591394 23
314249795606876 66
314249795613931 91
314249795620673 23
314249795627402 66
314249857768355 91
314249857784103 23
314249857791177 23
314249857798087 66
314249857804749 91
314249857811519 23
314249918743729 23
314249918756673 66
314249918763667 91
314249918770283 23
314249918777191 23
314249996920227 66
314249996936257 91
314249996943633 23
314249996950534 66
314249996957180 91
314249996963879 23
314250052987308 23
314250053002619 66
314250053009881 91
314250053016750 23
314250053023537 23
314250119991149 66
314250120005155 91
314250120012221 23
314250120018911 66
314250120025706 91
314250198860039 23
314250198876354 66
314250198883543 91
314250198890541 23
314250198897219 23
314250254229410 66
314250254244656 91
314250254251901 23
314250254258742 66
314250254265491 91
314250321247636 23
314250321262145 23
314250321269227 66
314250321275899 91
314250321282587 23
314250400180860 23
314250400198843 66
314250400205889 91
314250400213068 23
314250400219873 66
314250455351739 91
314250455371061 23
314250455378417 23
314250455385170 66
314250455391985 91
314250455398669 23
314250532039897 66
314250532057650 91
314250532064705 23
314250532071574 23
314250589401689 66
314250589417827 23
314250589425227 66
314250589432201 91
314250589438917 23
314250589445585 91
314250589452344 66
314250656475341 23
314250656489884 66
314250656496914 91
314250656504517 23
314250723840621 23
314250723856791 66
314250723864009 23
314250723870814 66
314250723877558 91
314250790681298 91
314250790696694 23
314250790703798 23
314250857952933 66
314250857980903 91
314250857988168 23
314250857995094 23
314250858001776 66
314250858008535 91
314250935377988 23
314250935409969 66
314250935416987 91
314250935423794 23
314250992050933 23
314250992078857 23
314250992086070 66
314250992093517 23
314250992100362 66
314250992107149 91
314251059063828 91
314251059088698 91
314251059095837 23
314251059102576 23
314251133877864 66
314251133899844 91
314251133907246 23
314251133914103 66
314251193292471 91
314251193327033 23
314251193334258 66
314251193341069 23
314251260289787 66
314251260312891 91
314251260320152 23
314251260327042 91
314251260333680 23
314251260340450 23
314251260347094 66
314251338575211 91
314251338596418 23
314251338603561 66
314251338610459 91
314251394288138 23
314251394308182 66
314251394315345 23
314251394322198 66
314251461323280 23
314251461339010 66
