70098639223574 0
70098714794921 0
70098715268082 23
70098715559809 66
70098715778948 0
70098800050011 23
70098800094155 0
70098800111329 23
70098800127495 66
70098800143171 0
70098858423447 0
70098858454772 23
70098858471797 66
70098858488093 0
70098907460048 23
70098907497249 0
70098907514570 66
70098907531134 0
70099010034538 0
70099010082020 14
70099010099467 14
70099010115692 0
70099010132667 14
70099048984359 23
70099049017776 0
70099049035243 23
70099049051643 14
70099049067661 66
70099049490455 0
70099049508811 23
70099123042086 66
70099123196202 0
70099123275491 23
70099123320754 0
70099123398508 23
70099212265168 66
70099212310698 0
70099286670897 23
70099286725338 14
70099286742873 66
70099286759749 23
70099286775493 0
70099286791273 23
70099346947447 0
70099346987904 23
70099347005879 66
70099347022721 0
70099347038966 23
70099420775135 66
70099420823526 0
70099420840957 23
70099420856780 14
70099452343393 66
70099452371518 23
70099452388179 66
70099452404828 0
70099452420840 23
70099511093716 66
70099511142734 0
70099511162555 23
70099511179188 66
70099599622400 0
70099599664182 23
70099599682966 66
70099599699597 0
70099649064938 23
70099649095370 66
70099649112084 23
70099649127983 0
70099712544974 23
70099712586686 0
70099712604844 23
70099712621080 66
70099808163097 23
70099808207026 0
70099808224439 23
70099808241638 0
70099808257376 23
70099808272914 66
70099867365148 0
70099867411662 23
70099867428454 23
70099867444423 0
70099867460218 14
70099940783166 23
70099940826206 14
70099940843583 66
70099940859544 0
70099940875797 23
70099940891567 66
70099996894158 0
70099996933235 23
70099996950763 66
70099996967121 0
70100102887728 23
70100102942155 66
70100102959184 23
70100102975539 0
70100121966386 23
70100121991617 0
70100122008181 23
70100122024531 66
70100122040011 0
70100233432107 23
70100233484215 66
70100233501226 0
70100262967747 23
70100262995109 14
70100263012223 66
70100263028550 23
70100263044761 66
70100324112036 0
70100324151834 23
70100324168909 66
70100324185301 0
70100324201367 23
70100383017320 66
70100383079427 0
70100383097768 23
70100383114421 66
70100455332655 0
70100455373536 23
70100455390682 66
70100455407766 23
70100523407295 0
70100523452587 23
70100523469450 0
70100523485558 23
70100523501235 66
70100584254599 0
70100584301334 23
70100584318933 66
70100584335045 0
70100651274547 23
70100651317428 66
70100651335038 23
70100651351852 66
70100734505782 0
70100734548494 23
70100734565815 66
70100734582019 0
70100734598624 23
70100808240821 66
70100808291913 0
70100808309916 23
70100808327055 66
70100852490118 0
70100852517559 23
70100852534240 66
70100942996618 23
70100943043433 0
70100943061114 23
70100949752726 0
70100949774362 23
70100993727486 66
70100993756939 0
70100993774292 23
70100993791504 66
70101061075822 23
70101061121336 0
70101061138182 23
70101061154105 0
70101061170533 23
70101128436237 66
70101128481588 0
70101128499818 23
70101128516874 14
70101128532982 66
70101199375719 23
70101199421857 0
70101199439542 23
70101199455443 0
70101269175018 23
70101269828843 14
70101270089466 66
70101270330272 23
70101270572790 0
70101270816474 23
70101357070726 0
70101357118422 23
70101357135665 66
70101357152008 0
70101357167879 23
70101412509804 66
70101412548624 0
70101412566671 23
70101412583248 14
70101456303110 66
70101456339556 23
70101456356748 0
70101456373251 23
70101456389178 0
70101456404797 23
70101526365231 66
70101526410580 0
70101526429518 23
70101590377958 14
70101590421472 66
70101590438508 23
70101590454447 0
70101590470507 23
70101590486128 0
70101590501900 23
70101682047962 66
70101682088733 0
70101682106537 23
70101749479831 66
70101749520864 0
70101749538227 23
70101749554498 14
70101749570278 66
70101816823778 23
70101816866212 66
70101816883962 0
70101816900526 23
70101816916610 66
70101901053919 0
70101901104174 23
70101901121724 66
70101901138120 0
70101957188816 23
70101957463892 66
70101957656267 0
70102046423349 23
70102046478229 66
70102046495592 23
70102046511477 0
70102046527501 23
70102101071611 0
70102101120766 23
70102101138461 66
70102101155102 0
70102101171428 23
70102158811427 66
70102158860035 0
70102158877432 23
70102218972820 66
70102219007760 23
70102219026006 0
70102219042563 23
70102219058665 0
70102219075650 23
70102320172709 66
70102320230136 0
70102320247996 23
70102320264812 66
70102339047914 0
70102339074359 23
70102339091137 14
70102339107060 66
70102428602438 23
70102428649889 66
70102428666965 0
70102428683111 23
70102428698772 66
70102482223287 0
70102482258856 23
70102482276338 66
70102482292522 0
70102549618188 23
70102549663353 66
70102549680802 0
70102549697564 23
70102596404881 66
70102596439955 23
70102596458481 0
70102596474961 23
70102596490949 0
70102663435419 23
70102663476803 66
70102663493857 23
70102663509625 0
70102760177816 23
70102760230099 0
70102760247241 23
70102760265473 66
70102760281871 0
70102823309742 23
70102823354061 66
70102823371580 0
70102871829846 23
70102871860493 14
70102871877776 66
70102871894453 23
70102871910674 0
70102871927196 23
70102961046041 0
70102961092563 23
70102961110763 66
70102961126468 0
70102961142448 23
70103006583662 66
70103006613581 0
70103006631960 23
70103006648072 14
70103074007340 66
70103074051474 23
70103074068441 0
70103074085036 23
70103074100802 0
70103160183125 23
70103160218457 14
70103160235766 66
70103160252212 23
70103160268630 0
70103199901141 23
70103199934894 0
70103199952215 23
70103199968476 66
70103199984558 0
70103294948706 23
70103295003465 66
70103295021301 0
70103295038549 23
70103356401487 14
70103356442992 66
70103356460355 23
70103356476322 0
70103356492702 23
70103356509611 0
70103356525248 23
70103401108731 66
70103401352906 0
70103401547140 23
70103504761124 66
70103504810884 0
70103504828425 23
70103504844239 14
70103504859880 66
70103564464172 23
70103564501425 0
70103564518750 23
70103564534891 0
70103564551186 23
70103615074639 66
70103615114420 0
70103615132759 23
70103615149519 66
70103676196215 0
70103676228518 23
70103676245841 14
70103676262138 66
70103676278103 23
70103676293883 0
70103743589029 23
70103743630391 0
70103743648966 23
70103743665265 66
70103810913386 0
70103810946432 23
70103825584352 66
70103825604016 0
70103884666486 23
70103884704344 14
70103884721488 66
70103884737403 23
70103884752936 0
70103945690925 23
70103945723916 0
70103945741554 23
70103945758823 66
70103945774728 0
70104036171776 23
70104036220153 66
70104036237687 0
70104036253946 23
70104103190297 14
70104103489113 66
70104103681989 23
70104103871399 66
70104104060245 0
70104104247961 23
70104166742082 66
70104166811167 0
70104166829110 23
70104166845336 66
70104213213439 0
70104213249952 23
70104213267132 66
70104213283043 0
70104303566267 23
70104303612308 66
70104303629331 23
70104303645198 0
70104340108484 23
70104340139145 0
70104340156560 23
70104340172940 66
70104457270247 23
70104457317819 66
70104457336148 23
70104457352886 66
