77487622445311 0
77487696472979 23
77487696977713 0
77487697251025 23
77487697484855 66
77487697719482 0
77487697983585 23
77487698269078 66
77487807628712 0
77487807682035 23
77487807700390 66
77487807717136 0
77487807733785 23
77487807751405 66
77487841287796 0
77487841314661 23
77487841331307 66
77487841347507 0
77487841363746 23
77487841379613 66
77487921347550 0
77487921389186 23
77487921406407 66
77487921422889 0
77487921439564 23
77487983392483 66
77487983439739 0
77487983457412 23
77487983474186 66
77487983489990 0
77487983505764 23
77488029072562 66
77488029325010 0
77488029359349 23
77488029377774 66
77488029394089 0
77488029410121 23
77488095713167 66
77488095849323 0
77488095949003 23
77488095968357 0
77488095984673 66
77488161382161 23
77488161424788 0
77488161442330 66
77488161458738 23
77488161474456 0
77488161491023 66
77488262451208 23
77488262514351 0
77488262531879 66
77488262548180 23
77488262564065 0
77488262579807 66
77488294722379 23
77488294759734 0
77488294777679 66
77488294794080 23
77488294810468 0
77488294826655 66
77488380397565 23
77488380444212 0
77488380461877 66
77488380478116 23
77488380493807 0
77488380510022 66
77488420546478 23
77488420581013 0
77488420598197 66
77488420614386 23
77488420630474 0
77488420646698 66
77488513085830 23
77488513128433 66
77488513145694 23
77488513161828 0
77488513177960 23
77488513193533 66
77488561570592 0
77488561606815 23
77488561624725 66
77488561642404 0
77488561658574 23
77488561674214 66
77488647764009 23
77488647819336 0
77488647837184 23
77488647853376 66
77488647869299 0
77488647885128 23
77488647900922 66
77488704631213 0
77488704670992 23
77488704688526 66
77488704705473 23
77488704721726 0
77488779646785 23
77488779907103 66
77488780283538 0
77488780511706 23
77488780701054 66
77488781118232 0
77488845138391 23
77488845467284 66
77488845796361 23
77488845992335 0
77488846186068 23
77488846375398 66
77488934134597 0
77488934183275 23
77488934200968 66
77488934216782 0
77488934232955 23
77488934248884 66
77488957345977 23
77488957376272 0
77488957393048 23
77488957409034 66
77488957424524 0
77488957440228 23
77488957455791 66
77489053561416 0
77489053610840 23
77489053628521 66
77489053644756 23
77489053660554 0
77489091198664 23
77489091226704 66
77489091243947 0
77489091260716 23
77489091276863 66
77489091292991 0
77489201530588 23
77489201583476 66
77489201600576 23
77489201616805 0
77489201633019 23
77489201648739 66
77489243723736 0
77489243756366 23
77489243774799 66
77489243791050 0
77489243807271 23
77489243823309 66
77489319450544 23
77489319492395 0
77489319509728 23
77489319525983 66
77489319542890 0
77489319558614 23
77489319574261 66
77489386854286 0
77489386898787 23
77489386916597 66
77489386933002 23
77489386949287 0
77489386965434 23
77489471163214 66
77489471210609 0
77489471228624 23
77489471244993 66
77489471260550 0
77489500665876 23
77489500692979 66
77489500710051 23
77489500726060 0
77489500742265 23
77489500758186 66
77489570070046 0
77489570107870 23
77489570124923 66
77489570141387 0
77489570157061 23
77489570172694 66
77489635642870 23
77489635684415 0
77489635702225 23
77489635718968 66
77489635735199 0
77489635751518 23
77489635767671 66
77489756986809 0
77489757038953 23
77489757056419 66
77489757072724 23
77489757088832 0
77489757105017 23
77489780531000 66
77489780559589 0
77489780576727 23
77489780593105 66
77489780609215 0
77489861077306 23
77489861123235 66
77489861141207 23
77489861157068 0
77489861172991 23
77489861188741 66
77489896033965 0
77489896061234 23
77489896079266 66
77489896095285 0
77489896112343 23
77489896128746 66
77489968029148 23
77489968069305 0
77489968086757 23
77489968103138 66
77489968118943 0
77489968134705 23
77489968150405 66
77490030240521 0
77490030275364 23
77490030293315 66
77490030309731 23
77490030325990 0
77490030342009 23
77490112267030 66
77490112315851 23
77490112333210 66
77490112349562 0
77490178582747 23
77490178637150 66
77490178655358 0
77490260645698 23
77490260692590 0
77490260710195 23
77490260726436 66
77490260742220 0
77490260758899 23
77490260774532 66
77490311411299 0
77490311790480 23
77490311810145 66
77490311826653 0
77490311843936 23
77490311860154 66
77490372413029 0
77490372453926 23
77490372471567 66
77490372487603 0
77490372503367 23
77490439785015 66
77490439830413 0
77490439849128 23
77490439865948 0
77490439881957 23
77490544944869 66
77490545000042 0
77490545017261 23
77490545033590 66
77490545049332 0
77490545065058 23
77490545080759 66
77490574637002 0
77490574677343 23
77490574696162 66
77490574712313 0
77490574728386 23
77490673315823 66
77490673366436 0
77490673384174 23
77490673400686 66
77490673416547 0
77490732290081 23
77490732329168 66
77490732346926 23
77490732362980 66
77490732378933 23
77490732394890 66
77490767919793 0
77490767945492 0
77490767962204 23
77490767978720 66
77490767994882 0
77490848114342 23
77490848159051 66
77490848176549 0
77490848195258 23
77490848212616 66
77490848228716 0
77490910234744 23
77490910271317 66
77490910289191 0
77490910305474 23
77490910321250 66
77490969184085 23
77490969219855 0
77490969237414 23
77490969268992 66
77490969285786 0
77490969302003 23
77490969318384 66
77491038889731 23
77491038925433 0
77491038942444 23
77491038958397 66
77491038974166 0
77491038989883 23
77491039005460 66
77491107927052 23
77491107988115 0
77491108005311 66
77491108021466 23
77491108037314 0
77491170332450 23
77491170372316 66
77491170389026 23
77491170405061 0
77491170422040 23
77491170439321 66
77491269221275 0
77491269265544 23
77491269283328 66
77491269299850 0
77491269316272 23
77491269332322 66
77491316537747 23
77491316572457 0
77491316589571 23
77491316605207 66
77491316620568 0
77491316636091 23
77491316651763 66
77491404079657 23
77491404159030 0
77491404178258 23
77491404195255 66
77491404211665 0
77491404228169 23
77491488199280 66
77491488249940 23
77491488267271 0
77491488283620 66
77491488299426 23
77491488315156 0
77491538740330 23
77491538778414 66
77491538795719 23
77491538811986 0
77491538828393 23
77491538844576 66
77491580950014 0
77491580973603 23
77491580990492 66
77491581006753 0
77491581023074 23
77491581039377 66
77491652495842 23
77491652537401 0
77491652555114 23
77491652571655 66
77491652587777 0
77491652604191 23
77491652620381 66
77491730322646 23
77491730361370 66
77491730378176 0
77491730394994 0
77491790395184 23
77491790441251 66
77491790458190 0
77491790474495 23
77491790490086 66
77491790506792 0
77491841017830 23
77491841289511 66
77491841481570 0
77491841671431 23
77491841861095 66
77491908064719 0
77491908110066 23
77491908127273 66
77491908143240 23
77491908159018 0
77491908174834 23
77491991435840 66
77491991480358 0
77491991497961 23
77491991514916 66
77491991531166 0
77491991547425 23
77491991563429 66
77492073602705 23
77492073648681 0
77492073666115 23
77492073682042 66
77492073698009 0
77492073713813 23
77492109346139 66
77492109375945 23
77492109394004 0
77492109410587 23
77492109426707 66
77492183220082 0
77492183254969 23
77492183272191 66
77492183288301 0
77492183304160 23
77492183319910 66
77492275700284 23
77492275737537 0
77492275755039 23
77492275771992 0
77492275788367 23
77492275804276 66
77492275820014 23
77492354432679 66
77492354490822 23
77492354508076 66
