70448734079960 0
70448807174117 0
70448807629859 23
70448807900489 66
70448888922343 23
70448888966822 0
70448888984297 23
70448889000735 0
70448889016524 23
70448889032149 66
70448935582002 0
70448935628805 23
70448935646919 0
70448935663737 23
70449009345993 66
70449009386496 0
70449009403817 23
70449009420810 66
70449009436902 0
70449091377080 23
70449091424092 0
70449091443401 14
70449091460201 23
70449163327921 14
70449163599988 66
70449163790659 23
70449163980834 0
70449164169026 23
70449164359029 0
70449164547416 23
70449226503277 66
70449226637764 0
70449226738536 23
70449295563688 0
70449295606119 14
70449295623198 23
70449295639620 66
70449295655738 0
70449295671983 23
70449367154052 66
70449367196577 0
70449367215059 23
70449367231559 0
70449367247739 23
70449426106936 14
70449426146397 66
70449426164163 0
70449426180719 23
70449510343437 66
70449510391180 0
70449510408939 23
70449510425498 0
70449510441799 14
70449539027856 23
70449539055749 14
70449539072749 66
70449539088955 23
70449539105057 0
70449631385204 23
70449631430461 0
70449631448293 23
70449631464357 66
70449631480115 0
70449673319495 23
70449673347336 0
70449673364755 14
70449673380990 23
70449673396849 14
70449673412691 66
70449760974446 23
70449761023424 0
70449761040852 23
70449761057712 0
70449761073703 23
70449761089570 66
70449826956547 0
70449827000291 23
70449827017503 0
70449827033867 14
70449913801433 23
70449914056103 14
70449914246392 66
70449914433903 23
70449914661478 0
70449914852270 23
70449980029882 0
70449980080219 23
70449980097721 23
70449980113886 66
70449980129895 0
70450037673421 23
70450037713190 0
70450037730520 14
70450037747597 23
70450037763216 14
70450037778850 66
70450097557991 23
70450097596521 0
70450097613687 23
70450097630153 0
70450097646993 23
70450097662967 66
70450186207632 0
70450186253082 23
70450186271145 0
70450186287740 14
70450232574638 23
70450232606273 14
70450232622671 66
70450232638678 23
70450232654698 0
70450232670671 23
70450276744900 0
70450276769845 23
70450276786964 66
70450276803650 0
70450354701701 23
70450354743573 0
70450354778812 14
70450354795998 23
70450354812315 14
70450354828307 66
70450410945917 23
70450410976335 66
70450410993714 23
70450411009967 0
70450411026359 23
70450478004348 0
70450478038419 23
70450478055154 66
70450478071651 0
70450556464602 23
70450556507974 0
70450556525498 23
70450556542970 66
70450556559124 0
70450625471429 23
70450625515732 0
70450625532945 14
70450625549302 23
70450625565082 14
70450625580705 66
70450735799976 23
70450735853021 0
70450735870551 23
70450735886722 0
70450735902395 23
70450765443695 66
70450765477892 0
70450765495563 23
70450765511922 0
70450765528061 14
70450820139776 23
70450820170835 14
70450820187804 66
70450820204003 23
70450820219930 66
70450896678109 23
70450896720884 0
70450896738225 23
70450896754397 66
70450954933493 0
70450954979438 23
70450954996612 66
70450955013050 0
70450955029247 23
70451022300733 66
70451022337177 0
70451022354265 0
70451022370510 23
70451102161677 66
70451102201656 0
70451102219405 23
70451102235865 66
70451157044709 0
70451157078321 23
70451157095762 0
70451157111893 66
70451157127848 0
70451215740320 0
70451215778774 14
70451215796218 0
70451306390899 14
70451306441670 23
70451306458707 0
70451306475074 23
70451306490828 14
70451306506349 66
70451357116979 23
70451357403655 0
70451357598476 23
70451357788377 0
70451357978309 23
70451458029274 66
70451458082032 0
70451458099538 23
70451458115877 0
70451458131780 23
70451458147291 14
70451484040880 66
70451484069807 0
70451484087195 23
70451484103456 66
70451568888204 0
70451568932077 23
70451568950170 0
70451568966471 23
70451568982678 14
70451618202319 66
70451618233022 0
70451618250166 23
70451618266711 66
70451698509008 0
70451698553961 23
70451698571501 0
70451698589339 14
70451698605184 23
70451759221366 14
70451759253421 66
70451759271750 23
70451759288228 0
70451759304429 23
70451759320674 0
70451860224760 23
70451860278785 66
70451860303470 0
70451893988417 23
70451894018381 0
70451894036325 14
70451894052769 23
70451894069056 14
70451894085100 66
70451894101130 23
70451894117089 0
70451961403569 23
70451961444927 0
70451961461842 23
70451961477837 66
70452036073386 0
70452036496843 23
70452036516353 14
70452036532956 0
70452036550963 23
70452098714493 14
70452099049262 66
70452099329024 23
70452099519780 0
70452099798346 23
70452099994181 0
70452100250301 23
70452179293860 66
70452179343170 0
70452179360266 23
70452247618008 14
70452247671085 0
70452247690130 23
70452247706944 66
70452247723239 0
70452247739247 23
70452309697230 66
70452309731257 0
70452309748375 23
70452309764163 0
70452309779780 14
70452380386849 23
70452380432230 14
70452380450368 66
70452380467170 23
70452380483618 0
70452439211480 23
70452439237907 0
70452439254604 23
70452439271489 66
70452439287925 0
70452517135538 23
70452519884462 0
70452519906665 14
70452519923206 23
70452519939453 14
70452519955374 66
70452557139679 23
70452557168476 0
70452557185837 23
70452557202128 0
70452557218624 23
70452639267596 66
70452639308980 0
70452639327033 23
70452639343863 0
70452639360330 14
70452698341533 23
70452698377388 14
70452698396382 66
70452698412597 23
70452698429614 0
70452776363678 23
70452776405877 0
70452776423914 23
70452776440465 66
70452776457001 0
70452877416638 23
70452877466823 14
70452877484054 0
70452877500118 23
70452877516117 66
70452900479456 0
70452900505129 23
70452900521136 66
70452900536850 0
70452978218640 23
70452978254972 0
70452978272544 14
70452978289133 23
70452978305327 14
70452978321516 66
70453054069234 23
70453054118001 0
70453054135531 23
70453054152757 0
70453054169334 23
70453054185864 66
70453093721078 0
70453093748788 23
70453093766648 0
70453093783386 14
70453173057368 23
70453173098274 14
70453173115396 66
70453173131234 23
70453173146719 0
70453173162438 23
70453256187447 0
70453256229443 23
70453256246710 66
70453256263212 0
70453334127511 23
70453334178456 14
70453334196409 0
70453334212995 23
70453334229359 14
70453334245372 66
70453390950146 23
70453390992566 0
70453391009901 23
70453391026156 0
70453391043298 23
70453391059320 66
70453465646003 0
70453465695808 23
70453465713859 14
70453465731616 0
70453515338933 23
70453515577544 14
70453515770788 66
70453515960577 23
70453516150796 0
70453516340407 23
70453516529920 0
70453570362065 23
70453570400878 66
70453570417536 0
70453643933481 23
70453643975613 14
70453643993421 0
70453644009869 23
70453644025573 14
70453644041422 66
70453644057111 23
70453725779732 0
70453725824453 23
70453725841822 0
70453725858230 23
70453725874101 66
70453772192495 0
70453772244161 23
70453772262429 0
70453772278638 14
70453772295997 23
70453866918107 14
70453866968269 66
70453866985733 23
70453867002153 0
70453867018162 23
70453867033916 0
70453928104483 23
70453928139895 14
70453928157345 66
70453928173568 0
70453928190320 23
70454028957261 66
70454029012484 0
70454029031048 23
70454029048249 0
70454029064797 23
70454032936789 66
70454032957312 0
70454032973947 0
70454032989926 23
70454137092476 14
70454137141144 66
70454137158610 23
70454137174376 66
70454166684324 23
70454166713091 66
70454166731289 23
70454166747505 66
