77920340278909 0
77920415861510 23
77920416286257 66
77920416554341 0
77920416821276 23
77920417042239 0
77920485977084 23
77920486020351 0
77920486038724 66
77920486055267 23
77920486071136 66
77920486087149 0
77920559705377 23
77920559737601 66
77920559755026 0
77920559771655 23
77920559787719 0
77920559803880 23
77920627179189 66
77920627222758 0
77920627239888 23
77920627256525 66
77920627272569 23
77920701931296 66
77920701981624 0
77920701999291 23
77920702015863 66
77920702031889 0
77920702047782 23
77920702063508 66
77920769120814 0
77920769429599 23
77920769622922 0
77920769815104 66
77920770004677 23
77920846103926 0
77920846205553 66
77920846260768 23
77920846350268 66
77920846405529 0
77920846462485 23
77920846554177 66
77920899838398 0
77920899874768 23
77920899893044 66
77920899908750 23
77920899924526 66
77920951484215 0
77920951523511 23
77920951540414 0
77920951557930 66
77920951574014 0
77921046041148 23
77921046080079 66
77921046097241 0
77921046114254 23
77921046130428 66
77921046146283 0
77921120332804 23
77921120379008 66
77921120396090 0
77921120412427 23
77921120428040 0
77921163980365 66
77921164012538 23
77921164030173 66
77921164046627 0
77921164064978 23
77921164080887 66
77921164096929 0
77921248358590 23
77921248408642 0
77921248426009 23
77921248442170 66
77921248457942 0
77921279326206 23
77921279353691 0
77921279370728 23
77921279386923 66
77921279403099 0
77921346322409 23
77921346359316 14
77921346376315 66
77921346409410 0
77921346426900 23
77921346442980 66
77921346458957 0
77921433507524 23
77921433552326 66
77921433569842 0
77921433586326 23
77921433602366 66
77921433618466 0
77921504493434 23
77921504540370 0
77921504557856 23
77921504573903 66
77921504589541 0
77921504605218 23
77921585254345 66
77921585308780 0
77921585326899 23
77921585343152 66
77921585359178 0
77921585375529 23
77921681628371 66
77921681670534 0
77921681688139 23
77921681704880 66
77921681721178 0
77921681737543 23
77921681753450 23
77921681769369 66
77921681785302 0
77921681801366 0
77921681817482 23
77921681833505 14
77921681849436 66
77921785146548 0
77921785197907 23
77921785215282 14
77921785232022 66
77921785247593 23
77921785263297 0
77921785279059 23
77921815826966 66
77921815855664 0
77921815872688 23
77921815888681 66
77921815904755 0
77921815920841 23
77921815937293 0
77921919883827 66
77921919928613 0
77921919946320 23
77921919962366 66
77921919978126 0
77921919994284 23
77921949865970 66
77921949895496 0
77921949913220 23
77921949929311 66
77921949945395 0
77921949961429 23
77922017000300 66
77922017025460 0
77922017042224 23
77922017058465 0
77922017075627 66
77922017091801 23
77922105186501 0
77922105232951 0
77922105250751 66
77922105267907 0
77922105284190 14
77922166243424 14
77922166276205 23
77922166293400 66
77922166309435 23
77922166325413 66
77922166341537 23
77922166357699 66
77922239180711 0
77922239233470 23
77922239251153 0
77922239267561 23
77922307307859 66
77922307354157 0
77922307371669 23
77922307389079 66
77922307405237 0
77922307421216 23
77922366500583 0
77922366540813 66
77922366557969 23
77922366575483 66
77922366591178 23
77922366606725 0
77922427469056 23
77922427502374 66
77922427519249 23
77922427535240 66
77922427551242 0
77922516423783 0
77922516471876 23
77922516489211 66
77922516505661 0
77922516521586 23
77922516537233 66
77922574777374 0
77922574811692 23
77922574829671 0
77922574846181 23
77922574862492 66
77922660034566 23
77922660082954 0
77922660100173 23
77922660116160 66
77922660132220 0
77922660148046 23
77922660163746 0
77922687655608 23
77922687685807 66
77922687702901 23
77922687719367 0
77922687735740 23
77922687752450 66
77922687768399 0
77922754718372 23
77922754755372 14
77922754772443 66
77922754788599 23
77922754804540 66
77922754820657 23
77922754836598 0
77922821931765 23
77922821976005 66
77922821993001 0
77922822009163 23
77922822024788 66
77922822040343 0
77922902169504 23
77922902215615 66
77922902233250 23
77922902249352 0
77922902265623 23
77922902281768 66
77922966468473 0
77922966505219 23
77922966523346 66
77922966539493 0
77922966555196 23
77922966570773 0
77922966586370 23
77923051746317 66
77923051796972 0
77923074508553 23
77923074532795 66
77923074549153 0
77923074565597 23
77923097085395 66
77923097118971 0
77923097136207 23
77923097152112 66
77923097167589 0
77923097183675 23
77923164421754 0
77923164452558 66
77923164470004 23
77923164486255 0
77923164502520 0
77923164518503 66
77923231846147 0
77923231890434 14
77923231908396 23
77923231924736 0
77923231942791 23
77923299164308 14
77923299195947 66
77923299213016 0
77923299229476 23
77923299245433 66
77923299261565 0
77923299277567 23
77923299293645 66
77923381156625 0
77923381194661 23
77923381212822 66
77923381229417 0
77923381245763 23
77923442328292 0
77923442360942 66
77923442378434 23
77923442394749 66
77923442410763 0
77923442426925 23
77923442443182 66
77923532799347 0
77923532851616 23
77923532869798 0
77923532886747 23
77923532903701 66
77923576974977 0
77923577004039 23
77923577021302 14
77923577037322 66
77923577053317 23
77923577069212 0
77923577085251 23
77923633526422 66
77923633570436 0
77923633587652 23
77923633603821 66
77923633619470 0
77923633635196 23
77923633650499 0
77923695016162 66
77923695296766 0
77923695487065 23
77923695677210 66
77923695864757 0
77923696053558 23
77923802340317 66
77923802398574 0
77923802415887 23
77923802433071 66
77923802448878 0
77923802464694 23
77923827944605 66
77923827972601 0
77923827991037 23
77923828007386 66
77923828023386 0
77923828039484 23
77923900044481 0
77923900085978 66
77923900103045 23
77923900119031 0
77923900135634 66
77923987565364 0
77923987604645 23
77923987622038 14
77923987638210 66
77923987654274 0
77924071856118 23
77924071899924 14
77924071917470 66
77924071934065 0
77924071950706 23
77924071966949 66
77924071982789 0
77924103513541 23
77924103539773 0
77924103557050 66
77924103573200 23
77924103589246 0
77924103605163 66
77924191986370 23
77924192026880 66
77924192059840 23
77924192076706 0
77924192092583 66
77924192108285 0
77924255007064 23
77924255043748 0
77924255060741 23
77924255076903 66
77924255092838 23
77924255108824 0
77924255125000 23
77924322390185 66
77924322435946 0
77924322453205 23
77924322469319 66
77924322485057 0
77924322500905 23
77924368989108 66
77924369026834 0
77924369044730 23
77924369061088 0
77924369077278 66
77924369093499 23
77924436108500 66
77924436164673 23
77924436182800 0
77924436199019 23
77924436214874 66
77924436230984 0
77924524542406 0
77924524586146 23
77924524603471 14
77924524619618 66
77924524635408 23
77924524651196 66
77924524666797 23
77924602627937 66
77924602675175 23
77924602692241 66
