77139397111739 0
77139397419448 23
77139397610504 66
77139397799015 0
77139473464581 0
77139473878607 23
77139474208223 66
77139474398711 0
77139474680381 23
77139552980705 66
77139553029174 23
77139553046167 0
77139553062348 23
77139553077812 66
77139598309626 23
77139598339521 0
77139598356781 23
77139598373153 66
77139598389001 23
77139598404798 0
77139598420676 23
77139672060970 66
77139672099498 23
77139672116873 0
77139672133012 23
77139672148866 66
77139672165747 23
77139672181662 0
77139762484578 23
77139762535893 66
77139762552899 23
77139762569003 0
77139762584815 23
77139762600382 66
77139825668507 23
77139826035414 0
77139826054841 23
77139826071512 66
77139826087377 23
77139826103135 0
77139826119066 23
77139877345245 66
77139877390109 23
77139877407135 0
77139877422975 23
77139877438439 66
77139877453654 23
77139954324199 0
77139954374816 23
77139954396047 66
77139954420650 23
77139954438526 0
77139954454680 23
77140032003573 66
77140032059494 23
77140032077851 0
77140032094508 23
77140032110651 66
77140032126505 23
77140032142802 0
77140086382850 23
77140086416393 66
77140086433203 23
77140086466121 0
77140086483183 23
77140086499208 66
77140164644437 23
77140164698355 0
77140164716253 23
77140164733592 66
77140164749771 23
77140164766824 0
77140164782755 23
77140201941710 66
77140201968883 23
77140201986154 0
77140202002395 23
77140202018376 66
77140202034317 23
77140202050196 0
77140289414983 23
77140289461885 66
77140289479005 23
77140289494807 0
77140289510698 23
77140345771973 66
77140345802745 23
77140345820000 0
77140345836283 23
77140345852932 66
77140345868917 23
77140345884782 0
77140417323668 23
77140417365771 66
77140417383017 23
77140417399135 0
77140417414768 23
77140417430458 66
77140484694617 23
77140484737474 0
77140484755458 23
77140484771910 66
77140484787731 23
77140484803662 0
77140484819854 23
77140547894706 66
77140547933944 23
77140547952329 0
77140547968568 23
77140547984324 66
77140547999813 23
77140548015502 0
77140611180465 23
77140611456907 66
77140611647858 23
77140611837119 0
77140612026091 23
77140612212028 66
77140720534061 23
77140720591591 0
77140720608931 23
77140720625145 66
77140720641471 23
77140720657434 0
77140720673445 23
77140766871746 66
77140766909157 23
77140766926400 0
77140766942749 23
77140766958827 66
77140813310655 23
77140813347928 66
77140813364953 0
77140813381254 0
77140813398523 23
77140905784064 66
77140905828305 0
77140905845908 23
77140905862577 66
77140905878701 23
77140905894626 0
77140977580433 23
77140977630109 66
77140977647096 23
77140977663210 0
77140977679033 23
77140977694529 66
77141006861234 23
77141006891423 0
77141006908985 23
77141006925389 66
77141006941364 23
77141006957150 0
77141006972977 23
77141105836256 66
77141105884529 23
77141105901627 0
77141105918359 23
77141105934209 66
77141105949975 23
77141141013259 0
77141141043846 23
77141141060958 23
77141141077271 66
77141141093341 23
77141141109125 0
77141141125070 23
77141219919381 66
77141219970654 23
77141219987523 0
77141220003695 23
77141220019226 66
77141220034964 23
77141220050333 0
77141275072021 23
77141275108103 66
77141275125169 23
77141275141184 0
77141275157560 23
77141275173497 66
77141351897478 23
77141352178946 0
77141352637752 23
77141352831101 66
77141353035627 23
77141353229505 0
77141353437582 23
77141425894047 66
77141425946521 23
77141425963904 0
77141425980578 23
77141425996780 66
77141426012735 23
77141426028664 0
77141526979171 23
77141527031624 66
77141527049289 23
77141527066025 0
77141527082481 23
77141527098456 66
77141558392495 23
77141558421527 0
77141558438589 23
77141558543725 66
77141558561503 23
77141558577346 0
77141628031975 23
77141628072808 66
77141628089753 23
77141628105507 0
77141628121356 23
77141628136609 66
77141685008761 23
77141685046136 0
77141685063833 23
77141685081110 66
77141685097077 23
77141685112759 0
77141685128722 23
77141752458011 66
77141752497008 23
77141752513705 0
77141752529964 23
77141752545587 66
77141752561241 23
77141752576679 0
77141819777987 23
77141819812409 23
77141819830442 66
77141819847019 23
77141819862926 0
77141819878992 23
77141819894883 66
77141912306537 23
77141912357784 0
77141912375706 23
77141912392235 66
77141912408520 23
77141912424395 0
77141912440384 23
77141962824260 66
77141962856904 23
77141962874553 0
77141962891373 23
77141962907463 66
77142020064777 23
77142020109536 0
77142020127058 23
77142020143605 66
77142020159214 23
77142020174743 0
77142020190618 23
77142081049615 66
77142081303927 23
77142081496145 0
77142081687673 23
77142081877325 66
77142082065659 23
77142082253541 0
77142181818256 23
77142181873270 66
77142181890571 23
77142181906484 0
77142181922594 23
77142181938031 66
77142214204331 23
77142214235236 0
77142214252595 23
77142214268472 66
77142214285475 23
77142214301366 0
77142214317448 23
77142281207348 66
77142281260063 23
77142281277328 0
77142281293150 23
77142281309234 66
77142281325119 23
77142281340788 0
77142367068501 23
77142367109379 66
77142367126488 23
77142367142580 0
77142367158910 23
77142421984277 66
77142422025312 23
77142422042037 0
77142422058266 23
77142422074246 66
77142422089839 23
77142422105442 0
77142512391170 23
77142512428582 66
77142512445887 23
77142512461737 0
77142512477833 23
77142512495199 66
77142556776609 23
77142556812130 0
77142556829487 23
77142556845561 66
77142556861158 23
77142556876540 0
77142556891900 23
77142649244467 66
77142649295169 23
77142649312793 0
77142649330080 23
77142649346289 66
77142649362393 23
77142649378328 0
77142725551944 23
77142725604721 66
77142725621377 23
77142725637121 0
77142725652885 23
77142791407445 66
77142791671717 23
77142791865166 0
77142792071280 23
77142792263957 66
77142792499976 23
77142792689744 0
77142817826589 23
77142817866375 66
77142817882919 23
77142817899138 0
77142817914840 23
77142817930270 66
77142920876925 23
77142920929348 0
77142920947077 23
77142920963590 66
77142920979867 23
77142920995812 0
77142921011679 23
77142992777121 66
77142992823606 23
77142992840368 0
77142992856742 23
77142992872178 66
77142992887546 23
77142992902936 0
77143038793081 23
77143038824517 66
77143038842170 23
77143038858205 0
77143038874152 23
77143038890077 66
77143085933835 23
77143085961284 0
77143085979777 23
77143085997165 66
77143086013339 23
77143086029815 0
77143086045887 23
77143153020047 66
77143153066184 23
77143153083373 0
77143153100004 23
77143153116246 66
77143220144581 23
77143220174708 0
77143220192535 23
77143220208889 66
77143220225023 23
77143220241169 0
77143220257306 23
77143295692401 66
77143295731350 23
77143295748942 0
77143295765738 23
77143295781655 66
77143295797675 23
77143295813503 0
77143361053018 23
77143361087644 66
77143361105649 23
77143361122373 0
77143361138523 23
77143361155172 66
77143457812838 23
77143457860711 0
77143457878602 23
77143457895860 66
77143457912149 23
77143457928581 0
77143457944474 23
77143506716590 66
77143506940914 23
77143506960093 0
77143506976837 23
77143506992991 66
77143507008890 23
77143609581409 0
77143609639666 23
77143609656958 66
77143609673523 23
77143609689607 0
77143609705614 23
77143649401703 66
77143649436786 23
77143649453292 0
77143649470398 23
77143649487395 66
77143649503239 23
77143649519010 0
77143737065377 23
77143737121495 66
77143737138939 23
77143737155544 0
77143737171726 23
77143737187663 66
77143777851725 23
77143777896572 0
77143777914814 23
77143777931157 66
77143777947312 23
77143777963412 0
77143777979280 23
77143862077835 66
77143862130681 23
77143862147986 0
77143862164487 23
77143862180615 66
77143862196666 23
77143862212738 0
77143890871418 23
77143890900545 66
77143890918091 23
77143890934304 0
77143890951176 23
77143890967095 66
77143974038050 23
77143974089080 0
77143974106944 23
77143974122750 66
77143974138768 23
77143974154127 0
77144024933723 23
77144024964197 66
77144024981407 23
77144024997561 0
77144025013663 23
77144025029753 66
77144129505572 23
77144129552289 0
77144129569592 23
77144129585452 66
77144129601170 23
77144129616804 0
77144129632481 23
77144171593581 66
77144171631059 23
77144171648591 0
77144171665315 23
77144171681393 66
77144171697291 23
77144171714409 0
77144238945927 23
77144238994883 66
77144239012303 23
77144239029127 0
77144239045054 23
77144239060552 66
77144304307532 23
77144304726010 0
77144305010083 23
77144305290379 66
77144305523617 23
77144305766304 0
77144306030307 23
77144399033489 66
77144399086476 23
77144399104910 0
77144399121786 23
77144399137950 66
77144399153948 23
77144449546183 0
77144449585416 23
77144449603046 66
77144449619500 23
77144449635466 0
77144449651362 23
77144503430114 66
77144503469529 23
77144503486170 0
77144505706039 23
77144505729044 66
77144505745044 23
77144505760629 0
77144569689835 23
77144569724599 66
77144569741576 23
77144569757747 0
77144569774070 23
77144569790033 66
77144695983660 23
77144696023191 0
77144696041170 23
77144696057671 66
77144696073869 23
77144696089613 0
77144696105500 23
77144696121302 66
77144696137076 23
77144696152798 66
