77747572262174 0
77747572572695 23
77747572763489 0
77747572950966 66
77747573138063 0
77747640062346 23
77747640456098 66
77747640692135 0
77747641058904 23
77747641289231 0
77747706317871 66
77747706356327 23
77747706373344 66
77747706389138 0
77747706404888 23
77747706420624 66
77747706436416 0
77747773377261 23
77747773407337 0
77747773425445 23
77747773441826 66
77747773457850 23
77747773473863 0
77747773491349 23
77747847290402 66
77747847326804 23
77747847344356 0
77747847360867 23
77747847377964 66
77747847394091 0
77747946607350 23
77747946657152 66
77747946673966 0
77747946690066 23
77747946705514 66
77747946721053 0
77747987593363 23
77747987836601 66
77747988028041 0
77747988342361 23
77747988533636 66
77748091389001 0
77748091447154 23
77748091464770 66
77748091480892 23
77748091497950 0
77748091513706 66
77748141894194 0
77748141941499 23
77748141959616 66
77748141977265 23
77748141993618 23
77748142009791 66
77748184216371 23
77748184254143 0
77748184271605 66
77748184287445 0
77748184303117 23
77748184318612 66
77748242994822 0
77748243033867 23
77748243052309 66
77748243068624 0
77748243085108 23
77748243101395 66
77748310362587 0
77748310397166 23
77748310414256 66
77748310430288 0
77748310446138 23
77748310461836 66
77748409313631 0
77748409358695 23
77748409376503 66
77748409393335 0
77748409409505 23
77748444229623 66
77748447480717 0
77748447501377 23
77748447518302 66
77748459874503 0
77748527359837 23
77748527446810 0
77748527472243 23
77748527494489 66
77748527516677 0
77748527538669 23
77748527560586 66
77748628298956 0
77748628357875 23
77748628376236 66
77748628393010 23
77748628409985 66
77748657397389 23
77748657426572 0
77748657443249 23
77748657459238 66
77748657474920 23
77748657491002 0
77748657507015 23
77748733991401 66
77748734037480 0
77748734054892 23
77748734070885 66
77748734087689 0
77748734103413 23
77748796971547 66
77748797019335 23
77748797053993 0
77748797071183 23
77748797087603 0
77748797103807 23
77748797119813 66
77748853745788 0
77748853787780 23
77748853805410 66
77748853821498 0
77748853837313 23
77748921080717 66
77748921114773 0
77748921133386 23
77748921149741 66
77748921165668 0
77748921181770 23
77749015723511 66
77749015770517 0
77749015788526 23
77749015805306 66
77749015821728 0
77749015838168 23
77749070459224 66
77749070485557 0
77749070502413 23
77749070518567 66
77749070534597 23
77749070550387 0
77749070566646 23
77749148360744 66
77749148408645 0
77749148426427 23
77749148444126 66
77749148460365 23
77749148476232 66
77749198954895 23
77749198982219 0
77749198999331 23
77749199015367 66
77749199031491 0
77749199047303 23
77749199063138 66
77749255019358 0
77749255066362 23
77749255083711 66
77749255099841 0
77749255115756 23
77749316186595 0
77749316225081 66
77749316242583 23
77749316259972 66
77749316276086 0
77749316292355 23
77749316308383 66
77749393279556 0
77749393322815 23
77749393340420 66
77749393356544 0
77749393373122 23
77749460198262 0
77749460614762 23
77749460883273 66
77749461114387 23
77749461381093 0
77749461613107 23
77749461842498 66
77749548733448 0
77749548792914 23
77749548810625 66
77749548826813 23
77749548843279 0
77749548859124 66
77749603179985 23
77749603215319 0
77749603232799 23
77749603249235 66
77749603265276 0
77749603282599 23
77749603298685 23
77749681087963 66
77749681134791 0
77749681152456 23
77749681169065 66
77749681185263 0
77749681201575 23
77749754781644 66
77749754821699 0
77749754839149 23
77749754855474 66
77749754871413 0
77749754887591 23
77749829170173 66
77749829217206 0
77749829234768 23
77749829250700 66
77749829266429 0
77749829282298 23
77749860201358 66
77749860228150 0
77749860245495 23
77749860261922 66
77749860277847 0
77749860293982 23
77749961457992 66
77749961509404 0
77749961526674 23
77749961543848 66
77749961559415 0
77749961575149 23
77750022216682 66
77750022267816 23
77750022285075 0
77750022301606 66
77750022317931 23
77750022333818 0
77750094347941 23
77750094400716 66
77750094417746 0
77750094434133 23
77750094449875 66
77750143176942 23
77750143406274 0
77750143598895 23
77750143789846 66
77750143977828 0
77750144166195 23
77750144489021 66
77750144677879 0
77750241205089 23
77750241258315 0
77750241275861 23
77750241292894 66
77750241308632 0
77750274886244 23
77750274924972 14
77750274942439 66
77750274958664 0
77750274975084 23
77750274991287 66
77750275007292 0
77750352879492 23
77750352924817 66
77750352942245 0
77750352958349 23
77750352974127 66
77750352989704 0
77750409595335 23
77750409637017 66
77750409654446 0
77750409671258 23
77750409687606 66
77750496161796 23
77750496213208 66
77750496231774 23
77750496247844 0
77750496264075 23
77750496279758 66
77750496295486 0
77750523422129 23
77750523449948 66
77750523466943 0
77750523483381 23
77750523499369 66
77750523515338 0
77750618704492 23
77750618745555 0
77750618762783 66
77750618779436 23
77750618795146 66
77750618810705 0
77750664543101 23
77750664579583 66
77750664596699 0
77750664612980 23
77750664628849 0
77750664644864 23
77750749376881 66
77750749421730 23
77750749439123 0
77750749455281 23
77750749470915 66
77750749486530 0
77750749502061 23
77750828613168 66
77750828665137 0
77750828684325 23
77750828700867 66
77750828716798 0
77750828732756 23
77750890873059 66
77750890916948 23
77750890934337 0
77750890950558 66
77750890966316 23
77750890981851 0
77750946911607 23
77750947385602 66
77750947635818 0
77750947873174 23
77750948115211 66
77750948358696 0
77750948594661 23
77751013972601 66
77751014035349 0
77751014052976 23
77751014069814 66
77751014085798 0
77751014103087 23
77751070753423 66
77751070794445 0
77751070811722 23
77751070827999 66
77751070844958 0
77751165546389 23
77751165596733 66
77751165614015 23
77751165630210 0
77751165646219 66
77751194081320 23
77751194109227 0
77751194126387 23
77751194142674 66
77751194158738 0
77751194174750 23
77751194190940 66
77751261041815 0
77751261070555 23
77751261087617 66
77751261103783 0
77751261119770 23
77751261135818 66
77751328126257 0
77751328166613 23
77751328183956 66
77751328200348 0
77751328216651 23
77751328232618 66
77751407683560 23
77751407715997 66
77751407734074 23
77751407750370 66
77751407766441 0
77751483474642 0
77751483519156 23
77751483536489 0
77751483553092 66
77751483569266 23
77751548789304 0
77751548826509 66
77751548843514 23
77751548859672 0
77751548875662 66
77751548891810 23
77751609846438 0
77751610088041 66
77751610278045 23
77751610481604 23
77751610671762 0
77751610860376 23
77751676027860 66
77751676497721 0
77751676762337 23
77751677024660 66
77751677397516 0
77751677630323 23
77751753002917 66
77751753048315 0
77751753066406 23
77751753082697 66
77751753099010 0
77751753114859 23
77751820376942 66
77751820413326 0
77751820431262 23
77751820447952 66
77751820463963 0
77751921461208 23
77751921512248 66
77751921530480 0
77751921547843 23
77751921564175 66
77751921580325 0
77751931926639 23
77751931947745 66
77751931964487 0
77751931980597 23
77751931996731 0
77752022538609 23
77752022582231 0
77752022600406 23
77752022616498 14
77752022632474 66
77752022648121 23
77752022665382 66
77752022680834 23
77752065872715 66
77752065901099 23
77752065918303 66
