72517998572244 0
72518072721028 23
72518073228493 66
72518162706293 0
72518162756313 23
72518162774217 66
72518192027708 0
72518259042860 23
72518259076665 66
72518259093940 0
72518348017878 23
72518348064479 66
72518404908978 0
72518405184887 23
72518405203735 66
72518464904458 0
72518527512297 23
72518527557014 66
72518527574911 0
72518615403193 23
72518615448220 66
72518668249749 0
72518668294847 23
72518668312634 66
72518748207428 0
72518817572890 23
72518817605036 66
72518817622439 0
72518872880781 23
72518872919653 66
72518937711613 0
72518937742063 23
72518937759358 66
72519042913187 0
72519087082101 23
72519087118579 66
72519087137127 0
72519144989874 23
72519145031480 66
72519198759014 0
72519199176572 23
72519199369370 66
72519287099604 0
72519354487634 23
72519354529168 66
72519406343590 0
72519406386053 23
72519406403174 66
72519487133861 0
72519487174927 23
72519487192661 66
72519573634526 0
72519607299493 23
72519607328644 66
72519716655328 0
72519716707416 23
72519716725583 66
72519758755462 0
72519758789177 23
72519758806256 66
72519834220549 0
72519888406632 23
72519888665262 66
72519989412569 0
72519989470667 23
72519989488406 66
72520011557656 0
72520011587834 23
72520011605125 66
72520095726139 0
72520160928651 23
72520160966885 66
72520245173238 0
72520245218849 23
72520245236341 66
72520271236103 0
72520271263803 23
72520271280698 66
72520338183866 0
72520426267247 23
72520426313829 66
72520472330266 0
72520472358566 23
72520472375276 66
72520564296005 0
72520564343828 23
72520564361901 66
72520623061120 0
72520716834908 23
72520716882194 66
72520740725868 0
72520740755479 23
72520740772788 66
72520825854978 0
72520825904088 23
72520825922278 66
72520874921626 0
72520941935243 23
72520941972386 66
72521028441867 0
72521028473685 23
72521028490968 66
72521089817555 0
72521089860997 23
72521089878145 66
72521150697082 0
72521253762984 23
72521253810999 66
72521300086070 0
72521300375815 23
72521300394755 66
72521359003338 0
72521359264005 23
72521439210221 66
72521439273176 0
72521523285857 23
72521523341744 66
72521545499086 0
72521545521711 23
72521545538762 66
72521642990045 0
72521643039250 23
72521696008294 66
72521696039991 0
72521769705847 23
72521769752077 66
72521820287632 0
72521820317470 23
72521820335421 66
72521908600782 0
72521908652019 23
72521975977967 66
72521976025583 0
72522048252919 23
72522048304421 66
72522099710194 0
72522100009696 23
72522100250188 66
72522178450573 0
72522178507392 23
72522245500250 66
72522245543477 0
72522283481697 23
72522283523462 66
72522350398215 0
72522350433105 23
72522350450625 66
72522426626606 0
72522426666098 23
72522512888986 66
72522512927679 0
72522580285515 23
72522580336046 66
72522724167616 0
72522724229663 0
72522724247022 23
72522773508460 66
72522773549943 23
72522773567093 66
72522773583529 0
72522842024466 23
72522842067502 66
72522917278061 0
72522917334129 23
72522917351935 66
72522974072404 0
72523028891747 23
72523028926608 66
72523096301001 0
72523096341050 23
72523096358548 66
72523155244259 0
72523155275013 23
72523235130720 66
72523235167357 0
72523302477657 23
72523302510318 66
72523356344592 0
72523356383297 23
72523356400455 66
72523423405117 0
72523504661125 23
72523504708066 66
72523578942382 0
72523579216238 23
72523579410670 66
72523625700412 0
72523625829082 23
72523706768273 66
72523706809734 0
72523765952714 23
72523766001847 66
72523854161945 0
72523854204844 23
72523854222827 66
72523907668064 0
72523967988589 23
72523968022531 66
72523968040322 0
72524039798093 23
72524039838299 66
72524108946599 0
72524108980885 23
72524108998683 66
72524176298427 0
72524228404069 23
72524228441451 66
72524300674175 0
72524300717664 23
72524300735087 66
72524378592121 0
72524445849392 23
72524445887445 66
72524445904366 0
72524513214065 23
72524513250990 66
72524563718305 0
72524563761123 23
72524563778201 66
72524643855934 0
72524732206500 23
72524732248468 66
72524772302084 0
72524772330277 23
72524772347429 66
72524864868187 0
72524864912905 23
72524925908720 66
72524925943457 0
72524987171320 23
72524987214551 66
72525051345944 0
72525051619107 23
72525051812979 66
72525100185616 0
72525189092103 23
72525189138565 66
72525261197355 0
72525261242668 23
72525261260017 66
72525321769103 0
72525321806382 23
72525408639136 66
72525408689491 0
72525471264784 23
72525471299173 66
72525545484193 0
72525545529752 23
72525545547415 66
72525597609844 0
72525644031939 23
72525644060175 66
72525738928383 0
72525738979008 23
72525738996166 66
72525787175249 0
72525787425745 23
72525787616460 66
72525890253757 0
72525923991392 23
72525924029069 66
72525979589036 0
72525979629661 23
72525979646863 66
72526058717588 0
72526112792809 23
72526112834531 66
72526112851607 0
72526173270194 23
72526173298868 66
72526277794993 0
72526277836494 23
72526277853845 66
72526307358320 0
72526374770645 23
72526374810941 66
72526530793617 0
72526530837950 0
72526530855376 23
72526606177178 66
72526606221127 23
72526606238392 66
72526717894449 0
72526717931770 0
72526717949797 23
72526717966573 66
72526797903745 23
72526797946284 66
72526797963285 0
72526865138869 23
72526865172918 66
72526966246384 0
72526966299490 23
72526966317746 66
72526978042953 0
72526978066128 23
72527064267630 66
72527064314813 0
72527112290370 23
72527112329529 66
72527190590266 0
72527191026235 23
72527191050950 66
72527256603782 0
72527355844739 23
72527355900926 66
72527417293615 0
72527417337297 23
72527417354630 66
72527476261022 0
72527476306936 23
72527522246904 23
72527522274426 66
72527522291545 0
72527600159238 23
72527600204134 66
72527656974219 0
72527657004303 23
72527657021525 66
72527739092790 0
72527806389772 23
72527806435586 66
72527889868099 0
72527889913786 23
72527889931193 66
72527932265403 0
72527932558928 23
72527932811093 66
72527993564657 0
72528090626707 23
72528090680408 66
72528134282454 0
72528139332982 23
72528139353850 66
72528185302658 0
72528326599086 23
72528326646715 66
72528326664042 0
72528326680964 23
72528326697652 66
72528410704451 0
72528410753187 23
72528410770234 66
72528461376996 0
72528541826387 23
72528541875841 66
72528596115118 0
72528596159331 23
72528596176847 66
72528677529841 0
72528732534691 23
72528733095304 66
72528733410803 0
72528829851937 23
72528829895572 66
72528863486404 0
72528863517184 23
72528863534400 66
72528964436057 0
72529015014597 23
72529015047516 66
72529099216960 0
72529099264811 23
72529099283059 66
72529124250042 0
72529124276515 23
72529234049316 66
72529234093676 0
72529265658357 23
72529265686514 66
72529379233532 0
72529379285711 23
72529379303643 66
72529423166693 0
72529532162291 23
72529532221614 66
72529535179599 0
72529535201092 23
72529535217355 66
72529619380853 0
72529619423318 23
72529660837786 66
72529660872122 0
72529770930314 23
72529770985232 66
72435926441989 23
72435926459780 66
