72798946687486 0
72799020908769 23
72799021373084 66
72799021644558 0
72799098204638 23
72799098253024 66
72799148839104 0
72799148868321 23
72799148885644 66
72799233152971 0
72799233194836 23
72799311009218 66
72799311058747 0
72799344308608 23
72799344617946 66
72799409107632 0
72799409147850 23
72799409165292 66
72799496161922 0
72799496212734 23
72799496230437 66
72799580503151 0
72799610291589 23
72799610319169 66
72799610336566 0
72799702732422 23
72799702778580 66
72799751047704 0
72799751074149 23
72799751093059 66
72799847907567 0
72799915203225 23
72799915243656 66
72799915261547 0
72799999406430 23
72799999452103 66
72800042157774 0
72800042192191 23
72800042209920 66
72800100482876 0
72800100524192 23
72800100541252 66
72800146852097 0
72800280892442 23
72800280938795 66
72800280956176 0
72800280972765 23
72800280989086 66
72800378629252 0
72800378682625 23
72800378699855 66
72800414943315 0
72800519460633 23
72800519512948 66
72800519530337 0
72800549255230 23
72800549287989 66
72800654346626 0
72800654388165 23
72800654405363 66
72800789010673 0
72800789057118 0
72800839584331 23
72800839818149 66
72800839837206 23
72800839854235 66
72800892344795 0
72800892381030 23
72800892398160 66
72800959722453 0
72800959767703 23
72801075362638 66
72801075416616 0
72801085871259 23
72801085894900 66
72801152748971 0
72801152781942 23
72801152799705 66
72801219961422 0
72801219997871 23
72801286874368 66
72801286904762 0
72801354144441 23
72801354188575 66
72801421290828 0
72801421325748 23
72801421343004 66
72801511215572 0
72801511267841 23
72801604877764 66
72801604927754 0
72801632594003 23
72801632630968 66
72801753566589 0
72801753619771 23
72801753637409 66
72801772296843 0
72801831351516 23
72801831379898 66
72801831396568 0
72801915486328 23
72801915529012 66
72801972331918 0
72801972359452 23
72801972377280 66
72802048138330 0
72802091728426 23
72802091757223 66
72802091774835 0
72802182953931 23
72802183006624 66
72802250278358 0
72802250323476 23
72802250340883 66
72802293022582 0
72802368993882 23
72802369445225 66
72802369714599 0
72802427136972 23
72802427178248 66
72802519792114 0
72802519837148 23
72802519854772 66
72802575090431 0
72802635728092 23
72802635766576 66
72802725725235 0
72802725770184 23
72802725787459 66
72802787215780 0
72802787247863 23
72802787265339 66
72802842068254 0
72802896566813 23
72802896611737 66
72802970833743 0
72802970874912 23
72802970893639 66
72803052233802 0
72803052689122 23
72803052709241 66
72803106350635 0
72803191501184 23
72803191559811 66
72803258872191 0
72803258923701 23
72803258942229 66
72803298956510 0
72803298983951 23
72803372749219 66
72803372784887 0
72803460992776 23
72803461040388 66
72803538997966 0
72803539040925 23
72803539058379 66
72803593622524 0
72803593652642 23
72803677987946 66
72803678039585 0
72803709612051 23
72803709640617 66
72803787163028 0
72803787208204 23
72803787226480 66
72803848860752 0
72803849297677 23
72803925378124 66
72803925427072 0
72803997934534 23
72803997968482 66
72804082168499 0
72804082213000 23
72804082230393 66
72804132683661 0
72804206439111 23
72804206481664 66
72804206498881 0
72804267437264 23
72804267472699 66
72804351773302 0
72804351820343 23
72804351837833 66
72804379204812 0
72804487447656 23
72804487495626 66
72804487513307 0
72804536938041 23
72804537181795 66
72804602269968 0
72804602320647 23
72804602338336 66
72804669699697 0
72804707405782 23
72804707432287 66
72804707474680 0
72804789770178 23
72804789810687 66
72804888614046 0
72804888660149 23
72804888677619 66
72804976665859 0
72805057048494 0
72805057086401 23
72805057104154 66
72805057121829 23
72805057137790 66
72805146216097 0
72805146272476 23
72805146289911 66
72805176952134 0
72805258599915 23
72805258646744 66
72805330487129 0
72805331064315 23
72805331342261 66
72805424522516 0
72805424570086 23
72805424588722 66
72805476053108 0
72805560305048 23
72805560367388 66
72805593973248 0
72805594002611 23
72805594019926 66
72805695048442 0
72805695100021 23
72805722392677 23
72805722421807 66
72805722438939 0
72805817092394 23
72805817173291 66
72805897196269 0
72805897251158 23
72805897268326 66
72805914697703 0
72805914721048 23
72805989587941 66
72805989959476 0
72806097269158 23
72806097328463 66
72806147756630 0
72806147803868 23
72806147822416 66
72806231994039 0
72806232043582 23
72806257381168 66
72806257410463 0
72806324722562 23
72806324750584 66
72806417280814 0
72806417346564 23
72806417365709 66
72806474203007 0
72806556228762 23
72806556274463 66
72806556292834 0
72806619376061 23
72806619419850 66
72806652513568 0
72806652547895 23
72806652565131 66
72806735274669 0
72806810992106 23
72806811041271 66
72806811058648 0
72806870106539 23
72806870143347 66
72806937332922 0
72806937378802 23
72806937396654 66
72807021542793 0
72807061718653 23
72807061751010 66
72807061767599 0
72807129098598 23
72807129144085 66
72807230817096 0
72807230861351 23
72807230878583 66
72807289069201 0
72807375315515 23
72807375369840 66
72807398611896 0
72807398638998 23
72807398656060 23
72807398672264 66
72807476457652 0
72807476502885 23
72807476520459 66
72807533143695 0
72807591789307 23
72807591847301 66
72807658498752 0
72807658536866 23
72807658554412 66
72807760650943 0
72807760700150 23
72807760718280 66
72807811145739 0
72807878560198 23
72807878604361 66
72807945918624 0
72807945954696 23
72807945973280 66
72808015655168 0
72808015693431 23
72808097533647 66
72808097589311 0
72808177268569 23
72808177317384 66
72808224823657 0
72808225056863 23
72808225249152 66
72808314392555 0
72808314446843 23
72808362830296 66
72808362868595 0
72808436311543 23
72808436361038 66
72808470235174 0
72808470265564 23
72808470284315 66
72808530378625 0
72808530412360 23
72808597430056 66
72808597474265 0
72808701843297 23
72808701892313 66
72808731618867 0
72808731649645 23
72808731667038 66
72808798605693 0
72808872554960 23
72808872597857 66
72808872615448 0
72808944814196 23
72808968503598 66
72809028328863 0
72809028380206 23
72809028397773 66
72809106126726 0
72809154540424 23
72809154574541 66
72809154591920 0
72809209398869 23
72809209426887 66
72809274914739 0
72809274957797 23
72809274975211 66
72809441024367 0
72809469366637 0
72809469394458 23
72809469413686 66
72809469430606 23
72809469446459 66
72809565113836 0
72809565164049 23
72809565181776 66
72809613102030 0
72809675000135 23
72809675046380 66
72809777931567 0
72809777991051 23
72809778009054 66
72809836115410 0
72809836160238 23
72809836177603 66
72809879029495 0
72809965529163 23
72809965575818 66
72810028335175 0
72810028372922 23
72810028390261 66
72810135725771 0
72810135772671 23
72810135791919 66
72810139873181 0
72810247473224 23
72810247524270 66
72810274122399 0
72810274151383 23
72810274168730 66
72810373691109 0
72810373735599 23
72810423077362 66
