71857569776982 0
71857570099568 23
71857643811995 66
71857644280273 0
71857731607166 23
71857731654702 66
71857777823359 0
71857777852079 23
71857777869168 66
71857848250642 0
71857954633957 23
71857954696370 66
71857980006913 0
71857980038506 23
71857980056269 66
71858057056806 0
71858180015705 23
71858180062729 66
71858180079907 0
71858180096438 23
71858180112200 66
71858240638782 0
71858307697656 23
71858307740822 66
71858459940970 0
71858459981743 0
71858459999572 23
71858508808424 66
71858508836173 23
71858508853359 66
71858576091509 0
71858576131642 23
71858576148913 66
71858643186966 0
71858643228147 23
71858733214613 66
71858784373061 0
71858784642231 23
71858784835564 66
71858873098103 0
71858873154385 23
71858929485825 66
71858929513459 0
71858986521799 23
71858986569192 66
71859045350563 0
71859045385825 23
71859114526042 66
71859114569991 0
71859179483692 23
71859179513641 66
71859246620161 0
71859246661083 23
71859313721107 66
71859313754868 0
71859380792716 23
71859380831344 66
71859460106720 0
71859461203089 23
71859524070504 66
71859524109523 0
71859634872422 23
71859634924197 66
71859683322475 0
71859683362347 23
71859769635400 66
71859769680387 0
71859790817510 23
71859790843479 66
71859881193641 0
71859881243860 23
71859925544668 66
71859925575241 0
71859984467510 23
71859984495900 66
71860051609357 0
71860072893465 23
71860118480476 66
71860118511373 0
71860185574249 23
71860185621942 66
71860319783199 0
71860397087792 0
71860397126085 23
71860397144053 66
71860397160938 23
71860397177120 66
71860472867873 0
71860472931374 23
71860542344466 66
71860542377428 0
71860600190177 23
71860600235353 66
71860662496077 0
71860662528796 23
71860761379392 66
71860761429442 0
71860797277939 23
71860797305567 66
71860864686732 0
71860864727961 23
71860934439002 66
71860934753049 0
71860997889068 23
71860997932641 66
71861068787118 0
71861068830655 23
71861146694135 66
71861146747596 0
71861214111927 23
71861214149597 66
71861258749165 0
71861258783204 23
71861325707852 66
71861466873797 0
71861466916595 0
71861466934266 23
71861466951901 66
71861578373405 23
71861578423512 66
71861578441038 0
71861614193142 23
71861614222451 66
71861673635011 0
71861673897017 23
71861673916072 66
71861753112215 0
71861820483293 23
71861820527741 66
71861862233578 0
71861862264100 23
71861862281174 66
71861929476851 0
71861996320358 23
71861996352866 66
71862104830622 0
71862104875221 23
71862104893055 66
71862155251948 0
71862239510769 23
71862239559136 66
71862290023868 0
71862290067422 23
71862290085039 66
71862374378430 0
71862412398380 23
71862412646547 66
71862473634682 0
71862473683992 23
71862473700864 66
71862540763940 0
71862632206553 23
71862632250315 66
71862675540325 0
71862675571895 23
71862675589047 66
71862740712087 0
71862801206694 23
71862801237742 66
71862877596857 0
71862877635494 23
71862877652994 66
71862947042803 0
71863002755844 23
71863002796182 66
71863069485949 0
71863069526390 23
71863137341527 23
71863137598566 66
71863137791293 0
71863264933592 23
71863264980374 66
71863277754428 0
71863277784560 23
71863277801344 66
71863356561454 0
71863412461959 23
71863412505180 66
71863479784009 0
71863479816352 23
71863479834005 66
71863547197728 0
71863606118408 23
71863606147544 66
71863694487969 0
71863694532970 23
71863694551482 66
71863740164713 0
71863829974208 23
71863830025481 66
71863879485280 0
71863879760463 23
71863879957545 66
71863981306922 0
71864029251477 23
71864029288768 66
71864105094266 0
71864105143007 23
71864105160869 66
71864172395913 0
71864254666734 23
71864254709798 66
71864284149209 0
71864284178951 23
71864284196534 66
71864351582014 0
71864437807784 23
71864437855668 66
71864507589920 0
71864507812630 23
71864507829822 66
71864545129980 0
71864621926377 23
71864621967280 66
71864709378986 0
71864709441145 23
71864709460958 66
71864767032899 0
71864813306751 23
71864813343527 66
71864928346654 0
71864928406276 23
71864928423813 66
71864957872555 0
71865050762101 23
71865050804690 66
71865088516011 0
71865088544595 23
71865088561658 66
71865174965520 0
71865223246612 23
71865223281934 66
71865308294396 0
71865308340073 23
71865308357551 66
71865358020072 0
71865448439179 23
71865448488720 66
71865484114186 0
71865484147281 23
71865484195257 66
71865577780905 0
71865618147348 23
71865618178136 66
71865717958111 0
71865718006087 23
71865718024124 66
71865752342230 0
71865858305844 23
71865858354263 66
71865894847299 0
71865894878368 23
71865894896474 66
71865999762854 0
71866051538543 23
71866051821906 66
71866120381580 0
71866120431014 23
71866120448217 66
71866187507161 0
71866274867738 23
71866274930969 66
71866297098724 0
71866297122971 23
71866297139445 66
71866355927505 0
71866430403459 23
71866430446968 66
71866507566903 0
71866507608135 23
71866507626100 66
71866563948144 0
71866624093902 23
71866624124716 66
71866714463244 0
71866714510430 23
71866714527851 66
71866758306222 0
71866826137646 23
71866826186219 66
71866910006410 0
71866910054124 23
71866910071397 66
71866966769170 0
71867034177674 23
71867034207490 66
71867128705141 0
71867128748798 23
71867128766343 66
71867168796166 0
71867263592960 23
71867263642765 66
71867295115453 0
71867295142099 23
71867295159124 66
71867412975658 0
71867446625802 23
71867446657926 66
71867508186164 0
71867508231774 23
71867508249244 66
71867579618832 0
71867630569252 23
71867630613328 66
71867709804595 0
71867709846026 23
71867709863980 66
71867834082169 0
71867838407660 23
71867838428688 66
71867905861347 0
71867905895480 23
71867905912960 66
71867973133317 0
71868069906647 23
71868069952226 66
71868130956829 0
71868130994311 23
71868131011466 23
71868131027795 66
71868202531491 0
71868238533952 23
71868238568793 66
71868317972323 0
71868318014416 23
71868318031684 66
71868387815813 0
71868435081810 23
71868435120888 66
71868509719421 0
71868509759460 23
71868509778915 66
71868606948755 0
71868636441535 23
71868636492818 66
71868731479268 0
71868731525064 23
71868731542353 66
71868777504242 0
71868859505808 23
71868859549961 66
71868926869164 0
71868926911713 23
71868926929241 66
71868990661962 0
71869050652642 23
71869051098393 66
71869141754576 0
71869141807919 23
71869141824973 66
71869172727022 0
71869239866214 23
71869239909166 66
71869306909219 0
71869306946840 23
71869306964342 66
71869423770973 0
71869447940532 23
71869447972109 66
71869508124455 0
71869508162743 23
71869508180095 66
71869581854419 0
71869682797098 23
71869682853386 66
71869731003586 0
71869731043532 23
71869731061816 66
71869786775758 0
71869899685852 23
71869899740491 66
71869950188607 0
71869950232456 23
71869950250501 66
71869977566482 0
71870044825715 23
71870044863871 66
71870131314108 0
71870131354674 23
71870131372448 66
71870178818500 0
71870270252420 23
71870270303139 66
71870313060624 0
71870313097768 23
71870313117811 66
