66111773460437 0
66111846812118 23
66111847280669 66
66111930878561 0
66111930928551 23
66111930947355 66
66111998249351 0
66112048896562 23
66112048926519 66
66112048943110 0
66112116766388 23
66112116811628 66
66112116828603 0
66112200409096 23
66112203632711 66
66112282641550 0
66112282947234 23
66112283141668 23
66112283331812 66
66112366726489 0
66112377366234 23
66112377388957 66
66112377405047 0
66112480114040 23
66112480157697 66
66112480174833 0
66112511265456 23
66112511296857 23
66112511313474 66
66112511329452 0
66112610392901 23
66112610439642 66
66112645444093 0
66112754277705 0
66112754319683 23
66112779520894 66
66112779560967 23
66112779578407 66
66112779594694 0
66112853273057 23
66112853310306 66
66112937413504 0
66112937457471 23
66112937475544 66
66112988112281 0
66113085994389 23
66113086041553 66
66113086058472 0
66113129010824 23
66113129052550 66
66113206843900 0
66113206882495 23
66113206899918 66
66113274244957 0
66113339527305 23
66113339560334 66
66113339577327 0
66113415816248 23
66113415857928 23
66113415875233 66
66113474240812 0
66113474270765 23
66113543776332 66
66113543824819 0
66113584388659 23
66113584418318 66
66113584435319 0
66113690810940 23
66113690861296 66
66113733155070 0
66113733434789 23
66113792453903 66
66113792518766 0
66113859737915 23
66113859779179 66
66113859796598 0
66113955424019 23
66113955467616 66
66113994487269 0
66113994520435 23
66114083105034 66
66114083150577 0
66114148061534 23
66114148095348 66
66114148112278 0
66114221833046 23
66114221877765 66
66114282824299 0
66114282869550 23
66114333385235 66
66114333424554 0
66114389235544 23
66114389273587 66
66114389290419 0
66114456262674 23
66114456294964 66
66114552475083 0
66114552537723 23
66114605581287 66
66114605625136 0
66114677152455 23
66114677188374 66
66114677205951 0
66114738107809 23
66114738152527 66
66114798813672 0
66114798845961 23
66114887134368 66
66114887178747 0
66114954505033 23
66114954539478 66
66114954556905 0
66115038749162 23
66115038798673 66
66115068356603 0
66115156655961 23
66115156702648 66
66115156720023 0
66115195814647 23
66115196064968 66
66115268605378 0
66115268650673 23
66115268667588 66
66115341941486 0
66115395070928 23
66115395097207 66
66115395113769 0
66115485125144 23
66115485172619 66
66115529494117 0
66115529523471 23
66115529540774 66
66115626203621 0
66115670515491 23
66115670544308 66
66115670561925 0
66115760952649 23
66115761001305 66
66115818850454 0
66115818883450 23
66115818900291 66
66115904394394 0
66115941458087 23
66115941686743 66
66115941878342 0
66116001828237 23
66116001971017 66
66116076818772 0
66116076863061 23
66116133089839 66
66116133126668 0
66116228391482 23
66116228429715 66
66116228447227 0
66116314775869 23
66116314823948 66
66116348416083 0
66116348446650 23
66116464917005 66
66116464967940 0
66116468236982 23
66116468260888 66
66116468277282 0
66116542304368 23
66116542343176 66
66116626350534 0
66116626401008 23
66116692732803 66
66116692775897 0
66116746650024 23
66116747055573 66
66116841154075 0
66116904294020 0
66116904336626 23
66116904353911 66
66116937825680 23
66116937873962 66
66116937890822 0
66117004882027 23
66117004917443 23
66117004935128 66
66117004951591 0
66117087490296 23
66117087534489 66
66117154862064 0
66117154899429 23
66117256062126 66
66117256114648 0
66117306476202 23
66117306520264 66
66117306537052 0
66117377288510 23
66117377339059 66
66117417583849 0
66117417991501 23
66117508883918 66
66117508938116 0
66117575985065 23
66117576031917 66
66117576049322 0
66117656123000 23
66117656177121 23
66117656196047 66
66117702336282 0
66117776083408 23
66117776132249 66
66117809602419 0
66117896613966 0
66117896657871 23
66117896675250 66
66117896690962 23
66117961285492 66
66117961315911 0
66118062521515 23
66118062579448 66
66118062596667 0
66118091850691 23
66118091884596 66
66118169816497 0
66118169855128 23
66118170079261 66
66118212142090 0
66118319027490 23
66118319076922 66
66118319094010 0
66118353072309 23
66118353100289 66
66118449820611 0
66118449865880 23
66118449885134 66
66118487825170 0
66118582467328 23
66118582509574 66
66118582526343 0
66118622586533 23
66118622617182 66
66118734088688 0
66118734142693 23
66118734160563 66
66118748762046 0
66118842303939 23
66118842355934 66
66118842372796 0
66118896247651 23
66118896683950 66
66118955507619 0
66118955767510 23
66118955786247 23
66119054129529 66
66119054180532 0
66119124683782 23
66119124741439 66
66119124758400 0
66119151139477 23
66119151171116 66
66119262605043 0
66119262658618 23
66119306782059 66
66119306813881 0
66119395563536 23
66119395606924 66
66119395624108 0
66119445765857 23
66119445798608 66
66119523674145 0
66119523723485 23
66119561689216 66
66119561718541 0
66119641890199 23
66119641933122 66
66119641950272 0
66119687904959 23
66119688235071 66
66119793198957 0
66119793244764 23
66119821941634 66
66119944787947 0
66119944839049 0
66119955775908 23
66119955798595 23
66119955815134 66
66119955831238 23
66120022809308 66
66120113213732 0
66120113257714 0
66120163858789 23
66120163913578 66
66120163933818 23
66120163950076 66
66120163966036 0
66120239611590 23
66120239654087 23
66120239689014 66
66120308072741 0
66120378438183 23
66120378718889 66
66120378910385 0
66120481723287 23
66120481774424 66
66120515395766 0
66120515430088 23
66120515447119 66
66120593847493 0
66120663728718 23
66120663775288 66
66120663792481 0
66120734395871 23
66120734447365 66
66120784903433 0
66120784940175 23
66120784957901 66
66120917535762 0
66120917580335 0
66120961894290 23
66120961942457 66
66120961959971 23
66120961976465 66
66121035663914 0
66121035703241 23
66121035720570 66
66121130302683 0
66121171902919 23
66121171937919 66
66121171954848 0
66121242990757 23
66121243034175 66
66121321844158 0
66121321884048 23
66121321901377 66
66121422920234 0
66121431355189 23
66121431380683 66
66121431397131 0
66121498403364 23
66121498431193 66
66121565455609 0
66121565497430 23
66121638686783 66
66121638719106 0
66121717730160 23
66121717778154 66
66121717795907 0
66121766628573 23
66121766655320 66
66121843309681 0
66121843350963 23
66121903998376 66
66121904365866 0
66121989396509 23
66121989446309 66
66121989463928 0
66122051374809 23
66122051407497 66
66122138840915 0
66122138887622 23
66122176830184 66
66122176856963 0
66122279898380 23
66122279951127 66
66122279968466 0
66122303112986 23
66122303139649 66
66122393674197 0
66122393734622 23
66122465185290 66
66122465233624 0
66122547419956 23
66122547470463 66
66122547487601 0
66122571562363 23
66122571587782 66
66122642754063 0
66122642941019 23
66122739183076 66
66122739231317 0
66122814769550 23
66122814814531 66
66122814832212 0
66122865261228 23
66122865302232 66
66122956519920 0
66122997962541 23
66122997997732 66
66122998015900 0
66123048542087 23
66123048568790 66
66123136869916 0
66123136915713 23
66123136933374 66
66123197926893 0
66123269632674 23
66123269678365 66
