74369743646686 0
74369743962907 23
74369744156215 66
74369816480865 0
74369816952194 23
74369817218544 66
74369927797902 0
74369927843579 23
74369927861616 66
74370012247117 0
74370012282528 0
74370012300699 23
74370012317214 66
74370111067157 23
74370111114705 66
74370111133190 0
74370111150029 23
74370181872097 66
74370181920765 0
74370223583405 23
74370223619053 66
74370223636016 0
74370321643187 23
74370321687576 66
74370321704738 0
74370380532602 23
74370380572866 66
74370380590460 0
74370448033821 23
74370448088779 66
74370448106036 0
74370483325699 23
74370483358691 66
74370548546075 0
74370548576740 23
74370548593991 66
74370615757818 0
74370615794542 23
74370615812164 66
74370682753722 0
74370682786141 23
74370682803864 66
74370767920203 0
74370767968022 23
74370767985939 66
74370828974648 0
74370829010543 23
74370829027419 66
74370890797734 0
74370890842279 23
74370959006650 66
74370959620341 0
74370959920323 23
74371035339996 66
74371035379367 0
74371092301472 23
74371092337243 66
74371092355141 0
74371163904243 23
74371163949335 66
74371163966947 0
74371239565330 23
74371239600618 66
74371239617868 0
74371294506536 23
74371294542272 66
74371294559287 0
74371361803759 23
74371361834823 66
74371456562973 0
74371456608986 23
74371456626461 66
74371487532011 0
74371487560479 23
74371487578156 66
74371585019975 0
74371585063564 23
74371585080955 66
74371629281830 0
74371629529398 23
74371629548499 66
74371688820989 0
74371688859682 23
74371688878126 66
74371763371386 0
74371763417741 23
74371842328485 66
74371842369077 0
74371926006668 23
74371926047103 66
74371926064448 0
74371998963363 23
74371999020120 66
74371999038507 0
74372060724466 23
74372060761190 66
74372060779416 0
74372132374115 23
74372132420069 66
74372132437533 0
74372166162061 23
74372166191509 66
74372233530451 0
74372233563383 23
74372233580193 66
74372300930693 0
74372300966797 23
74372300985195 66
74372365913125 0
74372366461380 23
74372366481837 66
74372427510508 0
74372427757081 23
74372427948644 66
74372493708915 0
74372493752582 23
74372493770422 66
74372580843006 0
74372580889828 23
74372637756236 66
74372637791104 0
74372715631768 23
74372715673836 66
74372715691183 0
74372782963158 23
74372782995696 66
74372783012758 0
74372867209977 23
74372867253954 66
74372867272148 0
74372903115753 23
74372903141713 66
74372903158366 0
74372970548931 23
74372970588608 66
74372970605277 0
74373037888732 23
74373037929684 66
74373128776229 0
74373128819872 23
74373128836618 66
74373204225661 0
74373204285074 23
74373204302934 66
74373269493069 0
74373269540488 23
74373269557608 66
74373298466844 0
74373298496584 23
74373298514088 66
74373394655537 0
74373394703091 23
74373394720859 66
74373454659851 0
74373454694403 23
74373522049939 66
74373522094772 0
74373589422184 23
74373589455552 66
74373589473171 0
74373673665544 23
74373673722946 66
74373673740155 0
74373710041788 23
74373710092788 66
74373710109717 0
74373791574626 23
74373791621834 66
74373791639491 0
74373870698847 23
74373870968482 66
74373926581619 0
74373926627465 23
74373926644468 66
74373984283846 0
74373984325884 23
74373984343330 66
74374055039607 0
74374055095755 23
74374055113239 66
74374126338038 0
74374126384791 23
74374126402778 66
74374176901480 0
74374176948577 23
74374176966258 66
74374237452886 0
74374237483545 23
74374304558772 66
74374304594879 0
74374395870805 23
74374395917084 66
74374395935397 0
74374463236267 23
74374463279357 23
74374463296260 66
74374463312052 0
74374526335987 23
74374526408730 66
74374526426906 0
74374576182029 23
74374576219958 66
74374576237416 0
74374689657921 23
74374689710320 66
74374689727535 0
74374766429980 23
74374766478522 66
74374800147297 0
74374800184469 23
74374800201511 66
74374865514604 0
74374865555735 23
74374865572797 66
74374932768146 0
74374932801849 23
74374932818705 66
74374990087528 0
74374990127460 23
74374990144728 66
74375067544903 0
74375067578833 23
74375067596484 66
74375124888432 0
74375124936228 23
74375176450330 66
74375176489031 0
74375266462767 23
74375266513390 66
74375266530494 0
74375323008294 23
74375323282135 66
74375323474651 0
74375377570991 23
74375377610571 66
74375377627377 0
74375471926022 23
74375471977161 66
74375471994999 0
74375522392376 23
74375522444071 66
74375598229585 0
74375598269312 23
74375598287098 66
74375659823804 0
74375659866357 23
74375659883694 66
74375720390312 0
74375720423261 23
74375720440636 66
74375808800033 0
74375808842904 23
74375808861076 66
74375873972282 0
74375874009303 23
74375874026636 66
74375931884696 0
74375931952781 23
74375993044701 66
74375993090901 0
74376051826944 23
74376051867116 66
74376051885305 0
74376143599269 23
74376143650729 66
74376143668308 0
74376210909749 23
74376210963293 66
74376210980799 0
74376273189314 23
74376273228351 66
74376273245957 0
74376335146058 23
74376335194465 66
74376396186624 0
74376396226373 23
74376396244054 66
74376472055222 0
74376472097957 23
74376472115605 66
74376543542932 0
74376543585801 23
74376543603341 66
74376613086093 0
74376613129079 23
74376613146567 66
74376680481214 0
74376680527340 23
74376680545053 66
74376754238985 0
74376754289107 23
74376803690855 66
74376803979814 0
74376899449908 23
74376899498011 66
74376899515295 0
74376933160351 23
74376933194957 66
74376933212280 0
74377020693386 23
74377020735955 66
74377020752986 0
74377054147635 23
74377054176067 66
74377054192745 0
74377152109376 23
74377152162773 66
74377152180020 0
74377188363879 23
74377188390268 66
74377255328739 0
74377255357526 23
74377255374482 66
74377352138715 0
74377352190698 23
74377352208984 66
74377408944268 0
74377408976534 23
74377408994280 66
74377481934614 0
74377482186123 23
74377482378655 66
74377564973508 0
74377565025770 23
74377646891326 66
74377646942840 0
74377646961591 23
74377685535904 66
74377685568397 0
74377758398210 23
74377758442599 66
74377758496256 0
74377792050476 23
74377792076861 66
74377792093573 0
74377859067326 23
74377859096794 66
74377859114029 0
74377937455927 23
74377937498512 66
74377937516278 0
74378002721505 23
74378002751899 66
74378064538388 0
74378064582070 23
74378064599666 66
74378141714688 0
74378141758611 23
74378141776173 66
74378199554648 0
74378199598122 23
74378199615481 66
74378276593848 0
74378276905362 23
74378277096580 66
74378335720436 0
74378335764970 23
74378335782273 66
74378415432021 0
74378415471026 23
74378487675054 66
74378487720727 0
74378546093401 23
74378546126977 66
74378605121175 0
74378605157478 0
74378672447571 23
74378672482412 66
74378672499870 23
74378672516300 66
74378672532808 0
74378748238798 23
74378748279581 66
74378748296437 0
74378797965856 23
74378797994184 66
74378887964802 0
74378888011141 23
74378888028323 66
74378935569489 0
74378935605561 23
74378935622568 66
74379012912722 0
74379012957524 23
74379012974449 66
