66484337942056 0
66484338278752 23
66484411211203 66
66484411680716 0
66484520405460 23
66484520459382 66
66484520477458 0
66484554012309 23
66484554040832 66
66484554057713 0
66484613116972 23
66484613149832 66
66484613166745 0
66484680515372 23
66484680551778 66
66484754676951 0
66484754940547 23
66484857265257 66
66484857315155 0
66484857349259 23
66484883191431 66
66484883216484 0
66484950137572 23
66484950178508 66
66484950195874 0
66485008730256 23
66485008766197 66
66485008811174 0
66485105777375 23
66485105822686 66
66485105840612 0
66485194150643 23
66485194202127 66
66485227829924 0
66485227862178 23
66485284675898 66
66485284702055 0
66485362646555 23
66485362692606 66
66485362709880 0
66485427838470 23
66485427879007 66
66485427895928 0
66485500443912 23
66485500701657 66
66485500891816 0
66485573161479 23
66485573209606 66
66485573226945 0
66485619602345 23
66485619636708 66
66485692110906 0
66485692151969 23
66485764744600 66
66485764787434 0
66485848951144 23
66485848991649 66
66485849010278 0
66485920857644 23
66485920905105 66
66485920922300 0
66485983749239 23
66485983787477 66
66485983804637 0
66486081819597 23
66486081868203 66
66486081884496 0
66486081900656 23
66486081916543 66
66486148934969 0
66486148975125 23
66486225449716 66
66486225495192 0
66486335396604 23
66486335447461 66
66486369090253 0
66486369125493 0
66486470142459 23
66486470196554 66
66486470213438 23
66486470231115 66
66486520662301 0
66486594938201 0
66486594980970 23
66486594997778 66
66486655430057 23
66486655464602 66
66486729022694 0
66486729102637 0
66486788120031 23
66486788158857 66
66486788176269 23
66486788192912 66
66486886689455 0
66486886724363 0
66486886742438 23
66486973766786 66
66486973833509 23
66486973849883 66
66487051311356 0
66487087900171 0
66487087931291 23
66487087948963 66
66487087965558 23
66487160238161 66
66487221954083 0
66487221983952 0
66487310307091 23
66487310352491 66
66487310370743 23
66487310387791 66
66487363011518 0
66487461877196 0
66487461927272 23
66487461945583 66
66487509232735 23
66487509263465 66
66487579794244 0
66487579842880 0
66487673119290 23
66487673376369 66
66487673394444 23
66487673410184 66
66487700212778 0
66487813509626 0
66487813560113 23
66487847176261 66
66487847220186 23
66487847237875 66
66487920651393 0
66487981948150 0
66487981986363 23
66487982003527 66
66487982019369 23
66488064107748 66
66488116712567 0
66488116747082 0
66488200947801 23
66488200996145 66
66488201013561 23
66488201029441 66
66488234776604 0
66488329657388 0
66488329715665 23
66488329732978 66
66488389847228 23
66488390323775 66
66488437065428 0
66488437116893 0
66488518864325 23
66488518909121 66
66488518927186 23
66488518943509 66
66488590840706 0
66488630443277 0
66488630477345 23
66488721054260 66
66488721103447 23
66488721120905 66
66488764466675 0
66488764496449 0
66488872637538 23
66488872682742 66
66488872699955 23
66488906330531 66
66488990552582 0
66488990601373 0
66489057892041 23
66489057945838 66
66489057963785 23
66489057980316 66
66489126642616 0
66489178008797 0
66489178419061 23
66489178640768 66
66489291637505 23
66489291687555 66
66489325299701 0
66489325332993 0
66489392746851 23
66489392802165 66
66489392818790 23
66489392834637 66
66489460073507 0
66489525552549 0
66489525601235 23
66489569311884 66
66489569338810 23
66489569356730 66
66489636283252 0
66489636311047 0
66489729607465 23
66489729660723 66
66489729678380 23
66489782235897 66
66489860285138 0
66489860538685 0
66489860731282 23
66489959171499 66
66489959221411 23
66489959238629 66
66489999192461 0
66490090281914 0
66490090333175 23
66490090350713 23
66490090366447 66
66490131743638 23
66490131776582 66
66490180309308 0
66490180335560 0
66490285495114 23
66490285547453 66
66490285564277 23
66490285579890 66
66490315105462 0
66490401312347 0
66490401358088 23
66490401375552 66
66490468675008 23
66490468729027 66
66490515327878 0
66490515369673 0
66490595036582 23
66490595325244 66
66490595517253 23
66490642404703 66
66490738189636 0
66490738241582 0
66490738259939 23
66490827498534 66
66490827550397 23
66490827568389 66
66490843700507 0
66490955048012 0
66490955098895 23
66490955115782 66
66491005588634 23
66491005619774 66
66491062668231 0
66491062715417 0
66491138223196 23
66491138265455 66
66491138284387 23
66491138300944 66
66491225373272 0
66491254187650 0
66491254215084 23
66491254232432 66
66491316424901 23
66491316463345 66
66491391140811 0
66491391413684 0
66491458349630 23
66491458399478 66
66491458416313 23
66491458432002 66
66491514346291 0
66491628837550 0
66491628897292 23
66491660471993 66
66491660500717 23
66491660517499 66
66491751086447 0
66491795170327 0
66491795201944 23
66491795219760 66
66491795236206 23
66491896274906 66
66491946802175 0
66491946842920 0
66492029213899 23
66492029259355 66
66492029276668 23
66492029293164 66
66492071948873 0
66492136006678 0
66492136283455 23
66492136346079 66
66492233143630 23
66492233191950 66
66492252094086 0
66492252122623 0
66492334231782 23
66492334269297 66
66492334286865 23
66492334302931 66
66492418480574 0
66492453296295 0
66492453323877 23
66492551135142 66
66492551186341 23
66492551203280 66
66492587372257 0
66492587406819 0
66492654405418 23
66492654447977 66
66492654466413 23
66492728177529 66
66492798256335 0
66492798298595 0
66492888118166 23
66492888180447 23
66492888197652 66
66492888214343 23
66492888230324 66
66492997632480 0
66492997676471 23
66492997694434 66
66493090331979 0
66493134467184 23
66493134496389 66
66493134513557 0
66493208202620 23
66493208240361 66
66493208257616 0
66493271227455 23
66493271257724 66
66493328115416 0
66493328158212 23
66493392270098 66
66493392307479 0
66493488236839 23
66493488282725 66
66493488301201 0
66493527359543 23
66493527393829 66
66493654221434 0
66493654279361 23
66493686020598 66
66493686055322 0
66493749210916 23
66493749256255 66
66493749274183 0
66493816614026 23
66493816652108 66
66493816669559 0
66493913407677 23
66493913458881 66
66493936716605 0
66493936741300 23
66494004118156 66
66494004151219 0
66494079768303 23
66494079804210 66
66494079821913 0
66494147148074 23
66494147195304 66
66494222198560 0
66494222487922 23
66494272039797 66
66494272077175 0
66494349394098 23
66494349449201 66
66494349466542 0
66494398326270 23
66494398364849 66
66494398382081 0
66494465317493 23
66494465355076 66
66494551469681 0
66494551514326 23
66494627221066 66
66494627264318 0
66494703045137 23
66494703085642 66
66494703102987 0
66494741042482 23
66494741067839 66
66494823165611 0
66494823206642 23
66494823223848 66
66494989399089 0
66494989454196 0
66495006887088 23
66495007247832 66
66495007266710 23
66495007283204 23
66495007300851 66
