75186978619275 0
75186978928731 23
75187046296888 66
75187046686506 0
75187046956318 23
75187047189619 66
75187104813754 0
75187104852423 23
75187104869322 66
75187171889080 0
75187171922207 23
75187171939345 66
75187264860503 0
75187264904697 23
75187264921835 66
75187264938649 0
75187321720916 23
75187321764529 66
75187321781124 0
75187384308839 23
75187384693990 66
75187384713049 0
75187467135792 23
75187467186159 66
75187467203623 0
75187517534323 23
75187517578113 66
75187517595831 0
75187585020263 23
75187585060306 66
75187585077800 0
75187585094399 23
75187673559944 66
75187673605078 0
75187673623461 23
75187673640141 66
75187734391254 0
75187734426694 23
75187734443460 66
75187783016518 0
75187783051951 23
75187783069105 66
75187850319575 0
75187850353839 23
75187850371757 66
75187850388272 0
75187936557773 23
75187936606377 66
75187936624349 0
75187976659699 23
75187976685951 66
75187976702407 0
75188054487863 23
75188054540786 66
75188054557716 0
75188115378431 23
75188115680180 66
75188115874741 0
75188206069411 23
75188206127636 66
75188206145233 0
75188206161834 23
75188244861501 66
75188244891868 0
75188244909294 23
75188244925631 66
75188326088155 0
75188326130797 23
75188326148834 66
75188379066722 0
75188379097373 23
75188379114410 66
75188457581749 0
75188457629063 23
75188457647318 66
75188457664423 0
75188519926221 23
75188519969100 66
75188519986166 0
75188587308344 23
75188587344864 66
75188587362181 0
75188667158205 23
75188667197930 66
75188667215371 0
75188743127111 23
75188743175853 66
75188743193603 0
75188806760548 23
75188806801808 66
75188806820213 0
75188806837142 23
75188861007382 66
75188861045114 0
75188861062594 23
75188861078595 66
75188945243280 0
75188945309104 23
75188945327061 66
75189002635968 0
75189002679714 23
75189002697957 66
75189049907439 0
75189049941365 23
75189049958887 66
75189049975013 0
75189126276166 23
75189126320897 66
75189126338148 0
75189212503530 23
75189212542028 66
75189296744458 0
75189296788657 0
75189296806553 23
75189336771587 66
75189336799722 23
75189336816228 66
75189336833318 0
75189414680579 23
75189414730307 66
75189414747371 0
75189482018523 23
75189482071166 66
75189482089352 0
75189482106303 23
75189546911953 66
75189546963264 0
75189546980523 23
75189605499229 66
75189605988811 0
75189606210319 23
75189608724445 66
75189695909751 0
75189695957407 23
75189695974527 66
75189743111487 0
75189743148955 23
75189743166294 66
75189852641772 0
75189852695524 23
75189852714301 66
75189854626516 0
75189854647510 23
75189854663994 66
75189921563441 0
75189921589855 23
75189921606830 66
75189992060221 0
75189992103641 23
75189992542590 66
75190055791035 0
75190055820826 23
75190055837615 66
75190170607811 0
75190170666396 23
75190170684341 66
75190170701054 0
75190189855597 23
75190189879053 66
75190189895651 0
75190260815282 23
75190260854899 66
75190260872461 0
75190354228283 23
75190354297430 66
75190354314162 0
75190421781904 23
75190421824992 66
75190421842317 0
75190470514761 23
75190470544962 66
75190470563214 0
75190532906363 23
75190532948530 66
75190532966058 0
75190600263838 23
75190600294900 66
75190600312316 0
75190692786411 23
75190692828908 66
75190692846687 0
75190741251323 23
75190741312905 66
75190741330693 0
75190799379667 23
75190799423097 66
75190799440088 0
75190799456361 23
75190860519568 66
75190860559474 0
75190860577268 23
75190956103955 66
75190956146568 0
75190956164122 23
75190956181071 66
75191001198842 0
75191001427536 23
75191001446388 66
75191061803737 0
75191061843804 23
75191061860765 66
75191145517210 0
75191145566655 23
75191145585677 66
75191212868720 0
75191212914135 23
75191212931643 66
75191271817444 0
75191271853158 23
75191271870549 66
75191343754352 0
75191343798476 23
75191343815654 66
75191404585325 0
75191404614934 23
75191404632072 23
75191404648945 66
75191482374968 0
75191482418074 23
75191482435326 66
75191482451402 0
75191539357275 23
75191539393693 66
75191539411044 0
75191606878253 23
75191606926627 66
75191606944332 0
75191665377448 23
75191665414250 66
75191665431424 0
75191749103869 23
75191749150819 66
75191749167736 0
75191802270786 23
75191802729988 66
75191803002642 0
75191901567111 23
75191901615516 66
75191901651055 0
75191933607006 23
75191933632959 66
75191933649855 0
75192036155260 23
75192036215428 66
75192036345843 0
75192067807488 23
75192067834209 66
75192067852353 0
75192154068122 23
75192154114197 66
75192154131547 0
75192154147828 23
75192219466151 66
75192219500443 0
75192219518255 23
75192289114190 66
75192289155078 0
75192289172582 23
75192289188655 66
75192370936068 0
75192370991720 23
75192371008924 66
75192445559926 0
75192445820068 23
75192446247895 66
75192492116350 0
75192492635127 23
75192492834868 66
75192573076339 0
75192573116701 23
75192573134465 66
75192604305197 0
75192604332749 23
75192604349995 66
75192686179179 0
75192686224252 23
75192686241724 66
75192749395646 0
75192749449218 23
75192749467432 66
75192825754070 0
75192825800292 23
75192825818097 66
75192825834057 0
75192893199184 23
75192893236180 66
75192893253338 0
75192960514191 23
75192960554828 66
75192960571859 0
75193006686433 23
75193006715501 66
75193006732416 0
75193129065733 23
75193129123875 66
75193129140699 0
75193148036288 23
75193148061209 66
75193148078166 0
75193234593889 23
75193234640236 66
75193234657054 0
75193312446306 23
75193312489346 66
75193312506166 0
75193360460730 23
75193360537736 66
75193360556153 0
75193426624342 23
75193426659887 66
75193426677021 0
75193476158997 23
75193476188140 66
75193476204596 0
75193476220849 23
75193543299503 66
75193543341519 0
75193543359174 23
75193610245972 66
75193610272959 0
75193610290408 23
75193677521967 23
75193677564393 66
75193699665334 0
75193699686216 23
75193699702963 66
75193744516068 0
75193744551466 23
75193744568272 66
75193811666006 0
75193811702269 23
75193811719124 66
75193916529703 0
75193916580011 23
75193916597354 66
75193962129894 0
75193962532730 23
75193962849449 66
75194043739967 0
75194043796132 23
75194043813479 66
75194101736685 0
75194101777727 23
75194101795722 66
75194183848771 0
75194183897549 23
75194183914929 66
75194183930675 0
75194221876506 23
75194221903263 66
75194221920103 0
75194320732594 23
75194320780345 66
75194320797646 0
75194348077971 23
75194348105738 66
75194348123262 0
75194455491607 23
75194455540754 66
75194455558323 0
75194482165389 23
75194482193258 66
75194482210169 0
75194549276851 23
75194549310037 66
75194549326467 0
75194617691886 23
75194617733387 66
75194617750728 0
75194704171785 23
75194704222684 66
75194704241111 0
75194776891309 23
75194776933110 66
75194776950089 0
75194831823061 23
75194831854044 66
75194831871369 0
75194831887453 23
75194897841036 66
75194897888051 0
75194897904700 23
75194958860640 66
