74461090820820 0
74461162909708 23
74461163514736 66
74461163792857 0
74461248650524 23
74461248693851 66
74461248710810 0
74461292074992 23
74461292105174 66
74461292122787 0
74461365711043 23
74461365749563 66
74461365766615 0
74461454028464 23
74461454080141 66
74461454097293 0
74461505076334 23
74461505119308 66
74461505136806 0
74461605653483 23
74461605701646 66
74461605718589 0
74461656141568 23
74461656191507 66
74461656210289 0
74461732770136 23
74461732819715 66
74461732838152 0
74461761515646 23
74461761544503 66
74461761561476 0
74461828688066 23
74461828716074 66
74461828733059 0
74461938892874 23
74461938951050 66
74461938968259 0
74461970832140 23
74461970862650 66
74461970879155 0
74462058320793 23
74462058368626 66
74462058386225 0
74462142527003 23
74462142577061 66
74462142594024 0
74462193459569 23
74462193680574 66
74462193697470 0
74462252866394 23
74462252906980 66
74462252924301 0
74462314837549 23
74462315307903 66
74462315562043 0
74462372266044 23
74462372315215 66
74462372332960 0
74462462581587 23
74462462622189 66
74462462639540 0
74462546425441 23
74462546481376 66
74462574344136 0
74462574372401 23
74462574389698 66
74462679480905 0
74462679528497 23
74462679545704 66
74462702683053 0
74462702713843 23
74462702731502 66
74462767524679 0
74462767549768 23
74462767566413 66
74462847897989 0
74462847941731 23
74462847959420 66
74462908969181 0
74462909004873 23
74462909021794 66
74462979026205 0
74462979281598 23
74462979472767 66
74463061848533 0
74463061897485 23
74463061914716 66
74463134967440 0
74463135016784 23
74463135033722 66
74463170055155 0
74463170082073 23
74463170098937 66
74463243911085 0
74463243950051 23
74463243968086 66
74463321633432 0
74463321667630 23
74463321684494 66
74463401691187 0
74463401732652 23
74463401751210 66
74463466922705 0
74463466954179 23
74463466971675 66
74463519403338 0
74463519442930 23
74463519459962 66
74463580786815 0
74463580824410 23
74463580841932 66
74463643904564 0
74463643944347 23
74463643962133 66
74463710231473 0
74463710535884 23
74463710726749 66
74463773651014 0
74463773689729 23
74463773706873 66
74463854482639 0
74463854525884 23
74463854542994 66
74463913492520 0
74463913537377 23
74463913554822 66
74464065047054 0
74464065095153 0
74464065112669 23
74464123907846 66
74464123944741 23
74464123962086 66
74464123978477 0
74464225073753 23
74464225121912 66
74464225138969 0
74464250392061 23
74464250418934 66
74464250435845 0
74464359744470 23
74464359792005 66
74464359809364 0
74464385199356 23
74464385228436 66
74464385245496 0
74464460607904 23
74464461066605 66
74464461115535 0
74464528212675 23
74464528263139 66
74464528280573 0
74464618565286 23
74464618618164 66
74464679783070 0
74464679826816 23
74464679844281 66
74464736870688 0
74464736919936 23
74464736937458 66
74464797702589 0
74464797737919 23
74464797755435 66
74464846731072 0
74464846757306 23
74464846774309 66
74464913794188 0
74464913834036 23
74464913851735 66
74464980845872 0
74464980883049 23
74464980900790 66
74465081962693 0
74465082014656 23
74465153407539 66
74465153452850 0
74465194289593 23
74465194691481 66
74465194951622 0
74465280420135 23
74465280468381 66
74465280485235 0
74465324248887 23
74465324283674 66
74465324300965 0
74465391594542 23
74465391629443 66
74465391646645 0
74465486218134 23
74465486267943 66
74465486285871 0
74465536763647 23
74465536792667 66
74465584515922 0
74465584553156 23
74465584570353 66
74465651459677 0
74465651493643 23
74465651511381 66
74465749516715 0
74465749563179 23
74465749581351 66
74465785763272 0
74465785791558 23
74465785808165 66
74465876905083 0
74465877159102 23
74465877351365 66
74465955794248 0
74465955848808 23
74465955866010 66
74465993818248 0
74465993855881 23
74466090547865 66
74466090598160 0
74466090616360 23
74466148975632 66
74466149027874 0
74466212715918 23
74466212751624 66
74466212769245 0
74466282120847 23
74466282173018 66
74466282191022 0
74466357944518 23
74466357987767 66
74466358005393 0
74466427447731 23
74466427492873 66
74466427510029 0
74466456355323 23
74466456388525 66
74466456405476 0
74466567064386 23
74466567540121 66
74466590757059 0
74466591037204 23
74466591231428 66
74466678025972 0
74466678082741 23
74466678100191 66
74466724734247 0
74466724771045 23
74466724788658 66
74466829583361 0
74466829638228 23
74466829655893 66
74466880153566 0
74466880192623 23
74466880211187 66
74466943305665 0
74466943354848 23
74466943372765 66
74467012885526 0
74467012919328 23
74467115987191 66
74467116039942 0
74467149650680 23
74467149701448 66
74467149719622 0
74467229638720 23
74467229687465 66
74467229704864 0
74467269413462 23
74467269721794 66
74467270268446 0
74467350011734 23
74467350064367 66
74467350081810 0
74467412836235 23
74467412885967 66
74467412903695 0
74467501291910 23
74467501351758 66
74467501369055 0
74467551818507 23
74467551858102 66
74467636053213 0
74467636104745 23
74467636122130 66
74467686578698 0
74467686610892 23
74467686627838 66
74467787638404 0
74467787689472 23
74467787707764 66
74467821345590 0
74467821377875 23
74467821395411 66
74467888963227 0
74467889010541 23
74467889028659 66
74467956099191 0
74467956142752 23
74467956159888 66
74468006970357 0
74468007007047 23
74468074196016 66
74468074247027 0
74468156150922 23
74468156206320 66
74468156223780 0
74468200150524 23
74468200188101 66
74468200206576 0
74468267099980 23
74468267129877 66
74468267146874 0
74468334498830 23
74468334542520 66
74468334559441 0
74468401288417 23
74468401322255 66
74468401340314 0
74468468549361 23
74468468591353 66
74468556187674 0
74468556234538 23
74468556251748 66
74468634961703 0
74468635017685 23
74468635035408 66
74468691444132 0
74468691484243 23
74468691501818 66
74468792300492 0
74468792360326 23
74468792377544 66
74468827827980 0
74468827861624 23
74468827878485 66
74468878689918 0
74468878736106 23
74468878753519 66
74469046807441 0
74469046858525 0
74469046876560 23
74469071963136 66
74469071990096 23
74469072037374 66
74469072054205 0
74469181571124 23
74469181615350 66
74469181632633 0
74469206181424 23
74469206208529 66
74469206225681 0
74469273233175 23
74469273271588 66
74469273288646 0
74469364448724 23
74469364496676 66
74469364514613 0
74469414027594 23
74469414066468 66
74469414083995 0
74469486474563 23
74469486938401 66
74469552157985 0
74469552196742 23
74469552213900 66
74469634102091 0
74469634141059 23
74469634158817 66
74469718588695 0
74469718637152 23
74469718654646 66
74469750249460 0
74469750277516 23
74469750294859 66
74469836412020 0
74469836455363 23
74469836472670 66
74469884953192 0
74469884983002 23
74469885000593 66
74469954340279 0
74469954378126 23
74470010926471 66
74470010960495 0
74470113580618 23
74470113631024 66
74470113648275 0
74470157728942 23
74470157977901 66
