75096562460772 0
75096636010928 23
75096636468771 66
75096636740103 0
75096720076453 23
75096720118360 66
75096790607109 0
75096790639404 0
75096790656570 23
75096863009829 66
75096863051970 23
75096863069395 66
75096863085618 0
75096863101805 23
75096941453217 66
75096941506509 0
75096941524402 23
75096941540731 66
75096988465340 0
75096988732862 23
75096988926961 66
75097055386625 0
75097055576818 23
75097055667858 66
75097132672141 0
75097132718866 23
75097132736536 66
75097191488997 0
75097191538997 23
75097191557221 66
75097248388310 0
75097248422391 23
75097248440124 66
75097342677266 0
75097342726012 23
75097342743420 66
75097385208672 0
75097385238929 23
75097385256411 66
75097463372895 0
75097463418739 23
75097463436635 66
75097519965650 0
75097520000485 23
75097520018112 66
75097602067369 0
75097602126585 23
75097602144395 66
75097635590339 0
75097635622754 23
75097635640763 66
75097713742587 0
75097713785478 23
75097713802630 66
75097713818551 0
75097787531078 23
75097787583930 66
75097787601271 0
75097878892306 23
75097878937094 66
75097878954447 0
75097955834843 23
75097955887213 66
75097955905203 0
75097979095087 23
75097979118501 66
75097979135059 0
75098073755653 23
75098073808841 66
75098073826578 0
75098124274039 23
75098124302848 66
75098191839258 0
75098191879828 0
75098259008939 23
75098259047507 66
75098259065241 23
75098259081759 66
75098259098275 0
75098306351960 23
75098306391860 66
75098306409216 0
75098379159914 23
75098379441601 66
75098379460479 0
75098449225527 23
75098449270691 66
75098449287394 0
75098537020804 23
75098537077846 66
75098537095392 0
75098596291735 23
75098596342491 66
75098596359510 0
75098661267093 23
75098661319450 66
75098661337298 0
75098661354297 23
75098724416398 66
75098724455952 0
75098724473685 23
75098795971929 66
75098796024815 0
75098796043423 23
75098850933430 66
75098850971727 0
75098850988791 23
75098851005028 23
75098918234957 66
75098918277842 0
75098918295666 23
75098918312282 66
75098982847763 0
75098982895302 23
75098982912710 66
75099065500315 0
75099065550236 23
75099065568269 66
75099130808404 0
75099130861745 23
75099130880021 66
75099178339553 0
75099178369620 23
75099178387058 66
75099269902737 0
75099269947736 23
75099269964912 66
75099332914106 0
75099332973704 23
75099332992029 23
75099333008312 66
75099379317806 0
75099379355785 23
75099379373080 66
75099467654155 0
75099467704217 23
75099467722103 66
75099527631561 0
75099527671718 23
75099527689305 66
75099587801041 0
75099587841679 23
75099587859398 66
75099670080905 0
75099670127455 23
75099670144766 66
75099740040874 0
75099740084443 23
75099740102269 66
75099740119158 0
75099794189767 23
75099794317014 66
75099794362148 0
75099848840346 23
75099848881778 66
75099848899596 0
75099916003732 23
75099916045153 66
75099916062498 0
75099998268352 23
75099998303692 66
75099998321576 0
75100054066639 23
75100054106527 66
75100054123921 0
75100139322791 23
75100139361756 66
75100139379306 0
75100223577428 23
75100223622289 66
75100223640412 0
75100251230232 23
75100251256843 66
75100251273691 0
75100351596150 23
75100351652677 66
75100351669566 0
75100392163033 23
75100392194195 66
75100392212151 0
75100463501759 23
75100463713008 66
75100463732403 0
75100526918365 23
75100527213190 66
75100527404203 0
75100594345228 23
75100594393186 66
75100594410352 0
75100726815867 23
75100726876161 66
75100726893086 0
75100726909520 23
75100729038980 66
75100729058848 0
75100729074825 23
75100787704441 66
75100787734395 0
75100787751905 23
75100854963877 66
75100854998103 0
75100855015510 23
75100855031330 66
75100945786765 0
75100945824116 23
75100945841767 66
75101030128584 0
75101030173589 23
75101030191270 66
75101080543640 0
75101080586537 23
75101080603999 66
75101150747199 0
75101150796954 23
75101150814391 66
75101190130889 0
75101190163343 23
75101190180804 66
75101263861099 0
75101263897744 23
75101263915516 66
75101463943855 0
75101463997988 23
75101464015671 66
75101466052576 0
75101466074443 23
75101466091072 66
75101466107150 0
75101566926123 23
75101566972948 66
75101600743235 0
75101600773629 0
75101701696660 23
75101701748454 66
75101701765353 23
75101701781261 66
75101701799311 0
75101752224832 23
75101752258167 66
75101752275969 0
75101826033086 23
75101826076281 66
75101826093539 0
75101860933730 23
75101860962503 66
75101860979634 0
75101971074104 23
75101971133338 66
75101971224773 0
75102003012209 23
75102003339524 66
75102003358343 0
75102104023394 23
75102104084304 66
75102104101534 0
75102137590317 23
75102139483982 66
75102139503797 0
75102223997022 23
75102224046285 66
75102224063298 0
75102224079762 23
75102270348276 66
75102270389759 0
75102270407186 23
75102390209759 66
75102390254488 0
75102390271807 23
75102423881714 66
75102423908718 0
75102423925806 23
75102423942159 66
75102491306164 0
75102491351990 23
75102491369366 66
75102539886899 0
75102539938948 23
75102539957122 66
75102598703785 0
75102598747543 23
75102598764548 66
75102667178123 0
75102667221111 23
75102667238128 66
75102734328853 0
75102734591440 23
75102734784083 66
75102799989622 0
75102800032768 23
75102800050373 66
75102887136084 0
75102887175555 23
75102887193069 66
75102957703186 0
75102957749080 23
75102957766500 66
75103030318093 0
75103030360561 23
75103030377941 66
75103078769293 0
75103078810572 23
75103078828253 66
75103156688338 0
75103156724197 23
75103156741780 66
75103209442740 0
75103209479128 23
75103209495920 66
75103209511644 0
75103289387891 23
75103289439816 66
75103289457282 0
75103354684877 23
75103354725151 66
75103354742191 0
75103411951694 23
75103412195338 66
75103412215282 0
75103478982266 23
75103479025099 66
75103479042389 0
75103600981394 23
75103601035261 66
75103601052502 0
75103618079797 23
75103618108368 66
75103618124806 0
75103685165624 23
75103685203736 66
75103685221647 0
75103738938490 23
75103738982007 66
75103738999098 0
75103805906770 23
75103805946044 66
75103805963206 0
75103902132714 23
75103902180558 66
75103902198601 0
75103940108125 23
75103940133407 66
75103940150097 0
75104036802512 23
75104036860192 66
75104036879293 0
75104104182153 23
75104104225366 66
75104104241882 0
75104170304684 23
75104170353565 66
75104170370926 0
75104170387756 23
75104218417981 66
75104218819771 0
75104219040562 23
75104325308677 66
75104325355615 0
75104325373859 23
75104373431261 66
75104373470489 0
75104373487818 23
75104373504143 66
75104464333653 0
75104464390655 23
75104464408658 66
75104567244505 0
75104567298202 0
75104567315690 23
75104567331740 66
75104630584774 23
75104630631068 66
75104630666539 0
75104630684035 23
75104630700416 66
75104708477082 0
75104708529820 23
75104708547352 66
75104744841956 0
75104744871020 23
75104744888266 66
75104835533833 0
75104835585699 23
75104835603391 66
75104885384383 0
75104885422958 0
75104885441234 23
75104885457678 66
75104956405619 23
75104956446909 66
