68587936818329 0
68588010988469 23
68588011460198 0
68588011729906 23
68588011962923 66
68588012192577 23
68588012459217 0
68588094070871 23
68588094121030 66
68588094138391 23
68588094154334 0
68588163682050 23
68588163717846 66
68588163736036 23
68588163751979 0
68588163768166 23
68588206371477 66
68588206401255 23
68588206419154 0
68588206435652 23
68588206451812 66
68588307547315 0
68588307602685 23
68588307619978 66
68588360891559 23
68588361154956 0
68588361344944 23
68588361532640 66
68588361720293 23
68588361907450 0
68588415496218 23
68588415542914 66
68588415560024 23
68588415576112 0
68588488471041 23
68588488524031 66
68588488541938 23
68588488558989 0
68588488576463 23
68588572648867 66
68588572702757 23
68588572720025 0
68588572736389 23
68588572752352 66
68588600380664 0
68588600409738 23
68588600427508 66
68588600443596 23
68588600459577 0
68588705277951 23
68588705324612 66
68588705341895 23
68588705357894 0
68588741212856 23
68588741242702 66
68588741259957 23
68588741276409 0
68588741292615 23
68588830072010 66
68588830118570 23
68588830135748 0
68588830152033 23
68588875946110 66
68588875973675 23
68588875990582 0
68588876008840 23
68588876024956 66
68588960296297 0
68588960344502 23
68588960361520 66
68588960377429 23
68588960393024 0
68589025329680 23
68589025371413 66
68589025388748 23
68589025404781 0
68589115169591 23
68589115438653 66
68589115629793 23
68589115865460 0
68589116063851 23
68589147761026 66
68589148176343 23
68589148459694 0
68589148655169 23
68589148871079 66
68589242226891 23
68589242282127 0
68589242299500 23
68589242316654 66
68589284302239 0
68589284342075 23
68589284359873 66
68589284376277 23
68589284392523 0
68589379082143 23
68589379124887 66
68589379142421 23
68589379158409 0
68589405239113 23
68589405266727 66
68589405283851 23
68589405300013 0
68589405316236 23
68589472265459 66
68589472289973 23
68589472306815 0
68589472337597 23
68589472354403 66
68589539537446 23
68589539579074 0
68589539597172 23
68589539613849 66
68589606678737 0
68589606706322 23
68589606723275 66
68589606739174 23
68589606755182 0
68589692861035 23
68589692914342 66
68589692931747 23
68589692948179 0
68589692965564 23
68589781265530 66
68589781317746 23
68589781334852 0
68589781351197 23
68589819649239 66
68589819684052 23
68589819701236 0
68589819717302 23
68589819732970 66
68589882686239 23
68589882742387 0
68589882760364 23
68589882776748 66
68589882792787 0
68589882808900 23
68589966532389 66
68589966575075 23
68589966592823 0
68590028614090 23
68590028650731 66
68590028667407 23
68590028683207 0
68590028698951 23
68590101303043 66
68590101352088 23
68590101370034 0
68590101387353 23
68590101403481 23
68590142939361 66
68590142966372 0
68590142982844 23
68590142999366 66
68590236066669 0
68590236109464 23
68590236127217 66
68590236143762 23
68590236159983 0
68590277183215 23
68590277217670 66
68590277234665 23
68590277250767 0
68590277267125 23
68590349062339 66
68590349106837 23
68590349124267 0
68590349140628 23
68590436089539 66
68590436144010 23
68590436161784 0
68590436179051 23
68590436195909 66
68590497882260 0
68590497926986 23
68590497944184 66
68590497960101 23
68590497976050 0
68590558287799 23
68590558816933 66
68590559113612 23
68590559348649 0
68590660477657 23
68590660530352 66
68590660547206 23
68590660563327 0
68590660579175 23
68590705594433 66
68590705625052 23
68590705642085 0
68590705658594 23
68590806671044 66
68590806719448 23
68590806736755 0
68590806753441 23
68590806770416 66
68590821511420 0
68590821534759 23
68590821551217 66
68590821569049 23
68590821585222 0
68590888876743 23
68590888903791 66
68590888920167 23
68590888936072 0
68590956435684 23
68590956480645 66
68590956497803 23
68590956513901 0
68590956529856 23
68591025773174 66
68591025807251 23
68591025824644 0
68591025842152 23
68591025858206 66
68591101440358 23
68591101489881 0
68591101508356 23
68591101525090 66
68591149249149 0
68591149296216 23
68591149313394 66
68591149329486 23
68591149345570 0
68591225946785 23
68591226229052 66
68591226806458 23
68591226998012 0
68591227187748 23
68591343590298 66
68591343647428 23
68591343664554 0
68591343680976 23
68591360424996 66
68591360451815 23
68591360467807 0
68591360483609 23
68591360499256 66
68591432696649 23
68591432738094 0
68591432756006 23
68591432772364 66
68591432788468 0
68591503765704 23
68591503807957 66
68591503825453 23
68591503841861 0
68591558494554 23
68591558525183 66
68591558541768 23
68591558557651 0
68591558573739 23
68591646782810 66
68591646823075 23
68591646840538 0
68591646856781 23
68591646872648 66
68591699440290 23
68591699470646 0
68591699487750 23
68591699504121 66
68591760636712 23
68591760674287 0
68591760691672 23
68591760707637 66
68591760723353 0
68591760739260 23
68591819584704 66
68591819619615 23
68591819637214 0
68591886863916 23
68591886907158 66
68591886924002 23
68591886939901 0
68591886956355 23
68591971295621 66
68591971794066 23
68591972067802 0
68591972299427 23
68591972534346 66
68592048881688 23
68592065838281 0
68592065860098 23
68592065877489 66
68592087912572 23
68592087935543 0
68592087952043 23
68592087968123 66
68592087984425 23
68592088000539 0
68592169801241 66
68592169841256 23
68592169858494 0
68592169874926 23
68592222107735 66
68592222137220 23
68592222154159 23
68592222170385 23
68592222186568 66
68592301679131 0
68592369023404 23
68592369054706 66
68592369071989 0
68592369088536 0
68592437065186 23
68592437103591 66
68592437120673 0
68592437139838 23
68592516388818 66
68592516439210 23
68592516456335 0
68592572280068 23
68592572327463 66
68592572344456 23
68592572360397 0
68592652507203 23
68592653138702 66
68592653161590 23
68592653178336 0
68592699745406 23
68592699780794 66
68592699798034 23
68592699813979 0
68592699829750 23
68592788119579 66
68592788176013 23
68592788193286 0
68592788209782 23
68592855435415 66
68592855486456 23
68592855503528 0
68592855520131 23
68592892761189 66
68592892790352 23
68592892808739 0
68592892825418 23
68592892841437 66
68592973339748 23
68592973386028 0
68592973403363 23
68592973419858 66
68593040704344 23
68593040739177 0
68593040756750 23
68593040772723 66
68593095511731 23
68593099698419 0
68593099717098 23
68593099733679 66
68593161071531 23
68593161102757 0
68593161120020 23
68593161136400 66
68593257593473 23
68593257645464 0
68593257663682 23
68593257680120 66
68593257696288 23
68593301932670 0
68593301962852 23
68593301979600 66
68593301996593 23
68593369373065 0
68593369411523 23
68593369429659 66
68593369445729 23
68593369461503 0
68593446097084 23
68593446419559 66
68593446611194 23
68593446797869 0
68593510280800 23
68593510344197 66
68593510361262 23
68593510377189 0
68593571458133 23
68593571495605 66
68593571513115 23
68593571529169 0
68593658769487 23
68593658814895 66
68593658833233 23
68593658850094 0
68593697521409 23
68593697547198 66
68593697563936 23
68593697579843 0
68593697622593 23
68593773458195 66
68593773499302 23
68593773516488 0
68593773532602 23
68593847154698 66
68593847187367 23
68593847204680 0
68593847221586 23
68593931385459 23
68593931433519 66
68593931451021 23
68593931467815 0
68593931484378 23
68593981911028 66
68593981943675 23
68593981960268 0
68593981976758 23
68593981992870 66
68594037675309 23
68594037722075 0
68594037739794 23
68594037755886 66
68594099937686 23
68594099982790 0
68594100000431 23
68594100016591 66
68594189004162 23
68594189045303 0
68594189062795 23
68594189078858 66
68594283094424 23
68594283149726 0
68594283167007 23
68594283183065 23
68594283198821 66
68594333544120 23
68594333581918 0
68594333599955 23
68594333616842 66
68594333633575 23
68594394616962 0
68594394656948 23
68594394674074 66
68594394690373 23
68594394706216 0
68594485184764 23
68594485238020 66
68594485256297 23
68594485272843 0
68594510563371 23
68594510593119 66
68594510611011 23
68594510626982 0
68594582061852 23
68594582106541 66
68594582124172 23
68594582140274 0
68594653598655 23
68594653636701 66
68594653653831 23
68594653670184 0
68594703659248 23
68594703695406 66
68594703711937 23
68594703728015 0
68594703743851 23
68594770663867 66
68594770699531 23
68594770716530 0
68594770733320 23
68594854043868 66
68594854090935 23
68594854108025 0
68594854125282 23
68594905678087 66
68594905920629 23
68594906113298 0
68594906344783 23
68594972116368 66
68594972157940 23
68594972174758 0
68594972191852 23
68594972207656 66
68595039018665 23
68595039057873 0
68595039075418 23
68595039091554 66
68595112797621 23
68595112832511 0
68595112849797 23
68595112866008 66
68595180141377 23
68595180178225 0
68595180195645 23
68595180212348 66
68595247543437 23
68595247580405 0
68595247597331 23
68595247613691 23
68595247629282 66
68595314849051 23
68595314880724 0
68595314897848 23
68595314913755 66
68595314929656 23
68595409517918 66
