68856611381792 0
68856611667537 23
68856685626146 0
68856686055610 23
68856686356674 66
68856686592898 0
68856686822174 23
68856813587381 66
68856813625748 0
68856813643652 23
68856813660497 66
68856813676615 23
68856813692884 0
68856813709649 23
68856813725540 66
68856880956417 0
68856880997192 23
68856881014143 66
68856881030343 23
68856881046431 0
68856969271506 66
68856969318871 23
68856969336836 0
68856969354372 23
68857039676235 66
68857039948895 0
68857040141333 23
68857040330204 66
68857099982599 23
68857100028624 0
68857100046142 66
68857154549962 23
68857154599656 0
68857154618226 23
68857154634491 66
68857154650537 0
68857154667017 23
68857256407280 66
68857256458676 23
68857256475371 0
68857256492610 23
68857282370807 66
68857282401362 0
68857282418745 23
68857282435533 66
68857342556276 0
68857342585555 23
68857342602609 66
68857342619598 23
68857342635531 0
68857430448037 23
68857430491457 66
68857430509999 0
68857430526805 23
68857499851772 66
68857499881626 0
68857499898631 23
68857499914932 66
68857580279145 23
68857580324465 0
68857580342016 23
68857580358319 66
68857641027755 0
68857641072944 23
68857641090814 66
68857641107047 0
68857641123362 23
68857711997774 66
68857712042699 23
68857712060221 0
68857712076446 23
68857767658453 66
68857767921945 0
68857768112898 23
68857768302212 66
68857866421258 0
68857866478940 23
68857866496130 66
68857866513542 23
68857866529491 0
68857910439763 23
68857910483537 66
68857910500653 0
68857910517223 23
68857994728426 66
68857994786540 0
68857994804463 23
68857994820709 66
68858043107930 23
68858043154231 0
68858043172095 23
68858043188778 66
68858118924136 0
68858118970189 23
68858118987977 66
68858119003803 0
68858119019420 23
68858177828943 66
68858177867626 23
68858177884953 0
68858177901534 23
68858262063340 66
68858262113064 0
68858262130685 23
68858262147612 66
68858281526420 0
68858281552265 23
68858281568874 66
68858281584524 23
68858281600075 0
68858348597555 23
68858348630266 66
68858348647334 0
68858348664784 23
68858430539149 66
68858430584188 0
68858430602135 23
68858430618764 66
68858524507374 23
68858524557700 0
68858524575109 23
68858524591167 66
68858582265656 0
68858582317800 23
68858582335841 66
68858582352301 23
68858625465249 66
68858625496382 0
68858625513341 23
68858711139691 66
68858711185124 0
68858759135513 23
68858759171524 0
68858759189097 23
68858759205143 66
68858759221484 23
68858759238091 0
68858826648262 66
68858826690290 23
68858826707040 0
68858885114744 23
68858885145385 66
68858885162211 0
68858885178412 23
68858885194789 66
68858974504883 0
68858974568579 23
68858974586612 66
68859034849395 23
68859034891342 0
68859034909122 23
68859034926332 66
68859034943225 0
68859034959403 23
68859087596585 66
68859087634144 0
68859087651229 23
68859087667440 66
68859153532168 23
68859153575053 0
68859153592263 23
68859153608756 66
68859245679822 0
68859245729023 23
68859245746537 66
68859245762508 0
68859245778194 23
68859287671394 66
68859287909613 23
68859288101170 0
68859376080223 23
68859376150257 66
68859376168363 0
68859376184565 23
68859376200881 66
68859428735744 0
68859428773141 23
68859428791693 66
68859509020391 23
68859509066352 0
68859509084504 23
68859509100509 66
68859509116130 0
68859509131784 23
68859590723202 66
68859590768531 0
68859590787100 23
68859590804137 66
68859689682645 23
68859689733198 0
68859689751018 23
68859689767663 66
68859698224650 0
68859698246676 23
68859698263518 66
68859698279852 0
68859698296185 23
68859797225739 66
68859797276095 23
68859797294437 0
68859824121016 23
68859824152460 66
68859824169755 0
68859824186720 23
68859824203236 66
68859891068316 0
68859891102652 23
68859891119658 66
68859958215108 23
68859958250420 0
68859958267304 23
68859958282986 66
68859958298543 0
68859958315067 23
68860060345002 66
68860060410488 0
68860060429748 23
68860060445944 66
68860092351478 23
68860092381827 0
68860092398716 23
68860092414711 66
68860159440288 0
68860159470201 23
68860159488305 66
68860159505042 0
68860159521339 23
68860245565335 66
68860245610465 23
68860245629393 0
68860322527250 23
68860322581232 66
68860322598217 0
68860322614490 23
68860322630252 66
68860378308216 23
68860378344465 66
68860466989915 0
68860467039609 23
68860467057231 0
68860529841738 23
68860529882724 66
68860529900729 23
68860529917107 0
68860529933577 66
68860601810615 23
68860601857460 0
68860601875059 23
68860601891169 66
68860664587299 0
68860664632129 23
68860664650083 66
68860664666688 0
68860664683098 23
68860719322932 66
68860719384982 23
68860719403772 0
68860777120944 23
68860777530995 66
68860777815583 0
68860778005975 23
68860778329754 66
68860866727083 0
68860866778485 23
68860866795448 66
68860897380906 23
68860897415681 0
68860897434540 23
68860897451214 66
68860897467289 0
68860897483289 23
68861001463031 66
68861001512210 0
68861001529599 23
68861001545814 66
68861052010210 23
68861052045652 0
68861052065102 23
68861052081839 66
68861098250508 0
68861098308327 23
68861098326140 66
68861098342379 0
68861098358503 23
68861201510103 66
68861201556202 23
68861201573811 0
68861250969037 23
68861251001423 66
68861251018625 0
68861251034896 23
68861251050499 66
68861308264001 0
68861308304046 23
68861308321906 66
68861374311791 23
68861374357953 0
68861374375537 23
68861374392028 66
68861374408049 0
68861374424276 23
68861449324594 66
68861449578225 23
68861449768647 0
68861450264774 23
68861538674802 66
68861538722927 0
68861538740804 23
68861538756857 66
68861597394646 23
68861597445791 66
68861597463089 0
68861664462525 23
68861664514498 66
68861723708433 0
68861723751912 0
68861723769583 23
68861791102714 66
68861791157915 0
68861791175435 23
68861791191654 66
68861852194811 23
68861852235035 0
68861852253050 23
68861852269746 66
68861942699441 23
68861942747324 0
68861942764458 23
68861942780488 66
68861942796264 23
68861970339089 0
68861970369270 23
68861970387524 66
68861970403789 23
68861970419851 0
68862058508847 23
68862058558583 23
68862058575948 66
68862058592082 0
68862058608263 23
68862139557904 66
68862139607471 23
68862139624869 0
68862139642866 23
68862190468989 66
68862190508160 23
68862190525375 0
68862190541585 23
68862246134839 66
68862246440598 23
68862246633730 0
68862246826769 23
68862361701281 66
68862361756060 23
68862361773556 0
68862361790591 23
68862361806456 66
68862395381950 23
68862395418493 0
68862395436516 23
68862395452519 66
68862479734106 23
68862479783092 0
68862479800232 23
68862479816004 66
68862506762337 23
68862506790313 0
68862506807592 23
68862506824074 66
68862506840146 23
68862612270845 66
68862612322943 0
68862612340346 0
68862641033125 23
68862641063941 66
68862641082640 0
68862641099170 23
68862707866900 66
68862707893699 23
68862707916642 0
68862707937697 23
68862775165095 66
68862775206844 23
68862775224597 0
68862775241645 23
68862842124780 66
68862842160673 23
68862842178308 0
68862842201631 23
68862842221742 66
68862917577410 23
68862917865088 0
68862918060726 23
68862918505869 66
68863050366637 23
68863050409997 66
68863050427445 0
68863050445074 0
68863050461610 23
68863050477791 66
68863117709970 0
68863117740948 23
68863117760049 66
68863117776432 23
68863117792383 0
68863218685930 23
68863218733987 66
68863218751545 23
68863218768158 0
68863284927043 23
68863284981991 66
68863284999273 23
68863285015108 0
68863353440221 23
68863353493260 66
68863353511009 23
68863353527556 0
68863353543933 23
68863393430887 66
68863393460096 23
68863393477569 0
68863393494050 23
68863471352845 66
68863471404558 23
68863471422463 0
68863471439758 23
68863471455960 66
68863512767357 23
68863512800197 0
68863512819988 23
68863512836291 66
68863587176740 23
68863587221968 0
68863587239981 23
68863587257966 0
68863587274480 23
68863661619644 66
68863661900092 23
68863662092021 66
68863662280526 23
68863772466679 66
