69035012551119 0
69035088303401 23
69035088736988 0
69035088959814 23
69035089223770 66
69035174469253 0
69035174513812 23
69035174531451 66
69035174583158 0
69035174599626 23
69035214705943 66
69035214731628 0
69035214748541 23
69035288271001 66
69035288308980 0
69035288326381 23
69035288342435 66
69035350197474 0
69035350236282 23
69035350253370 66
69035350269468 0
69035350285232 23
69035424087220 66
69035424581120 0
69035424600328 23
69035491159033 66
69035491220253 23
69035491237349 66
69035570451286 0
69035570497083 23
69035570515871 0
69035620998678 23
69035621043367 66
69035621061082 0
69035621077530 23
69035621093425 66
69035705215909 0
69035705275838 23
69035705296051 66
69035787453631 0
69035787500963 23
69035787518258 66
69035787534220 0
69035787550038 23
69035812637690 66
69035812664328 0
69035812682480 23
69035812698938 66
69035884313918 0
69035884354850 23
69035884372073 66
69035972623609 0
69035972665563 23
69035972683544 66
69035972700189 0
69035972716562 23
69036047066519 66
69036047114628 0
69036047131740 23
69036047147957 66
69036107386183 0
69036107425401 23
69036107442372 66
69036193208724 0
69036193277750 23
69036193474454 66
69036193493342 0
69036193865289 23
69036235517092 66
69036235977861 0
69036236171049 23
69036236453171 66
69036326380517 0
69036326422988 23
69036326440313 66
69036376877103 0
69036376926570 23
69036376945267 66
69036376961642 0
69036376977855 23
69036442227055 66
69036442267617 0
69036442285556 23
69036442301517 66
69036511654339 0
69036511695273 23
69036511712658 66
69036593795686 0
69036593859915 23
69036593877876 66
69036593893913 0
69036593910627 23
69036623250563 66
69036623298190 0
69036623317474 23
69036623333978 66
69036682567109 0
69036682605316 23
69036682622236 66
69036749799042 0
69036749836548 23
69036749853622 66
69036749869671 0
69036749885403 23
69036816803337 66
69036816844726 0
69036816862938 23
69036816879422 66
69036896632840 0
69036897039116 23
69036897059015 66
69036998090452 0
69036998152643 23
69036998170529 66
69036998187016 0
69036998203166 23
69037048629621 66
69037048665953 0
69037048684046 23
69037048700751 66
69037132809603 0
69037132859352 23
69037132876946 66
69037172824685 0
69037172858876 23
69037172876859 66
69037172893345 0
69037172909651 23
69037242176869 66
69037242226284 0
69037242274714 23
69037242291663 66
69037301292776 0
69037301327559 23
69037301344951 66
69037387712228 0
69037387758418 23
69037387775948 66
69037387791786 0
69037387807581 23
69037450758072 66
69037450794120 0
69037450811487 23
69037450828062 66
69037526650791 0
69037526701233 23
69037526718212 66
69037568664507 0
69037568698157 23
69037568715711 66
69037568732123 0
69037568748362 23
69037636111414 66
69037636158547 0
69037636176101 23
69037636192443 66
69037737333890 0
69037737400959 23
69037747649880 66
69037804517724 0
69037804570087 23
69037804587534 66
69037804603500 0
69037804619610 23
69037829909528 66
69037829939994 0
69037829957761 23
69037829974280 66
69037897259631 0
69037897290236 23
69037897307175 66
69037989784636 0
69037989829178 23
69037989847111 66
69037989863734 0
69037989880878 23
69038046630391 66
69038046658314 0
69038046675685 23
69038046691769 66
69038122452405 0
69038122498997 23
69038122516803 66
69038172966501 0
69038172997528 23
69038173014900 66
69038173030984 0
69038173047277 23
69038276155404 66
69038276210278 0
69038276228602 23
69038276245477 66
69038307715300 0
69038307749297 23
69038307766352 66
69038394785408 0
69038394838216 23
69038394985451 66
69038395003890 0
69038395242059 23
69038433166030 66
69038433628736 0
69038433901561 23
69038434196066 66
69038543565445 0
69038543614371 23
69038543632094 66
69038560559661 0
69038560584539 23
69038560601370 66
69038560617377 0
69038560633519 23
69038661485022 66
69038661535480 0
69038661553583 23
69038701610719 23
69038701637480 66
69038701653866 23
69038701670058 0
69038701686191 23
69038769005259 0
69038769046861 23
69038769064566 66
69038769080245 0
69038769095909 23
69038836341916 66
69038836373633 23
69038836390896 0
69038928883821 23
69038928942409 66
69038928959775 23
69038928975925 66
69038994172895 23
69038994214352 0
69038994232556 23
69038994249129 0
69038994265293 23
69038994281431 66
69039046820493 0
69039046860821 23
69039046877836 66
69039118493859 23
69039118746707 0
69039118938425 23
69039119128553 66
69039215262872 23
69039215310018 0
69039215326965 23
69039215343024 66
69039215359014 23
69039248915566 0
69039248951853 23
69039248969291 66
69039248986018 23
69039249002130 23
69039323950919 66
69039323996749 23
69039324014404 66
69039324030351 0
69039365352349 23
69039365381232 0
69039365398038 23
69039472978789 66
69039473029929 23
69039473047127 0
69039473063734 23
69039473079808 66
69039518447776 23
69039518482228 0
69039518500163 23
69039518516293 66
69039607935102 23
69039607980041 0
69039607997275 23
69039608013142 66
69039640708325 23
69039640737804 0
69039640755384 23
69039640771705 66
69039640787840 23
69039769004249 66
69039769066159 0
69039769083904 0
69039775468465 23
69039775489819 66
69039775506173 0
69039775522144 23
69039842878304 66
69039842914889 23
69039842932094 0
69039842948121 23
69039954322349 66
69039954371118 23
69039954406225 0
69039954424034 23
69039954440428 66
69039968918556 23
69039968938977 0
69039968955767 23
69039968971968 66
69040046997942 23
69040047039679 0
69040047058263 23
69040047075089 66
69040047091314 23
69040047107136 0
69040117464764 23
69040117499691 66
69040117516791 23
69040117532724 0
69040190143445 23
69040190189848 66
69040190207293 23
69040190224099 0
69040190240686 23
69040237284578 66
69040237311927 23
69040237329026 0
69040237345189 23
69040304543545 66
69040304583906 23
69040304602663 0
69040304619586 23
69040304637267 66
69040371715455 23
69040371753897 0
69040371771797 23
69040371789436 66
69040438430089 23
69040438465872 0
69040438483511 23
69040438499482 66
69040438515115 23
69040525086867 0
69040525126823 23
69040525144448 66
69040525160413 23
69040525176588 0
69040588433363 23
69040588475192 66
69040588492453 23
69040588508927 0
69040693399200 23
69040693452711 66
69040693470153 23
69040693485976 0
69040693502124 23
69040743910693 66
69040743952274 23
69040743969758 0
69040743986737 23
69040744002819 66
69040815490913 23
69040815538778 0
69040815556141 23
69040815572312 66
69040878669743 23
69040878705441 0
69040878722816 23
69040878739099 66
69040907992574 23
69040908019037 0
69040908036086 23
69040908052174 66
69040908069415 23
69040908115757 0
69040974994866 23
69040975027768 66
69040975044580 23
69040975060418 0
69041042134300 23
69041042164486 66
69041042181960 23
69041042198036 0
69041042214172 23
69041109235960 66
69041109277990 23
69041109295599 0
69041109312483 23
69041190267968 66
69041190315254 23
69041190332316 0
69041190349140 23
69041190365399 66
69041259286930 23
69041259337457 0
69041259355200 23
69041259371732 66
69041328658722 23
69041329059724 0
69041329297931 23
69041329492261 66
69041329686479 23
69041329876477 0
69041377518547 23
69041377555860 66
69041377572399 23
69041377588475 0
69041451530434 23
69041451569218 66
69041451586875 23
69041451602951 0
69041451619248 23
69041518908970 66
69041518943999 23
69041518960690 0
69041518977741 23
69041586286992 66
69041586316730 23
69041586334493 0
69041586351138 23
69041586367455 66
69041670376163 23
69041670425771 0
69041670444120 23
69041670460960 66
69041735690884 23
69041735728053 0
69041735745760 23
69041735763161 66
69041735779267 23
69041786350069 0
69041786392194 23
69041786409597 66
69041786425482 23
69041786441136 66
