69568935756578 0
69568936094837 0
69568936287822 23
69569010649437 66
69569011118339 0
69569011395794 23
69569011669840 66
69569121067775 0
69569121112400 23
69569121130393 66
69569121146873 0
69569136983259 23
69569137004891 66
69569137021479 0
69569137037891 23
69569222136919 0
69569222175548 23
69569222192519 66
69569222208991 0
69569222225485 23
69569278527447 66
69569278573918 0
69569278591066 23
69569278607293 66
69569361880305 0
69569362149149 23
69569362338883 66
69569452074257 23
69569452133815 0
69569452153606 23
69569452169879 66
69569496866909 23
69569496897172 66
69569496913821 23
69569496929692 66
69569550082076 0
69569550125882 0
69569613896857 23
69569613930327 66
69569613947523 23
69569613964220 66
69569708510774 0
69569708562186 0
69569773802782 23
69569773832793 66
69569773849903 23
69569816090345 66
69569816125486 0
69569874647604 23
69569874678762 0
69569874696666 23
69569874713040 66
69569978065137 0
69569978119329 23
69569978136700 66
69569978153001 0
69569978170425 23
69570031504821 66
69570031543854 23
69570031560996 0
69570031577375 66
69570086143317 23
69570086184222 0
69570086201700 23
69570086217398 66
69570145110854 0
69570145516943 23
69570145786947 66
69570146052539 0
69570146285428 23
69570226555751 66
69570226605266 23
69570226622294 0
69570226638780 23
69570298094561 66
69570298134638 0
69570298153916 23
69570298170388 66
69570344178485 0
69570344220839 23
69570344237883 66
69570344253928 23
69570344269678 0
69570418252467 23
69570418288968 66
69570418306460 0
69570418323260 23
69570503725899 66
69570503769138 0
69570503786318 23
69570503802985 66
69570573904936 0
69570573941336 23
69570573958544 66
69570639474022 23
69570639516775 0
69570639534031 23
69570639550029 66
69570639565720 0
69570639581527 23
69570687773182 66
69570687806486 0
69570687824006 23
69570687840480 66
69570772661295 0
69570772708152 23
69570772725453 66
69570837448260 23
69570837705940 0
69570837896230 23
69570838085467 66
69570838274511 0
69570838462884 23
69570936119170 66
69570936167590 0
69570936184937 23
69570936201293 66
69570961392680 0
69570961428289 23
69570961446157 66
69571037187366 23
69571037240210 0
69571037258141 23
69571037275172 66
69571037291380 0
69571081970113 23
69571082001827 66
69571082018611 0
69571082034902 23
69571155916016 66
69571155963565 23
69571155980896 0
69571155997421 23
69571239308017 66
69571239352365 23
69571239370060 66
69571309458324 0
69571309506612 23
69571309524414 0
69571357353607 23
69571357379477 66
69571357396418 23
69571357412786 0
69571357428986 66
69571446427825 23
69571446475095 66
69571446492790 0
69571492094302 0
69571492124020 23
69571492141327 66
69571594211722 23
69571594466036 66
69571594657807 0
69571659344789 23
69571659399212 0
69571659417229 23
69571709819176 66
69571709871415 0
69571709888472 23
69571709905355 66
69571772853412 0
69571772887941 23
69571772905538 66
69571772921491 23
69571772939299 0
69571819692196 23
69571819721482 66
69571819738060 0
69571819754329 23
69571819787394 66
69571911048313 0
69571911092486 23
69571911110012 66
69571953773749 0
69571953802193 23
69571953819351 66
69571953835419 23
69571953851471 0
69572020825443 23
69572020860244 66
69572020877022 0
69572020893257 23
69572108931752 66
69572108973201 0
69572108990936 23
69572109007762 66
69572195251065 0
69572195305947 23
69572195323968 66
69572229073297 23
69572229101635 0
69572229119782 23
69572229136136 66
69572229152294 0
69572229168453 23
69572297818732 66
69572297867269 0
69572297884361 23
69572297901300 66
69572363894291 23
69572363941386 0
69572363958355 66
69572484126793 23
69572484173774 0
69572484191477 23
69572484208090 66
69572484224087 0
69572484240145 23
69572508951923 66
69572508983564 0
69572509000746 23
69572509016770 66
69572582666465 23
69572582712253 0
69572582729574 23
69572582745835 66
69572624479249 0
69572624508818 23
69572624528569 66
69572624544788 0
69572734296939 23
69572734347665 66
69572734364789 0
69572734380999 23
69572758514618 66
69572758545434 23
69572758562902 0
69572758579297 23
69572825681573 66
69572825710130 0
69572825727065 23
69572825743225 66
69572892761752 0
69572892802093 23
69572892819872 66
69572892836513 0
69572892854156 23
69573004223265 66
69573004275616 23
69573004292885 0
69573004309245 23
69573026981673 66
69573027199796 0
69573027392233 23
69573027582696 66
69573153352864 0
69573153407203 23
69573153424447 66
69573153440439 23
69573153456046 0
69573182838337 23
69573182889817 66
69573182908160 0
69573182924916 23
69573277950728 66
69573278001905 0
69573278019113 23
69573278035366 66
69573338581834 23
69573338621854 0
69573338639694 66
69573410631685 23
69573410681492 0
69573410698702 23
69573410714764 66
69573410730391 0
69573410746053 23
69573456488975 66
69573456521122 23
69573456538158 66
69573496261347 0
69573574432401 23
69573574475369 0
69573574493366 23
69573574510095 66
69573574526008 23
69573574541836 0
69573630466365 66
69573630502027 23
69573630519074 0
69573630535687 23
69573701832705 66
69573702063822 0
69573702083236 23
69573702099946 66
69573765011639 0
69573765422201 23
69573765690480 66
69573765921599 0
69573766227147 23
69573858719813 66
69573858771315 23
69573858789782 0
69573915483478 23
69573915528055 66
69573915545579 0
69573915612252 23
69573915629495 66
69573989548940 0
69573989592738 23
69573989610861 66
69574060777146 0
69574060810235 23
69574060827295 66
69574060843956 23
69574060860016 0
69574113640319 23
69574113682361 66
69574113699361 0
69574113715481 23
69574113730911 66
69574195579763 0
69574195613680 23
69574195631414 66
69574254572814 23
69574254615560 0
69574254633493 66
69574254649912 23
69574254666376 0
69574309375279 23
69574309406503 66
69574309423583 0
69574309440684 23
69574380870885 66
69574380913786 0
69574380931254 23
69574380948245 66
69574440780928 23
69574441028410 66
69574441047542 0
69574515265382 0
69574515312235 23
69574515329673 66
69574569763151 23
69574569811701 66
69574569829436 0
69574675693212 23
69574675743536 0
69574675761434 23
69574675777753 66
69574732462532 0
69574732501078 23
69574732518224 66
69574732534558 0
69574732550827 23
69574806573767 66
69574806621610 23
69574806638986 0
69574806655261 23
69574850406447 66
69574850438553 0
69574850455773 23
69574850471797 66
69574951454811 0
69574951503161 23
69574951521258 66
69574951537584 0
69574995810944 23
69574995839443 66
69574995856647 23
69574995872828 0
69575046384070 66
69575046423193 23
69575046440395 0
69575046456511 23
69575134993497 66
69575135052913 0
69575135070582 23
69575135086937 66
69575181201384 0
69575181245866 23
69575181263296 66
69575181279309 23
69575181295063 0
69575269822645 23
69575269869479 66
69575269886541 0
69575269902568 23
69575269918678 66
69575336860879 0
69575336921095 23
69575336938740 66
69575374249462 23
69575374285110 0
69575374303115 66
69575374319172 23
69575374335051 0
69575445552945 23
69575445592503 66
69575445609655 23
69575445625519 66
