76700576520535 0
76700650548174 23
76700651051983 66
76700651320232 0
76700757739206 23
76700757787442 66
76700757805125 0
76700757821718 0
76700784949083 23
76700784978093 66
76700784994589 23
76700785026449 0
76700785043752 23
76700785059607 66
76700846054688 23
76700846088618 66
76700846105561 0
76700913326619 23
76700913372497 66
76700913390255 0
76700971799582 23
76700972067125 66
76700972086212 0
76700972102765 23
76700972120160 66
76700972136017 0
76701038857814 23
76701039088995 66
76701039283284 0
76701123870368 23
76701123915611 66
76701123933318 0
76701123949873 23
76701123965838 66
76701197578502 0
76701197624223 23
76701197641997 66
76701197658648 0
76701264950999 23
76701264990256 66
76701265007526 0
76701265023771 23
76701332406423 66
76701332451136 0
76701332468236 23
76701332483855 66
76701332499453 0
76701399674864 23
76701399709846 66
76701399727086 0
76701483932347 23
76701483981891 66
76701483999791 0
76701484016440 23
76701484032556 66
76701484048576 0
76701515625650 23
76701515653891 66
76701515671090 0
76701618822265 23
76701618875616 66
76701618892376 0
76701618908206 23
76701618923518 66
76701682859351 0
76701683102623 23
76701683121553 66
76701683137812 0
76701731998498 23
76701732251218 66
76701732626334 0
76701732824726 23
76701733012199 66
76701808422078 0
76701808480118 23
76701808497902 66
76701808514024 0
76701902925808 23
76701902990463 66
76701903009512 0
76701903026913 23
76701910904388 66
76701910924406 0
76701910940924 23
76701910957473 23
76701910973390 66
76702010372336 0
76702010421388 0
76702010438840 23
76702071389741 66
76702071424976 23
76702071442325 0
76702071459063 23
76702071475219 66
76702071491038 23
76702071506800 66
76702135082113 0
76702135128174 0
76702135145632 23
76702179095659 66
76702179124247 23
76702179141306 0
76702179157736 23
76702179173538 66
76702179189670 23
76702246059073 66
76702246089151 0
76702320043857 23
76702320079252 66
76702320096191 0
76702320112234 23
76702425327858 66
76702425602063 0
76702425621164 23
76702425637272 66
76702425653773 0
76702469939397 23
76702470337406 66
76702470607304 0
76702557798387 23
76702557843965 66
76702557861107 0
76702557877157 23
76702557892714 66
76702557908377 0
76702608312601 23
76702608349420 66
76702608366628 0
76702692544012 23
76702692595202 66
76702692612415 0
76702692628953 23
76702692646039 66
76702743116672 0
76702743178083 23
76702743195173 66
76702743211301 0
76702810501734 23
76702810561176 66
76702810578187 0
76702810594568 23
76702810610463 66
76702849836842 0
76702849866389 23
76702849884231 66
76702849900405 0
76702916785986 23
76702916815940 66
76702916832754 0
76702983863499 0
76702983899508 23
76702983916516 66
76702983932406 23
76702983947921 0
76703064229147 23
76703064267788 23
76703064284103 66
76703064299831 23
76703064315054 0
76703064332300 23
76703064347946 66
76703119779260 23
76703119817456 66
76703119834854 0
76703215008493 0
76703215059470 23
76703215076156 66
76703215091950 23
76703215107394 0
76703215122816 23
76703270516136 66
76703270559139 23
76703270576092 66
76703353821263 0
76703353865721 23
76703353883225 66
76703353899196 0
76703396118491 23
76703396150321 66
76703396167149 0
76703396183551 23
76703461229263 66
76703461257011 0
76703461273451 23
76703461289362 66
76703461305183 0
76703528622380 23
76703528664242 66
76703528683252 0
76703608453015 23
76703608488114 66
76703608505280 0
76703608521750 23
76703608537724 66
76703608553425 0
76703701142964 23
76703701193216 66
76703701210541 0
76703721600670 23
76703721622923 66
76703721639133 0
76703721655396 23
76703721671341 66
76703721687174 0
76703788753850 23
76703788793609 66
76703788810419 0
76703878510590 23
76703878801912 66
76703878993364 0
76703879183288 23
76703879373255 66
76703937246141 0
76703937300027 23
76703937316459 66
76703937331920 0
76704027537603 23
76704027583259 66
76704027600796 0
76704027617304 23
76704099932439 66
76704099980247 0
76704099997950 23
76704100014261 66
76704100030240 0
76704153968618 23
76704154008087 66
76704154024867 0
76704198128801 23
76704198153074 66
76704198170202 0
76704198186578 23
76704198202973 66
76704198218898 0
76704265670261 23
76704265705669 66
76704265722159 0
76704364464787 23
76704364511904 66
76704364529887 0
76704364547505 23
76704364563284 66
76704423320839 0
76704423365152 23
76704423383216 66
76704423399593 0
76704507585976 23
76704507637941 66
76704507654920 0
76704507671091 23
76704540766366 66
76704540800196 0
76704540817987 23
76704540834335 66
76704540850258 0
76704600784614 23
76704600825968 66
76704600842903 0
76704600859095 23
76704703270847 66
76704703363700 0
76704703384863 23
76704703401106 66
76704703416548 0
76704760262226 23
76704760319375 66
76704760336760 0
76704794807490 23
76704794839372 66
76704794856884 0
76704794873032 23
76704794889245 66
76704883622277 0
76704883673699 23
76704883690782 23
76704883706697 0
76704883722272 23
76704943408116 66
76704943445989 23
76704943463338 66
76704943479711 0
76705044503965 0
76705044562411 23
76705044579875 66
76705044595961 23
76705044611401 0
76705095032075 23
76705095064237 66
76705095081220 23
76705095097048 66
76705179274307 0
76705179325886 23
76705179343800 66
76705179360488 0
76705204656919 23
76705204682780 66
76705204699238 0
76705305696311 23
76705305749740 66
76705305766699 0
76705305782728 23
76705305799504 66
76705305814979 0
76705355300413 23
76705355537908 66
76705355728583 0
76705465587446 23
76705465628475 66
76705465645615 0
76705465662598 23
76705465678539 66
76705465694333 0
76705465710246 23
76705465726237 66
76705465741955 0
76705532571376 23
76705532613120 66
76705532630789 0
76705532647060 23
76705599756565 66
76705599797161 0
76705599815651 23
76705599832537 66
76705599848711 0
76705666718362 23
76705666747577 66
76705666764604 0
76705749854409 23
76705749894206 66
76705749912668 0
76705749929166 23
76705749945121 66
76705749960807 0
76705811929872 23
76705811961599 66
76705811977882 0
76705891082420 23
76705891126751 66
76705891144527 0
76705891161255 23
76705891177351 66
76705965051601 0
76705965099056 23
76705965116377 66
76705965132600 0
76706009010678 23
76706009046499 66
76706009063634 0
76706009081639 23
76706009097816 66
76706089292342 0
76706089338059 23
76706089355650 66
76706089371511 0
76706143883922 23
76706143944522 66
76706143962213 0
76706143978394 23
76706255205868 66
76706255256622 0
76706255274355 23
76706255290091 66
76706255305710 0
76706278537789 23
76706278565087 66
76706278582191 0
76706345875472 23
76706345903830 66
76706345921008 0
76706345937295 23
76706345953284 66
76706345969143 0
76706440520072 23
76706440572336 66
76706440590142 0
76706501542264 23
76706501572086 66
76706501588599 0
76706501604636 23
76706501620457 66
76706538738544 0
76706542006402 23
76706542028329 66
