69302272581783 0
69302272892273 23
69302273083594 0
69302349495999 23
69302349950926 66
69302350247064 0
69302350532341 23
69302350724058 66
69302413311121 0
69302413351189 23
69302413368366 66
69302413384707 0
69302480600803 23
69302480633266 66
69302480650939 0
69302548018087 23
69302548052527 66
69302548070031 23
69302548086588 0
69302548103760 23
69302615436627 0
69302615476127 23
69302615493776 66
69302615509635 0
69302726760244 23
69302726880584 66
69302726901037 0
69302726917559 23
69302750353296 66
69302750388056 23
69302750404569 0
69302750420303 23
69302817588390 66
69302817632490 23
69302817649956 0
69302817666617 23
69302817682619 66
69302891466992 23
69302891509788 0
69302891527081 66
69302891543260 23
69302891558776 0
69302971153877 23
69302971197730 66
69302971215246 23
69302971231557 0
69303032720770 23
69303032761925 66
69303032780272 23
69303032796241 0
69303032812977 23
69303093248173 66
69303093283996 23
69303093302083 0
69303093318441 23
69303093334732 66
69303185226021 0
69303185273114 23
69303185291091 66
69303228006814 23
69303228042895 0
69303228061026 23
69303228078078 66
69303228094518 23
69303228110459 0
69303312241727 23
69303312290087 66
69303312307213 23
69303312323273 0
69303345852716 23
69303345910178 66
69303345927406 23
69303345943595 0
69303345959796 23
69303419972622 66
69303420021169 0
69303420038521 23
69303420054433 66
69303512579146 23
69303512625125 0
69303512642420 23
69303512658654 66
69303512674406 23
69303512690036 0
69303554568795 23
69303554604571 66
69303554621772 23
69303554637908 0
69303647045517 23
69303647092106 66
69303647111287 23
69303647127789 0
69303647144308 66
69303722829601 23
69303722878392 66
69303722895800 23
69303722912714 0
69303779673359 23
69303779705168 0
69303779722455 23
69303779738937 66
69303849142634 0
69303849187350 23
69303849205079 66
69303849221941 0
69303849237766 23
69303882438113 66
69303882477436 23
69303882495175 0
69303882512659 23
69303983935546 66
69303983988760 23
69303984006329 0
69303984022767 23
69304034458088 66
69304034497097 23
69304034514618 0
69304034531395 23
69304034547914 66
69304110103657 23
69304110151651 0
69304110169036 23
69304110184927 66
69304110249261 0
69304159869216 23
69304160116040 66
69304160134872 23
69304160151215 0
69304217806755 23
69304217843988 66
69304217861357 23
69304217877334 0
69304217893197 23
69304328087032 66
69304328135191 0
69304328152718 23
69304328168461 66
69304402929256 23
69304402980712 0
69304402998775 23
69304403015593 66
69304453457115 23
69304453503862 0
69304453522866 23
69304453539566 66
69304453555712 23
69304493616901 66
69304493655755 0
69304493673384 23
69304493690508 66
69304493706213 0
69304560956109 23
69304560988492 66
69304561005821 23
69304561022347 66
69304638943620 0
69304638981926 23
69304706133679 66
69304706164879 0
69304706182508 0
69304761030107 23
69304761069620 66
69304761086646 23
69304761102436 66
69304821340493 0
69304821380609 23
69304908753886 66
69304908801330 0
69304908818339 0
69304957635228 23
69304957800042 23
69304957818689 66
69304957836024 23
69305028183280 66
69305028303652 0
69305089578212 23
69305089621703 66
69305089639044 0
69305163416789 0
69305163459741 23
69305163476905 66
69305230550420 0
69305230582907 23
69305230601767 66
69305230618133 0
69305312554666 23
69305312601839 66
69305312619699 0
69305312636668 23
69305388349616 66
69305388381516 0
69305388398469 23
69305388414693 66
69305443556385 0
69305443599857 23
69305443617522 66
69305443633481 0
69305500066439 23
69305500097406 66
69305500114669 23
69305500131602 0
69305582187046 23
69305582234913 0
69305582252558 23
69305582284473 66
69305638956949 0
69305638996129 23
69305639014414 66
69305639030737 0
69305639046741 23
69305698762461 66
69305699024915 23
69305699043672 0
69305699059901 23
69305782176740 66
69305782226714 23
69305782244027 0
69305782260686 23
69305849487930 66
69305849534687 23
69305849552808 0
69305849569379 23
69305849585545 66
69305912565704 0
69305912642626 23
69305912661308 66
69305912677704 23
69305912693715 0
69305965868091 23
69305965911863 66
69305965928882 23
69305965944667 0
69306043206143 23
69306043238449 66
69306043255726 23
69306043271917 0
69306043288246 23
69306102391650 66
69306102436238 23
69306102453654 0
69306102469814 23
69306102485536 66
69306169623192 0
69306169653049 23
69306169670388 66
69306169686337 23
69306169702071 0
69306237037114 23
69306237072197 66
69306237089228 23
69306237105539 0
69306319029963 23
69306319070573 66
69306319087920 23
69306319103883 0
69306319120428 23
69306376816451 66
69306376863428 0
69306376880845 23
69306376897762 66
69306439215467 23
69306439507017 0
69306439702128 23
69306439892361 66
69306538049934 23
69306538103940 0
69306538121106 23
69306538137450 66
69306538152902 23
69306538168471 0
69306565080108 23
69306565111346 66
69306565128868 23
69306565144942 0
69306656921182 23
69306656965250 66
69306656982752 0
69306656999216 23
69306657015018 66
69306699088230 23
69306699119922 0
69306699137361 23
69306699153395 66
69306806673560 23
69306806723960 0
69306806742158 23
69306806758205 66
69306855949245 23
69306855983670 0
69306856001039 23
69306856017340 66
69306856034667 23
69306856050828 0
69306940237068 23
69306940283431 66
69306940301023 0
69306940317296 23
69306940333207 66
69306967575075 23
69306967603322 0
69306967620565 23
69306967637785 66
69307058125770 23
69307058175689 0
69307058193161 23
69307058209363 66
69307108780133 23
69307108816422 0
69307108833255 23
69307108849125 66
69307108864771 0
69307108880316 23
69307187076543 66
69307187299582 23
69307187319948 0
69307267917516 23
69307267966761 66
69307267983971 23
69307268001491 0
69307268017672 23
69307346556618 66
69307346602763 23
69307346619986 0
69307346635967 23
69307346651806 66
69307378291399 23
69307378317322 0
69307378334443 23
69307378350604 66
69307378366505 0
69307461665042 23
69307472895414 66
69307472916355 23
69307472933664 0
69307504354943 23
69307504382104 66
69307504399205 23
69307504441938 0
69307504461536 23
69307611882540 66
69307611929814 23
69307611946697 0
69307611963360 23
69307611979154 66
69307638090146 23
69307638118208 0
69307638135535 23
69307638151850 23
69307638167924 66
69307705334555 23
69307705377871 66
69307705395242 23
69307705411600 0
69307797181602 23
69307797233989 66
69307797252203 23
69307797268844 0
69307797285248 23
69307849648704 66
69307849942078 0
69307849962372 23
69307849979005 66
69307922311391 0
69307922354397 23
69307922371659 66
69307922387631 0
69307922403930 23
69308032986880 66
69308033039433 0
69308033056689 23
69308033073071 66
69308066677498 0
69308066716716 23
69308066734104 66
69308117356273 23
69308117389183 0
69308117406337 23
69308117422618 0
69308117438809 23
69308117454957 66
69308201431891 0
69308201477124 23
69308201495410 66
69308262458863 0
69308262487796 23
69308262504596 66
69308262520644 23
69308262536615 0
69308334085363 23
69308334126114 66
69308334143781 23
69308334160179 0
69308375810915 23
69308375839082 66
69308375855743 23
69308375871823 0
69308375888219 23
69308466306740 23
69308466349263 66
69308466367716 0
69308466384293 23
69308466400228 66
69308510055044 23
69308510096447 0
69308510113965 66
69308586773793 23
69308586816869 23
69308586834436 66
69308586850268 23
69308586866197 66
69308652944534 0
69308653438623 0
69308772065159 23
69308772122655 66
69308772139856 23
69308772155932 66
69308784999755 0
69308785028067 23
69308785044778 0
69308852175488 23
69308852217176 66
69308852234242 23
69308852250636 0
69308919540811 66
69308919575334 0
69308919592868 23
69308919610632 66
69309008039138 0
69309008086836 23
69309008104334 66
69309008120233 0
69309068945430 23
69309068976372 66
69309068993237 0
69309069010172 23
69309127910921 66
69309127954730 0
69309127972461 23
69309127988808 66
69309207913738 0
69309207959317 23
69309207977533 66
69309207993981 0
69309282326965 23
69309282372251 66
69309282389430 23
69309282405564 66
