98368830080224 91
98368897031515 91
98368976223974 23
98368976252728 66
98368976260541 91
98369031151224 23
98369031184242 66
98369031192506 91
98369108165171 23
98369108196575 66
98369108204279 91
98369165220319 23
98369165252360 66
98369165259951 91
98369247439605 23
98369247477753 66
98369247485365 91
98369299472048 23
98369299502622 66
98369299510191 23
98369366471998 66
98369366502277 91
98369433491374 91
98369433528641 23
98369433536261 66
98369512315277 91
98369512342731 23
98369512350220 66
98369567558695 91
98369567588956 23
98369642136393 66
98369642168338 23
98369642175793 66
98369642182948 91
98369701672544 23
98369768920912 66
98369768958447 91
98369768966626 91
98369835887036 23
98369835925794 66
98369835933620 91
98369915402086 23
98369915445908 23
98369915453310 66
98369915460182 91
98369970197744 91
98369970231847 23
98369970239169 66
98369970246012 91
98370045009749 23
98370045040314 66
98370045047778 23
98370115939848 66
98370115977895 91
98370115985525 23
98370171395471 66
98370171425939 91
98370247787622 23
98370247819397 66
98370247826997 23
98370305449681 66
98370305478532 91
98370372438510 23
98370372474639 66
98370372481888 91
98370506894279 91
98370506941606 23
98370506951872 66
98370506960743 91
98370573622161 23
98370573651698 66
98370573659247 91
98370640661014 23
98370640697694 23
98370640705306 66
98370640712430 91
98370707968038 23
98370708001107 66
98370708008584 91
98370774840275 23
98370774871427 66
98370853069296 91
98370853104375 23
98370853111978 66
98370909040854 23
98370909073482 66
98370975995751 91
98371066895494 91
98371110094896 23
98371110127289 66
98371110134997 23
98371177251092 66
98371177283539 91
98371256447382 23
98371256493057 66
98371256500519 91
98371317020059 91
98371317055323 23
98371378324239 66
98371378356672 91
98371378364344 23
98371446270073 66
98371446296751 91
98371446304562 23
98371523543646 66
98371523582482 91
98371523590273 23
98371579658068 66
98371579691109 91
98371646620681 23
98371646658918 66
98371646666624 91
98371713761503 23
98371713797034 66
98371780852108 91
98371780894044 23
98371780901794 66
98371847783676 91
98371847821335 23
98371847829124 66
98371926830239 23
98371926871338 66
98371926879177 91
98371982043203 91
98372058722005 23
98372058762370 66
98372058770070 91
98372116197114 23
98372116227514 66
98372116234951 91
98372183243203 23
98372183277352 66
98372183284750 91
98372260122020 23
98372260178149 66
98372260185732 23
98372317282347 66
98372317312891 91
98372384458299 91
98372384485054 23
98372384492770 66
98372461937870 91
98372461971088 23
98372461978240 66
98372518914337 23
98372518971636 66
98372518979066 91
98372585705722 91
98372585739231 23
98372652903107 66
98372652933402 91
98372719721947 23
98372719756154 66
98372719763564 91
98372719770569 23
98372719777464 66
98372786842682 23
98372786875554 66
98372786883330 91
98372853735094 91
98372853768044 23
98372920947575 66
98372920977913 91
98372920985462 91
98372988110308 23
98372988143142 66
98372988150941 91
98373055074340 23
98373055108010 66
98373055115602 91
98373122142517 23
98373122179589 66
98373122187464 91
98373122194504 23
98373122201588 23
98373198408792 66
98373198444265 91
98373268811809 23
98373268864396 66
98373268871951 91
98373323403218 23
98373323436088 66
98373323443725 23
98373390412098 66
98373390440740 91
98373390448377 23
98373390455397 66
98373469772037 91
98373524478144 23
98373524509545 66
98373524517080 91
98373601734500 91
98373658766755 23
98373658801777 66
98373658809373 91
98373725661994 23
98373725692037 66
98373725700011 91
98373801766231 23
98373801800812 66
98373801808333 91
98373859840590 23
98373926888421 66
98373926918513 91
98374004902934 23
98374004940535 66
98374004947927 91
98374061174178 91
98374061220376 23
98374061230273 66
98374128227029 23
98374128273861 66
98374128281313 91
98374206841366 91
98374206872812 23
98374269866771 66
98374269901496 91
98374269909362 23
98374269916340 66
98374329250533 23
98374329281985 66
98374396302147 91
98374474159776 23
98374474188860 66
98374474196568 91
98374530408950 91
98374530442097 23
98374530449461 66
98374597468185 23
98374597498535 66
98374597543494 91
98374670629369 23
98374670659753 66
98374731906092 91
98374798679285 91
98374798715126 23
98374798722751 66
98374877552962 91
98374877599240 23
98374877607000 66
98374932886334 91
98374932918037 23
98375009611437 66
98375009654797 23
98375009664710 66
98375009673371 91
98375067163969 91
98375067206856 23
98375134419136 66
98375134454502 91
98375134462235 23
98375134469345 66
98375201128766 23
98375201161638 66
98375201169241 91
98375268130847 91
98375346646058 23
98375346680498 66
98375346688154 23
98375402377318 66
98375402408202 91
98375469532934 91
98375469578768 23
98375536393595 66
98375536420342 91
98375536427960 23
98375536435147 66
98375604427374 91
98375604456210 23
98375604463830 66
98375604470959 91
98375670613367 23
98375670643319 66
98375670651002 91
98375749924894 23
98375749956895 66
98375749964555 91
98375804681686 23
98375804713484 66
98375804721099 91
98375881790560 23
98375881829475 66
98375881838856 23
98375881847514 66
98375946757433 91
98375946788338 23
98376017102863 66
98376017134671 91
98376017142307 91
98376073051488 23
98376073080618 66
98376140089114 91
98376140120731 23
98376140128503 66
98376219107812 91
98376219151601 23
98376219159411 66
98376274147634 91
98376274182147 23
98376274189883 66
98376347552675 23
98376347584857 66
98376347592193 91
98376420341244 23
98376420374007 66
98376475377497 91
98376552249108 23
98376552285848 66
98376609537636 91
98376676527415 91
98376676561882 23
98376676569306 66
98376743706632 23
98376743740111 66
98376743747347 91
98376878101510 91
98376878135460 23
98376878143049 66
98376955523248 91
98376955557811 23
98376955565529 66
98377011910104 23
98377011941823 66
98377011949527 91
98377078883252 91
98377078946708 23
98377155713309 66
98377155768196 91
98377155776047 23
98377155783262 66
98377213110605 91
98377213140846 23
98377281326760 66
98377281355464 91
98377281363108 23
98377281370180 66
98377347138748 91
98377347173362 23
98377414423289 66
98377414456962 91
98377414464571 23
98377488148148 66
98377488185405 23
98377488192846 91
98377555574238 23
98377555607024 66
98377555614573 23
98377555621539 66
98377622994219 91
98377623023088 91
98377690293977 23
98377690326123 66
98377690334252 23
98377690341225 91
98377757672654 23
98377757709181 66
98377757717563 91
98377825190056 23
98377825234860 66
98377883971442 91
98377884013064 23
98377884023083 66
98377950797986 23
98377950828146 91
98377950835679 23
98377950842659 66
98378017896464 23
98378017933047 66
98378017940556 91
98378084871731 23
98378084899516 66
98378084906965 91
98378152188867 91
98378219080418 23
98378219108734 66
98378219116146 23
98378219123056 66
98378359873631 91
98378427279813 23
98378427315553 66
98378427323018 91
98378494706018 23
98378494747418 66
98378562019860 91
98378629393832 91
98378629426414 23
98378629433805 66
98378696927016 23
98378696972643 66
98378696980627 91
98378755693487 91
98378822743580 23
98378822778367 66
98378822786008 91
98378890073424 23
98378890105912 66
98378956914527 23
98378956950754 66
98378956958305 91
98379023945869 91
98379023977281 23
98379023985037 66
98379091023138 91
98379091054765 23
98379091062640 66
98379158022218 91
98379158057626 23
98379158065145 66
98379225226659 91
98379225254329 23
98379225261832 23
98379225268764 66
98379298998919 91
98379299032244 23
98379299039925 66
98379299046990 91
98379367326828 23
98379367355615 66
98379367363166 91
98379433742223 23
98379433780349 66
98379501225214 91
98379501268608 23
98379501276529 66
98379568490668 91
98379568520959 23
98379568528655 66
98379627492000 23
98379627526544 66
98379627534250 91
98379694732254 91
98379694772046 23
98379761636613 66
98379761668974 91
98379761676533 23
98379828714739 66
98379828747629 23
98379828755341 66
98379895792160 91
98379962807803 23
98379962843205 66
98379962850637 91
98380029798967 91
98380096921716 23
98380096953065 66
98380096960477 23
98380170695728 66
98380170727982 91
98380238103982 91
98380238137252 23
98380238144908 66
98380305472897 91
98380305504797 23
98380365214232 66
98380365244937 91
98380365252370 23
98380442086096 66
98380442119294 91
98380442127012 23
98380499640486 66
98380499671793 23
98380499679286 66
98380499686296 91
98380576145540 91
98380644229109 23
98380644269154 66
98380644276894 91
98380706244259 23
98380706277368 66
98380706284982 91
98380767714783 23
98380767747319 66
98380845458105 23
98380845508207 66
98380845515690 91
98380901720009 91
98380901750196 23
98380901757721 66
98380968971786 91
98380969008192 23
98380969015975 66
98381048305176 23
98381048329680 66
98381048337460 91
98381102954714 23
98381102991796 66
98381102999419 91
98381170068495 91
98381248761180 23
98381248797057 66
98381248804513 91
98381304175897 23
98381304205418 66
98381380549956 23
98381380584148 66
98381380591808 91
98381450757253 91
98381450798718 23
98381450806450 66
98381505346646 23
98381505385058 66
98381505392591 91
98381639414860 23
98381639446781 66
98381639454606 91
98381706609584 91
98381706638343 23
98381706645984 66
98381783848882 23
98381783885276 66
98381783893048 91
98381907628518 23
98381907657417 66
98381907665029 91
98381994703000 91
98381994787159 23
98381994795223 66
98382049731376 91
98382049767750 23
98382049775191 66
98382117106040 23
98382117136605 66
98382117144251 91
98382175927020 23
98382175954135 66
98382243100044 91
98382243128662 91
98382310114450 23
98382310150178 66
98382310157630 23
98382377146126 66
98382377176535 91
98382444351010 91
98382444390994 23
98382511380328 66
98382511421982 23
98382511429873 91
98382578344400 23
98382578382544 66
98382578390164 23
98382578397226 91
98382645452310 23
98382645485906 66
98382645493383 91
98382719292528 23
98382719326102 66
98382719333760 91
98382786675600 23
98382786708957 66
98382786716482 23
98382786723655 66
98382854152796 91
98382854189832 91
98382921671127 23
98382921705618 66
98382921713234 23
98382921720330 66
98383000083059 91
98383056275509 23
98383056317718 66
98383056325191 91
98383115114063 23
98383115144618 66
98383115152364 91
98383181882471 91
98383249071547 23
98383249104724 66
98383316056021 23
98383316091047 66
98383316098387 91
98383383180542 23
98383383209926 91
98383383217662 23
98383383224676 66
98383450403511 91
98383450452008 23
98383450459431 66
98383450467249 91
98383517467715 23
98383517505081 66
98383584519046 23
98383584556272 66
98383584564041 91
98383658461486 91
98383658492050 23
98383725781769 66
98383725811513 91
98383793154653 23
98383793183854 66
98383860543070 23
98383860576175 91
98383860583917 23
98383860591621 66
98383929173339 91
98383929201206 23
98383929208815 66
98383986818172 91
98383986847799 23
98383986854948 66
98384053854525 23
98384053889118 66
98384053896774 91
98384120873661 91
98384120910182 23
98384197388420 66
98384197425933 91
98384197433586 23
98384197441021 66
98384254942064 23
98384254973208 66
98384254980820 91
98384322016839 91
98384389125314 23
98384389158224 66
98384389165845 91
98384456423247 23
98384456471058 66
98384456478676 91
98384530100526 23
98384530131232 66
98384530138620 91
98384530145592 23
98384597486696 66
98384597517675 91
98384597525333 23
98384597532385 66
98384664867043 23
98384664900474 66
98384664908166 91
98384732283656 91
98384799619935 23
98384799652875 66
98384799660276 23
98384799667278 66
98384858553008 91
98384925719701 91
98384925821246 23
98384925829318 66
98384925836579 23
98384992729941 66
98384992768421 91
98385059857032 91
98385139029619 23
98385139064366 66
98385139071959 91
98385194170948 23
98385194203997 66
98385194211812 91
98385194218816 23
98385271029137 23
98385271059945 66
98385271067583 91
98385328063870 23
98385328099471 66
98385328107316 91
98385328114457 23
98385395078881 66
98385395116331 23
98385395123848 66
98385395130900 91
98385462445078 91
98385462487965 23
98385529279670 66
98385529310828 23
98385529318203 66
98385529325194 91
98385608300872 91
98385663367977 23
98385663401024 66
98385663408559 91
98385739129809 23
98385739160482 66
98385739168293 91
98385809542644 23
98385809580828 66
98385809588371 91
98385864611566 23
98385864641402 66
98385864649002 23
98385864656036 66
98385941417052 91
98385941450847 23
98385998830167 66
98385998898053 91
98386065948591 91
98386065977335 23
98386143344900 66
98386143375909 23
98386143383617 66
98386143390645 91
98386278756156 23
98386278790424 66
98386278798190 91
98386333957909 91
98386333987606 23
98386333995164 66
98386410643931 91
98386410682370 23
98386410690082 66
98386410697066 91
98386468123771 23
98386468168263 23
98386468176303 66
98386535282052 23
98386535316095 66
98386535323604 91
98386609137743 91
98386609168108 23
98386609175746 66
98386669630128 23
98386669683819 66
98386669695171 91
98386736531861 23
98386814108860 91
98386814159852 23
98386814167302 66
98386814174212 91
98386882996412 23
98386883030573 66
98386937624725 91
98386937657511 23
98386937664965 66
98386937671863 91
98387010067605 23
98387010101597 66
98387010109096 91
98387071760783 23
98387071795870 66
98387138972297 91
98387139014200 23
98387139021921 66
98387217150469 91
98387217185960 23
98387217193554 66
98387273318339 91
98387273371162 23
98387273379198 66
98387340151647 91
98387340192316 23
98387340199825 66
98387417130643 23
98387417165020 66
98387417172995 91
98387474223683 91
98387474260528 23
98387541316219 66
98387541345205 23
98387541352677 66
98387541359663 91
98387615022610 91
98387682382500 23
98387682415137 66
98387749841237 23
98387749872369 66
98387749879608 91
98387817313169 23
98387817360612 66
98387817368923 91
98387884555362 23
98387884587131 66
98387951935117 91
98387951974401 91
98388010797529 23
98388010828251 66
98388010835687 23
98388078001494 66
