100736991106318 91
100737070193048 91
100737070230766 23
100737070238415 66
100737070245514 91
100737125194717 23
100737125225729 23
100737125233308 66
100737125240189 91
100737202040190 23
100737202072252 66
100737202079811 23
100737202087103 66
100737259233841 91
100737326423410 91
100737326456549 23
100737326464134 66
100737326471571 23
100737393506946 66
100737393542451 91
100737460444217 91
100737460475449 23
100737460482930 66
100737460489920 91
100737527548511 23
100737527579981 66
100737605341575 91
100737605378938 23
100737605386467 66
100737661713265 23
100737661745292 91
100737661752931 23
100737661760527 66
100737728704166 91
100737728775689 23
100737728783481 66
100737795920025 91
100737795953248 23
100737862908317 66
100737862937946 23
100737862945614 66
100737862952632 91
100737929962107 23
100737929993740 66
100738008558365 91
100738008591536 91
100738064170810 23
100738064213416 66
100738064220981 23
100738064227957 66
100738140455533 91
100738140484627 23
100738140492100 66
100738198350815 91
100738198383192 23
100738265274448 66
100738265305684 91
100738341767867 91
100738341802064 23
100738341809752 66
100738411832004 91
100738411865648 23
100738411873839 66
100738466705722 23
100738466737712 66
100738466745133 91
100738543745696 91
100738543776625 23
100738543784343 66
100738607934825 91
100738607967930 23
100738607975610 66
100738607982473 91
100738667723039 23
100738667774567 66
100738667784905 91
100738745070514 23
100738745111053 66
100738745119099 91
100738801802987 23
100738801834857 66
100738868877687 23
100738868912353 66
100738868919935 91
100738947413334 23
100738947443458 66
100738947450853 91
100739076210074 91
100739076265269 23
100739076272844 66
100739076279877 91
100739137175516 23
100739137213438 66
100739137220664 23
100739137227722 66
100739204302953 91
100739271226071 91
100739271264010 23
100739271271603 66
100739271278790 91
100739350424119 23
100739350453445 66
100739350460895 23
100739350468106 66
100739405393950 91
100739472659272 91
100739472694252 23
100739472702352 66
100739472709346 23
100739546393406 66
100739546427038 91
100739613842410 91
100739613878692 23
100739681155591 66
100739681189596 91
100739681197127 23
100739748546729 66
100739748577322 91
100739748584867 23
100739815901307 66
100739815931998 91
100739815939594 23
100739815946819 66
100739874849912 91
100739874881076 23
100739874888834 66
100739942034848 23
100739942066050 66
100739942073652 91
100740009005292 91
100740009034696 23
100740009042062 66
100740076021614 91
100740076052917 23
100740076060458 66
100740143118972 23
100740143153533 66
100740143161839 91
100740210403630 91
100740210434725 23
100740210442417 66
100740277301634 91
100740277338235 23
100740277345565 66
100740344355079 91
100740344393649 23
100740344401055 23
100740344408140 66
100740418297662 91
100740418347070 23
100740418354525 66
100740485540899 91
100740485580533 23
100740485588038 66
100740552889685 91
100740552928169 23
100740552935835 66
100740620278558 23
100740620310549 66
100740620318122 91
100740687634831 91
100740687666850 23
100740687674327 66
100740754991358 23
100740755022813 66
100740755030264 91
100740813787976 91
100740813819434 23
100740880781593 66
100740880810440 91
100740880817784 23
100740947919094 66
100740947947925 91
100740947955540 23
100740947962608 66
100741014945791 91
100741014978494 23
100741014986011 66
100741082138337 23
100741082172178 66
100741082179744 91
100741149144952 23
100741149176496 66
100741149184289 91
100741216171434 23
100741216204254 66
100741283180173 91
100741357262712 91
100741357304602 23
100741357312201 23
100741357319187 66
100741424671544 91
100741424718091 23
100741424725812 66
100741491970682 91
100741492003158 23
100741492010677 66
100741559362347 91
100741559396211 23
100741559403862 66
100741559410995 91
100741626724747 23
100741626759096 66
100741626766627 23
100741706604165 66
100741706639054 91
100741752705371 91
100741752732699 23
100741752740107 66
100741819730173 91
100741819759340 23
100741819767239 66
100741886873256 91
100741886907264 23
100741886914733 66
100741954479950 91
100741954510505 23
100741954518070 66
100742020915546 23
100742020945133 66
100742020952936 91
100742088095656 91
100742155192346 23
100742155223208 66
100742155230804 91
100742155237989 23
100742245659427 66
100742245694958 91
100742245702740 23
100742245709760 66
100742245716766 91
100742296283292 23
100742296314018 66
100742363796172 91
100742363826920 23
100742363834465 66
100742363841650 91
100742431227317 23
100742431258817 66
100742431266491 91
100742498441403 23
100742498474597 66
100742498482375 91
100742565882155 23
100742565912191 66
100742565919708 23
100742565926625 66
100742565933523 91
100742691950302 23
100742691986853 66
100742691995016 91
100742758672329 91
100742758706191 23
100742758713814 66
100742825771758 23
100742825805819 66
100742825813465 91
100742892854609 91
100742892889798 23
100742959878171 66
100742959910821 23
100743026968810 66
100743027013982 91
100743094184910 23
100743094218264 91
100743171428606 23
100743171465248 66
100743171472869 23
100743228177232 66
100743228207515 91
100743295181920 91
100743295214565 23
100743295222828 66
100743373490854 91
100743373526304 23
100743373533789 66
100743429387968 23
100743429418189 66
100743429425935 91
100743503547700 23
100743503575798 66
100743503583267 91
100743570918715 23
100743570949720 66
100743570957334 91
100743638583581 23
100743638628134 23
100743705827800 66
100743705871385 91
100743773166527 23
100743773203526 66
100743773211148 91
100743831753298 23
100743831780347 66
100743831819153 91
100743898934147 91
100743898967502 23
100743965891372 66
100743965925983 23
100744032942748 66
100744032979088 91
100744100102661 91
100744100134749 23
100744100142513 66
100744100149467 91
100744167111885 23
100744167141740 66
100744167149023 91
100744234151086 23
100744234182719 66
100744234189983 23
100744234196794 66
100744234203830 91
100744311973142 91
100744312007579 23
100744312015184 66
100744375262413 23
100744375293991 66
100744375302417 91
100744442622379 91
100744442652694 23
100744510030396 66
100744510063024 23
100744510070535 66
100744510077609 91
100744577419772 23
100744577453203 66
100744644916634 91
100744644948436 91
100744703706643 23
100744703736514 66
100744703744067 91
100744770965674 23
100744770998552 66
100744837691533 23
100744837725143 66
100744837732748 91
100744904801796 91
100744904833867 23
100744904841290 66
100744971871049 91
100744971901358 23
100744971908879 66
100745039438654 91
100745039483661 23
100745039491125 66
100745105917549 23
100745105949618 66
100745105957123 91
100745173132335 23
100745173162842 66
100745173170588 91
100745247009012 91
100745314449687 23
100745314479850 66
100745314487362 91
100745314494304 23
100745314501194 66
100745381919016 23
100745381946632 66
100745381954111 91
100745458998418 23
100745459035307 66
100745459042775 91
100745516488708 23
100745575427183 66
100745575458601 91
100745642414985 23
100745642442045 66
100745709699105 91
100745776632588 23
100745776665758 66
100745776673108 91
100745843682883 23
100745843716012 66
100745910738089 91
100745977905330 91
100745977940578 23
100745977948073 66
100746044891893 91
100746044923256 23
100746044930799 66
100746118797376 91
100746118831947 23
100746118839629 66
100746186082442 23
100746186116291 66
100746253488676 91
100746320848224 23
100746320878903 66
100746320886211 91
100746388380682 91
100746455596391 23
100746455626713 66
100746455634525 91
100746514381392 23
100746514415551 66
100746514423074 91
100746595669342 23
100746595703202 66
100746595710689 91
100746648435228 23
100746648466325 66
100746648473879 23
100746648480957 66
100746715487974 91
100746782742653 91
100746782774941 23
100746782782553 66
100746849912384 91
100746849945346 23
100746849953217 66
100746916807319 91
100746916841379 23
100746916849061 66
100746983794231 23
100746983824791 66
100746983832546 91
100747057880034 91
100747057917344 23
100747125187301 66
100747125218023 91
100747192576466 23
100747192611917 66
100747192619496 91
100747259945556 23
100747259973583 66
100747259981462 91
100747259988407 23
100747327334581 66
100747327366441 91
100747327373676 23
100747327380475 66
100747394790684 91
100747394826692 23
100747394834484 66
100747453395533 91
100747453465656 23
100747453473519 66
100747520546263 91
100747520576120 23
100747520583685 66
100747587521575 91
100747587558525 23
100747587566166 66
100747654472456 23
100747654501102 66
100747654508588 91
100747721639498 23
100747721666854 66
100747721674357 91
100747788769244 91
100747855807812 23
100747855842466 66
100747855850049 91
100747929545130 23
100747929581325 66
100747929589292 23
100747996904802 66
100747996933363 91
100748064290278 23
100748064322178 66
100748064329955 91
100748131664204 23
100748131696203 66
100748199243606 91
100748258009491 91
100748325251682 23
100748325281331 66
100748325289027 91
100748392216743 23
100748392250096 66
100748392257285 91
100748459255921 23
100748459286302 66
100748459294157 91
100748526426323 23
100748526456872 66
100748526464542 91
100748593625895 23
100748593660129 66
100748593667905 91
100748660483856 23
100748660514542 66
100748660521970 91
100748727545737 23
100748727582137 66
100748727589855 91
100748801227697 23
100748801258320 66
100748868619093 91
100748868652367 23
100748868660302 66
100748935983826 91
100748936015841 23
100748936023428 66
100749003370559 23
100749003403057 66
100749003410479 91
100749070753183 23
100749070783226 66
100749138139425 91
100749196967326 91
100749196998032 23
100749197005609 66
100749264134806 23
100749264166288 91
100749264174968 23
100749264181938 66
100749331049428 23
100749331082181 66
100749331089839 91
100749398125693 91
100749398157541 23
100749398165295 66
100749465321322 23
100749465352423 66
100749465359701 91
100749532358280 23
100749532390830 66
100749532398470 91
100749599371088 91
100749666441512 23
100749666473666 66
100749666481277 91
100749666488434 23
100749666495454 66
100749666502983 91
100749740448400 23
100749740487653 66
100749807758347 23
100749807790541 66
100749807797987 91
100749875128628 91
100749875165452 23
100749875172955 66
100749942514892 91
100749942549779 23
100749942557144 66
100750009870908 23
100750009903472 66
100750009911214 91
100750068743738 91
100750068773934 23
100750068781461 66
100750068788485 91
100750146014370 23
100750146050595 66
100750146057903 91
100750202893697 23
100750202924642 66
100750202932157 23
100750202939161 66
100750270151460 91
100750270189855 23
100750337022836 66
100750337052580 91
100750404339257 23
100750404373728 66
100750404381209 91
100750471310052 23
100750471345418 66
100750471353084 91
100750538373396 23
100750538403333 66
100750612067670 91
100750612097764 91
100750679455552 23
100750679487249 66
100750679494746 23
100750679501838 66
100750746832744 91
100750746866654 91
100750814205417 23
100750814240095 66
100750814247942 91
100750881631597 23
100750881660516 66
100750881668096 91
100750948960711 23
100750948993864 66
100750949001357 91
100751016315097 23
100751016349747 66
100751016357097 91
100751075190261 23
100751075221948 66
100751075230716 91
100751141899193 23
100751141927352 66
100751141934973 23
100751141941893 66
100751141948790 91
100751216275552 23
100751276152324 66
100751276191971 91
100751276199822 91
100751343219728 23
100751343267591 66
100751343274917 91
100751410086059 23
100751410114922 66
100751410122849 91
100751477445132 23
100751477477771 66
100751477485179 91
100751551149653 23
100751551188298 66
100751551195839 23
100751551202786 66
100751551209672 91
100751685901503 23
100751685932808 66
100751685940725 91
100751753300012 23
100751753331894 66
100751753339491 91
100751820665562 23
100751820697450 66
100751820704945 91
100751879723844 91
100751946606525 23
100751946639282 66
100751946646974 91
100752013814617 23
100752013845830 66
100752013853347 23
100752080825726 66
100752080857286 91
100752080864745 23
100752157430228 66
100752157465240 91
100752214933138 91
100752214962184 23
100752214969810 66
100752282026352 91
100752282055583 23
100752282063090 66
100752349097970 91
100752349131713 23
100752349138967 66
100752422869374 23
100752422903187 66
100752422910622 91
100752490399541 23
100752490446519 66
100752490455897 91
100752557645904 91
100752557679860 23
100752557687477 66
100752625030334 23
100752625061498 66
100752625069073 91
100752692409095 91
100752692446539 23
100752759774388 66
100752759806495 23
100752759813849 66
100752759820801 91
100752818540430 91
100752885550803 23
100752885585449 66
100752885593529 23
100752885600688 66
100752952597000 91
100753019711469 91
100753019744259 23
100753019751699 66
100753086933867 23
100753086966434 66
100753086974023 91
100753154155308 91
100753154188371 23
100753154196015 66
100753220880976 23
100753220910884 66
100753294667557 91
100753294701825 91
100753361962445 23
100753361995703 66
100753362003082 91
100753429373694 23
100753429407521 66
100753429415154 91
100753429422104 23
100753496714100 66
100753496740629 23
100753496748082 66
100753564231099 91
100753631503801 91
100753690593021 23
100753690638741 66
100753690647050 23
100753690654201 66
100753757384773 91
100753824593424 23
100753824623061 66
100753824630675 91
100753891562325 91
100753891598663 23
100753891606077 66
100753958587124 23
100753958620213 66
100753958627606 91
100754025605400 23
100754092826519 66
100754092857574 91
100754092866726 91
100754159880862 23
100754159912964 66
100754159920394 91
100754233788304 91
100754233825577 23
100754301071735 66
100754301101356 91
100754301108938 23
100754368440679 23
100754368472215 66
100754368479854 91
100754435807866 23
100754435837564 23
100754435845024 66
100754435852479 91
100754435859406 23
100754503301472 23
100754503336238 66
100754503343629 91
100754570566869 23
100754570596987 66
100754570604476 91
100754629338497 23
100754629373051 66
100754629380891 91
100754629388036 23
100754696392998 66
100754696435883 23
100754696443388 91
100754696450943 23
100754763448673 66
100754763478703 91
100754763486471 23
100754830419858 66
100754830454584 91
100754830462155 23
100754830469181 23
100754830476177 66
100754897513504 23
100754897546038 66
100754897553245 91
100754964711724 23
100754964744276 23
100754964751871 66
100754964759493 91
100755031723480 23
100755031775177 66
100755031782952 91
100755105387662 23
100755105422887 23
100755105430672 66
100755105437724 23
100755172781098 66
