93950946508370 91
93951005300368 91
93951005329532 23
93951005337138 66
93951072334675 91
93951072367742 23
93951072375798 66
93951139319447 23
93951139349449 66
93951139357018 91
93951206509599 91
93951206540688 23
93951273542938 66
93951273572556 23
93951273580298 66
93951273587322 91
93951340548351 91
93951407604557 23
93951407638384 66
93951407646016 91
93951481401280 23
93951481435798 66
93951548799742 23
93951548834718 66
93951548842404 91
93951548849533 91
93951616088441 23
93951616118413 66
93951683445674 91
93951683470075 23
93951683477906 66
93951750800050 23
93951750821708 66
93951750829225 91
93951818181028 23
93951818202298 66
93951818209843 91
93951876998365 23
93951944149100 66
93951944166527 91
93952011279723 23
93952011311547 66
93952011319068 91
93952145313505 23
93952145338459 66
93952145346002 91
93952212484131 91
93952212512797 23
93952212520120 66
93952279536240 23
93952279560327 66
93952279568510 91
93952346755140 23
93952346781205 66
93952346788468 91
93952487838466 23
93952487873325 66
93952487881088 91
93952555169380 91
93952555196688 23
93952622591218 66
93952622618160 23
93952622625534 66
93952689917290 91
93952757331203 91
93952757362282 23
93952757370664 66
93952815919115 91
93952815946948 23
93952815954364 66
93952883092225 23
93952883127794 66
93952883135434 91
93953017231785 23
93953017261303 66
93953017269001 91
93953084246866 91
93953084273665 23
93953151239294 66
93953151261517 23
93953151268982 66
93953218403648 91
93953218421323 91
93953285468078 23
93953285485865 66
93953285493412 91
93953359479828 23
93953359497346 66
93953426892390 91
93953426911445 23
93953426919003 66
93953426926157 91
93953494272916 23
93953494295928 66
93953494303406 91
93953561619383 23
93953561639761 66
93953561647347 91
93953628980699 23
93953628997589 66
93953687802984 23
93953687821665 66
93953687829329 91
93953822137265 91
93953822172178 23
93953822180001 66
93953889076474 23
93953889110388 91
93953889118106 23
93953889125185 66
93953956260875 91
93953956290623 23
93953956298184 66
93954023229230 91
93954023254277 23
93954090246083 66
93954090271520 91
93954157368544 23
93954157400501 66
93954157408380 91
93954231263505 23
93954231294564 66
93954231302144 91
93954298619144 23
93954298644553 66
93954298652133 91
93954366001776 23
93954366029524 66
93954366037033 91
93954435442691 23
93954435470745 66
93954435478140 91
93954500730243 23
93954500748907 66
93954500756151 91
93954559778536 23
93954559813745 66
93954559821203 91
93954626828808 23
93954626857345 66
93954693910082 91
93954693943426 23
93954693951162 66
93954761127179 23
93954761155638 66
93954761163133 91
93954827959850 91
93954827990107 23
93954895081072 66
93954895100079 91
93954895107572 23
93954962141762 66
93954962169993 91
93955029142509 23
93955029163948 66
93955029171632 91
93955102903595 23
93955102921405 66
93955170277956 91
93955170294144 23
93955170301639 66
93955237733991 91
93955237761930 23
93955313198165 66
93955313234158 91
93955313241828 23
93955372513759 66
93955372551503 23
93955439859665 66
93955439888644 91
93955498714796 91
93955565668987 23
93955565694617 66
93955632964231 91
93955632998726 23
93955633006358 66
93955699927795 91
93955699958469 23
93955766944192 66
93955766974155 91
93955766981650 23
93955833932873 66
93955833966167 91
93955833973829 23
93955901132426 66
93955901163630 91
93955968038848 23
93955968069944 66
93955968077469 91
93956042061630 23
93956042090440 66
93956042098082 91
93956109425969 23
93956109452430 66
93956109460142 23
93956176787395 66
93956176808116 91
93956244175098 91
93956244198496 23
93956311603702 66
93956311632460 91
93956379003629 23
93956379040767 66
93956379048463 91
93956437642783 23
93956437673577 66
93956437681012 91
93956504774365 23
93956504799953 66
93956504807588 91
93956571920394 23
93956571943212 66
93956571950878 91
93956638766252 23
93956638782365 66
93956638790004 91
93956705777755 23
93956705795961 66
93956705803321 91
93956772809570 23
93956772827762 66
93956772835340 91
93956840021967 23
93956840040169 66
93956840047887 91
93956913736781 23
93956913753804 66
93956913761244 91
93956913768246 23
93956981251958 66
93956981286240 91
93957048555584 23
93957048588158 66
93957048596115 23
93957048603544 91
93957115918360 23
93957115947577 66
93957115955353 91
93957183370060 23
93957183401530 66
93957183409234 91
93957250642880 23
93957250666958 66
93957250674525 91
93957309524712 23
93957309555735 66
93957309563811 23
93957309571117 66
93957309578049 91
93957444160540 23
93957444228560 66
93957444236419 91
93957510942014 91
93957577786675 23
93957577815385 66
93957577823182 91
93957577830283 23
93957644779447 66
93957644809801 91
93957644817593 23
93957711758593 66
93957711789353 91
93957711797164 23
93957711804375 66
93957785497939 91
93957785528317 23
93957785535833 66
93957785542960 91
93957852824691 23
93957852846669 66
93957920240275 91
93957920265751 23
93957920273469 66
93957987582027 23
93957987602669 66
93957987610120 91
93958054987670 91
93958122350131 23
93958122369181 66
93958122376684 91
93958181688067 23
93958181709410 66
93958181716744 91
93958248368598 23
93958248385491 23
93958248393030 66
93958248400152 91
93958315403684 23
93958315421129 66
93958315428759 91
93958382439902 23
93958382462958 66
93958382470640 23
93958449443315 66
93958449461977 91
93958516646511 91
93958516667281 23
93958583804402 66
93958583839446 91
93958583846877 23
93958583853845 66
93958650729244 91
93958650768005 23
93958650775478 66
93958724586276 91
93958724614171 23
93958724622330 66
93958792023361 91
93958792048830 23
93958859341667 66
93958859364250 91
93958926741909 23
93958926774119 66
93958926781658 91
93958926788799 23
93958994111836 66
93958994143670 23
93958994151149 66
93958994158205 91
93959061468419 91
93959120159504 23
93959120185077 66
93959120192451 91
93959187201992 23
93959187225827 66
93959187233563 23
93959254387723 66
93959254414196 91
93959321387135 91
93959321409269 23
93959321416750 66
93959388403214 91
93959455500131 23
93959455531192 66
93959522878574 23
93959522904786 66
93959522912955 91
93959596334551 91
93959596369229 23
93959596377019 66
93959663682625 91
93959663711757 23
93959731083833 66
93959731117435 91
93959798465698 23
93959798493185 66
93959798500710 91
93959866163519 23
93959866228969 66
93959866241472 91
93959933224933 23
93959933257937 66
93959933265539 91
93959992001412 23
93959992026282 66
93960059281458 91
93960059315484 23
93960059353789 66
93960126309742 91
93960126342840 23
93960126350447 66
93960193214304 91
93960193248182 23
93960193255606 66
93960260408402 23
93960260436195 66
93960260444374 91
93960327397137 91
93960327422098 23
93960394682119 66
93960394706325 91
93960394713774 23
93960461450669 66
93960461480771 23
93960461488268 66
93960602765583 91
93960602798389 91
93960670194250 23
93960670221819 66
93960670229365 91
93960737529792 23
93960737553787 66
93960737561469 91
93960804886385 23
93960804905382 66
93960863853470 91
93960863872227 23
93960863879911 66
93960863886873 91
93960930942755 23
93960930963009 66
93960930970522 91
93960998078015 23
93960998104963 66
93960998112563 91
93961065219079 23
93961065241442 66
93961065249366 91
93961132436114 23
93961132455513 66
93961132463136 91
93961199173356 23
93961199192073 66
93961266299081 91
93961266318595 23
93961266326250 66
93961333369108 23
93961333386081 66
93961333393371 91
93961407068846 91
93961407085364 23
93961474614604 66
93961474647512 23
93961474655117 66
93961474662087 91
93961609284749 91
93961609315330 23
93961609323141 66
93961676666299 91
93961676701651 23
93961676709369 66
93961676716558 91
93961744038515 23
93961744066867 66
93961744074649 91
93961803106436 23
93961803136580 66
93961870104421 23
93961870176439 66
93961870185798 91
93961936996969 91
93961937027960 23
93962004032893 66
93962004066972 23
93962004074422 66
93962004081571 91
93962071218722 91
93962138234871 23
93962138266168 66
93962138273790 91
93962205228128 23
93962205262420 66
93962272382246 91
93962272417173 23
93962272424451 66
93962346222227 91
93962346254368 23
93962346262139 66
93962413640363 91
93962413675727 23
93962480990207 66
93962481017799 91
93962481025398 23
93962481032712 66
93962548432228 91
93962548462946 23
93962548471060 66
93962615759296 91
93962615788883 23
93962615796499 66
93962675347885 91
93962675370035 23
93962675377592 66
93962741757565 91
93962741780383 23
93962741787992 66
93962809127288 23
93962809145828 66
93962809153396 91
93962875797982 23
93962875814629 66
93962875822488 91
93962942880450 23
93963009922198 66
93963009942226 91
93963009949649 91
93963077000832 23
93963077018674 66
93963077026398 91
93963144204839 23
93963144223908 66
93963211577273 91
93963211611915 23
93963211619619 66
93963211626528 91
93963285330262 23
93963285364246 66
93963352707412 91
93963352733093 23
93963352740799 66
93963420074562 23
93963420100617 91
93963420108232 23
93963420115164 66
93963487467424 91
93963487494241 23
93963487501818 66
93963554809166 91
93963554838236 23
93963554845668 66
93963613625815 23
93963613653710 91
93963613661845 23
93963681624108 66
93963681649809 23
93963681657409 66
93963814778237 91
93963881828369 23
93963881850783 66
93963881858248 91
93963948884927 23
93963948913325 66
93963948920647 91
93964083329283 91
93964083387771 23
93964083398412 66
93964157064678 91
93964157100724 23
93964224385784 66
93964224406550 91
93964224413967 23
93964291737123 66
93964291757408 91
93964291765002 23
93964359135351 66
93964359156558 91
93964359164096 23
93964359171140 66
93964426510470 91
93964426529810 23
93964426537277 66
93964485487162 91
93964485505138 23
93964485512482 66
93964552475208 91
93964552492582 23
93964552499894 66
93964552506785 91
93964619493044 23
93964619509715 66
93964619517332 23
93964686814526 66
93964686849274 91
93964753783323 91
93964753816317 23
93964753823788 66
93964820807946 91
93964820836650 23
93964820844346 66
93964887951689 91
93964955171908 23
93964955197557 66
93964955205265 91
93965022032179 23
93965022062384 66
93965096128519 91
93965096154485 23
93965096161863 66
93965163511579 23
93965163541214 66
93965163549075 91
93965230838253 91
93965298231889 23
93965298254858 66
93965298262585 91
93965365652220 23
93965365673954 66
93965365681654 91
93965424459053 23
93965424479886 66
93965491438491 91
93965491456733 23
93965491464795 66
93965558443597 23
93965558461369 66
93965558468996 91
93965625459737 23
93965625477086 66
93965625484778 91
93965692573635 23
93965763299010 66
93965763325336 91
93965826689396 91
93965900445964 23
93965900464340 66
93965900472021 91
93965967795221 23
93965967811873 66
93965967819337 91
93966036344003 23
93966036378295 66
93966102630800 91
93966102664871 23
93966102672696 66
93966102679835 91
93966170017845 23
93966170048120 66
93966237375194 23
93966237401748 66
93966237409165 91
93966296210432 23
93966296232174 66
93966296239474 91
93966363415835 91
93966430425789 23
93966430456562 66
93966430464504 91
93966497551870 23
93966497582948 66
93966497590455 91
93966497597392 23
93966564388166 66
93966564410152 23
93966564417481 66
93966564424487 91
93966698618283 91
93966698646484 23
93966698654011 66
93966698661044 91
93966765617663 23
93966765635815 66
93966765643669 91
93966839547240 23
93966839572126 66
93966839580081 91
93966906919846 91
93966974305467 23
93966974326855 66
93966974334466 91
93967043760913 23
93967043783009 66
93967109117364 91
93967109138115 23
93967109145744 66
93967176523271 91
93967176557185 23
93967176565062 66
93967235256857 23
93967235288033 66
93967235295331 91
93967302270360 23
93967302302067 66
93967302309704 91
93967369475724 23
93967436688153 66
93967436716445 91
93967503436862 91
93967503461057 23
93967503468423 66
93967570401481 91
93967570425489 23
93967570433209 66
93967570440275 91
93967637660064 23
93967637695042 23
93967637702662 66
93967711313344 91
93967711347580 23
93967711355435 66
93967711362865 91
93967778663502 23
93967778691617 66
93967778699202 91
93967846487285 23
93967846519557 66
93967913435828 23
93967913469394 66
93967913478393 91
93967980826047 23
93967980857442 66
93967980865090 91
93968107102094 91
93968107130615 23
93968107138333 66
93968174262478 91
93968174343593 23
93968174352993 66
93968241403296 23
93968241453088 66
93968241463347 91
93968308226774 91
93968375399456 23
93968375427257 66
93968375434915 23
93968442359336 66
93968442379827 91
93968509348374 91
93968509367562 23
93968576334456 66
93968576352105 91
93968576359845 23
93968576366863 66
93968650339954 91
93968650359096 23
93968717725044 66
93968717743182 23
93968785088410 66
93968785106231 91
93968852455434 91
93968852470645 23
93968852478009 66
93968919852748 23
93968919869427 66
93968919876696 91
93968987273213 91
93969046126281 23
93969046169168 66
93969046176592 91
93969046183564 23
93969113185021 66
93969113220331 91
93969113228578 23
93969180080946 66
93969180113946 91
93969247096196 23
93969247122965 66
93969247130585 91
93969314158435 23
93969314179477 66
93969381283648 23
93969381316523 66
93969381323986 91
93969448475950 91
93969515779153 23
93969515822316 66
93969515829875 91
93969515837231 23
93969589472369 66
93969589497242 91
93969656854754 23
93969656879475 66
93969656887066 23
93969656894288 66
93969724250876 91
93969724282270 91
93969791633788 23
93969791664799 66
93969791672217 91
93969858999706 23
93969859025404 66
93969917937742 91
93969917965046 23
93969917972398 66
93969985031908 91
93969985058302 23
93969985065958 66
93970051954350 91
93970051986318 23
93970051993823 66
93970118976737 91
93970119005491 23
93970186127346 66
93970186148242 23
93970186156109 66
93970186163336 91
93970320130633 91
93970320158815 23
93970320166422 66
93970387194254 91
93970387215502 23
93970387223075 66
93970461158308 23
93970461179785 66
