82135822500311 91
82135889822537 91
82135956956371 23
82135956986932 66
82135956994316 91
82136023728794 23
82136023762012 66
82136023768931 91
82136090985851 23
82136091019069 66
82136158007791 91
82136158042122 23
82136224988637 66
82136225032872 91
82136298949311 23
82136298984692 66
82136298992130 91
82136366644830 23
82136366695310 66
82136366703053 91
82136433640040 23
82136433674410 66
82136433682225 91
82136501012725 23
82136501042788 66
82136568398822 91
82136568433540 23
82136635786291 66
82136635815953 91
82136694398414 23
82136694428761 66
82136694436214 91
82136761412425 23
82136761443362 66
82136761451060 91
82136828627682 23
82136828665072 66
82136895799473 91
82136895847218 23
82136962685420 66
82136962725731 91
82136962733266 23
82137029715187 66
82137029752973 91
82137096919371 23
82137096956479 66
82137096963952 91
82137163991533 23
82137164079767 66
82137164090400 91
82137230926376 23
82137230957284 66
82137298148585 91
82137298186912 23
82137298194250 66
82137365160946 91
82137365199064 23
82137432196364 66
82137432228872 91
82137499290847 23
82137499329116 66
82137499336574 91
82137566462519 23
82137566499036 66
82137566506539 91
82137640210534 23
82137640242463 66
82137640249785 91
82137707673553 23
82137707718677 66
82137785354042 91
82137785397649 23
82137785405019 66
82137842373411 91
82137842443900 23
82137910128352 66
82137910194631 91
82137977109821 23
82137977155148 91
82137977162762 23
82138045369130 66
82138045407232 91
82138045414880 23
82138103173175 66
82138103211096 91
82138169950067 91
82138169983420 23
82138169990911 14
82138236910809 66
82138236945755 91
82138304390245 23
82138304458042 66
82138304467933 91
82138371128405 23
82138371165855 66
82138438183738 91
82138438217602 23
82138511875841 66
82138511909350 91
82138511916805 23
82138572840631 66
82138572926327 91
82138572935501 91
82138639436976 23
82138639478423 66
82138706479504 91
82138706520367 23
82138706527947 66
82138773436369 91
82138773471268 23
82138840603141 66
82138840640927 91
82138907675582 23
82138907712698 66
82138907720293 91
82138981463364 23
82138981498610 66
82139048808795 91
82139048842588 23
82139116206531 66
82139116236154 91
82139116243541 23
82139183586447 66
82139183623211 91
82139250961491 23
82139250999205 66
82139318492583 91
82139318544005 23
82139318551454 66
82139377246261 91
82139377279867 23
82139444088170 66
82139444126154 91
82139444134312 23
82139511098116 66
82139511131898 91
82139578305686 23
82139578335367 66
82139578342985 91
82139645324577 23
82139645361705 66
82139645369099 91
82139712418623 23
82139712454504 66
82139712461969 91
82139779434023 23
82139779466874 66
82139846493268 91
82139846526243 23
82139920531619 66
82139920570002 91
82139987909503 23
82139987945106 66
82139987952678 91
82140055268443 23
82140055306364 66
82140055313744 91
82140122724245 23
82140122759985 66
82140122767454 91
82140190027161 23
82140190065317 66
82140249073231 91
82140249109273 23
82140316046707 66
82140316083865 91
82140383258035 23
82140383296282 66
82140383303775 91
82140450150906 23
82140450190730 66
82140517111836 91
82140517143324 23
82140592207287 66
82140592241646 91
82140659580449 23
82140659608664 66
82140659615913 91
82140719110710 23
82140719156012 66
82140719164547 91
82140785404282 23
82140785439618 66
82140785448340 91
82140852391822 23
82140852426856 66
82140919606850 91
82140919633448 23
82140986609776 66
82140986644571 91
82140986652357 23
82141053743994 66
82141053787577 91
82141127058628 23
82141127097301 66
82141127104834 91
82141194400477 23
82141194438108 66
82141194445541 91
82141261949729 23
82141262001179 66
82141329237875 91
82141329273035 23
82141396521971 66
82141396555601 91
82141456077394 23
82141456110429 66
82141456117845 91
82141523089860 23
82141523118498 66
82141523125946 91
82141590256174 23
82141590292352 66
82141590300513 91
82141663941633 23
82141663979393 66
82141663986604 91
82141731309446 91
82141798737395 23
82141798769366 14
82141798776979 66
82141798783846 91
82141866163887 23
82141866201066 66
82141945578817 91
82141945616826 23
82142000881025 66
82142000922350 91
82142059753942 23
82142059788264 66
82142059795874 91
82142126792902 23
82142126831521 66
82142126839196 91
82142203106922 23
82142203147506 66
82142261312268 91
82142261370153 23
82142328085514 66
82142328124803 91
82142328132191 23
82142395046053 66
82142395081906 91
82142462151175 23
82142462186776 66
82142462194943 91
82142529044957 23
82142529079014 66
82142596342889 91
82142596376585 23
82142663212875 66
82142663247129 91
82142730300925 23
82142730332721 66
82142730340471 91
82142797482271 23
82142797520664 66
82142797528334 91
82142864530582 23
82142931571682 66
82142931620885 91
82142931629110 23
82142998499297 66
82142998527774 91
82143072672593 23
82143072707408 66
82143072714953 91
82143139971383 23
82143140000888 66
82143140008421 91
82143207327704 23
82143207359337 66
82143274710881 91
82143274743518 23
82143342104445 66
82143342136951 91
82143403122932 23
82143403158107 66
82143403166105 91
82143468042497 23
82143468077389 66
82143535150401 91
82143535181495 23
82143535189070 66
82143602196578 91
82143602229277 23
82143669192462 66
82143669227230 91
82143736270462 23
82143736309216 66
82143736316475 91
82143803504877 23
82143803554026 66
82143803562150 91
82143870890964 23
82143870923496 23
82143870930899 66
82143870937959 91
82143944433630 23
82143944475652 66
82143944483385 91
82144017975234 23
82144018021267 66
82144079088458 91
82144079128540 23
82144079135944 66
82144146596036 91
82144146629600 23
82144213848524 66
82144213877936 91
82144213885457 23
82144281239312 66
82144281272874 91
82144340282446 23
82144340323152 66
82144340330820 91
82144407018714 23
82144407054054 66
82144473979076 91
82144474018536 23
82144542744224 66
82144542773447 91
82144542780652 23
82144608155694 66
82144608192798 91
82144675383157 23
82144675412414 66
82144675419993 91
82144742270550 23
82144742306162 66
82144742313492 91
82144821502251 23
82144821536666 66
82144821544138 91
82144883403364 23
82144883441964 66
82144883449204 91
82144950783050 23
82144950813197 66
82145018157324 91
82145018189904 23
82145085506418 66
82145085540310 91
82145085547877 23
82145152908758 66
82145152941568 91
82145211878551 91
82145211912740 23
82145211920289 14
82145279597319 66
82145279668586 91
82145346220423 23
82145346257889 66
82145346265337 91
82145412953541 23
82145412993581 66
82145413000988 91
82145479993603 23
82145480028136 66
82145480035679 91
82145547095438 23
82145547129700 66
82145614059123 91
82145614089179 23
82145681324427 66
82145681362156 91
82145755132141 23
82145755165389 66
82145755172833 91
82145822554144 23
82145822585203 66
82145822592625 91
82145889874558 23
82145889903465 66
82145966689114 91
82145966725269 23
82146024647016 66
82146024684482 91
82146086309650 23
82146086335359 66
82146086343006 91
82146150793485 23
82146150829108 66
82146217925275 91
82146217958328 23
82146284723391 66
82146284761064 23
82146284768647 66
82146284775647 91
82146351993558 23
82146352026075 66
82146419145720 91
82146419177701 23
82146486022316 66
82146486062962 91
82146553120997 23
82146553160394 66
82146553167944 91
82146627359727 23
82146627405872 66
82146627413427 91
82146694338663 23
82146694381050 66
82146761620402 91
82146761655762 23
82146761682043 66
82146828993518 91
82146829032132 23
82146896431579 66
82146896471053 91
82146896478785 23
82146955540619 66
82146955573169 91
82147022586400 23
82147022624379 66
82147022631839 91
82147096471816 23
82147096504523 66
82147096511963 91
82147163775954 23
82147163808528 66
82147163816480 91
82147231144805 23
82147231177073 66
82147298523005 91
82147298554574 23
82147298562354 66
82147365879906 91
82147365914246 23
82147424937264 66
82147424973514 91
82147424981069 23
82147492103419 66
82147492134302 91
82147558975100 23
82147559008927 66
82147559016426 91
82147633327519 23
82147633361580 66
82147633368694 91
82147700674569 23
82147700708909 66
82147768106434 91
82147768134778 23
82147835484630 66
82147835523388 91
82147835530959 23
82147894418771 66
82147894458458 91
82147961705043 23
82147961755783 66
82147961763652 91
82148035492103 23
82148035533377 66
82148035540906 91
82148095695728 23
82148095733395 66
82148095740930 91
82148163083974 23
82148163122383 66
82148163130164 91
82148229979423 23
82148230042421 66
82148296899691 91
82148296958350 23
82148364068684 66
82148364132987 91
82148364143218 23
82148437725743 66
82148437769495 91
82148505183349 23
82148505233743 66
82148505241526 91
82148572403734 23
82148572438786 66
82148572446412 91
82148639822882 23
82148639863957 66
82148707168420 91
82148707200587 23
82148774599508 66
82148774639819 91
82148833333046 23
82148833364669 66
82148833372067 91
82148900327671 91
82148900365099 23
82148900372356 23
82148967329511 66
82148967358619 91
82149034605773 23
82149034644633 23
82149034652520 66
82149034659701 91
82149101560258 23
82149101598933 66
82149101606480 91
82149168591242 23
82149168623503 66
82149242102959 91
82149242140552 23
82149242148379 66
82149309557531 91
82149376876416 23
82149376915554 66
82149376923355 91
82149444316311 23
82149444376554 66
82149444387494 91
82149511618649 23
82149511666120 66
82149511676755 91
82149578936244 23
82149578974352 66
82149578981883 91
82149646603011 23
82149646659070 66
82149705165900 91
82149705205617 23
82149772294016 66
82149772329937 91
82149846751372 23
82149846793521 66
82149846801098 91
82149906477643 23
82149906530614 66
82149906537916 91
82149973547025 23
82149973582375 66
82150040511857 91
82150040546515 23
82150040554040 66
82150110083765 91
82150110114217 23
82150174701820 66
82150174736623 91
82150248498194 23
82150248529483 66
82150248537302 91
82150315833546 23
82150315870879 66
82150315877966 91
82150383232804 91
82150450646298 23
82150450679691 14
82150450687057 66
82150450694158 91
82150517960437 23
82150517989710 66
82150585336959 91
82150585372382 23
82150644001441 66
82150644031641 91
82150644039217 23
82150711278638 66
82150711307469 91
82150778293221 23
82150778328406 66
82150778335796 91
82150845216990 23
82150845259598 66
82150845269321 91
82150912424527 23
82150912461521 66
82150912469174 91
82150979438496 23
82150979471473 66
82150979478889 91
82151046539756 23
82151120195296 66
82151120236433 91
82151120244247 23
82151187659711 66
82151187698188 91
82151255014175 23
82151255049801 66
82151255057350 91
82151322608820 23
82151322648996 66
82151322656426 91
82151381898149 23
82151381937359 66
82151381944932 91
82151448942596 23
82151448985465 66
82151448993068 91
82151515980646 23
82151516011867 66
82151516019532 91
82151590236315 23
82151590288280 66
82151657228605 91
82151657268295 23
82151724608949 66
82151724647532 91
82151792003941 23
82151792042650 66
82151792050686 91
82151859287845 23
82151859328364 66
82151859335948 91
82151926761877 23
82151926793449 66
82151985464919 91
82151985504509 23
82152052459002 66
82152052498333 91
82152119598496 23
82152119633892 66
82152119641291 91
82152187391931 23
82152187420750 66
82152187428212 91
82152253755005 23
82152253794339 66
82152253802975 91
82152320698923 23
82152320736655 66
82152320746817 91
82152387910214 23
82152387944184 66
82152387951749 91
82152455195385 23
82152521969682 66
82152522010041 91
82152522017439 23
82152589058384 66
82152589212320 91
82152656203253 23
82152656241323 66
82152656248854 91
82152723638835 23
82152723675084 66
82152723683657 91
82152790202547 23
82152790249067 66
82152790259953 91
82152857423511 23
82152857464684 66
82152857475703 91
82152924547452 23
82152924597289 66
82152998608559 91
82152998648915 23
82153065866040 66
82153065907578 91
82153065915778 23
82153133259295 66
82153133295972 91
82153203085808 23
82153203128486 66
82153203136045 91
82153267960920 23
82153268006718 66
82153268017226 91
82153335345703 23
82153335376606 66
82153335384010 91
82153393885810 23
82153393923544 66
82153461181428 91
82153527861694 23
82153527894355 66
82153527902944 91
82153606994500 23
82153607034110 66
82153607041808 91
82153662154995 23
82153662199996 66
82153729157311 91
82153729199207 23
82153729206764 66
82153796198194 91
82153796241568 23
82153863268503 66
82153863314194 91
82153930414184 23
82153930466147 66
82153930473847 91
82154013763836 23
82154013810167 66
82154013817656 91
82154064581629 23
82154064623696 66
82154064633868 91
82154135489191 23
82154136003281 66
82154136152546 91
82154198690065 23
82154198783175 66
82154198794611 91
82154272488320 23
82154272543700 66
82154272591443 91
82154339840527 23
82154339880134 66
82154339888487 91
82154407196378 23
82154474504486 66
82154474540540 91
82154541933440 23
82154541981937 66
82154541992447 91
82154609577119 23
82154609699867 66
82154609712958 91
82154667949279 23
82154667985711 66
82154667993179 91
82154735145319 23
82154735182580 66
82154802368114 91
82154869620075 23
82154869650125 66
82154869657421 91
82154936314788 23
82154936360620 66
82154936369816 91
82155003281654 23
82155003315628 66
82155003322913 91
82155070473873 23
82155070504991 66
82155137554575 91
82155137600319 23
82155204587139 66
82155204618313 91
82155271610723 23
82155271648354 66
82155271655917 91
82155338841953 23
82155338912142 66
82155338919816 91
82155420052282 23
82155420102235 66
82155420110652 91
82155472885943 23
82155472974070 66
82155558333160 91
82155558375199 23
82155558385560 66
82155607142054 91
82155607185726 23
82155681012837 66
82155681097358 91
82155681105080 23
82155748575532 66
82155748683893 91
82155815910913 23
82155815995012 66
82155816002798 91
82155883174223 23
82155883218746 66
82155883227109 91
82155950538938 23
82155950585692 66
82155950594751 91
82156017912866 23
82156017954112 66
82156076481961 23
82156076563141 66
82156143472570 23
82156143505647 66
