91498342639684 91
91498409604317 23
91498409628238 66
91498409635646 91
91498476595608 23
91498476616254 66
91498543773335 91
91498610793886 91
91498610810378 23
91498677965441 66
91498678001411 91
91498678008861 23
91498744994070 66
91498745021436 91
91498812011991 23
91498812029809 66
91498812037334 91
91498886014272 23
91498886031808 66
91498886039399 91
91498953411661 23
91498953436755 66
91499020736626 23
91499020755395 66
91499088114249 91
91499155506399 23
91499155524625 66
91499214323026 91
91499281400347 91
91499281417289 23
91499348616680 66
91499348635978 91
91499415823549 23
91499415840683 66
91499415848152 23
91499415855592 66
91499482567899 91
91499549776450 91
91499549811354 23
91499549818913 66
91499616867665 23
91499616900752 66
91499616908641 91
91499683816797 91
91499757747764 23
91499757774336 66
91499757781726 91
91499825098700 23
91499825121599 66
91499825129024 23
91499892493745 66
91499892526784 91
91499959954644 91
91500027288937 23
91500027319001 66
91500027326361 91
91500094664695 23
91500094698818 66
91500094706080 91
91500153308559 23
91500153330008 66
91500220373377 91
91500220399102 23
91500220406719 66
91500287499072 91
91500287518511 23
91500287526223 66
91500354504361 91
91500354521049 23
91500354528676 66
91500421530323 91
91500488645026 23
91500488672774 66
91500488680251 91
91500555707415 23
91500555734828 66
91500555742411 91
91500629461781 23
91500629486331 66
91500696866738 91
91500696893953 23
91500696902223 66
91500764234551 91
91500764261199 23
91500831595659 66
91500831626196 23
91500898976819 66
91500899000409 91
91500966341345 91
91500966358684 23
91501025314625 66
91501025339650 91
91501092404403 23
91501092424341 66
91501092431796 91
91501159206522 23
91501159225446 66
91501159232858 91
91501226401680 23
91501226418019 66
91501226425798 91
91501293443148 23
91501293461225 23
91501293468762 66
91501293475963 91
91501293483042 23
91501360401650 66
91501360419170 23
91501360426647 66
91501427789365 91
91501427806830 91
91501494826586 23
91501494845464 66
91501562049855 91
91501562069429 23
91501562079748 66
91501636178719 91
91501636194073 23
91501636201517 66
91501703264884 91
91501703282652 23
91501770638844 66
91501770656135 91
91501770663785 23
91501838024449 66
91501838041020 23
91501838048482 66
91501838055527 91
91501964083346 23
91501964106114 66
91501964113697 91
91502031352801 91
91502098278751 23
91502098300959 66
91502165268817 91
91502165286888 23
91502165294240 66
91502232278735 91
91502232297955 23
91502232305361 66
91502299480205 91
91502299497643 23
91502299505202 66
91502366513531 23
91502366531652 66
91502366539193 91
91502440332982 23
91502440360515 66
91502507615596 91
91502507637801 91
91502574982578 23
91502575003226 66
91502642377259 91
91502642396101 23
91502642403702 66
91502709741956 91
91502709760039 23
91502709767305 66
91502777126384 91
91502777144419 23
91502836013950 66
91502836031195 23
91502836038714 66
91502836045895 91
91502903102607 91
91502970159379 23
91502970193705 66
91502970201282 91
91503037279158 23
91503037309858 66
91503037317592 91
91503104300324 23
91503104330153 66
91503104337746 23
91503171456023 66
91503171484252 91
91503238524554 23
91503238545596 66
91503238553254 91
91503305528721 91
91503379340263 23
91503379358025 66
91503379365594 23
91503446726509 66
91503446747920 91
91503514115391 91
91503514138609 23
91503514146078 66
91503514153014 91
91503581476306 23
91503581495075 66
91503648845024 91
91503648863454 23
91503707910427 66
91503707928209 91
91503707935840 23
91503774758037 66
91503774774731 91
91503774782177 23
91503842055138 66
91503842089551 91
91503909028517 23
91503909061490 66
91503909068898 91
91503909075862 23
91503976075404 66
91503976100480 91
91504043164901 91
91504110190464 23
91504110211808 66
91504110219289 91
91504177249362 23
91504177280508 66
91504251144439 91
91504251170846 23
91504251178631 66
91504318800169 91
91504318826297 23
91504318833991 66
91504385861125 91
91504385892460 23
91504453207129 66
91504453229919 91
91504520592746 23
91504520618429 66
91504520626143 91
91504520633326 23
91504588149062 66
91504588169953 91
91504588177623 23
91504646683635 66
91504646700846 91
91504713817863 23
91504713834965 66
91504713842460 91
91504780761040 23
91504780778566 66
91504847959290 23
91504847977454 66
91504847984900 91
91504915045842 91
91504915063088 23
91504915071030 66
91504982114638 23
91504982138641 66
91505049123805 91
91505116121194 91
91505116139619 23
91505116147025 66
91505190149694 23
91505190168771 66
91505190176541 91
91505257566985 91
91505257593223 23
91505324915255 66
91505324935188 91
91505392281106 23
91505392298403 66
91505392305956 23
91505392313109 66
91505392320429 91
91505527117916 91
91505527153329 23
91505527160761 66
91505585699907 23
91505585726931 66
91505585734565 91
91505720085508 23
91505720116550 66
91505720124165 91
91505786807965 91
91505853897508 23
91505853922885 66
91505853930402 23
91505853937485 66
91505921063122 91
91505988077557 91
91505988097799 23
91506061926984 66
91506061942933 23
91506061950273 66
91506061957334 91
91506129250679 91
91506196627859 23
91506196648731 66
91506196656421 91
91506263992223 23
91506264010841 66
91506264018652 91
91506331444597 23
91506331470111 66
91506398754499 91
91506398774197 23
91506398781763 66
91506457499929 91
91506457516184 23
91506457524053 66
91506524517052 91
91506524534568 23
91506591688414 66
91506591705210 91
91506591712705 23
91506591719731 66
91506658790374 91
91506658817091 23
91506725767456 66
91506725789231 91
91506725796945 23
91506792790386 66
91506792811702 23
91506792819344 66
91506792826304 91
91506859788368 91
91506933582131 23
91506933600341 66
91507000969793 23
91507000987750 91
91507000995335 23
91507001002417 66
91507068500577 23
91507068539679 66
91507135785388 91
91507203140649 91
91507203163665 23
91507203171395 66
91507270482041 91
91507270501939 23
91507329458218 66
91507329475134 23
91507329482494 91
91507396569416 23
91507396594759 66
91507396602288 91
91507463429033 23
91507463448476 66
91507463456325 91
91507530594039 23
91507530611034 66
91507530618425 91
91507597508592 23
91507597525012 66
91507597532603 91
91507664589699 23
91507664605602 66
91507664612938 91
91507731829096 23
91507731848557 66
91507799020774 91
91507799039121 23
91507799046797 66
91507799054306 91
91507865772543 23
91507865789399 66
91507940054405 91
91507940071400 23
91507940078808 66
91508007533793 91
91508074895538 23
91508074928550 66
91508074936109 91
91508074943333 23
91508142242190 66
91508142269761 91
91508209596996 23
91508209623202 66
91508209630620 23
91508209637739 66
91508209644729 91
91508335299898 23
91508335334237 66
91508335341884 91
91508402632243 91
91508469556073 23
91508469588924 66
91508469596638 91
91508536567334 23
91508536594700 66
91508536602193 91
91508603590876 23
91508603624647 66
91508670782480 23
91508670813724 66
91508670821179 91
91508737822860 91
91508737851107 23
91508811793712 66
91508811814590 91
91508811822408 23
91508879177808 66
91508879203036 91
91508879210443 23
91508946563373 66
91508946584922 91
91508946592360 23
91509013928641 66
91509013951073 23
91509013958709 66
91509013965795 91
91509140167671 23
91509140187852 66
91509140195401 91
91509207239032 23
91509207262711 66
91509207270262 91
91509274211258 23
91509341398385 66
91509341416261 91
91509341423820 91
91509408409310 23
91509475556945 66
91509475582539 91
91509542718875 23
91509542738667 66
91509542746403 91
91509609674006 23
91509609694731 66
91509609702628 23
91509683497115 66
91509683513762 91
91509750870165 91
91509818253386 23
91509818269844 66
91509818277550 91
91509885665382 23
91509885684089 66
91509953001496 91
91509953020158 23
91509953027599 66
91510020413312 91
91510020430842 23
91510079001554 66
91510079018096 91
91510146187341 23
91510146203449 66
91510213202116 91
91510213217544 23
91510213224991 66
91510280229138 91
91510280245626 23
91510347246937 66
91510347264795 91
91510414438647 23
91510414456332 66
91510414463884 91
91510481468805 23
91510481487178 66
91510481494333 91
91510555337655 23
91510555370802 66
91510555378540 91
91510622641782 23
91510622667698 66
91510622675283 91
91510690067630 23
91510690095511 66
91510690103413 91
91510757400409 23
91510757429334 66
91510824780896 23
91510824805084 66
91510824812672 91
91510892166344 91
91510892192954 23
91510951008933 66
91510951028308 91
91511018024051 23
91511018048535 66
91511084991480 23
91511085015954 66
91511085023553 91
91511152183196 23
91511152203096 66
91511152210760 91
91511219175755 91
91511286307334 23
91511286342411 66
91511286350062 91
91511353620682 23
91511353646477 66
91511353654157 23
91511420477923 66
91511420499494 91
91511420506965 91
91511494280416 23
91511494297521 66
91511561700564 91
91511561717567 23
91511561725112 66
91511629132696 23
91511696486052 66
91511696506900 91
91511763830486 91
91511763847640 23
91511822738736 66
91511822754977 23
91511822762261 66
91511822769205 91
91511889802709 91
91511957045932 23
91511957065844 66
91511957074220 23
91512023929802 66
91512023952381 91
91512091072180 23
91512091088264 66
91512091095602 91
91512158089161 91
91512225165041 23
91512225191474 66
91512225199245 23
91512225206273 66
91512292278774 91
91512366113079 23
91512366157319 66
91512433468354 91
91512500824534 91
91512500852804 23
91512500860206 66
91512500867104 91
91512568208620 23
91512568238974 66
91512635672219 91
91512703008564 23
91512703041333 66
91512703048759 23
91512761706412 66
91512761767223 91
91512829033307 23
91512829060895 66
91512829068440 91
91512895874967 91
91512962865388 23
91512962883039 66
91512962890688 23
91513030000829 66
91513030018765 91
91513097033800 23
91513097053324 66
91513097061125 91
91513237756526 91
91513237775102 23
91513237782728 66
91513305152510 91
91513305170054 23
91513372514711 66
91513372532314 91
91513439927437 23
91513439961471 66
91513439969441 91
91513507297187 23
91513507317251 66
91513507324800 91
91513574675940 23
91513574693557 66
91513574701170 91
91513633573194 23
91513633590006 66
91513700771770 91
91513700795894 23
91513700803845 66
91513767925564 91
91513767945936 23
91513767953282 66
91513834766804 91
91513834788554 23
91513834798819 66
91513901795865 23
91513901813691 66
91513901821413 91
91513968825417 23
91513968843343 66
91513968850906 91
91514103258196 23
91514103280133 66
91514103287918 91
91514170019045 91
91514170037134 23
91514244657993 66
91514244674578 91
91514311624434 23
91514311641824 66
91514311649176 91
91514311656417 23
91514378996325 66
91514379014418 91
91514446360022 23
91514446377564 66
91514446385053 91
91514513749271 23
91514513768580 66
91514513776453 91
91514572445911 23
91514572462351 66
91514572469972 91
91514639459604 23
91514639476497 66
91514706675921 23
91514706696292 66
91514706704028 91
91514773756766 23
91514773781429 66
91514773789331 91
91514840784394 91
91514907786816 23
91514907810721 66
91514907818671 91
91514974988979 23
91514975016482 66
91514975024387 91
91515042016775 23
91515042048701 66
91515115983327 91
91515116010060 23
91515183405567 66
91515183432352 91
91515183440410 23
91515250729769 66
91515250756757 91
91515318093476 23
91515318116144 66
91515318124210 91
91515385462077 23
91515385482558 23
91515385490015 66
91515385497069 91
91515444622323 23
91515444659570 66
91515511434404 23
91515511465094 66
91515511472578 91
91515578463276 23
91515578489876 66
91515578497339 91
91515645431987 91
91515712631343 23
91515712649929 23
91515712657951 66
91515779709925 91
91515779728626 23
91515779736032 66
91515846941200 91
91515846965217 23
91515846972708 66
91515913833713 91
91515913853846 23
91515913861365 66
91515987667106 23
91515987687207 66
91515987694507 91
91516055046521 23
91516122438044 66
91516122457348 91
91516189789298 23
91516189806595 66
91516189813917 91
91516257174931 91
91516316081872 23
91516316098278 66
91516316105688 91
91516383162659 23
91516383180074 66
91516383187635 23
91516450350503 66
91516450367897 91
91516517480499 91
91516584485953 23
91516584520438 66
91516584527851 91
91516651473624 23
91516651500558 66
91516651508244 91
91516719495046 23
91516719516229 66
91516719523718 91
91516785710323 23
91516785737325 66
91516859419390 91
91516859450157 23
91516859457644 66
91516926824644 91
91516926850253 23
91516926858120 66
91516926865096 91
91516994237088 23
91516994261753 66
91517061546037 23
91517061569865 66
91517061577549 91
91517128965535 91
91517196310134 23
91517196334965 66
91517196342724 91
91517255403486 23
91517255425908 66
91517255433503 23
91517255440874 91
91517322916971 23
91517322948672 66
91517389244286 23
91517389278701 66
91517389286049 91
91517456419386 91
91517523422682 23
91517523449920 66
91517523457600 91
91517590450675 23
91517590475946 66
91517590483670 91
91517657452603 23
91517657483782 66
91517657491665 91
91517724646742 23
91517724666149 66
91517724673684 91
91517724681030 23
91517791659938 66
91517791683384 23
91517791690827 66
91517858716953 91
91517925772160 23
91517925798545 91
91517925806092 23
91517925813038 66
91517992859015 91
91517992884250 23
91517992892000 66
91518059886612 91
91518059911402 23
91518059918921 66
91518126961970 91
91518126981592 23
91518200653732 66
91518200671435 23
91518200678918 66
91518200686207 91
91518335405729 91
91518335428157 23
91518335435845 66
91518335442992 91
91518402794295 23
91518402811738 66
91518470153390 91
91518470170323 23
91518470177910 66
91518537512097 23
91518537530210 66
91518596417847 91
91518663431124 23
91518730428329 66
91518730448084 91
91518797626032 91
91518797644156 23
91518797651604 23
91518797658651 66
91518864647655 91
91518864665280 23
91518864672927 66
91518931665325 91
91518931681795 23
91518998925483 66
91518998947428 91
91518998955156 23
91519065903182 66
91519065924967 23
91519065935099 66
