96532635585026 91
96532635618982 91
96532702765187 23
96532702799895 66
96532781234481 91
96532781265230 23
96532781272647 23
96532781279639 66
96532837234895 91
96532837270619 23
96532837278148 66
96532903937531 91
96532903970427 23
96532903977982 66
96532983145369 91
96532983175968 23
96532983183740 66
96533048360652 91
96533048397925 23
96533048405733 66
96533048412645 91
96533105506542 23
96533105539844 66
96533105547267 91
96533184508502 23
96533184543860 66
96533239319847 91
96533239350150 23
96533239357673 66
96533316353658 91
96533316382568 23
96533316390054 66
96533373392593 23
96533373428907 66
96533373436498 91
96533440401749 91
96533440436167 23
96533517634909 66
96533517664021 23
96533517672415 66
96533517679494 91
96533574650812 23
96533574684012 66
96533641811242 91
96533641843869 23
96533729964097 66
96533730010578 91
96533776005808 91
96533776033772 23
96533776041142 66
96533776048359 23
96533842867925 66
96533842896752 91
96533909903343 91
96533909944977 23
96533909953109 66
96533986859124 91
96533986893306 23
96534044149614 66
96534044181448 91
96534044189042 23
96534044196048 66
96534111306152 23
96534111336107 66
96534111343769 91
96534188808710 91
96534188838735 23
96534188846232 66
96534245360272 91
96534245392761 23
96534245400314 66
96534245407345 91
96534320061160 23
96534320093054 66
96534320100750 91
96534379349959 23
96534379378377 66
96534379385951 91
96534446512960 23
96534446556050 66
96534446564373 23
96534446571219 91
96534519873145 23
96534519909179 66
96534519917054 91
96534519924102 23
96534603958772 66
96534603994931 91
96534604002325 23
96534647560792 66
96534647587505 91
96534647594986 23
96534714765129 66
96534714796885 91
96534714804309 23
96534714811223 66
96534781783660 91
96534781820277 23
96534781827967 66
96534781836764 91
96534855748567 23
96534855788833 66
96534855796650 23
96534855803644 91
96534915814772 23
96534915848066 66
96534915855652 91
96534983055431 23
96534983090056 66
96535050020784 23
96535050055900 91
96535050063669 23
96535050070719 66
96535117119332 91
96535117155227 23
96535117162728 66
96535117169633 91
96535184080982 23
96535184115308 66
96535184123032 91
96535252641382 23
96535252671146 66
96535252678520 91
96535252685454 23
96535325172198 66
96535325211152 23
96535325218591 66
96535325225711 91
96535392465529 91
96535459826802 23
96535459860746 66
96535459868209 91
96535459875139 23
96535527224554 66
96535527254958 23
96535527262431 66
96535527269407 91
96535594551252 23
96535594580602 66
96535594588187 91
96535653529091 23
96535720793485 66
96535720829879 91
96535787801302 23
96535787831837 66
96535787839342 91
96535854818444 23
96535854849185 66
96535854856857 91
96535921908304 23
96535921937330 66
96535921944935 91
96535988923408 91
96536056111594 23
96536056151277 66
96536056161694 91
96536123103897 23
96536123135552 66
96536123143109 91
96536123150902 23
96536123157970 66
96536190322787 91
96536190351825 23
96536264192822 66
96536264224939 91
96536331538834 23
96536331574614 66
96536331582431 91
96536331589459 23
96536401892310 66
96536401926039 91
96536401933712 23
96536458467734 66
96536458500471 23
96536458508594 91
96536525482650 23
96536525513796 66
96536525521166 91
96536603836183 23
96536603871847 66
96536603879380 91
96536659516625 23
96536659546023 66
96536659553459 91
96536659560528 23
96536726747097 66
96536726780826 91
96536726788528 23
96536726795455 66
96536793840180 23
96536793875830 66
96536793884362 91
96536871109477 91
96536871154460 23
96536927859112 66
96536927892403 91
96536927899996 23
96536994975296 66
96536995010283 91
96536995018014 23
96537073241678 66
96537073274429 91
96537073282302 23
96537073289360 66
96537135223518 91
96537135253272 23
96537196076984 66
96537196110658 91
96537196118208 23
96537196125290 66
96537274347194 91
96537274382498 23
96537274390098 66
96537330353357 23
96537330402469 66
96537330410065 91
96537397234076 91
96537397264522 23
96537397272009 66
96537476320963 91
96537476351288 23
96537476359025 66
96537476366298 91
96537531476474 23
96537531513913 66
96537531521376 91
96537598490609 23
96537598519663 66
96537677636389 91
96537677678556 23
96537677687905 66
96537732699604 23
96537732728232 66
96537732735825 91
96537809526535 91
96537809558582 23
96537866837559 66
96537866869288 23
96537866876676 66
96537866883612 91
96537933796728 91
96538000882365 23
96538000914195 66
96538000921454 91
96538067928685 23
96538067960915 66
96538067968681 91
96538067975726 23
96538135062091 66
96538135095822 91
96538135103979 23
96538202133162 66
96538202169906 91
96538202177619 23
96538202184681 66
96538275819171 23
96538275851925 66
96538275859347 91
96538343247118 91
96538343280643 23
96538343288022 66
96538410617532 91
96538410652107 23
96538410659741 66
96538478004271 91
96538478037489 23
96538478045130 66
96538478051971 91
96538545355781 23
96538545387600 66
96538545395608 91
96538612706763 23
96538612739313 66
96538671761284 91
96538671822930 23
96538671834297 66
96538671843475 91
96538738722377 23
96538738755369 66
96538738763325 91
96538805720225 23
96538805751273 66
96538805758933 91
96538805765965 23
96538872745925 66
96538872777852 91
96538872785654 23
96538872792777 66
96538939758869 91
96538939792800 23
96539006966480 66
96539006996099 91
96539007003771 23
96539007010803 66
96539073960726 23
96539073992250 66
96539141036360 91
96539214970798 91
96539282409782 23
96539282445798 66
96539282453345 91
96539349679882 23
96539349714108 23
96539349721725 66
96539349728820 91
96539349735756 23
96539418315960 66
96539418344604 91
96539484426085 23
96539484460855 66
96539484468451 91
96539551866724 23
96539551898194 66
96539551905598 91
96539551912604 23
96539610523010 66
96539610588523 91
96539610596460 23
96539680007185 66
96539680096847 91
96539680104801 23
96539680111907 66
96539744724341 91
96539744757619 23
96539744765464 66
96539744772555 91
96539811767758 23
96539811803388 66
96539878739015 91
96539878773627 23
96539878780997 66
96539878787937 91
96539945801622 23
96539945833169 66
96539945840659 91
96540012972466 23
96540013006818 66
96540013014242 91
96540086692213 23
96540086727551 66
96540154066910 23
96540154099112 66
96540221429790 91
96540221458850 23
96540288769112 66
96540288799729 91
96540288807122 91
96540356139870 23
96540356169693 66
96540356177133 23
96540423600825 66
96540423634343 91
96540423641864 91
96540482334000 23
96540482367054 23
96540482375464 66
96540549535969 23
96540549567400 66
96540549574901 91
96540623573991 91
96540690955096 23
96540690988933 66
96540690996456 91
96540758313541 23
96540758348149 66
96540825675455 91
96540825712022 23
96540825719197 66
96540825726150 91
96540893074365 23
96540893105739 66
96540893113439 91
96540951893778 23
96540951926344 66
96540951933646 23
96540951940696 66
96541018844878 91
96541085925309 91
96541085953224 23
96541085960725 66
96541085967739 91
96541153091200 23
96541153124599 66
96541153132212 91
96541221128750 23
96541221154467 66
96541221161954 91
96541287388545 23
96541287424851 66
96541287432460 91
96541287439575 23
96541354472927 66
96541354513547 91
96541421378130 23
96541421414160 66
96541421421791 91
96541421429069 23
96541495315721 66
96541495351497 91
96541495359273 23
96541495366376 66
96541562650112 23
96541562677785 66
96541562685509 91
96541630032088 23
96541630061694 66
96541630069345 91
96541764800168 91
96541764835494 23
96541764843214 66
96541764850194 91
96541823621582 23
96541823652921 66
96541823660472 91
96541890806425 23
96541890840836 66
96541890848273 91
96541957805194 23
96541957836543 66
96541957844156 91
96542044746094 23
96542044784129 66
96542044792056 91
96542091996922 23
96542092024834 66
96542092032212 91
96542159209760 23
96542159242481 66
96542226046299 23
96542226076503 66
96542226084083 91
96542299613089 91
96542299647251 23
96542299654894 66
96542366980039 23
96542367011270 66
96542367018785 91
96542434419916 91
96542501742975 23
96542501775310 66
96542501782753 23
96542501789658 66
96542569136175 91
96542569170662 91
96542636521881 23
96542636556927 66
96542703974369 23
96542704005869 66
96542704013366 91
96542762644177 23
96542762678272 91
96542762686127 23
96542829761988 66
96542829796680 91
96542829804171 23
96542903877290 66
96542903918584 91
96542903926390 23
96542903933366 66
96542963730464 91
96542963762807 23
96542963770382 66
96543031003922 91
96543031037683 23
96543031045093 66
96543097945666 23
96543097980348 66
96543165209145 91
96543238737388 91
96543238771511 23
96543306146591 66
96543306178928 91
96543306186560 23
96543373547912 66
96543373585641 91
96543373593402 23
96543373600378 66
96543440866986 23
96543440898362 66
96543440905873 91
96543508257927 91
96543508293408 23
96543575601999 66
96543575632364 91
96543575639897 23
96543634605689 66
96543634649929 91
96543634657507 23
96543701559794 66
96543701588192 91
96543701595717 23
96543701602691 66
96543768777921 91
96543768813587 23
96543835663428 66
96543835694383 91
96543902704037 23
96543902735980 66
96543902743561 23
96543902750617 66
96543902757577 91
96543969713649 91
96544036925217 23
96544036962060 66
96544036970126 91
96544036977285 23
96544103998521 66
96544104028996 91
96544104036696 23
96544104043732 66
96544177827958 91
96544177860908 23
96544177868471 66
96544245169133 23
96544245201906 66
96544245209592 91
96544312567965 91
96544312601484 23
96544380009756 66
96544380047653 91
96544380055287 23
96544380062301 66
96544447308981 91
96544447343070 23
96544447350505 66
96544514764964 91
96544514801469 23
96544514808919 66
96544573581030 23
96544573611476 66
96544573618941 91
96544640845659 91
96544640898185 23
96544716805506 66
96544716842801 91
96544716850511 23
96544774572537 66
96544774604532 23
96544774612127 66
96544774619252 91
96544841709112 23
96544908667741 66
96544908702359 91
96544975947829 91
96544975981208 23
96544975989111 66
96545049539396 91
96545049574835 23
96545049582681 66
96545116969324 91
96545117001576 23
96545117009071 66
96545184301980 91
96545184330702 23
96545184338261 66
96545184345430 91
96545251654459 23
96545251684839 66
96545251692469 91
96545319065680 23
96545319101988 66
96545319109414 91
96545386446737 23
96545386476165 66
96545386484420 91
96545445208472 23
96545445238301 66
96545512402460 91
96545512431528 23
96545512439133 66
96545579374708 91
96545579411742 23
96545579419470 66
96545646518783 91
96545646557593 23
96545646565572 66
96545713594074 91
96545713625063 23
96545713632820 23
96545713640693 66
96545713647673 91
96545780608667 23
96545780635965 66
96545780643425 23
96545847788383 66
96545923231134 91
96545988659575 23
96545988695154 66
96545988702724 91
96546056062000 91
96546123380664 23
96546123413705 66
96546123421391 91
96546123428354 23
96546190783863 66
96546190818549 91
96546190826193 23
96546258144423 66
96546258174185 91
96546258181708 23
96546258188846 66
96546317053802 91
96546317083268 23
96546317090992 66
96546317098050 91
96546384120693 23
96546384153460 66
96546451311774 91
96546451345808 23
96546451353563 66
96546527151208 91
96546527185329 23
96546527193130 66
96546585310547 91
96546585342114 23
96546585349926 66
96546585357013 91
96546652600274 91
96546652635389 23
96546719710111 66
96546719744091 91
96546719751586 23
96546719758521 66
96546719765473 91
96546786596764 23
96546786630489 66
96546786638159 91
96546860352353 23
96546860383736 66
96546860391173 91
96546927752561 23
96546927780446 66
96546927788235 91
96546997149104 23
96546997184112 66
96546997191660 91
96547059123743 23
96547059170508 66
96547059178685 91
96547059185989 23
96547121932366 23
96547121970280 66
96547121977815 23
96547121984703 66
96547121991618 91
96547188928159 23
96547188957800 66
96547188965486 91
96547255971731 23
96547256006228 66
96547256014055 91
96547335187253 91
96547335221565 23
96547335229223 66
96547390171853 23
96547390207360 66
96547390214625 91
96547457190720 23
96547457227918 66
96547457235576 91
96547524188737 91
96547524217950 23
96547524225506 66
96547602385148 91
96547602417992 23
96547602425603 66
96547602432815 91
96547658658158 23
96547658693812 66
96547658701711 91
96547725463461 23
96547725493913 66
96547725501657 91
96547792478703 23
96547792509489 66
96547792516929 91
96547859536543 23
96547859563798 66
96547859571557 91
96547926650897 23
96547926684461 66
96547926691785 91
96547993702815 23
96547993750844 66
96547993758994 91
96548071545448 23
96548071578638 66
96548071586243 91
96548127893769 23
96548127926144 66
96548127933821 91
96548194910419 23
96548194944769 66
96548194952266 91
96548261942194 23
96548261981436 66
96548329126621 91
96548329161035 23
96548329168506 66
96548329175840 91
96548396219213 23
96548396257140 66
96548396264854 91
96548463337047 23
96548463372486 66
96548463380329 23
96548530317511 66
96548530350879 91
96548530358491 23
96548607814382 66
96548607892677 91
96548607901057 23
96548607908154 66
96548671248543 23
96548671282769 66
96548671290495 91
96548738635614 91
96548738670175 23
96548806006466 66
96548806032857 91
96548806040577 23
96548873394849 66
96548873424830 91
96548873432283 23
96548940778180 66
96548940809497 91
96548940816978 23
96548940823980 66
96549008224854 91
96549008271187 23
96549066853298 66
96549066921354 91
96549066929233 23
96549066936350 66
96549133847300 91
96549133877773 23
96549133885271 66
96549200913476 91
96549200947888 23
96549200955393 66
96549267921054 23
96549267954103 66
96549267961751 91
96549267968721 91
96549335025581 23
96549335055652 66
96549402078514 91
96549402110722 23
96549402118342 66
96549402125571 91
96549469260843 23
96549469293502 66
96549543018164 23
96549543053152 66
