89023749181007 91
89023816228530 91
89023890106850 23
89023890138454 66
89023957467413 23
89023957496930 66
89023957504646 91
89024024871614 91
89024092222219 23
89024092248935 66
89024092256686 91
89024159617010 23
89024159644336 66
89024159651688 91
89024227034601 23
89024227062827 66
89024285709370 23
89024285768443 91
89024285776127 23
89024285783000 66
89024352683145 91
89024352707114 23
89024352714764 23
89024419916222 66
89024419960328 91
89024486916040 23
89024486948958 66
89024486956616 91
89024554041295 23
89024554064614 66
89024621148471 91
89024621171225 23
89024621178774 66
89024688039075 91
89024688060465 23
89024688068402 66
89024761769580 91
89024761790111 23
89024829209416 66
89024829243571 91
89024896638301 23
89024896672503 66
89024896680406 91
89024963945846 23
89024963973391 66
89025031319558 91
89025031345028 23
89025031352816 66
89025099306777 91
89025099330249 23
89025099337786 66
89025157589117 91
89025157624117 23
89025231378017 66
89025231404271 23
89025231412062 91
89025298731571 23
89025298758428 66
89025298766138 91
89025366137405 23
89025366164297 66
89025366171918 91
89025500847358 91
89025500874423 23
89025500882012 66
89025568203346 91
89025568225810 23
89025568233047 66
89025626889539 23
89025626906048 66
89025626913325 91
89025761269300 23
89025761304722 66
89025761312440 91
89025828180767 91
89025828213830 23
89025828221576 66
89025895141294 23
89025895167498 91
89025962386698 23
89025962417659 66
89025962425417 91
89026029380798 23
89026029407097 66
89026096442013 91
89026096475635 23
89026096483297 66
89026096490297 91
89026170547719 23
89026170578953 66
89026237867738 91
89026237900624 23
89026237908316 66
89026305237488 23
89026305272138 66
89026305279949 91
89026372624807 91
89026440007678 23
89026440035173 66
89026498923687 91
89026498953300 23
89026498960915 66
89026567022396 91
89026632970404 23
89026632995155 66
89026633002938 91
89026707444639 23
89026707479695 66
89026707487387 91
89026774820956 23
89026774860360 66
89026774867689 91
89026842146321 23
89026842176027 66
89026842183592 91
89026909575424 23
89026909599932 66
89026909607590 23
89026968418454 66
89026968452201 91
89027035530314 91
89027035557206 23
89027102694435 66
89027102725991 23
89027102733567 66
89027102740822 91
89027236639290 91
89027236673661 23
89027236681097 66
89027303611750 23
89027303640070 66
89027303647571 91
89027370798237 91
89027444366594 23
89027444398089 66
89027511743923 91
89027511773514 23
89027511781224 66
89027579094073 91
89027579121852 23
89027579129417 66
89027646466846 91
89027646493768 23
89027646501665 66
89027713858863 23
89027713890249 91
89027713897818 23
89027781214102 66
89027781235692 91
89027848649781 23
89027848677194 66
89027848684817 91
89027907239844 23
89027907261045 66
89027907268743 91
89027974227681 23
89027974244129 66
89027974251849 91
89028041297753 23
89028041315164 66
89028041322824 91
89028108601827 23
89028108636119 66
89028175601133 91
89028175634938 23
89028175642644 66
89028242576915 91
89028242605754 23
89028242613249 23
89028242620197 66
89028309658664 23
89028309688345 66
89028309696100 91
89028450984250 91
89028451020844 23
89028451028537 66
89028518193393 91
89028585625054 23
89028585651787 66
89028585660000 91
89028653004059 23
89028653033711 66
89028653041413 91
89028720329468 23
89028720356450 66
89028779207061 23
89028779233885 66
89028779241428 91
89028846404656 23
89028846430077 66
89028913256450 91
89028980278797 91
89028980308724 23
89028980319137 66
89029047500201 91
89029047556732 23
89029114536467 66
89029114575217 91
89029114582945 23
89029181705374 66
89029181740478 91
89029181748096 23
89029248494494 66
89029248528967 91
89029322530637 23
89029322559675 66
89029322567303 91
89029389946998 23
89029389972524 66
89029389980620 91
89029457429219 23
89029457464943 66
89029524695204 91
89029524727035 23
89029524735011 66
89029592049419 91
89029592074862 23
89029650910492 66
89029650933773 91
89029650941676 23
89029718100064 66
89029718125198 91
89029718132544 23
89029785115506 23
89029785140754 66
89029785148544 91
89029852168508 23
89029852195910 66
89029852203292 23
89029852210331 66
89029919203356 91
89029986401684 23
89029986439160 91
89030053360884 23
89030053386422 66
89030053394118 91
89030120389336 23
89030120415489 66
89030194231149 91
89030194251775 23
89030194259439 66
89030261606010 91
89030261626552 23
89030261634292 66
89030328972466 91
89030328991712 23
89030398744195 66
89030398772427 91
89030398780265 23
89030463792785 66
89030463825611 91
89030531261748 23
89030531301276 23
89030531308910 66
89030531316684 91
89030590062048 23
89030590100216 66
89030590107900 91
89030656900146 23
89030656929699 66
89030724095691 91
89030724123771 23
89030724131324 66
89030791120417 91
89030791154166 23
89030858194616 66
89030858226388 23
89030858233744 66
89030858240679 91
89030992414400 23
89030992466874 66
89030992476019 91
89031059251778 91
89031133391450 23
89031133424780 66
89031133432307 23
89031133439402 91
89031200759273 23
89031200789159 66
89031270184064 91
89031270225466 23
89031270233564 66
89031335501476 91
89031335529017 23
89031335536705 66
89031402853106 23
89031402874084 66
89031402881597 91
89031461770544 91
89031528803372 23
89031528825247 66
89031528832963 91
89031595821579 23
89031595844905 66
89031662924324 91
89031662958485 23
89031730083227 66
89031730114902 23
89031730122461 66
89031797094571 91
89031864103895 91
89031864129389 23
89031931100233 66
89031931122519 91
89031998338926 23
89031998367913 66
89032065328853 23
89032065358203 66
89032132361453 91
89032199411974 91
89032266589667 23
89032266624739 66
89032266632395 91
89032333653662 23
89032333690245 66
89032400646238 91
89032400675922 23
89032400683262 66
89032474632294 91
89032474664327 23
89032542023812 66
89032542052975 91
89032542060661 23
89032609369686 66
89032609392840 23
89032609400482 66
89032609407653 91
89032676711050 91
89032744100945 23
89032744122424 66
89032744130188 91
89032803306080 23
89032803327649 66
89032874554075 91
89032874581128 23
89032874588540 66
89032937255491 91
89033004403637 23
89033004433540 66
89033004441193 91
89033071291189 23
89033071317695 66
89033071325250 91
89033138287379 23
89033138312036 66
89033205384630 91
89033205415190 23
89033205422739 66
89033272663717 91
89033272703797 23
89033346475795 66
89033346512509 23
89033346519985 66
89033346527104 91
89033481099270 91
89033481130078 23
89033481138800 66
89033548436961 91
89033548458282 23
89033548466620 66
89033616778669 91
89033616804933 23
89033616812385 66
89033683255812 23
89033683290422 66
89033683297983 91
89033742105947 91
89033809287236 23
89033809316778 66
89033876100705 91
89033876125947 23
89033943097954 66
89033943126515 91
89033943134014 23
89034010264348 66
89034010284857 91
89034010291996 23
89034077390394 66
89034077423869 91
89034144378348 23
89034144411483 66
89034144418992 91
89034211374785 23
89034211404358 66
89034285398381 23
89034285423064 66
89034352842844 91
89034420199249 91
89034420228700 23
89034487531401 66
89034487554201 23
89034487561416 66
89034554950466 91
89034613768924 91
89034613788166 23
89034680834522 66
89034680860287 91
89034680868015 23
89034747972119 66
89034747992138 91
89034814981788 23
89034814999447 66
89034815007124 91
89034882019897 23
89034882039828 66
89034949023687 23
89034949042203 66
89034949049788 91
89035083321805 23
89035083355584 66
89035083362992 91
89035157223851 23
89035224528052 66
89035224555072 91
89035224562692 91
89035284379036 23
89035284404980 66
89035351457821 91
89035351485201 23
89035418686052 66
89035418716945 91
89035418724494 23
89035485866221 66
89035485894599 91
89035559388836 23
89035559417796 66
89035559425423 91
89035626699032 23
89035626726716 66
89035698365778 91
89035698395112 23
89035698402934 66
89035761449020 91
89035761475125 23
89035828796637 66
89035828815515 91
89035896166009 23
89035896182908 66
89035896190203 23
89035896197193 66
89035896204226 91
89036022169028 23
89036022191953 66
89036022199444 91
89036089264451 23
89036089298290 66
89036156281855 91
89036223475491 23
89036223502576 66
89036223510901 91
89036290373395 91
89036357479128 23
89036357503304 66
89036357510924 23
89036357518059 66
89036424559858 91
89036498422172 91
89036498449999 23
89036498457735 66
89036577522999 91
89036577560515 23
89036577568155 66
89036633208914 23
89036633242379 66
89036633250329 91
89036700576823 91
89036767955456 23
89036767984082 66
89036767991910 91
89036835322412 23
89036835353351 66
89036835360934 91
89036894183692 23
89036894208134 66
89036894215546 91
89036961117686 23
89036961139386 66
89036961147058 91
89037028223440 23
89037028253049 66
89037095189229 91
89037095219068 23
89037095226677 66
89037162351564 91
89037162373622 23
89037229784362 66
89037229819419 91
89037229827250 23
89037296534047 66
89037296569244 91
89037363507072 23
89037363545647 66
89037363554817 91
89037437661313 23
89037437703753 66
89037497737714 91
89037497772604 23
89037497780203 66
89037564900633 91
89037564939567 23
89037632106856 66
89037632134613 91
89037698891513 23
89037698926479 66
89037765914334 23
89037765941230 66
89037765948701 91
89037839710565 91
89037907153930 23
89037907179357 66
89037907186938 91
89037974500226 23
89037974523891 66
89037974531514 91
89038041795383 23
89038041819451 66
89038041827115 91
89038109167801 23
89038109191118 66
89038176542740 91
89038176563821 23
89038176571573 66
89038235281064 91
89038235299252 23
89038235307557 66
89038235314813 91
89038302304889 23
89038302322244 66
89038369575100 91
89038369608799 23
89038436604522 66
89038436639622 91
89038436647137 23
89038503623735 66
89038503649725 91
89038570583208 23
89038570620630 66
89038570628988 91
89038637846267 23
89038637867717 66
89038704820919 91
89038704850456 23
89038704858083 66
89038778793043 91
89038778819029 23
89038778826721 66
89038846201723 91
89038846232799 23
89038913595438 66
89038913625448 91
89038980942148 23
89038980975791 66
89038980983253 91
89039048279604 23
89039048308893 66
89039048316487 23
89039115669207 66
89039115693832 91
89039174302338 91
89039174326325 23
89039241325407 66
89039241346817 91
89039308386308 23
89039308408843 66
89039308416152 91
89039375404937 23
89039375424994 66
89039375432467 91
89039442422849 23
89039442441315 66
89039442448831 91
89039509505692 23
89039509524616 66
89039576805049 23
89039576838728 66
89039576846721 91
89039650516578 23
89039650549892 66
89039650557202 91
89039717876039 91
89039785260131 23
89039785284963 66
89039785292492 91
89039852618426 23
89039852642222 66
89039920017771 23
89039920048211 91
89039920055502 23
89039987417532 66
89039987445735 91
89040046084170 23
89040046111718 66
89040046119617 91
89040113283130 23
89040113310613 66
89040113318354 91
89040180284143 23
89040180315118 66
89040247266182 91
89040247289105 23
89040247296600 66
89040314258223 91
89040314277644 23
89040314285109 66
89040381463906 23
89040381481388 66
89040381488844 91
89040448505742 91
89040515936412 23
89040515969813 66
89040589588952 91
89040589621673 23
89040589629280 66
89040656987064 91
89040657016009 23
89040657023782 66
89040724362772 23
89040724387533 66
89040724395290 91
89040791764849 91
89040859200075 23
89040859240206 66
89040859247727 91
89040918068090 23
89040918096868 66
89040985127542 23
89040985159781 66
89040985167155 91
89041052071006 91
89041119268142 23
89041119295515 66
89041119303013 91
89041186237810 23
89041186257585 66
89041186264945 91
89041253359881 23
89041253392734 66
89041320403215 91
89041320432159 23
89041320439629 66
89041387603670 23
89041387627661 66
89041387635003 91
89041461324854 91
89041528859283 23
89041528883157 66
89041596158136 23
89041596193448 91
89041596200858 23
89041596207987 66
89041663629993 91
89041663679581 23
89041663690495 66
89041730883789 23
89041730913665 66
89041730921456 91
89041798195167 91
89041857696730 23
89041857722652 66
89041857730718 91
89041924426909 23
89041924471424 23
89041924479013 66
89041991096372 23
89041991125892 66
89041991133293 91
89042058056326 91
89042125274687 23
89042125304753 66
89042192249981 23
89042192278761 66
89042192286144 91
89042259306244 91
89042333088523 23
89042333128565 66
89042333136424 91
89042400390584 23
89042400416906 66
89042400424192 91
89042467803239 23
89042467833248 66
89042535164826 91
89042535191430 23
89042602522998 66
89042602544642 91
89042669879144 23
89042669897117 66
89042669904883 91
89042669911936 23
89042669919475 23
89042728901024 66
89042728935266 91
89042795868825 23
89042862805953 66
89042862830216 91
89042929925411 91
89042929955915 23
89042929963298 66
89042996977170 91
89042997003444 23
89043064054559 66
89043064082549 91
89043131249663 23
89043131279353 66
89043131287312 91
89043198275098 23
89043198301903 66
89043339516833 23
89043339547591 66
89043474308874 91
89043609204098 23
89043609223525 23
89043609231114 66
89043869081962 91
89044002947755 23
89044002975365 66
89044070169560 91
89044211263887 23
89044211297678 66
89044278637133 91
89044345997944 91
89044413367085 23
89044413395278 66
89044413403199 91
89044480752160 23
89044480780436 66
89044539648269 91
89044539676448 23
89044606653315 66
89044606681639 91
89044673608376 23
89044673628949 66
89044673636601 91
89044740621586 23
89044740640502 66
89044740647987 91
89044807943350 23
89044807976896 66
89044807984620 91
89044874932918 23
89044874965767 66
89044941961021 23
89044941990407 66
89045008942517 91
89045082984588 91
89045150316357 23
89045150348193 66
89045150355632 91
89045217739309 23
89045217768371 66
89045217775969 91
89045285090121 23
89045285122317 66
89045352449510 91
89045352472385 23
89045352479926 66
89045419866031 91
89045419891967 23
89045419899539 66
89045478418605 91
89045545574284 23
89045545597660 66
89045545605209 91
89045545612440 23
89045612547587 66
89045612566163 91
89045612573855 23
89045679546876 66
89045679565060 23
89045746760121 66
