84438460188722 91
84438527321127 23
84438527366739 66
84438527374878 91
84438594332702 91
84438661557912 23
84438661588905 66
84438661629950 91
84438740362293 23
84438740403717 66
84438802940436 91
84438802973028 23
84438862608939 66
84438862644188 91
84438862651766 23
84438941460188 66
84438941495586 91
84438941503242 23
84438996761801 66
84438996795161 91
84439073352295 23
84439073385694 66
84439073393291 91
84439130755847 23
84439130787283 23
84439130889869 66
84439130901395 91
84439203678369 23
84439203711575 66
84439265042576 91
84439265077369 23
84439265085044 66
84439331951969 91
84439331983387 23
84439399021125 66
84439399049807 91
84439476656138 23
84439476687465 66
84439533263032 91
84439533297970 23
84439533305605 23
84439600211253 66
84439600243542 91
84439600250986 23
84439673946823 66
84439673977746 91
84439673985472 23
84439741359662 66
84439741389796 91
84439741396993 23
84439808828884 66
84439808863928 91
84439876127013 23
84439876156749 66
84439876164225 91
84439943445914 23
84439943474518 66
84439943482133 91
84440010851505 23
84440010883950 66
84440069717031 91
84440069749769 23
84440136876969 66
84440136907020 23
84440136914481 66
84440203908975 91
84440270912164 91
84440338192089 23
84440338237480 66
84440338245027 91
84440405021843 23
84440405051563 66
84440405059219 91
84440472124067 23
84440472155050 66
84440539138652 91
84440613058622 23
84440613093269 66
84440613100939 23
84440680490398 66
84440680522153 91
84440747792980 91
84440747825271 23
84440815154346 66
84440815186295 23
84440882542396 66
84440882573733 91
84440951982796 91
84440952017742 23
84441008694571 66
84441008728300 91
84441075690375 23
84441075718819 66
84441075726322 91
84441142688563 23
84441142720548 66
84441209899910 91
84441209927051 23
84441209934940 66
84441276927308 91
84441276966331 23
84441276974015 66
84441344128352 91
84441344168644 23
84441344176175 66
84441410960218 91
84441410994748 23
84441484808470 66
84441484837176 23
84441484844884 66
84441484852186 91
84441619558241 91
84441619591372 23
84441619599080 66
84441686936186 91
84441686968605 23
84441686976213 66
84441754335084 91
84441821649255 23
84441821683010 66
84441821691080 91
84441880713531 23
84441880754547 66
84441880762281 91
84441947560767 23
84441947596063 66
84442014673146 23
84442014703588 66
84442014711417 91
84442081681397 91
84442148693322 23
84442148729501 23
84442148737060 66
84442148744096 91
84442215891023 23
84442215921952 66
84442215929690 91
84442282933424 23
84442282962786 66
84442282970098 91
84442349948564 23
84442349987464 66
84442423978219 91
84442424011050 23
84442491219696 66
84442491249047 91
84442491256534 91
84442558674144 23
84442558708347 23
84442558715862 66
84442625971047 91
84442626005261 23
84442707967983 66
84442708009696 91
84442752317107 23
84442752350681 66
84442752358505 91
84442819521701 23
84442819556983 66
84442819564769 91
84442886705901 23
84442886740519 66
84442953595336 23
84442953633168 66
84443020595607 91
84443020628619 23
84443020636295 66
84443087634997 91
84443087671135 23
84443154802360 66
84443154833261 91
84443221911960 23
84443221943331 66
84443221950884 91
84443288830508 23
84443288865194 66
84443288872598 91
84443362954906 23
84443362986701 66
84443362994200 91
84443497709035 91
84443565381123 23
84443565422377 66
84443565430394 91
84443632493317 23
84443632528373 66
84443632535912 91
84443691443135 23
84443691481647 66
84443691489130 91
84443758326882 23
84443758358368 66
84443833928829 91
84443833974062 23
84443892581127 66
84443892614254 91
84443959611562 23
84443959643802 66
84443959651341 91
84444026616790 23
84444026648654 66
84444026656479 91
84444102116262 23
84444102155349 66
84444102162928 91
84444160878597 23
84444160914280 66
84444227864447 91
84444227898650 23
84444294966040 66
84444294999439 91
84444361990455 23
84444362019845 66
84444362027310 91
84444429000715 23
84444429034432 66
84444429041971 91
84444496084870 23
84444496119888 66
84444496127538 91
84444563225473 23
84444563256548 66
84444630426579 91
84444630456598 23
84444630464282 66
84444704265966 91
84444704298190 23
84444704305713 66
84444771650754 91
84444771684984 23
84444838986204 66
84444839020001 91
84444906335411 23
84444906367689 66
84444973739318 91
84444973772584 23
84444973779874 66
84445041140769 23
84445041175773 66
84445041183262 91
84445166778338 91
84445166811592 23
84445233749929 66
84445233781348 91
84445300941424 23
84445300974986 66
84445300982704 23
84445300989843 91
84445367854283 23
84445367885743 66
84445367893331 91
84445434928209 23
84445434959767 66
84445502165721 23
84445502194836 91
84445502202868 23
84445575951553 66
84445575985014 91
84445643415927 23
84445643449618 66
84445710713616 91
84445710751373 23
84445710759061 66
84445778143668 91
84445845462246 23
84445845494663 66
84445845503401 91
84445912854508 23
84445912884108 66
84445912891844 91
84445971475447 23
84445971512344 66
84445971519885 91
84446038783648 23
84446038824549 66
84446038832422 91
84446105669531 23
84446105700176 66
84446172663364 91
84446172694297 23
84446239699277 66
84446239735357 91
84446306984765 23
84446307015338 66
84446307022889 91
84446373929603 23
84446373961312 66
84446373969019 91
84446440929886 23
84446440963363 66
84446508121794 91
84446508159081 23
84446587219666 66
84446587252773 91
84446587260469 23
84446642237807 66
84446642269204 91
84446709293183 23
84446709328010 66
84446709336933 91
84446776322085 23
84446776359469 66
84446776367148 91
84446844064092 23
84446844122383 66
84446920398833 91
84446920439787 23
84446920447561 66
84446977539119 91
84446977570446 23
84446977578063 66
84447044736240 91
84447044771463 23
84447111963071 66
84447111999180 91
84447178707744 23
84447178741301 66
84447178748722 91
84447245800760 23
84447245832725 66
84447245840260 91
84447323608747 23
84447323634506 66
84447323642178 91
84447379895154 23
84447379931405 66
84447379939212 91
84447446934981 23
84447446965207 66
84447521611019 91
84447521649277 23
84447589048894 66
84447589078666 91
84447589086113 23
84447656356503 66
84447656385925 91
84447715302413 23
84447715338553 66
84447715346257 91
84447782350199 23
84447782384823 66
84447849501829 91
84447849533329 23
84447849540972 66
84447916396554 91
84447916426978 23
84447983485787 66
84447983520117 91
84448050688746 23
84448050719246 66
84448050726824 91
84448117647660 23
84448117680919 66
84448117688604 91
84448184712514 23
84448184745233 66
84448184752812 91
84448258574243 23
84448258604263 66
84448325951025 91
84448325985136 23
84448393643743 66
84448393685546 91
84448460731075 23
84448460761992 66
84448460769648 91
84448528052996 23
84448528082774 66
84448528090247 91
84448595426240 23
84448595458874 66
84448595466277 91
84448654375167 23
84448654425659 66
84448721206912 91
84448721237737 23
84448788220783 66
84448788250263 91
84448855308747 23
84448855340470 66
84448855348108 91
84448922320404 23
84448922362433 66
84448922370187 91
84448989406319 23
84448989438460 66
84448989445854 91
84449056507954 23
84449056541088 66
84449130279971 91
84449130313154 23
84449197656011 66
84449197688352 91
84449274384851 23
84449274421086 66
84449274428867 91
84449332422358 23
84449332456019 66
84449399966806 91
84449400006533 23
84449400014056 66
84449467307474 91
84449467340491 23
84449467348058 66
84449536598052 91
84449536636458 23
84449593108099 66
84449593140092 91
84449593147850 23
84449660306882 66
84449660347929 91
84449727156403 23
84449727191228 66
84449727199021 23
84449794177147 66
84449794211944 91
84449861366629 23
84449861403071 66
84449861410815 91
84449928402771 91
84449995395929 23
84449995427161 66
84449995434843 91
84450069375254 23
84450069403280 66
84450136746301 91
84450136777401 23
84450204131982 66
84450204165097 91
84450271575874 23
84450271612306 66
84450271619960 91
84450338880391 23
84450338910014 23
84450338917567 66
84450338925183 91
84450406341113 23
84450406386333 66
84450406393874 91
84450464880888 91
84450531880692 23
84450531913678 66
84450601198475 91
84450601235457 23
84450601243098 66
84450666117737 91
84450666148645 23
84450666156273 23
84450733153838 66
84450733192362 91
84450800223837 23
84450800258085 66
84450800265700 91
84450867275813 23
84450867306915 66
84450867314698 91
84450941076135 91
84451008478114 23
84451008512977 66
84451078106267 91
84451078146012 23
84451143235647 66
84451143272719 91
84451210724049 23
84451210759525 66
84451210767235 91
84451277970279 23
84451278005319 66
84451345304061 91
84451345343185 23
84451345350849 66
84451403779859 91
84451403808959 23
84451470931426 66
84451470966637 91
84451538037789 23
84451538071520 66
84451538078737 91
84451605025800 23
84451605059156 66
84451672045553 91
84451672089101 23
84451739309285 66
84451739344057 91
84451812793709 23
84451812824523 66
84451812832199 91
84451880210214 23
84451880239612 66
84451880247296 91
84451947584908 23
84451947620626 66
84451947628375 91
84452014966279 23
84452014994878 66
84452015003037 91
84452082352151 23
84452082381048 66
84452149691823 91
84452149720664 23
84452208612991 66
84452208645077 91
84452276223758 23
84452276255118 66
84452276262858 91
84452342674899 23
84452342708511 66
84452342716125 91
84452409777328 23
84452409808761 66
84452409817314 91
84452476925648 23
84452476956853 66
84452476964054 91
84452543965159 23
84452543998713 66
84452610960313 91
84452610995138 23
84452611003204 66
84452678004635 91
84452751929398 23
84452751962534 66
84452751969976 91
84452812246375 23
84452812281829 66
84452812289706 91
84452891049959 23
84452891079562 23
84452891087170 66
84452946413882 91
84452946446269 23
84453013513119 66
84453013553081 91
84453013560891 23
84453080507061 66
84453080542753 91
84453157010343 23
84453157044540 66
84453157052097 91
84453214518913 23
84453214552396 66
84453282731141 23
84453282757023 66
84453282764619 91
84453349034946 91
84453426231783 23
84453426261567 66
84453426269086 91
84453482936824 23
84453482973222 66
84453482980813 91
84453550018443 23
84453616949500 66
84453616976819 91
84453616984466 23
84453684030162 66
84453684065502 91
84453751126943 23
84453751162948 66
84453751170385 91
84453829485085 23
84453829520079 66
84453829527709 91
84453885362169 23
84453885400520 66
84453885410389 91
84453952377248 23
84453952406854 66
84454019462511 91
84454019495972 23
84454086402899 66
84454086437481 91
84454086445074 23
84454153601278 66
84454153631271 91
84454220765129 23
84454220795225 66
84454220803074 91
84454287646058 23
84454287677222 66
84454287684665 91
84454354771727 23
84454354815841 66
84454421876789 91
84454421912423 23
84454421920601 66
84454488792897 91
84454488827547 23
84454562842467 66
84454562880354 91
84454630245101 23
84454630275346 66
84454630282905 91
84454697594265 23
84454697625874 66
84454697633407 91
84454764959687 23
84454764989437 66
84454832348550 91
84454832386660 23
84454899754917 66
84454899785946 91
84454899793614 23
84454958376606 66
84454958405366 91
84454958413235 23
84455025423942 66
84455025454217 91
84455092438760 23
84455092469381 66
84455092477125 91
84455159529731 23
84455159561973 66
84455159569407 91
84455226510896 23
84455226548869 66
84455293624768 91
84455293660880 23
84455293668735 66
84455361114815 91
84455434546913 23
84455434583718 66
84455434591391 91
84455495134548 23
84455495163629 66
84455495171316 91
84455561927050 23
84455561960378 66
84455639115460 91
84455639149344 23
84455639157340 66
84455696199087 91
84455696243559 23
84455763224758 66
84455763260503 91
84455837457930 23
84455837493314 66
84455837500902 91
84455897336220 23
84455897367549 66
84455897375510 91
84455964350207 23
84455964379822 66
84455964387655 23
84456042209835 66
84456042241753 91
84456098358955 91
84456165398076 23
84456165430169 66
84456165437803 91
84456238243137 23
84456238271622 66
84456238279384 91
84456299645275 23
84456299673204 66
84456299680735 91
84456366611444 23
84456366644896 66
84456445504564 91
84456445538351 23
84456500846269 66
84456500875411 23
84456500883079 66
84456500890095 91
84456577293496 91
84456634905089 23
84456634938765 66
84456702091747 23
84456702124834 66
84456702132731 91
84456778605400 91
84456836125856 23
84456836160210 66
84456836168067 91
84456903115824 23
84456903150287 66
84456903158200 91
84456980593916 23
84456980625906 66
84456980633536 91
84457037455654 23
84457104410342 66
84457104440929 91
84457104448713 23
84457181831913 66
84457181863304 91
84457260037933 23
84457260074996 66
84457260082743 91
84457305576165 23
84457305610111 66
84457305617544 91
84457383921635 23
84457383964273 66
84457383972100 91
84457439705436 23
84457439734840 66
84457506921228 91
84457581719258 23
84457581751301 66
84457581759009 91
84457649088878 23
84457649122820 66
84457649130478 91
84457708015407 23
84457708048770 66
84457708074515 91
84457775063739 23
84457775096227 66
84457842071702 91
84457842102468 23
84457842109926 66
84457909118498 91
84457909155236 23
84457976314405 66
84457976348518 91
84457976356158 23
84458043307392 66
84458043342247 91
84458043350088 23
84458110344972 23
84458110382040 66
84458110389659 91
84458177387060 23
84458177422750 66
84458177430283 91
84458251308236 23
84458251338103 66
84458318655222 91
84458318687599 23
84458318695233 66
84458386156484 91
84458386191604 23
84458453435578 66
84458453471990 91
84458453480422 23
84458520835768 66
84458520868652 23
84458520876281 66
84458588269717 91
84458646962518 91
84458646996112 23
84458647003558 66
84458647010563 91
84458713963591 23
84458781078424 66
84458781119168 91
84458781126667 23
84458848072807 66
84458848103556 91
84458848111590 23
84458915096600 66
84458915131151 91
84458982274163 23
84458982307172 66
84458982314701 91
84459049330173 23
84459049358068 66
84459049365678 91
84459116302160 23
84459116332399 66
84459116339747 91
84459190374528 23
84459190402603 66
84459190410120 91
84459257768622 23
84459257800896 66
84459325149588 23
84459325183075 66
