96131850117941 91
96131923377650 91
96131984390136 23
96131984415873 66
96132051372851 23
96132051393547 66
96132051401428 91
96132130074368 23
96132130092815 66
96132185480147 91
96132185497547 91
96132261974797 23
96132261990826 66
96132261998283 91
96132319584379 23
96132319598745 66
96132319605900 23
96132386731782 66
96132386766681 91
96132454064910 23
96132454105905 66
96132454113951 91
96132520907585 91
96132599278203 23
96132599298294 66
96132599305639 23
96132599312597 66
96132599319597 91
96132655086609 91
96132655107862 23
96132722119006 66
96132722136894 91
96132789325723 23
96132789346978 66
96132789354503 91
96132856180759 23
96132856197915 66
96132923233325 23
96132923250923 66
96132923258646 91
96133002527691 23
96133002545131 66
96133002552511 91
96133057470980 91
96133134447228 23
96133134467921 66
96133134475705 23
96133199429622 66
96133199444713 91
96133269798322 91
96133269818546 23
96133269826835 66
96133325596255 23
96133325613262 66
96133325620598 91
96133392767288 91
96133471738176 23
96133471754968 66
96133471762517 91
96133526816945 23
96133526832902 66
96133526840337 91
96133600226916 23
96133600245872 66
96133600253835 23
96133673061790 66
96133673079153 91
96133728063023 91
96133728080492 23
96133728088249 66
96133804944698 23
96133804962586 66
96133804970191 91
96133862089937 91
96133862105999 23
96133929317863 66
96133929344683 91
96133996324462 23
96133996340363 66
96133996347852 91
96133996354922 23
96134063367525 66
96134063389219 23
96134130365183 66
96134130386952 91
96134208214034 91
96134208232853 23
96134264582643 66
96134264601082 91
96134331541735 23
96134331560030 66
96134331567611 91
96134408125066 23
96134408141921 66
96134408149468 91
96134465829067 23
96134465846693 66
96134465854138 91
96134532780847 23
96134532797961 66
96134532805571 91
96134600078998 23
96134600124216 66
96134600131782 23
96134677545077 66
96134677576173 91
96134734086669 23
96134734109840 66
96134734117379 91
96134801211193 91
96134868353634 23
96134868378146 66
96134868385818 91
96134935224586 23
96134935252023 66
96134935261925 23
96134935269185 66
96135010772338 91
96135080692384 91
96135080720065 23
96135136495219 66
96135136520316 91
96135203649786 23
96135203671134 66
96135203678772 23
96135203685818 66
96135203693222 91
96135279187613 23
96135337608589 66
96135337629327 91
96135404674839 23
96135404692727 66
96135404700544 91
96135484067733 91
96135538852630 23
96135538880960 66
96135538888563 91
96135615805787 23
96135615830611 66
96135615838160 91
96135615845136 23
96135680002773 66
96135680022013 91
96135680029757 23
96135680036958 66
96135740050530 91
96135817065664 23
96135817083137 66
96135817090791 91
96135817097942 23
96135874099096 66
96135874116340 91
96135874123904 23
96135941271298 66
96135941289088 91
96135941296959 23
96136019021712 66
96136019038210 91
96136019045713 23
96136075331705 66
96136075348237 23
96136075355863 66
96136075362796 91
96136148156628 91
96136209596401 23
96136209616076 66
96136209623253 91
96136209630160 23
96136276573678 66
96136276592242 91
96136276600044 23
96136343560375 23
96136343576221 66
96136343583666 91
96136422290723 23
96136422308965 66
96136477781262 23
96136477797409 66
96136477804829 91
96136544780404 91
96136544797535 23
96136623609576 66
96136623629659 91
96136623636964 23
96136623643888 23
96136623650800 66
96136679013457 91
96136679031787 23
96136679039242 66
96136755470547 91
96136755487886 23
96136755495518 66
96136813074347 91
96136813089686 23
96136880191659 66
96136880225581 91
96136880233514 23
96136880240573 66
96136947219699 91
96136947248544 23
96136947256217 66
96137014231127 91
96137014258833 23
96137014267248 66
96137081227622 91
96137081244523 23
96137081252122 66
96137158736490 23
96137158754461 66
96137158761954 91
96137215449131 91
96137215468037 23
96137282681716 66
96137282705136 91
96137282712959 23
96137282720162 66
96137349504328 91
96137349523763 23
96137349531101 66
96137416590775 91
96137416607046 23
96137416614227 66
96137496026381 91
96137550764499 23
96137550782500 66
96137550790109 91
96137627952834 23
96137627970936 66
96137627978722 91
96137684861431 23
96137684877433 66
96137684885430 91
96137751942996 23
96137751960246 66
96137818947142 91
96137818963876 23
96137818971381 23
96137818978395 66
96137818985260 91
96137886138388 23
96137886155084 66
96137886162583 91
96137965255648 23
96137965271653 66
96137965278983 91
96138020226270 23
96138020241314 66
96138097137602 23
96138097155150 66
96138097163021 91
96138154464916 23
96138154489985 66
96138154497550 91
96138227899545 91
96138288590019 23
96138288613459 66
96138288620789 91
96138355617311 23
96138355638243 66
96138355645746 91
96138355652697 23
96138422631592 66
96138422648897 23
96138422656379 91
96138500351266 23
96138500367002 66
96138500374386 91
96138500381439 23
96138556793979 66
96138556810686 91
96138623862774 23
96138623880578 66
96138701722419 91
96138701739639 23
96138701747431 66
96138757931763 23
96138757952642 66
96138757960374 91
96138825114619 23
96138825133070 66
96138903659766 91
96138959153941 91
96138959171771 23
96139031600194 66
96139031616932 23
96139031624240 66
96139031631355 91
96139105015195 91
96139160438442 23
96139160463298 66
96139160470988 23
96139236905022 66
96139236931626 91
96139236939493 91
96139294569481 23
96139294592104 23
96139294599384 66
96139361683030 91
96139361706693 23
96139361714518 23
96139361721643 66
96139438818243 91
96139438841180 23
96139438848922 66
96139495661178 23
96139495681144 66
96139495689392 91
96139562856772 91
96139562874009 23
96139640343440 66
96139640388884 91
96139640400617 23
96139696994400 66
96139697028613 91
96139697036647 23
96139763931979 66
96139763956888 91
96139763964821 23
96139842055604 66
96139842076508 23
96139842083739 66
96139898073501 91
96139965092025 23
96139965112593 66
96139965120406 91
96140032275682 91
96140109320062 23
96140109340708 66
96140109348607 91
96140109355693 23
96140166327922 66
96140166344929 91
96140233512752 23
96140233529721 66
96140233537258 91
96140300515937 23
96140300533488 66
96140300541244 91
96140367524483 23
96140367542875 66
96140367550126 91
96140434612071 23
96140434636289 66
96140434644128 91
96140434651096 23
96140512536494 66
96140512554804 23
96140512562430 91
96140568688749 23
96140568706428 66
96140568714122 91
96140635773394 23
96140635790868 66
96140635798367 23
96140635805584 66
96140710581296 91
96140770051764 91
96140770068659 23
96140770076017 66
96140836998864 23
96140837016217 66
96140837023805 91
96140915803943 91
96140915819765 23
96140971232034 66
96140971247665 91
96141047698824 23
96141047715745 66
96141047723563 91
96141047730706 23
96141105342359 66
96141105357843 23
96141105365121 66
96141105372078 91
96141172382530 91
96141249002567 23
96141249022079 66
96141249029821 91
96141306568353 23
96141306598369 66
96141306606196 23
96141306614012 66
96141373605359 91
96141450996744 23
96141451021390 66
96141451029112 91
96141507867547 23
96141507887935 66
96141575018533 91
96141641796685 23
96141641814416 66
96141641821859 91
96141708876872 23
96141708893550 66
96141708901135 91
96141854210900 91
96141854232190 23
96141854239749 66
96141854246914 91
96141910022927 23
96141910040113 66
96141910047817 23
96141977209296 66
96141977228641 91
96142055522511 23
96142055541102 66
96142055548860 91
96142111262037 91
96142111280126 23
96142178275744 66
96142178293069 23
96142178300839 66
96142178307851 91
96142257451366 91
96142312715323 23
96142312731861 66
96142312739312 91
96142387431395 23
96142387453612 66
96142387461159 23
96142458789586 66
96142458809801 91
96142513785578 23
96142513807782 66
96142513815303 91
96142590642748 91
96142647789341 23
96142647808042 66
96142647815444 23
96142714848890 66
96142714866720 91
96142792610828 23
96142792627326 66
96142792634694 91
96142855582021 91
96142927980694 23
96142927997413 66
96142928005029 91
96142983212348 23
96142983228402 66
96142983235877 23
96142983243134 66
96142983250207 91
96143117260297 23
96143117277603 91
96143117285080 23
96143117292223 66
96143184256895 91
96143184273878 23
96143184281731 66
96143251347122 91
96143251365573 23
96143318417761 66
96143318435398 91
96143318442810 23
96143409651972 66
96143409676557 91
96143409684196 23
96143452579175 66
96143452604967 91
96143452612785 23
96143529101872 66
96143529135196 23
96143529142762 66
96143599172757 91
96143654071704 23
96143654095384 66
96143654103072 91
96143730335973 91
96143730355776 23
96143730363424 66
96143787904648 91
96143787921631 23
96143855227440 66
96143855264318 91
96143855272219 23
96143855279409 66
96143932423869 23
96143932461309 66
96143932469087 91
96143989348216 91
96144056233947 23
96144056255866 66
96144056263675 91
96144056270766 23
96144123275478 66
96144123295601 23
96144123303186 66
96144123310242 91
96144190330355 91
96144257458202 23
96144257475762 66
96144257483368 91
96144257490456 23
96144335547034 66
96144335563925 91
96144391506421 23
96144391523157 66
96144391530752 91
96144458504709 23
96144458521105 66
96144458528799 91
96144525714519 23
96144525730028 66
96144602782946 91
96144602801418 23
96144602809052 66
96144602816092 91
96144659824856 23
96144659849497 66
96144726776171 23
96144726795121 66
96144726802658 91
96144804760823 91
96144804779340 23
96144804786996 66
96144860971987 23
96144860986880 66
96144860994072 91
96144927968337 91
96144927985935 23
96144995180502 66
96144995200446 91
96145072026679 23
96145072047575 66
96145072055423 91
96145129236165 23
96145129252714 66
96145129260344 91
96145196245318 23
96145196262552 66
96145196270301 91
96145196278033 23
96145273931272 66
96145273948104 23
96145273955629 91
96145336131598 23
96145336148702 66
96145336156032 91
96145397467393 23
96145397489721 66
96145475239498 23
96145475258467 66
96145531686417 91
96145598627137 91
96145598644942 23
96145598653073 23
96145677248954 66
96145677270819 91
96145733251922 23
96145733292136 66
96145733299464 91
96145733306552 23
96145799968406 66
96145799999975 23
96145800008004 66
96145800015145 91
96145878519516 91
96145934150120 23
96145934170500 66
96145934178174 91
96146001130645 23
96146001149436 66
96146001156975 91
96146080459154 23
96146080476801 66
96146080484344 91
96146135171757 23
96146135188275 66
96146135195494 91
96146202341847 23
96146202359864 66
96146202367626 23
96146269360991 66
96146269377275 91
96146269384653 91
96146336371794 23
96146336386889 66
96146403577439 91
96146403595649 23
96146403603105 66
96146470603658 23
96146470620749 66
96146470628421 91
96146549716646 91
96146604662543 23
96146604680295 66
96146604687763 91
96146604694782 23
96146671991423 66
96146672009064 91
96146672017518 23
96146751018194 66
96146751042181 23
96146751049702 66
96146751056747 91
96146805898747 23
96146882876209 66
96146882897806 91
96146939998398 23
96146940015339 66
96146940022818 91
96147015109206 91
96147074208314 23
96147074226749 66
96147141293670 91
96147141312427 23
96147141319950 66
96147208298559 91
96147208315934 23
96147208323514 66
96147286104512 91
96147286122316 23
96147286129745 66
96147342598150 91
96147342633022 23
96147409625064 66
96147409657936 91
96147409665381 23
96147476803451 66
96147476830290 91
96147543566892 23
96147543588216 66
96147543598869 91
96147610635121 23
96147610657791 66
96147610665390 91
96147677840441 23
96147677864668 66
96147677872066 23
96147755322550 66
96147755347117 91
96147812102786 91
96147812126757 23
96147812134280 66
96147879237303 91
96147879258045 23
96147956699837 66
96147956726742 91
96148013141659 23
96148013170599 66
96148013178249 91
96148013185228 23
96148080260205 66
96148080298580 91
96148080306097 23
96148158643725 66
96148158675430 91
96148214328661 23
96148214349867 66
96148214357355 91
96148281282148 23
96148281303693 66
96148281311419 23
96148359862782 66
96148359884054 91
96148415492636 23
96148415510524 66
96148415518230 91
96148482459833 23
96148482477280 66
96148561836484 91
96148616715630 91
96148616731595 23
96148683732343 66
96148683752931 23
96148683760971 66
96148683768045 91
96148750721661 91
96148829108507 23
96148829138851 66
96148829146649 91
96148885001146 23
96148885022699 66
96148885030123 91
96148951981331 23
96148952002144 66
96148952009914 23
96148952016922 66
96149030998712 91
96149086183075 91
96149153213782 23
96149153231868 66
96149220196808 91
96149220215121 23
96149220222875 66
96149298242444 91
96149298258731 23
96149298266038 66
96149354440701 91
96149354456749 23
96149354464051 23
96149421451672 66
96149421468985 91
96149421476697 23
96149421483902 23
96149500250333 66
96149500271082 91
96149555739235 23
96149555759887 66
96149555767321 91
96149622614721 23
96149622637329 66
96149622648098 91
96149701517987 23
96149701535612 66
96149701543097 91
96149701549936 23
96149756740598 66
96149756757722 23
96149756765420 66
96149833431621 91
96149891174721 91
96149891192828 23
96149891200201 66
96149963833396 91
96149963851013 23
96150034709935 66
96150034726204 23
96150034733558 66
96150034740556 91
96150092088365 91
96150159167777 23
96150159185204 66
96150159193085 23
96150159200152 91
96150236714050 23
96150236742688 66
96150236750279 91
96150236757324 23
96150293483211 66
96150293510885 91
96150360442418 23
96150360467881 66
96150360475372 91
96150427457809 23
96150427478020 66
96150427485704 91
96150494450872 23
96150494469070 66
96150494476613 23
96150561638141 66
96150561654219 91
96150639914229 91
96150639929736 23
96150695702975 23
96150695721125 66
96150762747170 91
96150762768848 23
96150762776610 66
96150829909151 23
96150829927958 66
96150829935576 91
96150896929846 91
96150896950206 23
96150896957526 66
96150963978449 91
96150964000805 23
96150964008342 66
96151030968592 91
96151030987588 23
96151030995246 66
96151109092520 91
96151109109025 23
96151165183549 66
96151165202441 91
96151165209942 23
96151239914585 66
96151239932236 23
96151239940022 66
