91775994947638 91
91776062131129 91
91776128995725 23
91776129013460 66
91776129021076 91
91776202725806 23
91776202747168 66
91776270122097 23
91776270140742 66
91776270148353 91
91776337486412 91
91776337504872 23
91776404899317 66
91776404917275 23
91776404924817 66
91776472248095 91
91776539620955 91
91776539638803 23
91776539646241 66
91776598378872 91
91776598397273 23
91776598404708 23
91776665559646 66
91776665577736 91
91776732581442 23
91776732603025 66
91776732610277 91
91776799691373 23
91776799718438 66
91776799726088 91
91776867307835 23
91776867328829 66
91776867336328 91
91776933885193 23
91776933920571 66
91776933928123 91
91777000897529 23
91777000925139 66
91777076567863 91
91777076593686 23
91777076601342 66
91777076608412 91
91777141852621 23
91777141878812 66
91777209232979 91
91777209258441 23
91777209266271 66
91777276599847 91
91777276619986 23
91777276627462 66
91777343970737 91
91777343993373 23
91777344001270 66
91777411342583 91
91777478723867 23
91777478742337 66
91777478750033 91
91777537365001 91
91777537381850 23
91777537389419 66
91777604325050 91
91777604340961 91
91777671566600 23
91777671583939 14
91777671591570 66
91777671598715 91
91777738568329 23
91777738587408 66
91777805581968 91
91777805599936 23
91777805607765 66
91777872629969 91
91777872652520 23
91777872660288 66
91777872667395 91
91777939821943 23
91777939841054 66
91777939848557 91
91778013607384 23
91778013636310 66
91778013643891 23
91778080990233 66
91778081018330 91
91778081025644 23
91778148329260 66
91778148347466 91
91778148354918 23
91778217768505 66
91778217786792 91
91778217794353 23
91778283081953 66
91778283101294 91
91778283108873 23
91778350440292 66
91778350458367 91
91778350465792 23
91778409254726 66
91778409271253 91
91778476433034 23
91778476449633 66
91778476457571 91
91778543904109 23
91778543931279 66
91778543938810 91
91778610412067 23
91778610429510 66
91778610436949 91
91778610443957 23
91778677392333 66
91778677410952 91
91778744799274 23
91778744818554 66
91778744826117 91
91778744833125 23
91778811553973 66
91778811570685 91
91778878635237 23
91778878654000 66
91778878661597 91
91778878668678 23
91778952664038 66
91778952689860 91
91778952697502 23
91779020088670 66
91779020123853 91
91779020131364 23
91779020138326 66
91779087476817 91
91779087508810 23
91779154831012 66
91779154860680 91
91779154868386 91
91779222172108 23
91779222194340 66
91779222201921 91
91779281174362 23
91779281198699 66
91779281206303 91
91779348203013 23
91779348233449 66
91779348241071 91
91779415205587 23
91779415232525 66
91779482445018 23
91779482474682 66
91779482482726 91
91779482489879 23
91779549461417 66
91779549493637 91
91779549501080 23
91779616450580 66
91779616487529 91
91779616495065 23
91779683421696 66
91779683453351 91
91779683460965 23
91779750729740 66
91779750761304 91
91779750768934 23
91779824425078 66
91779824456795 23
91779824464501 66
91779824471656 91
91779891758247 91
91779962938441 23
91779962966143 66
91779962973670 91
91780027012545 23
91780027036572 66
91780027044206 91
91780094037466 23
91780094083475 66
91780094094208 91
91780094103232 23
91780161303244 66
91780161330164 91
91780161337858 91
91780220155255 23
91780220174602 66
91780220182069 91
91780287012724 23
91780287030761 66
91780287038413 91
91780354026323 23
91780354043956 66
91780354051338 91
91780421197072 23
91780421223203 66
91780421230893 91
91780488254044 23
91780488280811 66
91780488288290 91
91780555486562 23
91780555516161 66
91780555523592 91
91780622749071 23
91780622773235 66
91780696137289 23
91780696167083 91
91780696174719 23
91780696181767 66
91780763504949 91
91780763534121 23
91780763541616 66
91780830896264 91
91780830931181 23
91780830938634 66
91780898299163 91
91780898335563 23
91780965624415 66
91780965650176 91
91781033037006 23
91781033065517 66
91781033073289 91
91781091834192 23
91781091863387 66
91781091871048 91
91781158993000 23
91781159014147 66
91781225985398 91
91781226003894 23
91781226011873 66
91781293002346 91
91781293022373 23
91781293030129 66
91781360000296 91
91781360016896 23
91781427229774 66
91781427249637 91
91781427257171 23
91781494264365 66
91781494286755 91
91781561283218 23
91781561302735 66
91781561341084 91
91781635198619 23
91781635221502 66
91781635228943 91
91781702604922 23
91781702628290 66
91781702636114 91
91781769963118 23
91781769983825 66
91781769991603 91
91781837385960 23
91781837419163 66
91781837426940 91
91781904741967 23
91781904770607 66
91781904778514 91
91781972105693 23
91781972134381 66
91781972142127 91
91782030787825 23
91782030813043 66
91782030820395 91
91782097986055 23
91782098012677 66
91782098020383 91
91782164942942 23
91782164965281 66
91782164972758 91
91782231974910 23
91782231999699 66
91782232007007 91
91782299160471 23
91782299182038 66
91782366685822 91
91782366705613 23
91782366713436 66
91782433204111 91
91782433229920 23
91782507138988 66
91782507161243 23
91782507169064 66
91782507175985 91
91782574278074 23
91782574296515 66
91782574303998 91
91782641655184 23
91782641673052 66
91782709017481 23
91782709033396 66
91782709040839 91
91782843818589 91
91782843847406 23
91782843855245 66
91782902672320 23
91782902691888 66
91782902699174 91
91782969649066 91
91783036722646 23
91783036744207 66
91783036751897 91
91783103786705 23
91783103806712 66
91783103814293 91
91783103821424 91
91783170993237 23
91783171026416 66
91783171033979 91
91783237981786 23
91783238015825 66
91783238023352 91
91783305139607 23
91783305170202 66
91783305177794 91
91783372172492 23
91783372203218 66
91783372210636 91
91783446022778 23
91783446049193 66
91783446056855 91
91783513433593 23
91783513466368 66
91783513473915 91
91783580811358 23
91783580838783 66
91783580846344 91
91783648198415 23
91783648232231 66
91783648239679 91
91783715552669 23
91783715579764 66
91783774542240 91
91783774568707 23
91783774576226 66
91783774583222 91
91783841662118 23
91783841723044 66
91783908672547 91
91783908698497 23
91783975679816 66
91783975707031 91
91783975714502 23
91784042848416 66
91784042873310 91
91784042881165 23
91784109853555 66
91784109875216 91
91784176928261 23
91784176946173 66
91784176953754 91
91784244124517 91
91784244184104 23
91784244196253 14
91784244205003 23
91784244213649 66
91784317785984 91
91784317818777 23
91784317826556 23
91784385151238 66
91784385189535 91
91784452559866 91
91784452589049 23
91784452597089 14
91784519922208 66
91784519957313 91
91784519965129 23
91784519972041 66
91784587285181 91
91784587316408 23
91784654629132 23
91784654655123 91
91784654662706 23
91784654670014 23
91784654676943 14
91784713529783 66
91784713555221 91
91784780668346 23
91784780694196 91
91784847945718 23
91784847972308 14
91784847980610 66
91784847988173 91
91784914615995 23
91784914635794 91
91784914643527 23
91784914650605 14
91784981555935 66
91784981572379 91
91785048752745 23
91785048769519 66
91785048777253 91
91785115798522 91
91785115819097 23
91785189470287 14
91785189491207 66
91785189498750 91
91785256840697 23
91785256863033 66
91785256870710 91
91785324202978 23
91785324221868 66
91785391587161 91
91785391606389 23
91785391614042 66
91785391621141 91
91785459169662 23
91785459188146 66
91785459196246 91
91785526331110 23
91785526349548 66
91785526356998 91
91785585294600 23
91785585311787 66
91785585319289 91
91785652319544 23
91785652338169 66
91785719350408 91
91785719370227 23
91785719377830 66
91785719384981 91
91785786350111 23
91785853541785 66
91785853559404 91
91785853567187 23
91785853574434 66
91785920561847 91
91785920579243 23
91785987555629 66
91785987572316 91
91785987579960 23
91785987587191 66
91786054776752 91
91786054794618 23
91786054802181 66
91786128556737 91
91786128580841 23
91786128588358 66
91786195928567 91
91786195950318 23
91786195958024 66
91786263289797 91
91786263307677 23
91786330702611 66
91786330730064 91
91786330739910 23
91786398029494 66
91786398047670 91
91786398055126 23
91786398062048 23
91786465506977 66
91786465541903 91
91786465549368 23
91786524323562 66
91786524357589 91
91786591288197 23
91786591314280 66
91786591322107 91
91786658250414 23
91786658274100 66
91786725452498 91
91786725483584 23
91786725491194 66
91786725498338 91
91786792500733 23
91786792527516 66
91786792535526 91
91786869068379 23
91786869104766 66
91786926911356 91
91786926945077 23
91786926952746 66
91786926959956 91
91786993706267 23
91786993741181 66
91787067686252 91
91787067717543 23
91787067725486 66
91787135049173 91
91787135072792 23
91787202423018 66
91787202447436 91
91787202454977 23
91787269777314 66
91787269800927 91
91787269808530 23
91787269815750 66
91787337287571 91
91787337322058 23
91787396248963 66
91787396283490 91
91787396291204 23
91787463179314 66
91787463211082 91
91787463218792 23
91787463225886 66
91787530146530 91
91787597339771 23
91787597366001 66
91787597373512 91
91787664330192 23
91787664353859 66
91787664361469 91
91787664368537 23
91787731421233 66
91787731453636 91
91787731461091 23
91787731468093 66
91787798459509 91
91787798487569 23
91787865703708 66
91787865728745 91
91787939393826 23
91787939422409 66
91787939429966 91
91788014693045 23
91788014721958 66
91788074144120 91
91788074170034 23
91788074177633 66
91788141473312 91
91788141494606 23
91788141502088 66
91788208902244 91
91788208926161 91
91788267797850 23
91788267817686 66
91788267825283 91
91788335058165 23
91788335078821 66
91788402055517 91
91788402072983 23
91788402080667 66
91788469176536 91
91788469213237 23
91788536208027 66
91788536243630 91
91788536251296 23
91788536258544 66
91788603327513 91
91788603348302 23
91788603355792 66
91788670218056 91
91788670239762 23
91788737260017 66
91788737280002 23
91788737287617 66
91788737294589 91
91788811077266 23
91788811099226 66
91788878447270 91
91788878468235 23
91788945830068 66
91788945850708 91
91788945858460 23
91789013192408 66
91789013209703 91
91789013217644 23
91789080574991 66
91789080594094 91
91789080601658 23
91789080608764 66
91789147960743 91
91789206740853 23
91789206786313 66
91789206794097 91
91789273922367 23
91789273940153 66
91789273947680 91
91789340837302 23
91789340856987 66
91789340864371 23
91789408029248 66
91789408063655 91
91789475067402 91
91789542241900 23
91789542275148 66
91789542282635 23
91789542289514 66
91789609216552 91
91789676219593 23
91789676245380 66
91789676252943 91
91789750207650 91
91789817560626 23
91789817584158 66
91789817591884 91
91789884966450 23
91789884991284 66
91789884998937 91
91789952313343 23
91789952336890 66
91789952344425 91
91790019679416 23
91790019698481 66
91790019706290 91
91790087062054 23
91790087080226 66
91790145702269 23
91790145719322 91
91790145726801 23
91790145734077 66
91790212767412 91
91790212785296 23
91790212792773 66
91790279848324 91
91790279865639 23
91790279873071 66
91790346871459 91
91790346889426 23
91790346897011 66
91790413883388 91
91790413900331 23
91790413907838 66
91790413914915 91
91790481078867 23
91790481095208 66
91790481102433 91
91790548161993 23
91790548184031 66
91790548191771 91
91790621884981 23
91790621905806 66
91790689255169 91
91790689273021 23
91790689280746 23
91790689287848 66
91790756636731 91
91790756653921 23
91790756661414 66
91790756668460 91
91790824019413 23
91790824038130 66
91790824046304 91
91790891434514 23
91790891459374 66
91790958835873 91
91790958863929 23
91791017651810 66
91791017672779 91
91791017680212 23
91791017687329 66
91791085000004 91
91791085033989 23
91791151758083 66
91791151791806 91
91791151799299 23
91791151806387 66
91791219029650 91
91791219068011 23
91791285911999 66
91791285937553 91
91791285945144 23
91791352908528 66
91791352937995 91
91791352945286 23
91791352952238 66
91791419932146 91
91791419962689 23
91791419969946 66
91791493631467 91
91791493656633 23
91791561007300 66
91791561033816 91
91791561041554 23
91791561048500 66
91791628380289 91
91791628406066 23
91791628413665 66
91791695750684 91
91791695774323 23
91791695782200 66
91791695789571 91
91791763101524 23
91791763122472 66
91791830574359 91
91791830599181 23
91791830606937 66
91791830614271 91
91791897908868 23
91791897932396 66
91791897939795 91
91791956611679 23
91791956641199 66
91791956648746 91
91792023597290 23
91792023627436 66
91792090628678 23
91792090652267 66
91792090659772 91
91792157835280 91
91792157864016 23
91792224865538 66
91792224891192 91
91792224898822 23
91792291847743 66
91792291881579 91
91792291888906 23
91792358867187 66
91792358889829 91
91792432710690 23
91792432734993 66
91792500074750 23
91792500094354 91
91792500101903 23
91792500109014 66
91792567449321 23
91792567468252 66
91792567475937 91
91792638419387 91
91792702263627 23
91792702291643 66
91792702299588 91
91792702306629 23
91792769629635 23
91792769657810 66
91792769665557 91
91792769672486 23
91792828423615 66
91792828453041 91
91792828460468 23
91792895464588 66
91792895486996 23
91792895494831 66
91792895501900 91
91792962487370 91
91793029542886 23
91793029563508 66
91793096614519 23
91793096633237 91
91793096640483 23
91793096647449 66
91793096654354 91
91793163806957 23
91793163826811 66
91793163834418 91
91793231007927 23
91793231024844 66
91793231032892 91
91793304425480 23
91793304445025 66
91793304452705 23
91793371781045 66
91793371797812 91
91793439169693 91
91793439187466 23
91793506563983 66
91793506583498 91
91793573917100 23
91793573934236 66
91793573941552 91
91793641313935 23
91793641332008 66
91793641339585 91
91793700263409 91
91793767271122 23
91793767290648 66
91793767298597 91
91793834259541 23
91793834276755 91
91793901438766 23
91793901454760 14
91793901462458 66
91793968479888 91
91793968497718 91
91794035501073 23
91794035518239 14
91794035525812 66
91794035533260 91
91794102527515 23
91794102546914 66
91794102554354 91
91794169728416 23
91794169748068 23
91794243516005 66
91794310891279 23
91794310908966 66
91794378259064 23
91794378276004 23
91794378283371 66
