84142163555567 91
84142241871078 91
84142297761156 23
84142297791966 66
84142364818481 23
84142364850964 66
84142364858350 91
84142443842939 91
84142506725164 23
84142506754067 66
84142506761868 91
84142566014723 23
84142566049166 66
84142566056987 91
84142632911400 23
84142632944141 66
84142711071093 91
84142767315711 23
84142767346847 66
84142767354337 91
84142834145970 23
84142834177102 66
84142907506284 91
84142907540328 23
84142907548400 66
84142907555350 91
84142968374337 23
84142968413320 66
84143035347189 23
84143035378816 66
84143035386220 91
84143169440911 91
84143169474861 23
84143169482450 66
84143246151389 91
84143246182796 23
84143246190186 66
84143303540225 91
84143370755333 91
84143437815351 23
84143437848503 66
84143437856074 91
84143504799305 23
84143504831139 66
84143583461050 23
84143583497712 66
84143583505136 91
84143713394427 91
84143713432293 23
84143713440088 23
84143784829437 91
84143784865223 23
84143784873207 66
84143840048331 23
84143840079049 66
84143840086667 91
84143916649953 23
84143916682077 66
84143916689624 91
84143980430853 23
84143980479139 66
84143980486704 91
84144041325593 23
84144118694465 66
84144118728606 91
84144118736320 23
84144183595709 66
84144183627543 91
84144253965436 23
84144253999209 66
84144254006796 23
84144254014000 91
84144309780459 23
84144309811299 66
84144385051346 91
84144385086198 23
84144456078096 66
84144456121135 23
84144456128926 66
84144456135938 91
84144584436844 91
84144584466996 23
84144584474773 66
84144657222894 91
84144657253491 23
84144712076799 66
84144712108844 91
84144712116305 23
84144789145289 66
84144789176306 91
84144789183996 23
84144846336395 66
84144846367294 91
84144913602448 23
84144913636413 66
84144913643857 91
84144980361468 23
84144980397832 66
84145047230893 91
84145047266807 23
84145047274479 66
84145114500123 91
84145192605630 23
84145192637742 66
84145192645315 91
84145248512623 23
84145248543189 66
84145248550584 91
84145333107106 23
84145333153950 66
84145382726694 91
84145382755793 23
84145382763225 66
84145449722193 91
84145516752638 23
84145516784717 66
84145584042321 91
84145584075157 23
84145584082732 66
84145661552026 91
84145661582166 23
84145661589601 66
84145717995947 23
84145718025719 66
84145785028409 91
84145852217370 91
84145919232063 23
84145919265889 66
84145986341446 23
84145986380125 66
84146064907514 91
84146120450463 91
84146199469273 23
84146199505446 66
84146199513013 91
84146254464478 23
84146254501033 66
84146254508781 91
84146321822814 23
84146321856329 66
84146388716314 91
84146388743997 23
84146455837365 66
84146455871221 91
84146522833583 23
84146522865087 66
84146600006107 91
84146600042135 23
84146600049682 66
84146664173194 91
84146664202894 23
84146724189305 66
84146724217406 91
84146724224953 23
84146801331067 66
84146801362225 91
84146801369839 23
84146879452191 66
84146879491054 91
84146925301829 23
84146925330950 66
84147003238492 91
84147003267827 23
84147003275379 66
84147059298255 91
84147059329395 23
84147132358456 66
84147132391171 91
84147193469021 23
84147193497418 66
84147193504973 91
84147260516755 23
84147260550052 66
84147327492106 91
84147406603865 91
84147406638503 23
84147461736142 66
84147461766794 91
84147461774417 23
84147528755842 66
84147528786823 91
84147595763972 23
84147595796381 66
84147595803880 91
84147673849183 23
84147673890801 66
84147673898495 91
84147729998398 23
84147730027872 66
84147730036127 91
84147797031944 23
84147797067327 66
84147875690657 23
84147875721290 66
84147875728990 91
84147931384089 91
84147998234284 23
84147998266088 66
84148065262945 91
84148065294537 23
84148142973610 66
84148143004235 91
84148212414730 23
84148212471072 66
84148212479661 23
84148266466373 66
84148266499569 91
84148338925817 91
84148400734369 23
84148400767327 66
84148400775127 91
84148467774240 23
84148467810300 66
84148546398573 91
84148546432974 23
84148601805118 66
84148601834291 91
84148669050743 23
84148669098092 66
84148669109129 91
84148748201579 23
84148748236944 66
84148811261136 91
84148811300686 23
84148811308426 23
84148870015581 66
84148870079905 91
84148870088585 23
84148937239088 66
84148937274522 23
84148937282329 66
84149004297127 91
84149071594549 23
84149138409346 66
84149138446128 91
84149205449243 91
84149272520737 23
84149272570322 66
84149272577777 91
84149346161109 23
84149346189616 66
84149346197437 91
84149413545318 23
84149413582731 66
84149481635748 91
84149481665800 23
84149481673598 66
84149548307312 91
84149548339725 23
84149615676827 66
84149615712173 23
84149615720002 66
84149615727243 91
84149741998069 91
84149742030508 23
84149809189204 66
84149809221959 23
84149809229440 66
84149809236486 91
84149943236165 23
84149943269326 66
84149943276708 91
84150010169141 91
84150077392725 23
84150077425070 66
84150077432625 91
84150144359800 23
84150144391335 66
84150211393283 91
84150211424918 23
84150211432461 66
84150285260200 23
84150285294443 66
84150285301801 91
84150352635767 91
84150420013679 23
84150420047611 66
84150487416251 91
84150487443197 23
84150554775660 66
84150554803419 91
84150622211216 23
84150622246427 66
84150622254067 91
84150680836357 23
84150680903472 66
84150680911587 91
84150747891769 23
84150747923073 66
84150815209680 91
84150815245012 23
84150815254442 66
84150882194573 91
84150882228960 23
84150949096572 66
84150949140194 91
84151016968794 23
84151016997224 66
84151017004608 91
84151083303050 23
84151083334989 66
84151150609740 91
84151150647568 23
84151150655256 66
84151224369657 91
84151224405317 23
84151291895354 23
84151291941142 66
84151291948691 91
84151359141641 23
84151359179266 66
84151359186737 91
84151426502577 23
84151426531894 66
84151426539669 91
84151493876925 23
84151493908119 66
84151552707377 91
84151552739321 23
84151619735567 23
84151619766395 66
84151619773637 91
84151686940533 23
84151686970102 66
84151686978378 91
84151753931469 23
84151753963281 66
84151821017411 91
84151821050281 23
84151821058023 66
84151887981437 91
84151888013321 23
84151955146771 66
84151955178570 91
84152022238311 23
84152022272546 66
84152022279912 91
84152096081971 23
84152096117067 23
84152096125618 66
84152096132817 91
84152163414635 23
84152163449906 66
84152163457514 91
84152230813028 23
84152230849440 66
84152298289569 91
84152298325546 23
84152365597403 66
84152365632600 91
84152435418158 23
84152435458105 66
84152435465887 91
84152491724642 23
84152491761245 66
84152491768937 91
84152558693885 23
84152558728020 66
84152558735746 91
84152636489518 23
84152636525817 66
84152636533475 91
84152692969444 23
84152693004989 66
84152759997624 91
84152760037168 23
84152838789481 66
84152838819467 91
84152894157866 23
84152894205384 66
84152894216757 91
84152961240111 23
84152961268980 66
84153028196377 91
84153028231725 23
84153028239515 23
84153106213024 66
84153106240976 91
84153162332788 23
84153162362824 66
84153162370643 91
84153229527233 23
84153229562862 66
84153307676363 91
84153307711208 23
84153363968742 66
84153363997170 91
84153438795449 23
84153438824783 66
84153438832314 23
84153497696535 66
84153497725180 91
84153564686442 91
84153640758288 23
84153640807757 66
84153640815548 91
84153698898550 23
84153698928055 66
84153776879866 91
84153776913279 23
84153776920957 66
84153832938227 91
84153832969440 23
84153899990694 66
84153900025318 91
84153967197175 23
84153967230508 66
84153967238123 23
84154044140837 66
84154044177575 91
84154101286406 91
84154168232627 23
84154168262478 66
84154235515065 91
84154235551781 23
84154235559538 66
84154235566497 91
84154302515620 23
84154302546673 66
84154369516284 91
84154369551244 23
84154369559012 66
84154447405449 91
84154503655753 23
84154503682550 66
84154503690178 91
84154570663754 23
84154570696668 66
84154570704247 91
84154645544522 23
84154645590092 66
84154704925075 91
84154704955206 23
84154772010654 66
84154772043059 91
84154772050578 23
84154850663842 66
84154850696199 91
84154912340169 23
84154912373829 66
84154912381479 91
84154982540033 23
84154982568827 66
84154982576352 91
84155040914992 23
84155040942129 66
84155107323964 91
84155107358111 23
84155183898259 66
84155183932469 91
84155241385801 23
84155241415324 66
84155241422823 91
84155308565111 23
84155308594258 66
84155308601901 91
84155385936867 23
84155385967850 66
84155442509339 91
84155442555201 23
84155509575930 66
84155509611216 91
84155509618713 23
84155576690892 66
84155576725621 91
84155643696884 23
84155643728486 66
84155643736050 91
84155710895407 23
84155710929190 66
84155710936860 91
84155789064345 23
84155789099365 66
84155844923500 91
84155844957303 23
84155919374265 66
84155919409818 91
84155919417235 23
84155979276248 66
84155979309506 91
84156046175701 23
84156046210250 66
84156046218079 91
84156113164948 23
84156113199536 66
84156113207121 91
84156192955856 23
84156192985584 66
84156247418009 23
84156247448889 66
84156333768019 91
84156393616143 91
84156448553366 23
84156448587941 66
84156448595504 91
84156525519993 23
84156525551781 66
84156605035879 91
84156605075751 23
84156649670400 66
84156649704153 91
84156727883279 23
84156727914648 66
84156727922237 91
84156790597127 23
84156790628903 66
84156790636376 91
84156862884267 23
84156862915067 66
84156918145139 91
84156918179771 23
84156996029018 66
84156996068912 91
84157052674365 23
84157052721281 66
84157052728967 91
84157119232732 23
84157119264029 66
84157186342927 23
84157186379641 66
84157186386977 91
84157253556614 91
84157332038162 23
84157332073130 66
84157332080617 91
84157387600968 23
84157387631740 66
84157463913596 91
84157463943760 23
84157521633810 66
84157521663190 91
84157588592869 23
84157588623375 66
84157588630659 91
84157665190713 23
84157665221372 66
84157665228877 91
84157722883995 23
84157722917301 66
84157722924800 91
84157789912264 23
84157789946147 66
84157789953580 23
84157856925864 66
84157856956337 91
84157856963850 91
84158001304515 23
84158001341231 66
84158001348770 91
84158058239991 23
84158058273148 66
84158058280808 91
84158125261618 23
84158125298969 66
84158204546418 23
84158204582196 91
84158204589868 23
84158204597043 66
84158204603950 91
84158259370641 23
84158259412025 23
84158336443588 66
84158336482810 91
84158336490301 23
84158400359194 66
84158400395236 23
84158400402708 66
84158460563696 91
84158534777820 91
84158534807872 23
84158602086829 66
84158602116294 91
84158669471504 23
84158669502675 66
84158736877290 23
84158736907797 66
84158736915052 91
84158804296388 91
84158863001243 23
84158863034092 66
84158863041843 91
84158930033432 23
84158930067673 66
84158997018141 91
84159064233314 23
84159064265355 66
84159064272780 91
84159131225937 23
84159131255245 66
84159198416216 91
84159198447396 23
84159265276408 66
84159265308773 91
84159265316475 23
84159339047276 66
84159339080375 91
84159406426604 23
84159406457843 66
84159406465487 91
84159473869909 23
84159473906472 66
84159541186453 91
84159541217703 23
84159608576384 23
84159608610014 66
84159608617547 91
84159675932858 23
84159675963902 66
84159675971368 91
84159734771429 23
84159734804652 66
84159801937623 91
84159801970198 23
84159801977371 66
84159869104001 91
84159869141180 23
84159935957527 23
84159935989480 66
84159935997067 91
84160003055828 23
84160003090593 23
84160003098343 66
84160070121404 23
84160070154262 66
84160070162585 91
84160204170970 91
84160204203015 23
84160204241625 66
84160278149345 91
84160278181569 23
84160345534972 66
84160345565160 91
84160412907492 23
84160412938952 66
84160412946503 91
84160480454772 23
84160480489921 66
84160547750678 91
84160547788502 23
84160547796800 66
84160615177943 91
84160615224575 23
84160615232386 66
84160673660441 91
84160673690058 23
84160740715603 66
84160740748042 91
84160807880022 23
84160807917552 66
84160807925144 91
84160874943741 23
84160874981072 66
84160874988776 91
84160949810219 23
84160949843677 66
84160949851185 91
84161017245122 23
84161017273685 66
84161076137769 91
84161076174241 23
84161144105810 66
84161144133560 91
84161210204732 23
84161210232666 66
84161210240148 91
84161277392367 23
84161277433850 66
84161344330278 91
84161344368422 23
84161344376248 66
84161411570817 23
84161411602927 66
84161478405862 91
84161545597375 91
84161619488130 23
84161619519620 66
84161619527071 91
84161686799489 23
84161686833521 66
84161754172902 91
84161754206119 23
84161821553622 66
84161821589240 91
84161888932786 23
84161888966378 66
84161888973766 91
84161956479640 23
84161956530670 66
84161956538291 91
84162015160513 23
84162015196877 66
84162015204404 91
84162082158652 23
84162082192039 66
84162149155421 23
84162149190258 66
84162149197624 91
84162283315713 91
84162283349783 23
84162350345890 66
84162350375184 91
84162417395668 23
84162417426756 66
84162417434355 91
84162491163496 23
84162491194477 66
84162491201946 91
84162559218846 23
84162559248288 66
84162559255948 91
84162625886339 23
84162625919076 66
84162625926597 91
84162693317480 23
84162693354628 66
84162760670519 91
84162760705175 23
84162760712778 66
84162828034427 91
84162886891121 23
84162886922905 66
84162886930528 91
84162953893693 23
84162953926929 66
84163021071858 91
84163021101723 23
84163088086264 66
84163088116963 91
84163088124645 23
84163155111066 66
84163155141830 91
84163222310986 23
84163222358319 66
84163222365759 91
84163289323072 23
84163289355811 66
84163289363358 91
84163366410116 23
84163366443945 66
84163366451802 91
84163423445223 23
84163423479577 23
84163490533323 66
84163490564232 91
84163490572527 23
84163568419861 66
84163568452381 91
84163630990650 23
84163631023361 66
84163703709410 91
84163703740407 23
84163703748089 66
84163759024354 91
84163759059834 23
84163835600296 66
84163835635075 23
84163892812978 66
84163892843191 91
84163892850929 91
84163959875150 23
84164027054516 66
84164027087408 23
84164094084414 66
