89254522518730 91
89254601437165 23
89254601467540 66
89254662423126 91
89254729826556 23
89254729862534 66
89254729870085 91
89254797261135 91
89254797296569 23
89254864558889 66
89254864589000 91
89254864596637 23
89254931949778 66
89254931985661 91
89254999365334 23
89254999400046 66
89254999407710 91
89255066710238 23
89255066742257 66
89255066749977 91
89255134092170 23
89255134122244 66
89255134130263 91
89255201464514 23
89255201493166 66
89255260264691 23
89255260310035 66
89255260318107 91
89255327227739 91
89255396322973 23
89255396357404 66
89255396364987 91
89255461461190 23
89255461495279 66
89255528475837 23
89255528504728 66
89255595662484 91
89255662669411 91
89255662698196 23
89255729819492 66
89255729852396 91
89255729860267 23
89255729867454 66
89255803680094 91
89255803714871 23
89255803722479 66
89255871172290 91
89255871210146 23
89255871217977 66
89255938459607 91
89255938497697 23
89255938505877 66
89256005811839 91
89256005848386 23
89256073186304 66
89256073214433 91
89256073221962 23
89256140566960 66
89256140602841 91
89256140610356 23
89256199182476 66
89256199211600 91
89256199219236 23
89256266300280 66
89256266332911 23
89256266340550 66
89256266347643 91
89256333330484 91
89256400331573 23
89256400362738 66
89256467369091 91
89256467403027 23
89256467410626 23
89256534559327 66
89256534592165 91
89256534599917 23
89256534606913 66
89256601756378 91
89256601787174 23
89256675529284 66
89256675563519 91
89256675571252 23
89256742762998 66
89256742791360 23
89256742798883 66
89256742805698 91
89256810133390 91
89256877513926 23
89256877545709 66
89256877553383 91
89256944884233 23
89256944913585 23
89256944921224 66
89256944928136 91
89257012287790 23
89257012316430 66
89257071098795 91
89257071125023 23
89257071132624 66
89257138086047 91
89257208328137 23
89257208359667 66
89257272272696 23
89257272302943 66
89257272310325 91
89257339303690 91
89257339329643 23
89257406298950 66
89257406326401 91
89257473349818 23
89257473376191 66
89257473383772 23
89257540602890 66
89257540628136 91
89257616549756 91
89257616576627 23
89257681847013 66
89257681872838 91
89257749224189 23
89257749250966 66
89257749258879 23
89257749265900 66
89257818667194 91
89257883975350 91
89257883998361 23
89257884006049 66
89257951356410 91
89257951381852 23
89258009911421 66
89258009937399 23
89258009945111 66
89258009952254 91
89258077690308 91
89258144028522 23
89258144053813 66
89258211046777 91
89258211072883 23
89258211080661 66
89258278274661 91
89258278305525 23
89258278313125 66
89258345278649 91
89258345305949 23
89258412312733 66
89258412346019 91
89258412353880 23
89258412361025 66
89258412368010 91
89258479329602 23
89258546598343 66
89258546634536 91
89258546642310 23
89258613502971 66
89258613530539 91
89258613538265 23
89258691741585 66
89258691770112 91
89258691778208 91
89258747549977 23
89258747575306 66
89258814785841 91
89258814815424 23
89258814823033 66
89258893030712 91
89258893058572 23
89258893066254 66
89258893073185 91
89258948797914 23
89258948823877 66
89259015844337 91
89259015875553 23
89259015883309 66
89259082942855 91
89259082972231 23
89259082979655 66
89259160967612 23
89259161001305 66
89259161008701 91
89259217107098 23
89259217135989 66
89259217143658 91
89259284276656 23
89259284306949 66
89259284314731 91
89259351263689 23
89259351294382 66
89259418401065 91
89259418428860 23
89259418436604 66
89259492076616 91
89259492110514 23
89259492118189 66
89259559414548 91
89259559446153 23
89259626809273 66
89259626843438 91
89259626850921 23
89259694162018 66
89259694191450 91
89259694199116 23
89259761549284 66
89259761577449 91
89259761585368 23
89259828919631 66
89259828948472 23
89259887751167 66
89259887780939 91
89259955004301 23
89259955120145 66
89259955132864 91
89260022085428 91
89260089338056 23
89260089371276 66
89260089379228 91
89260155975568 23
89260156005081 66
89260223047452 91
89260223073620 23
89260223081464 66
89260290052472 91
89260290077948 23
89260290085722 66
89260372559149 91
89260372593793 23
89260424293212 66
89260424324012 91
89260499256292 23
89260499285200 66
89260499292715 91
89260558542404 23
89260558570024 66
89260625573692 91
89260625603786 23
89260625611661 66
89260692555437 91
89260759588654 23
89260759615481 66
89260759622980 91
89260837672751 23
89260837701348 66
89260837709219 91
89260893814776 23
89260893844637 66
89260893852271 91
89260960838437 23
89260960906471 66
89260960914509 91
89261027836599 23
89261027864308 66
89261027871537 23
89261095053069 66
89261095080766 91
89261161944715 23
89261161971374 91
89261161979060 23
89261229118968 66
89261229153727 91
89261296092414 23
89261296120814 66
89261296128442 23
89261363268915 66
89261363299398 91
89261430286392 23
89261430317404 66
89261504368469 91
89261571809146 91
89261639232464 23
89261639267997 66
89261639275323 91
89261709599244 23
89261709629257 66
89261709636766 91
89261773928073 91
89261832753466 23
89261832780525 66
89261832788068 23
89261899716798 66
89261899744961 91
89261899752687 23
89261966795340 66
89261966823708 91
89261966831398 23
89262033894184 66
89262033928325 91
89262101085023 23
89262101110551 66
89262101118656 91
89262167966885 23
89262168001453 66
89262235005966 23
89262235036766 91
89262235044502 23
89262235051872 66
89262302238096 91
89262302267510 23
89262376068687 66
89262376101760 91
89262376109250 23
89262443491600 66
89262443526015 91
89262443533474 23
89262510857064 66
89262510888242 91
89262510895928 23
89262578193321 66
89262578226919 91
89262578234560 23
89262578242005 66
89262645576672 91
89262645608999 23
89262704455782 66
89262704484058 91
89262704491794 23
89262771725469 66
89262771754589 23
89262771762311 66
89262771769383 91
89262838557546 91
89262905700017 23
89262905732847 66
89262972668082 91
89262972690462 23
89262972698635 66
89263039779872 23
89263039806536 66
89263039814492 91
89263106946187 91
89263173879542 23
89263173898677 66
89263247757548 23
89263247775752 66
89263247783279 91
89263315090029 23
89263382461289 66
89263382479508 91
89263449833844 91
89263449851142 23
89263517218036 66
89263517235669 91
89263584641660 23
89263584665375 66
89263584673168 91
89263643335714 23
89263643355232 66
89263643362777 91
89263710510915 23
89263710528881 66
89263777531829 23
89263777549247 66
89263777557074 91
89263844773946 91
89263911694793 23
89263911724917 66
89263911732559 91
89263978904120 23
89263978932092 66
89264045847220 23
89264045875405 66
89264045883011 91
89264112875756 23
89264186873589 66
89264186904144 91
89264254347716 91
89264254386630 23
89264321655597 66
89264321689782 91
89264321697631 23
89264389078479 66
89264389112922 23
89264389120477 66
89264456362688 91
89264515292759 91
89264515324303 23
89264582371046 66
89264582407178 91
89264582414894 23
89264649434940 66
89264649464308 91
89264649472090 23
89264716476271 66
89264716503634 91
89264716511090 23
89264783463260 66
89264783483415 23
89264783490882 66
89264783497842 91
89264850514866 91
89264917728633 23
89264917749860 66
89264917757673 91
89264984693531 23
89264984711830 66
89265058526196 23
89265058544141 66
89265125903445 91
89265193285284 91
89265260677975 23
89265260696407 66
89265260704072 91
89265328096096 23
89265328130148 66
89265328138090 91
89265395472083 23
89265395505870 66
89265395513667 91
89265454311054 23
89265454337141 66
89265521232448 23
89265521254397 66
89265521262049 91
89265588292834 91
89265588320892 23
89265655367422 66
89265655393937 91
89265722479702 23
89265722510778 66
89265722518432 91
89265789508572 23
89265789536947 66
89265789544564 91
89265789551630 23
89265856532713 66
89265856553520 91
89265856560941 23
89265856567854 66
89265930287190 91
89265997619375 91
89266065002473 23
89266065020484 66
89266065027913 91
89266132395406 23
89266132415503 66
89266200204575 91
89266200224384 23
89266267143024 66
89266267159633 91
89266267167088 23
89266267174098 66
89266334522524 91
89266393094937 23
89266393113532 66
89266393121046 91
89266460075403 23
89266460093124 66
89266460100486 91
89266527168126 23
89266527187273 66
89266527194889 91
89266594314033 23
89266594349310 66
89266661466127 91
89266661499297 23
89266661506681 66
89266728521422 91
89266728558424 23
89266795523833 66
89266795550457 91
89266795558489 23
89266869382720 66
89266869407576 91
89266869415153 23
89266936769903 66
89266936799720 91
89267004163399 23
89267004188513 66
89267004196134 91
89267071609624 23
89267071643992 66
89267138910897 91
89267138942200 23
89267206292056 66
89267206325191 23
89267206333139 91
89267265113400 23
89267265139394 66
89267265146980 91
89267331994188 23
89267332017648 66
89267332025314 91
89267332032344 23
89267399170836 66
89267399193532 91
89267466090875 23
89267466116875 66
89267466124253 91
89267533184549 23
89267533207730 66
89267533215850 91
89267600184802 23
89267600205792 66
89267600213636 91
89267667363407 23
89267667378844 66
89267667386389 91
89267734390771 23
89267734406845 66
89267734414241 91
89267808473082 23
89267808496659 66
89267875829784 91
89267875850547 23
89267875857923 66
89267875865504 91
89267943285453 23
89267943320242 66
89268019954910 91
89268019989061 23
89268019996719 66
89268078020312 91
89268078054457 23
89268136874202 66
89268136897340 91
89268136904874 23
89268136912026 66
89268203934130 91
89268203966632 23
89268203974215 66
89268271017974 91
89268271044474 23
89268271051737 66
89268338077550 91
89268338104047 23
89268405301396 66
89268405334304 91
89268472578410 23
89268472611471 66
89268472619048 91
89268539203485 23
89268539239786 23
89268539247478 66
89268539254639 91
89268606214978 23
89268606246606 66
89268606254200 91
89268680216509 23
89268680250630 23
89268680258278 66
89268680265326 91
89268747627280 23
89268747657949 66
89268819288486 91
89268819323484 23
89268819331197 66
89268882356996 91
89268882380661 23
89268882388514 66
89268949691901 91
89268949711911 23
89268949719551 66
89269017058911 91
89269017075597 23
89269075684263 66
89269075704384 91
89269142689450 23
89269142707994 66
89269142715300 91
89269209871101 23
89269209886887 66
89269209894032 23
89269209900960 66
89269277083810 91
89269343996528 91
89269344030561 23
89269344038156 66
89269411011770 91
89269411037172 23
89269411044811 66
89269411051755 91
89269478150229 23
89269551928008 66
89269551955847 91
89269551963527 23
89269619331877 66
89269619356928 91
89269686676246 23
89269686699406 66
89269754071918 91
89269754106349 23
89269754113854 66
89269821428263 91
89269821455696 23
89269821463109 66
89269888839899 91
89269888870021 23
89269947713586 66
89269947738888 91
89270014699484 23
89270014725885 66
89270081773800 23
89270081802917 66
89270148788882 91
89270216054501 91
89270216076621 23
89270282855338 66
89270282879037 91
89270282887013 23
89270282894125 66
89270349923309 91
89270349943070 23
89270417024585 66
89270417043376 91
89270417051086 23
89270490994128 66
89270491014052 91
89270558344485 23
89270558361857 66
89270558369520 23
89270625766908 66
89270625783887 91
89270625791231 91
89270693532408 23
89270693561687 66
89270760557740 91
89270760590879 23
89270760598744 66
89270819490235 91
89270819516006 23
89270886533765 66
89270886561228 23
89270886568948 66
89270953604595 91
89271020637222 91
89271020673437 23
89271020681059 66
89271088016444 91
89271088042356 23
89271154866076 66
89271154893853 91
89271154901480 23
89271221784531 66
89271221802737 91
89271221810206 23
89271288920427 66
89271288944639 91
89271362750493 23
89271362773631 66
89271362781305 91
89271430065343 23
89271430084247 66
89271430091652 91
89271497433211 23
89271497449997 66
89271497457705 91
89271564817256 23
89271564833284 66
89271632199924 23
89271632216736 66
89271632224277 91
89271699596701 91
89271758271370 23
89271758288959 66
89271758296580 91
89271825454498 23
89271825473603 91
89271825481132 23
89271825488305 66
89271892518708 91
89271959586939 23
89271959621402 66
89271959628955 91
89272027133896 23
89272027157700 66
89272027165464 91
89272093786657 23
89272093813544 66
89272093821138 91
89272160773814 23
89272160800151 66
89272160807662 91
89272228068135 23
89272228098300 66
89272228105523 91
89272301862264 23
89272301887259 66
89272369194264 23
89272369221136 66
89272436588657 23
89272436612135 66
89272436619692 91
89272503949020 91
89272571340566 23
89272571364591 66
89272638714164 23
89272638732358 66
89272638740199 91
89272697360134 91
89272697398306 23
89272765590560 66
89272765623251 91
89272765633526 23
89272765642809 23
89272831487544 66
89272831513756 91
89272831521367 23
89272898459761 66
89272898480863 91
89272965492398 23
89272965514219 66
89272965522005 91
89272965529136 23
89273032641163 66
89273032674570 91
89273032682313 23
89273099770618 66
89273099802257 91
89273099810140 23
89273173565276 66
89273173598514 91
89273173606194 23
89273240946735 66
89273240972203 91
89273308290289 23
89273308315218 23
89273308322829 66
89273308329789 91
89273375705712 23
89273375733079 66
89273375740411 91
89273443065817 23
89273443098472 66
89273443105840 91
89273510452291 23
89273510482198 66
89273510489809 91
89273569171803 23
89273569222577 23
89273569231236 66
89273569239540 91
89273636217749 23
89273636243449 66
89273703157974 91
89273703177632 23
89273703185085 66
89273770430887 23
89273770457813 91
89273770465384 23
89273770472454 66
89273837357760 91
89273837378686 23
89273904399329 66
89273904417038 91
89273904424991 23
89273971440952 66
89273971458774 91
89273971466152 23
89274045221342 66
89274045241863 91
89274112604977 23
89274112624024 66
89274112631601 91
89274180019049 23
89274180042233 66
89274180049935 23
89274247377327 66
89274247399864 91
89274314801612 91
89274314833053 23
89274314841276 66
89274382184450 23
89274382215108 66
