105400278755954 91
105400278797405 91
105400278805103 23
105400345900528 66
105400345933762 23
105400345941683 66
105400345948694 91
105400412835043 91
105400480088388 23
105400480122700 66
105400480130239 91
105400480137143 23
105400546921946 66
105400546957801 91
105400546965507 23
105400546972404 66
105400624734964 23
105400624765712 66
105400624773369 91
105400681159599 91
105400681202398 23
105400681210030 66
105400748261722 91
105400748303776 23
105400748311430 66
105400748318464 91
105400823260249 23
105400823289683 66
105400823297214 91
105400823304210 23
105400882592380 66
105400882620211 23
105400882627973 91
105400882651474 23
105400882659033 66
105400949363368 23
105400949389958 66
105400949396912 91
105401027967871 91
105401028001459 23
105401083738497 66
105401083787216 91
105401083797551 23
105401150589563 66
105401150617495 91
105401150625513 23
105401150632682 66
105401225240106 91
105401225280766 23
105401225290291 66
105401285069375 23
105401285111643 91
105401285119474 23
105401285126610 66
105401361235842 23
105401361270257 91
105401361278054 23
105401361285039 66
105401418808227 23
105401418838527 66
105401418846144 91
105401485990440 91
105401486025229 23
105401486032621 66
105401486039673 91
105401552973436 23
105401553005205 66
105401553012785 91
105401620060412 23
105401620093467 66
105401620100982 91
105401687043694 23
105401687077481 66
105401687084786 91
105401687091819 23
105401754219873 66
105401754253970 91
105401754261618 23
105401754268733 66
105401821248808 91
105401821282784 23
105401821290355 66
105401821297458 23
105401821304442 91
105401888550756 23
105401888599708 66
105401888607368 91
105401966376571 23
105401966413752 66
105401966421261 91
105401966428106 23
105402022343239 66
105402022374393 91
105402022382010 23
105402095152610 66
105402095184090 23
105402095191629 66
105402095198563 91
105402156483764 91
105402156515930 23
105402156523503 66
105402233660235 91
105402233695591 23
105402233703045 66
105402233709993 91
105402290639247 23
105402290672825 66
105402290680503 91
105402290687676 23
105402357856510 66
105402357892123 91
105402435634737 23
105402435671720 66
105402435681838 23
105402435690600 66
105402435699368 91
105402491948997 91
105402491985494 23
105402491993075 66
105402492000146 91
105402558853863 91
105402558887177 23
105402558894759 66
105402558901698 91
105402637058659 23
105402637098487 66
105402637107034 91
105402693160057 23
105402693197121 66
105402693204770 23
105402693211682 66
105402760200109 91
105402760239150 23
105402839678440 66
105402839749212 91
105402895502641 23
105402895530201 66
105402895537919 91
105402961497646 23
105402961528916 66
105402961536860 91
105403041341466 91
105403095386561 23
105403095417719 66
105403095425453 91
105403095432371 23
105403172094042 66
105403172128422 23
105403172135955 66
105403172142985 91
105403229724211 91
105403229760271 23
105403296721392 66
105403296755454 23
105403296763086 66
105403296770750 91
105403369100318 91
105403369138319 23
105403431131642 66
105403431163062 91
105403431170746 23
105403509332854 66
105403509362916 91
105403509370717 23
105403509377747 66
105403564948142 23
105403564979777 66
105403564987535 91
105403564994797 91
105403632028267 23
105403632059300 91
105403632066697 23
105403711438011 66
105403711476990 91
105403711484521 23
105403711491740 66
105403711498690 91
105403766223958 23
105403766261418 66
105403766268880 23
105403766275868 66
105403833226000 23
105403833256921 66
105403833264506 91
105403900323263 23
105403900355918 66
105403900363582 91
105403967281222 23
105403967314187 66
105403967321826 91
105404034457471 91
105404034491992 23
105404034499690 66
105404034506639 91
105404101460789 23
105404101494296 66
105404101501819 91
105404168467522 23
105404168499660 91
105404168507183 23
105404168514814 66
105404246063942 91
105404246128902 23
105404246136471 66
105404302685512 91
105404302714564 23
105404302722194 66
105404302729256 23
105404302736186 66
105404302743071 91
105404369712741 91
105404447833272 23
105404447871040 66
105404447878494 91
105404504275551 23
105404504313597 66
105404504321524 91
105404570921834 23
105404570952383 66
105404570960147 23
105404570967306 66
105404637986927 91
105404714993225 23
105404715025616 66
105404715033361 91
105404772175243 23
105404772210325 66
105404772217804 91
105404839322767 91
105404839377811 23
105404839388933 66
105404916985574 91
105404917023982 23
105404917031692 66
105404917038668 91
105404973409955 23
105404973443939 66
105404973451231 23
105404973458052 66
105404973464996 91
105405048126449 23
105405048168889 66
105405048178635 91
105405107721763 23
105405107756510 66
105405107765618 91
105405174483762 23
105405174516469 66
105405241509454 91
105405241541928 23
105405241549328 66
105405320237559 91
105405320277321 91
105405384139433 23
105405384173222 66
105405442774259 23
105405442820763 66
105405442830609 91
105405442839367 91
105405510014883 23
105405510055045 66
105405510062682 23
105405510069741 66
105405576925550 91
105405576961807 91
105405653422373 23
105405653457441 66
105405653465048 91
105405653472183 23
105405653479189 66
105405711020953 23
105405711059940 66
105405711067525 91
105405778228738 23
105405778261115 66
105405778269318 91
105405845442498 23
105405845496105 66
105405845503527 91
105405912244768 23
105405912277621 66
105405912285498 91
105405979233126 91
105405979271554 23
105406056670321 66
105406056699821 91
105406056707314 23
105406113486973 66
105406113518463 23
105406113543510 66
105406113551993 91
105406180572235 23
105406180610287 66
105406180618023 91
105406254714399 91
105406254747054 23
105406254754733 23
105406254761737 66
105406314677684 91
105406314707227 23
105406314714887 66
105406314721915 23
105406314728835 66
105406381747931 91
105406381779081 23
105406381787402 66
105406459946518 91
105406515717185 23
105406515748064 66
105406515755788 91
105406582947399 91
105406582982194 23
105406582990184 66
105406582997298 23
105406583004135 66
105406661903362 91
105406661943167 91
105406661950606 23
105406722905007 23
105406722937106 66
105406722945637 91
105406722952878 23
105406784221173 66
105406784254342 23
105406784261612 91
105406784268640 23
105406784275680 66
105406851461993 91
105406851510830 23
105406851518434 66
105406929116642 91
105406929148649 23
105406929156325 66
105406985253021 23
105406985287778 66
105406985295896 91
105407052342534 91
105407052371477 23
105407052378860 66
105407125801793 91
105407125837594 23
105407125846046 66
105407125853062 91
105407186397889 23
105407186434610 66
105407186442236 23
105407186449192 66
105407186456029 91
105407253631386 23
105407253668084 66
105407332472283 91
105407332503019 23
105407387675253 66
105407387714264 91
105407387721849 23
105407475858493 66
105407475896060 91
105407521733446 23
105407521761639 66
105407521769134 91
105407588956471 91
105407588986941 23
105407588994430 66
105407589001257 23
105407655824842 66
105407655859331 91
105407735739520 91
105407735782067 23
105407735790147 66
105407735797543 91
105407801676915 23
105407801716622 66
105407801724183 23
105407801731354 66
105407801738265 91
105407857287433 23
105407857332971 66
105407857340581 91
105407931576426 91
105408002990655 23
105408003022258 66
105408003029785 23
105408003036634 66
105408058345613 91
105408058381442 23
105408058388953 66
105408157465325 91
105408157502854 23
105408157510270 66
105408157517238 91
105408192507605 91
105408192538860 23
105408269669466 66
105408269705997 23
105408269713721 66
105408326595500 91
105408326632183 23
105408408231425 66
105408408263625 91
105408460767495 91
105408460795289 23
105408460802802 66
105408460809831 91
105408527808064 23
105408527841891 66
105408527849478 91
105408594820389 23
105408594860372 66
105408594867768 91
105408594874706 23
105408661939137 66
105408661980831 91
105408661988455 23
105408729020839 66
105408729050173 91
105408729057772 23
105408729064869 66
105408796035679 23
105408796069361 66
105408796076703 91
105408863217123 23
105408863253382 66
105408930394073 91
105408930426191 91
105408930433790 23
105409004060830 66
105409004089321 91
105409004096715 23
105409004103600 66
105409071559137 91
105409071594209 23
105409071602018 66
105409138870505 91
105409138904566 23
105409206361007 66
105409206406501 91
105409206414002 23
105409206420944 66
105409273622852 23
105409273655461 66
105409273663879 91
105409273670790 91
105409332551127 91
105409332581473 23
105409332589287 66
105409332596422 91
105409399597483 23
105409399635831 66
105409399643657 23
105409399650669 66
105409484045389 91
105409484086629 23
105409484094355 66
105409484101512 91
105409533773864 23
105409533804712 66
105409600798695 91
105409600828710 23
105409600836466 66
105409600843346 23
105409600850223 66
105409667871204 91
105409735004324 23
105409735043096 66
105409735051105 91
105409802091731 91
105409802129800 23
105409802137468 66
105409802144617 91
105409875810985 23
105409875850896 66
105409875858419 91
105409943189723 23
105409943225847 66
105410010550861 23
105410010589135 66
105410010596972 91
105410077922075 91
105410077957596 23
105410077965026 66
105410077972079 91
105410145310803 23
105410145343878 66
105410145351534 91
105410145358667 23
105410145366103 66
105410212678057 91
105410212707423 23
105410212715175 66
105410212722107 91
105410271478782 23
105410271513060 66
105410271520567 23
105410271527420 66
105410271534499 91
105410338521218 23
105410338557525 66
105410338565064 91
105410405612883 91
105410405651218 23
105410405659471 23
105410405666564 66
105410472691526 23
105410472726176 66
105410472733880 91
105410539686719 23
105410539719691 66
105410539727478 91
105410606730243 23
105410606757823 66
105410606765424 91
105410741185867 23
105410741228390 66
105410807941582 91
105410807971378 23
105410807979326 66
105410880919740 91
105410948339993 23
105410948385205 66
105410948394800 91
105411015688900 91
105411015723861 23
105411015731229 66
105411015738135 91
105411076318595 23
105411076350280 66
105411076358014 23
105411076364968 66
105411076371847 91
105411143361099 23
105411143391724 66
105411143399277 91
105411210326569 91
105411287801147 23
105411287835972 66
105411287843698 23
105411287850770 66
105411287857652 91
105411344731229 23
105411344758352 66
105411344765910 91
105411418549257 23
105411418579719 66
105411478582264 91
105411545783125 91
105411545834290 23
105411545842517 66
105411545849593 91
105411612904593 23
105411612936225 66
105411612943857 23
105411612950873 66
105411612957921 91
105411691050913 23
105411691085483 66
105411691093082 91
105411747096262 23
105411747129731 91
105411747136921 23
105411814079095 66
105411814126066 23
105411814133609 66
105411814140601 91
105411892378669 91
105411892415639 23
105411892423125 66
105411892430003 23
105411948315525 66
105411948353868 91
105411948361537 91
105412015160075 23
105412015193319 66
105412015200657 91
105412015207864 23
105412082208465 66
105412082244585 91
105412082252096 23
105412082259340 66
105412160272421 91
105412160306795 23
105412160314324 66
105412224370017 23
105412224401070 66
105412224408623 91
105412291770036 91
105412291799526 23
105412291806929 66
105412350453619 91
105412350518658 23
105412350526684 66
105412417696898 23
105412417735261 66
105412417742716 91
105412484673702 91
105412484707481 23
105412484715268 66
105412484722159 91
105412551663499 23
105412551696846 66
105412551704622 91
105412618848276 23
105412618880450 66
105412618888031 91
105412618895017 23
105412685890831 66
105412685923817 91
105412685931244 23
105412685938322 23
105412685945326 66
105412752963396 23
105412752997326 66
105412753005050 91
105412819904177 23
105412819936755 66
105412894092770 91
105412961449928 23
105412961484168 66
105412961491632 91
105413029732760 23
105413029764573 66
105413029772481 91
105413096148697 91
105413163486770 23
105413163523315 66
105413163533570 23
105413163542571 66
105413222577604 91
105413222629229 91
105413289523668 23
105413289570224 66
105413289579777 91
105413289588607 23
105413289597341 66
105413356636385 23
105413356682050 66
105413356692572 91
105413433199838 23
105413433241785 66
105413433249415 91
105413503399723 91
105413503432148 23
105413503440063 23
105413503447172 66
105413557700290 91
105413557732969 23
105413557740301 66
105413624787799 91
105413624817400 23
105413624825068 66
105413691867596 23
105413691905366 66
105413691912811 91
105413759175752 23
105413759206337 66
105413759213796 91
105413836436559 23
105413836465816 66
105413836473115 91
105413893108325 23
105413893141332 66
105413893149016 91
105413960139275 91
105413960172704 91
105413960180149 23
105414032465765 66
105414032502123 23
105414032509640 66
105414032516582 91
105414094189167 23
105414094220721 66
105414094228153 91
105414094235119 23
105414161333054 66
105414161364122 91
105414161371620 23
105414161378874 66
105414239754050 91
105414239799168 23
105414239806781 66
105414295545741 23
105414295582006 66
105414295589611 91
105414295596762 91
105414362456834 23
105414362490961 91
105414362498444 23
105414362505568 66
105414362512657 91
105414441662749 23
105414441695285 66
105414441703027 91
105414496665142 23
105414496698020 66
105414496705199 23
105414496712248 66
105414563672494 91
105414563708596 23
105414563716139 66
105414654708706 23
105414654747428 66
105414654754983 91
105414697872193 23
105414697904069 66
105414697911725 91
105414774969227 91
105414775003525 23
105414775011169 66
105414832106886 23
105414832155001 66
105414832162410 91
105414905903548 91
105414905955840 23
105414905963536 66
105414966138067 23
105414966174650 66
105414966182040 91
105415033189862 91
105415033221975 23
105415033229480 66
105415033236734 91
105415100231927 23
105415100261337 66
105415100268969 91
105415178367460 23
105415178400740 66
105415178408979 91
105415234360344 23
105415234397114 66
105415234404606 91
105415234411641 23
105415234418625 66
105415312590141 23
105415312621339 66
105415312628744 91
105415379466113 91
105415435706881 23
105415435751128 66
105415435761554 91
105415435770571 23
105415435780399 66
105415502726643 91
105415502760796 23
105415502768442 66
105415581416783 91
105415581465769 23
105415581473352 66
105415636790128 23
105415636818593 66
105415636826048 91
105415709315779 91
105415709346019 23
105415777088161 66
105415777136924 91
105415777147770 23
105415777157415 66
105415777167607 91
105415844197220 23
105415844240318 66
105415904972919 23
105415905003671 66
