91829051230699 91
91829125962689 91
91829125993318 23
91829186204446 66
91829186235103 23
91829186242763 91
91829253384234 23
91829253412868 66
91829253420387 91
91829253427487 23
91829312163144 66
91829312194547 91
91829312201831 23
91829379350196 66
91829379378513 91
91829379386368 23
91829446276534 66
91829446299326 91
91829513330928 23
91829513356216 66
91829513363840 91
91829580324645 23
91829580352022 66
91829580359458 91
91829647570268 23
91829647593436 66
91829647600989 91
91829714522938 23
91829714544325 66
91829714551703 91
91829781525388 23
91829781544432 66
91829781551670 91
91829855536243 23
91829855553204 66
91829855560785 91
91829922948986 23
91829922968303 66
91829922975945 91
91829922982870 23
91830004124163 66
91830004153263 91
91830004160780 23
91830004168076 66
91830057693797 91
91830057719276 23
91830057726582 66
91830125056653 91
91830125075551 23
91830125082789 66
91830184102909 91
91830184122999 23
91830184130563 66
91830251038976 23
91830251059542 91
91830251067220 23
91830318034196 66
91830318053820 91
91830318061285 23
91830385029885 66
91830385048696 91
91830452417354 23
91830452456166 66
91830452463697 23
91830452470761 66
91830519326125 91
91830586357525 91
91830659894706 23
91830659919648 66
91830659927393 91
91830727245994 23
91830727266045 66
91830794659698 91
91830794680915 23
91830794688733 66
91830862018382 91
91830862040155 23
91830862047776 66
91830929366235 91
91830929383047 23
91830929390365 66
91830996785472 91
91830996804462 23
91831055709125 66
91831055727719 91
91831055734904 23
91831122918567 66
91831122968067 23
91831122975783 66
91831189910274 91
91831256989249 91
91831257011639 23
91831257019331 66
91831324065483 91
91831324089334 23
91831391147242 66
91831391166021 91
91831391173669 23
91831458158972 66
91831458177896 91
91831458185371 23
91831525183513 66
91831525201820 91
91831525209612 23
91831599001293 66
91831599020561 91
91831599028312 23
91831599035370 66
91831666413074 91
91831666441881 23
91831733771043 66
91831733800978 91
91831733808686 23
91831801141835 66
91831801167665 91
91831801175035 23
91831868593630 66
91831868618200 91
91831868625572 23
91831935887969 66
91831935914402 91
91831935922142 23
91831994825229 66
91831994854529 91
91832061723567 23
91832061745372 66
91832061753118 23
91832061760285 66
91832128815818 91
91832128840302 91
91832195854317 23
91832195872054 66
91832195879585 91
91832262855270 23
91832262871943 66
91832330071180 91
91832330087894 23
91832330095254 66
91832397080022 91
91832464126889 23
91832464143945 66
91832464151645 91
91832538042228 23
91832538058009 66
91832538065620 91
91832605430993 23
91832605448079 66
91832605455704 91
91832672942636 23
91832672976260 66
91832672984228 91
91832740324922 23
91832740360318 66
91832740367994 91
91832807637227 23
91832807664467 66
91832807672101 91
91832875309566 23
91832875340827 66
91832875348382 91
91832933712186 23
91832933766267 66
91833000968517 91
91833000999971 23
91833001007532 66
91833068095726 23
91833068123506 66
91833068130864 91
91833134869858 91
91833201885195 23
91833201909530 66
91833201916966 91
91833268888630 23
91833268913838 66
91833268921365 91
91833336094497 23
91833336122485 66
91833409900126 91
91833409934444 23
91833409942186 66
91833477156870 91
91833477177069 23
91833477184671 66
91833544556416 91
91833544583169 23
91833544590738 66
91833611924871 91
91833611946559 23
91833611954138 66
91833679378778 91
91833679400361 23
91833679407908 66
91833679415101 91
91833746669564 23
91833746689520 66
91833746697494 91
91833805551442 23
91833805572394 66
91833805579961 91
91833872549848 23
91833872572596 66
91833872580174 91
91833939507540 23
91833939523925 66
91834006721843 91
91834006738800 23
91834006746291 66
91834073743818 23
91834073761656 66
91834073769137 91
91834140933968 91
91834207896722 23
91834207931119 66
91834207938662 91
91834207945795 23
91834275184876 66
91834275211061 91
91834348917704 23
91834348945334 66
91834348952851 91
91834348959915 23
91834416303245 66
91834416330899 91
91834483639767 23
91834483667431 66
91834483675173 91
91834483682235 23
91834551078213 66
91834551106066 91
91834551113722 23
91834551120732 66
91834618423443 91
91834677450808 23
91834677488192 66
91834677495838 23
91834677502868 66
91834677509954 91
91834744590176 91
91834811457191 23
91834811484889 66
91834811493132 91
91834878474073 23
91834878499067 66
91834878506751 91
91834945510019 23
91834945529374 66
91835012622555 23
91835012643523 66
91835012651129 91
91835079813373 91
91835147008268 23
91835147025557 66
91835147033399 23
91835213956118 66
91835213977707 91
91835287981635 23
91835288002824 66
91835288010347 91
91835422734869 91
91835422758848 23
91835422766583 66
91835490114478 91
91835490135828 23
91835490143425 66
91835557503021 91
91835557522679 23
91835557530070 66
91835616224557 91
91835616242471 23
91835616249753 66
91835683249506 91
91835683267364 23
91835750465234 66
91835750484543 91
91835750492110 23
91835817466686 66
91835817484383 91
91835817491841 23
91835817498994 66
91835884474560 91
91835884491426 23
91835951532239 23
91835951553659 66
91835951561441 91
91836018704247 23
91836018723712 66
91836018731601 91
91836085735402 23
91836085754081 66
91836085761547 91
91836159753820 23
91836159771035 66
91836159778535 91
91836227074196 23
91836227093156 66
91836227100822 91
91836294435218 23
91836294454883 66
91836294462566 91
91836363905234 23
91836363922830 66
91836363930178 91
91836429212685 23
91836429229121 66
91836429236578 91
91836496575946 23
91836496593114 66
91836496600832 23
91836496607710 91
91836555197297 23
91836555214439 66
91836555222161 91
91836622218958 23
91836622240894 66
91836622250539 91
91836689363990 23
91836689397572 66
91836689405016 91
91836756499813 23
91836756525866 66
91836756533291 91
91836823418140 23
91836823445092 66
91836890743420 91
91836890767411 23
91836890774785 66
91836957730563 91
91836957755572 23
91836957763115 66
91837031547376 23
91837031583287 66
91837098898159 91
91837166224670 91
91837166256015 23
91837233592179 66
91837233622022 91
91837233629615 23
91837300964488 66
91837300989298 91
91837368357358 23
91837368386672 66
91837368394118 91
91837368401044 23
91837427081133 66
91837427141284 91
91837427149405 23
91837494243950 66
91837494271393 91
91837494278862 23
91837494285968 66
91837561285094 91
91837561312394 23
91837628301716 66
91837628328570 91
91837628336346 23
91837695275419 66
91837695296423 91
91837762456322 23
91837762473694 66
91837762481263 91
91837829433901 23
91837829451854 66
91837829459365 91
91837896495700 23
91837896513105 66
91837896520618 91
91837970522566 23
91837970542649 66
91837970550347 91
91838037911560 23
91838037937034 66
91838037944738 91
91838037951754 23
91838037958621 66
91838105270860 91
91838172650087 23
91838172670171 66
91838172677634 91
91838240007546 91
91838298950735 91
91838298967080 23
91838298974738 66
91838365874955 91
91838365894088 23
91838365901480 66
91838365908494 91
91838433029378 23
91838433054703 66
91838500220898 91
91838500245957 23
91838500254065 66
91838567199342 91
91838567221156 23
91838634239649 66
91838634263282 91
91838634270771 23
91838634277799 66
91838701223631 91
91838701243905 23
91838768268879 66
91838768287455 91
91838842483267 23
91838842537060 66
91838842547252 91
91838909667463 23
91838909699134 66
91838909706829 91
91838909713988 23
91838977036782 66
91838977064046 23
91838977071625 66
91839044368328 91
91839111776415 23
91839111800613 66
91839111808482 91
91839111815768 23
91839179695411 66
91839179720676 23
91839179728434 66
91839179735627 91
91839237951813 91
91839305107425 23
91839305135168 66
91839305142769 91
91839305150025 23
91839371954475 66
91839371979697 91
91839371987212 23
91839438977582 66
91839439003345 91
91839439010699 23
91839439017715 66
91839506145062 91
91839506171159 23
91839573237672 66
91839573265198 23
91839573272668 66
91839573279741 91
91839640190502 91
91839714046319 23
91839714076069 66
91839714083534 91
91839781338315 23
91839781359874 66
91839781367198 91
91839848698156 23
91839848715200 66
91839916091604 91
91839916107599 23
91839916115257 66
91839985535838 91
91839985554032 23
91839985561589 66
91839985568748 91
91840050853210 23
91840050870841 66
91840109735209 91
91840109752091 23
91840109759713 66
91840176640728 91
91840176664729 23
91840176672445 66
91840243727133 91
91840243748575 23
91840243756100 66
91840243763458 91
91840310795925 23
91840310815483 66
91840377999250 91
91840445016874 91
91840445035955 23
91840445043619 66
91840445050651 91
91840512029537 23
91840512049220 66
91840579114438 91
91840579133112 23
91840653057079 66
91840653074211 91
91840653081641 23
91840720398447 66
91840720414804 91
91840720422186 23
91840787797219 66
91840787813305 91
91840855173950 23
91840855191414 66
91840855198841 23
91840922777066 66
91840922794057 91
91840989931870 91
91840989948605 23
91840989956283 66
91841048874408 91
91841048909175 23
91841122520433 66
91841122554942 91
91841122562684 23
91841182826229 66
91841182852946 23
91841182860696 66
91841182867829 91
91841316883563 23
91841316915260 66
91841316922856 91
91841384068702 91
91841384097623 23
91841384105054 66
91841451278888 91
91841451306007 23
91841519214623 66
91841519235430 91
91841519243001 23
91841592166840 66
91841592189912 91
91841592197699 23
91841592204854 66
91841659561593 91
91841659584231 23
91841726958814 66
91841726991026 91
91841726998441 91
91841794298692 23
91841794325143 66
91841861692101 91
91841861723209 23
91841861730711 66
91841861737818 91
91841920682139 23
91841920707980 66
91841920715419 91
91841987508190 23
91841987536650 66
91841987544258 91
91842054529334 23
91842054557197 66
91842121736923 91
91842121762729 23
91842121770336 66
91842188746946 23
91842188772769 66
91842188780338 91
91842255766961 23
91842255792793 66
91842255800358 91
91842322747567 23
91842322767837 66
91842322775527 91
91842396470282 23
91842396491483 66
91842396499069 91
91842463865896 23
91842463885100 66
91842463892617 91
91842531230511 23
91842531246910 66
91842531254705 91
91842531261749 23
91842613321556 66
91842613350920 91
91842666041742 23
91842666066862 66
91842666074411 91
91842733406679 23
91842733427926 66
91842733436342 91
91842792244765 23
91842792261788 66
91842792269331 91
91842859322868 23
91842859340937 66
91842926406551 23
91842926424210 66
91842993431223 91
91843060677723 91
91843060719609 23
91843060727180 66
91843127631727 91
91843127659671 23
91843194635301 66
91843194655913 91
91843194663480 23
91843261828744 66
91843261850005 91
91843261857653 23
91843335625355 66
91843335650907 23
91843335658592 66
91843335665679 91
91843402974829 23
91843470342879 66
91843470361475 91
91843537713824 91
91843537732969 23
91843605203161 66
91843605220156 91
91843605227601 23
91843672600320 66
91843672619336 91
91843672626880 23
91843672634167 66
91843731175181 23
91843731193269 66
91843731200741 91
91843798167130 91
91843865374734 23
91843865392180 66
91843865399950 91
91843932439710 23
91843932463118 66
91843932470697 91
91843999418921 23
91843999437167 66
91843999444853 91
91844066443068 23
91844066459425 23
91844066466916 66
91844066474065 91
91844133620223 23
91844133635846 66
91844133643142 23
91844133650080 66
91844133657001 91
91844200640333 91
91844274737729 23
91844274769579 66
91844342090037 91
91844342113777 23
91844342121684 66
91844409496690 91
91844409530280 23
91844409538193 66
91844476850071 91
91844476872861 23
91844544220782 23
91844544243948 66
91844544251443 91
91844603015926 23
91844603040336 66
91844603047887 91
91844670076480 23
91844670101434 66
91844737185290 23
91844737210863 66
91844737218357 91
91844804170857 91
91844804190131 23
91844871356557 66
91844871374146 91
91844871381679 91
91844938368161 23
91844938385401 66
91844938392924 91
91845005388253 23
91845005404516 66
91845005411988 91
91845072415892 23
91845072432662 66
91845072440173 91
91845146392137 23
91845146410935 66
91845213748513 91
91845213764351 23
91845213771581 66
91845281214346 91
91845281247849 23
91845281255394 66
91845348578641 91
91845348611201 23
91845348618943 66
91845415948723 91
91845415975592 23
91845474902302 66
91845474928234 91
91845474935918 23
91845542122441 66
91845542152600 91
91845542160153 23
91845609314556 66
91845609346366 91
91845609353770 23
91845609360726 66
91845676481485 91
91845676509091 23
91845676516435 66
91845743204162 23
91845743225473 66
91845743232856 91
91845810219251 23
91845810242361 66
91845810250469 91
91845877377591 23
91845877399886 66
91845877407242 91
91845944407171 23
91845944431530 66
91845944438836 91
91846018141993 23
91846018163182 66
91846018170733 91
91846085527819 23
91846085551400 66
91846085558774 91
91846152873709 91
91846152892558 23
91846220215503 66
91846220233759 91
91846220241511 23
91846287616256 66
91846287633237 91
91846355024888 91
91846355043754 23
91846355051253 14
91846355058261 66
91846413940290 91
91846413957918 23
91846413965516 23
91846413972640 23
91846413979655 66
91846480966350 91
91846480989965 23
91846547959743 66
91846547980687 91
91846614948679 23
91846614968442 66
91846614975832 91
91846682143077 23
91846682161072 66
91846682168862 91
91846749042853 23
91846749059507 66
91846816202720 91
91846816229059 23
91846816236457 66
91846883452589 91
91846957242300 23
91846957264206 66
91846957271600 91
91847024583182 23
91847024603262 66
91847024610542 91
91847091977707 23
91847091995666 66
91847092003072 91
91847159381964 23
91847159399633 66
91847159406977 91
91847226729865 23
91847226747734 66
91847226755069 91
91847294237747 23
91847294277472 66
91847353047731 23
91847353079090 66
91847419885927 23
91847419909852 23
91847486817063 66
