86711655943686 91
86711723201717 23
86711801294447 66
86711801323352 91
86711857091035 91
86711857128732 23
86711924126752 66
86711924160658 91
86712003217002 23
86712003247251 66
86712003254929 91
86712058528106 23
86712058555556 66
86712135228671 91
86712135268237 23
86712135275912 66
86712198149452 91
86712198181286 23
86712270484829 66
86712270511664 91
86712270519274 23
86712326673829 66
86712326707658 91
86712326715447 23
86712393604228 66
86712393639699 23
86712393647349 66
86712472455803 91
86712527726332 91
86712595608687 23
86712595636392 66
86712595643995 91
86712662062123 23
86712662102285 66
86712739799260 91
86712739835621 23
86712739843169 66
86712796005480 91
86712796036023 23
86712863028979 66
86712863064002 91
86712863071639 23
86712863078577 66
86712941675643 91
86712941709869 23
86712997295090 66
86712997339428 91
86713064249535 23
86713064280394 66
86713064288063 91
86713064295333 23
86713131481317 66
86713131512732 91
86713131520084 23
86713208907394 66
86713208939453 23
86713208946801 66
86713265469817 91
86713332494656 91
86713332525539 23
86713408939216 66
86713408972334 91
86713466665946 23
86713466701583 66
86713466709442 91
86713533752479 23
86713533788272 66
86713612165316 23
86713612201246 66
86713612208779 91
86713667944994 91
86713735020054 23
86713735050978 66
86713814126981 23
86713814155822 91
86713814163415 23
86713814170429 66
86713877089760 23
86713877121361 66
86713877128964 91
86714003336762 91
86714003385476 23
86714081367884 66
86714081404175 91
86714137519231 23
86714137552833 66
86714137560328 91
86714204886887 23
86714204929183 66
86714277915375 91
86714277945195 23
86714277952577 66
86714338496822 91
86714338534300 23
86714338542069 66
86714405655560 91
86714405686566 23
86714484755426 66
86714484784164 91
86714539757570 23
86714539789888 66
86714539797162 91
86714539804120 23
86714616686435 66
86714616744702 91
86714673933385 23
86714673964160 66
86714673971677 91
86714740962496 23
86714740995752 66
86714808014120 23
86714808044277 66
86714808051838 91
86714886549855 91
86714954509128 23
86714954546704 66
86714954554638 91
86715009226186 23
86715009258724 66
86715088489580 91
86715088522917 23
86715088530496 66
86715143448654 91
86715143480333 23
86715143488009 66
86715216400077 91
86715216429745 23
86715216437445 66
86715283759882 91
86715283795556 23
86715351115799 66
86715351147100 91
86715411654174 23
86715411721068 66
86715411731942 91
86715490270094 23
86715490303808 66
86715490311502 91
86715545688527 23
86715545719496 66
86715545727304 91
86715622254567 23
86715622295088 66
86715622302875 91
86715692194445 23
86715692224260 66
86715746965670 91
86715746996441 23
86715747004105 66
86715747011693 91
86715814093415 23
86715814126415 66
86715881093585 91
86715881124596 23
86715948113576 66
86715948144296 91
86715948151660 23
86716025392299 66
86716025424131 91
86716025431777 23
86716025438861 66
86716082492518 91
86716082525665 23
86716149324344 66
86716149358970 91
86716216497800 23
86716216527699 66
86716216535128 91
86716283704106 23
86716283734995 66
86716350491294 91
86716428681173 23
86716428714708 66
86716428722402 91
86716551687029 91
86716551720416 23
86716551728193 66
86716618721447 91
86716618751384 23
86716618759477 66
86716686135581 91
86716686169796 23
86716752925530 66
86716752960013 91
86716819937481 23
86716819970208 66
86716819977713 91
86716897937131 23
86716897970120 66
86716897977727 91
86716954180011 23
86716954209894 66
86717025926968 91
86717025960972 23
86717025968793 66
86717088199209 91
86717155311971 23
86717155342123 66
86717155349787 23
86717222436823 66
86717222466400 91
86717301133509 23
86717301164194 66
86717301171910 91
86717356883673 91
86717433079353 23
86717433111521 66
86717490658827 23
86717490687408 66
86717490695490 91
86717568424405 91
86717624697254 23
86717624729611 66
86717624737201 91
86717692001816 23
86717692035810 66
86717770339838 91
86717770370105 23
86717770377547 23
86717826779025 66
86717826808960 91
86717899069741 23
86717899102539 66
86717899110208 91
86717966561949 23
86717966608919 66
86718033816939 23
86718033846140 66
86718101230443 91
86718168573171 91
86718236030393 23
86718236063767 66
86718303348125 91
86718303378314 23
86718303386193 66
86718370734985 91
86718370766896 23
86718429619325 66
86718429650220 23
86718429658099 66
86718563602624 91
86718630776869 91
86718630836003 23
86718697851313 66
86718697882453 91
86718697890262 23
86718764828548 66
86718764859795 91
86718832043075 23
86718832074503 66
86718832082153 91
86718899105457 23
86718899136271 66
86718972996405 91
86718973031757 23
86718973039383 66
86719040352722 91
86719040387413 23
86719040394976 66
86719107711584 91
86719175146261 23
86719175177878 66
86719175185405 91
86719242484857 23
86719242518574 66
86719301419374 91
86719301454583 23
86719301462168 66
86719301469158 91
86719368500333 23
86719368532785 66
86719435550877 91
86719435582257 23
86719502510888 66
86719502543241 91
86719502550848 23
86719569810387 66
86719569856450 91
86719636741215 23
86719636772881 66
86719636780350 91
86719703759184 23
86719703793856 66
86719703801864 91
86719770773481 23
86719770823708 66
86719770831917 23
86719844661742 66
86719844697752 91
86719912056646 23
86719979424585 66
86719979468315 91
86720047540911 23
86720047569597 66
86720047577319 91
86720114190198 91
86720181789748 23
86720181825590 66
86720240312067 91
86720240353371 23
86720240361539 66
86720307499797 91
86720307538454 23
86720374513836 66
86720374544535 91
86720441717837 23
86720441747233 66
86720441754782 91
86720508900958 23
86720508932644 66
86720575798142 91
86720575842302 23
86720642783182 66
86720642813032 91
86720642821456 23
86720709960454 66
86720709998282 91
86720783833218 23
86720783868276 66
86720783875852 91
86720851182986 23
86720851213528 66
86720851221236 91
86720918530961 23
86720918563819 66
86720985904127 91
86720985935701 23
86720985943307 66
86721053330869 91
86721112216132 23
86721112249360 23
86721112257118 66
86721179180706 23
86721179210519 66
86721179217901 91
86721246392375 91
86721313494971 23
86721313525396 66
86721380449956 91
86721380483999 23
86721380491546 66
86721447478251 91
86721447514760 23
86721514643129 66
86721514673987 91
86721514681882 23
86721581708312 66
86721581739985 91
86721655483867 23
86721655519615 66
86721655527225 91
86721722874305 23
86721722909687 66
86721722920159 91
86721790342630 23
86721790380561 66
86721857668182 91
86721857706927 23
86721857716564 66
86721925037415 91
86721925070160 23
86721992388573 66
86721992422714 91
86722051200167 23
86722051233101 66
86722051240698 91
86722118203960 23
86722118236898 66
86722118244314 91
86722188025359 23
86722188054150 66
86722188061749 91
86722252308922 23
86722252339378 23
86722252347468 66
86722252354619 91
86722319355887 23
86722319388489 66
86722386439625 91
86722386473995 23
86722386481677 66
86722453514494 91
86722453549355 23
86722520708059 66
86722520739477 91
86722520747090 23
86722594585409 66
86722594621164 91
86722661964646 23
86722661995230 66
86722662002735 91
86722729324986 23
86722729357765 66
86722729365630 91
86722796725771 23
86722796759466 66
86722864098796 91
86722864132736 23
86722864140520 66
86722923057734 91
86722923088602 23
86722923096202 66
86722990151163 91
86722990185970 23
86723067496267 66
86723067535053 91
86723067542881 23
86723124168961 23
86723124206606 66
86723124214196 91
86723191215287 23
86723191250108 66
86723191257562 91
86723258624498 23
86723258692388 66
86723258702729 91
86723336390266 23
86723336425727 66
86723336433338 91
86723392405739 23
86723392438741 66
86723392446343 91
86723459413520 23
86723459448927 66
86723538297538 91
86723538327471 23
86723538335081 66
86723593749144 91
86723593779478 23
86723593787043 66
86723660735321 91
86723660772010 23
86723727799573 66
86723727829222 23
86723805619208 66
86723805651290 91
86723861902336 23
86723861933549 66
86723861941377 91
86724007945716 91
86724007975937 23
86724063105489 66
86724063135223 23
86724130111178 66
86724130139764 91
86724197200695 91
86724197234122 23
86724274864540 66
86724274911800 91
86724274920480 23
86724331310772 66
86724331340225 23
86724331347770 66
86724398361753 91
86724470751436 91
86724470782506 23
86724532702164 66
86724532767216 91
86724532775767 23
86724599675258 66
86724599705315 91
86724599712792 23
86724678007671 66
86724678037971 91
86724678046447 23
86724733655760 66
86724733685114 91
86724800792290 23
86724800826654 66
86724800834028 91
86724888335509 23
86724888373240 66
86724888380703 91
86724934889266 23
86724934920123 66
86725002101496 91
86725002133101 23
86725002140475 66
86725069130376 23
86725069168295 66
86725136130446 91
86725203179061 23
86725203213652 66
86725203221222 91
86725337352999 91
86725337387216 23
86725337394900 66
86725404453681 91
86725404487275 23
86725404494971 66
86725471415243 91
86725471481204 23
86725545454020 66
86725545489418 91
86725612732050 23
86725612760579 66
86725680223604 23
86725680253517 66
86725747497786 91
86725814911887 91
86725882251947 23
86725882281398 66
86725882289001 91
86725940890392 23
86725940921202 66
86726008064711 91
86726008100138 23
86726008107661 66
86726075096174 91
86726075125339 23
86726142106360 66
86726142137723 91
86726142145250 23
86726209237168 66
86726209278738 91
86726276376522 23
86726276408374 66
86726276415866 91
86726343345582 23
86726343380878 66
86726343388493 91
86726417076236 23
86726417108104 66
86726417115643 91
86726484469486 23
86726484503961 66
86726551825196 23
86726551858281 66
86726551865655 91
86726619312428 91
86726686576269 23
86726686610746 66
86726686618571 91
86726753970815 23
86726754005038 66
86726754012658 91
86726812803815 23
86726812834193 66
86726812841412 91
86726879856443 23
86726879902303 66
86726946828678 91
86726946863211 23
86727028860065 66
86727028896153 23
86727028903913 66
86727028910915 91
86727081017875 91
86727148023343 23
86727148054983 66
86727223428286 91
86727223466370 23
86727223474301 66
86727282280856 91
86727356230369 23
86727356262505 66
86727356270227 23
86727423532495 66
86727423562520 91
86727490943567 91
86727550497734 23
86727550535607 66
86727550543240 91
86727629611449 23
86727629651751 66
86727629659411 91
86727684649001 23
86727684681949 66
86727761411106 91
86727761442151 23
86727761449849 66
86727818855242 91
86727818943641 23
86727891736176 66
86727891765182 91
86727952891222 23
86727952920827 66
86727952928625 91
86728020043396 23
86728020076146 66
86728087013511 91
86728087045129 23
86728087052628 66
86728164677392 91
86728164712946 23
86728164720853 66
86728221195264 91
86728221227633 23
86728288304425 66
86728288338214 91
86728288345877 23
86728362017291 66
86728362048377 91
86728429416934 23
86728429456661 66
86728429465318 91
86728496791533 91
86728564164035 23
86728564198947 66
86728564207180 91
86728631593414 23
86728631624216 66
86728631631447 91
86728698912181 23
86728698940818 66
86728698948233 91
86728757764206 23
86728757797916 66
86728824911951 23
86728824945694 66
86728824953257 91
86728892498458 23
86728892533428 91
86728958901866 23
86728958936029 66
86728958943765 91
86729025977829 23
86729026011747 66
86729026019133 91
86729092988377 23
86729093028013 66
86729160234142 91
86729160266933 91
86729227055309 23
86729227084301 66
86729227091852 91
86729301185112 23
86729301218069 66
86729301225439 91
86729368522431 23
86729368553263 66
86729435920790 91
86729435956120 23
86729435964021 66
86729503258894 23
86729503292158 66
86729570645848 91
86729629606186 91
86729629638895 23
86729696839364 66
86729696875953 23
86729775366359 66
86729775399012 91
86729830683793 91
86729830714675 23
86729907255304 66
86729907288560 91
86729907296110 23
86729972198999 66
86729972236586 91
86729972244292 23
86730031892817 66
86730031929671 91
86730098914820 23
86730098949486 66
86730166181893 91
86730166211752 23
86730166219240 66
86730233209691 23
86730233255229 66
86730233263118 91
86730310553636 23
86730367327480 66
86730367356995 91
86730434323788 91
86730509244396 23
86730509283707 66
86730568422207 91
86730568453385 23
86730635547343 66
86730635576244 23
86730635583864 91
86730713780633 23
86730713812078 66
86730713819806 91
86730781658530 23
86730781694749 66
86730781702288 91
86730836703312 23
86730836737153 66
86730836744879 91
86730909908853 23
86730909940560 66
86730909948212 91
86730971157709 23
86730971188720 66
86730971196102 91
86731037891752 23
86731037929214 66
86731037937399 91
86731117053696 23
86731117080455 66
86731172070536 23
86731172101475 91
86731172109213 23
86731252176144 66
86731252202636 23
86731252210221 66
86731252217362 91
86731306282831 91
86731373678705 23
86731373712238 66
86731450297100 91
86731450334025 23
86731509070166 66
86731509096499 91
86731574435929 23
86731574480375 66
86731574487737 91
86731652423460 23
86731652467176 66
86731652475059 91
86731708643127 23
86731708681529 66
86731708688943 91
86731781017736 23
86731781047344 66
86731842844253 23
86731842877493 66
86731842885396 91
86731919456314 23
86731976877575 66
86731976941135 91
86732043980408 91
86732044016295 23
86732121407666 66
86732121441087 91
86732121448823 23
86732178162690 66
86732178193194 91
86732245071295 23
86732245106524 66
86732245114067 91
86732312148123 23
86732312184163 66
86732386009860 91
86732386042159 23
86732453380081 66
86732453410521 91
86732453418404 23
86732521150844 66
86732521183372 23
86732521190771 91
86732588248536 23
86732588292897 66
86732588300368 91
86732588308718 23
86732655519851 66
86732655557217 91
86732722914035 23
86732722947424 66
86732722955242 91
86732781807050 23
86732781843929 66
86732848724120 23
86732848780950 66
