84291787467670 91
84291864951419 23
84291921410152 66
84291921441010 91
84291988572000 91
84292061553165 23
84292061607411 66
84292122605210 91
84292122634049 23
84292122641636 23
84292189778014 66
84292189812333 91
84292268199360 23
84292268234712 66
84292268242326 91
84292323891121 23
84292323922971 66
84292390894823 91
84292390927945 23
84292390935818 66
84292458013183 23
84292458047370 66
84292458055464 91
84292524896377 91
84292594087088 23
84292594121380 66
84292594133564 91
84292659124917 23
84292659157298 66
84292737345958 91
84292737376040 23
84292793278346 66
84292793314255 91
84292860510196 23
84292860540487 66
84292860548018 91
84292927374972 23
84292927408365 66
84292927416031 91
84293004595002 23
84293004630227 66
84293061667421 91
84293061712118 23
84293061720331 66
84293139278476 91
84293206541102 23
84293206574628 66
84293206582159 91
84293262796353 23
84293262826433 66
84293262833795 91
84293329730177 23
84293329760200 66
84293329768069 91
84293407963806 23
84293407998919 66
84293464017682 91
84293464051342 23
84293531224616 66
84293531253024 91
84293609967752 23
84293610006256 66
84293610014017 91
84293665187228 23
84293665217632 66
84293665225105 91
84293738295952 23
84293738332737 66
84293811141171 91
84293811176233 23
84293811183867 66
84293866530427 91
84293866563544 23
84293866571025 66
84293943032125 91
84293943065064 23
84293943072717 66
84294000593353 91
84294000629570 23
84294067584009 66
84294067627518 91
84294067635307 23
84294134649642 66
84294134715349 91
84294134723037 23
84294210350896 66
84294210387439 91
84294280511902 23
84294280549785 66
84294280557457 91
84294335820721 23
84294335858032 66
84294335865637 91
84294412451475 23
84294412496868 66
84294412504429 91
84294482300411 23
84294482331714 66
84294537111461 91
84294537147206 23
84294603994699 66
84294604029933 91
84294671130849 23
84294671164539 66
84294671172044 91
84294738198927 23
84294738230352 66
84294738238334 91
84294815473805 23
84294815504185 66
84294815511746 23
84294872255323 66
84294939306371 91
84295006460893 91
84295006493477 23
84295073480704 23
84295073512137 66
84295073519562 91
84295140516664 23
84295140549071 66
84295140556560 91
84295218837021 23
84295218873375 66
84295218880892 91
84295274664371 23
84295274693829 66
84295341734764 91
84295341764391 23
84295341772011 66
84295408787398 91
84295475957877 23
84295475986275 66
84295475993517 91
84295543011776 23
84295543044638 66
84295622141689 91
84295622173787 23
84295622181684 66
84295677280935 91
84295677321883 23
84295677329625 66
84295753963229 91
84295754015333 23
84295818094681 66
84295818127607 23
84295878360404 66
84295878389283 91
84295955171233 23
84295955202208 91
84296012773012 23
84296012809511 66
84296079503952 91
84296079536532 23
84296079544242 66
84296157365342 91
84296213708402 23
84296213740514 66
84296286271885 91
84296286307044 23
84296359703044 66
84296359740139 91
84296359747735 23
84296414760389 66
84296414793681 91
84296481985609 23
84296482011445 66
84296482019020 91
84296560415214 23
84296560442729 66
84296560450462 91
84296616120152 23
84296616152966 66
84296616160991 91
84296689181858 23
84296689215480 66
84296689223083 91
84296757627381 23
84296823916570 66
84296823945952 91
84296823953366 23
84296891340492 66
84296891373579 91
84296958677271 23
84296958710445 66
84296958717719 91
84297026062892 23
84297026112946 66
84297093453596 91
84297093483692 23
84297160825834 66
84297160856234 91
84297219676634 23
84297219713127 23
84297219720785 66
84297219727736 91
84297286790603 23
84297286819427 66
84297286827200 91
84297353741725 23
84297353780162 66
84297421043538 91
84297421076543 23
84297487914196 66
84297487949908 91
84297554918846 23
84297554954936 66
84297554962805 91
84297622007094 23
84297622039203 23
84297622046786 66
84297689066560 91
84297689130540 23
84297763065214 66
84297763102775 23
84297763110366 91
84297830412675 23
84297830447562 66
84297897772168 91
84297897807619 23
84297965191650 66
84297965219141 91
84298032532431 23
84298032565202 66
84298100060662 91
84298100114401 23
84298100121989 66
84298158489371 91
84298158519909 23
84298225573279 66
84298225602474 91
84298292701972 23
84298292733715 66
84298292741799 91
84298359685275 23
84298359720555 66
84298359728100 23
84298359735042 91
84298426721294 23
84298426752521 66
84298426759770 91
84298493894839 23
84298493926830 66
84298560924023 91
84298634727894 23
84298634757953 66
84298634765675 91
84298702129598 23
84298702163122 66
84298702170616 91
84298769496942 23
84298769531653 66
84298769539351 91
84298836927039 23
84298836956248 66
84298836964039 91
84298904256758 23
84298904292191 23
84298971714936 66
84298971747355 91
84298971754966 23
84299030569886 66
84299030600969 23
84299030609200 66
84299030616381 91
84299164449792 91
84299164482517 23
84299231578946 66
84299231613101 23
84299298644544 66
84299298679081 91
84299365805362 91
84299365844003 23
84299432884894 66
84299432921943 91
84299432929525 23
84299506485732 66
84299506515158 91
84299506523297 23
84299573840134 66
84299573874953 91
84299633945423 23
84299633976303 66
84299633983973 91
84299701307665 23
84299701357580 66
84299768074033 91
84299768107977 23
84299835129739 66
84299835165646 91
84299902420753 23
84299902455216 66
84299902463060 91
84299969248868 23
84299969279901 66
84299969287579 91
84300045559388 23
84300045588918 66
84300045596619 91
84300115608201 23
84300115640344 66
84300170726211 91
84300247495424 23
84300247526701 66
84300247534586 91
84300371662768 91
84300371695810 23
84300371703335 66
84300438838622 91
84300438873117 23
84300505829937 66
84300505860106 91
84300572840436 23
84300572869344 66
84300572876897 91
84300640076778 23
84300640111997 66
84300640119391 91
84300707035021 23
84300707080698 66
84300707088500 91
84300781058639 23
84300781092870 66
84300781100836 91
84300848477085 23
84300848511087 66
84300848518530 91
84300915885158 23
84300915916433 66
84300983199204 23
84300983229708 91
84300983237251 23
84301062630648 66
84301062668558 91
84301109432338 23
84301109463142 66
84301109470767 23
84301179878079 66
84301179902679 91
84301310988395 23
84301311023344 66
84301311030936 91
84301377675417 91
84301444712669 23
84301444742979 66
84301511786850 23
84301511816838 91
84301511824413 23
84301579617206 66
84301579646522 91
84301652807112 23
84301652841793 66
84301652849243 91
84301736928637 23
84301736962185 66
84301736969858 91
84301787547405 23
84301787579014 66
84301854947066 91
84301854979276 23
84301922303846 66
84301922344311 91
84301989741554 23
84301989771379 66
84301989778825 91
84302048294730 23
84302048333729 66
84302115496051 91
84302115532848 23
84302182517374 66
84302182549460 23
84302182557156 66
84302182564610 91
84302263023576 91
84302316466757 23
84302316497314 66
84302383701777 91
84302383730443 23
84302450765831 66
84302450796751 91
84302450804389 23
84302524651957 66
84302524688435 91
84302591884201 23
84302591915939 66
84302591923606 91
84302659270144 23
84302659302316 66
84302727932524 91
84302727957915 23
84302794023241 66
84302794057179 91
84302861505004 23
84302861538678 66
84302861546358 23
84302920187548 66
84302920223021 91
84302989073235 91
84303054503092 23
84303054550758 66
84303121453204 91
84303121487546 23
84303121495152 66
84303188447864 91
84303255515625 23
84303255546765 66
84303255554421 91
84303322638605 23
84303322669173 66
84303322676960 91
84303391448082 23
84303391478349 66
84303391485717 91
84303463600855 23
84303463635759 66
84303463643314 91
84303601958694 91
84303601994498 23
84303602002222 66
84303665761634 91
84303665791561 23
84303665799321 66
84303733167255 91
84303733203685 23
84303800553769 66
84303800587694 91
84303859161166 23
84303859189794 66
84303859197769 23
84303926216087 66
84303926250186 91
84303993248350 23
84304060618267 66
84304060677924 91
84304127340320 91
84304194402098 23
84304194435210 66
84304261803920 23
84304261836924 66
84304261844443 91
84304335344632 23
84304335378600 66
84304335386246 91
84304470186759 91
84304470214998 23
84304470222996 66
84304537462530 91
84304604848768 23
84304604882660 66
84304672249370 91
84304672281852 23
84304672289449 66
84304730919293 23
84304731039269 66
84304731048029 91
84304865158146 91
84304865192975 23
84304865200607 66
84304932190227 91
84304932223032 23
84304932230720 66
84304999158716 91
84304999191869 23
84305066412602 66
84305066451952 91
84305066462119 23
84305133390999 66
84305133423869 91
84305200413895 23
84305200441189 66
84305200448972 91
84305274425072 23
84305274457932 66
84305274466113 91
84305341955740 23
84305341990601 66
84305409260044 91
84305409308877 23
84305409316677 66
84305477679816 91
84305543960521 23
84305543995161 66
84305544002953 23
84305602906694 66
84305602941193 91
84305670113674 91
84305670145383 23
84305736913654 66
84305736946550 91
84305804095840 23
84305804132520 66
84305804140059 91
84305871123144 23
84305871156050 66
84305871163484 91
84305938122221 23
84305938150483 66
84306014960686 91
84306014993804 23
84306015001445 66
84306072243350 91
84306072279223 23
84306139321226 66
84306139356117 91
84306139363815 23
84306216901639 66
84306216935593 91
84306279518550 23
84306279552892 66
84306279560566 23
84306279567763 91
84306352240382 23
84306352275281 66
84306407725593 91
84306407759223 23
84306407766787 66
84306484140713 91
84306484173790 23
84306541731252 66
84306541763381 91
84306541770896 91
84306608777431 23
84306608810343 66
84306608817739 91
84306678124614 23
84306678176201 66
84306742882819 91
84306742942116 23
84306821529678 66
84306821560146 91
84306877125629 23
84306877156614 66
84306877163803 91
84306944210988 23
84306944251260 66
84306944258896 91
84307023526984 23
84307023561630 66
84307023569025 91
84307078348331 23
84307078379753 66
84307154652479 91
84307154683522 23
84307154690908 66
84307224739263 91
84307224780118 23
84307279399628 66
84307279428977 91
84307356600882 23
84307356631923 66
84307356639838 91
84307413622021 23
84307413653658 66
84307480664133 91
84307480695614 23
84307480703164 66
84307555627507 91
84307555654708 23
84307614765114 66
84307614799090 91
84307614806732 23
84307681874231 66
84307681905954 23
84307759990535 66
84307760037578 91
84307760045174 23
84307825859689 66
84307825897776 91
84307825905414 23
84307883086573 66
84307883118868 91
84307956478637 23
84307956513351 66
84307956520981 91
84308017222919 23
84308017273124 66
84308017280713 91
84308084487460 23
84308084524950 66
84308163154644 23
84308163190513 66
84308163198278 91
84308218395824 91
84308295109884 23
84308295161196 66
84308295171416 91
84308352664013 23
84308352705112 66
84308419517698 91
84308496370437 23
84308496403966 66
84308496411537 91
84308554038748 23
84308554075061 66
84308554082727 91
84308620816083 23
84308620847273 66
84308620854953 91
84308687787327 23
84308687821004 66
84308762255938 91
84308762284775 23
84308833679666 66
84308833714197 91
84308889093448 23
84308889125789 66
84308965562349 23
84308965594221 66
84308965601795 91
84309023238385 91
84309090358615 23
84309090393275 66
84309090400943 91
84309157339527 23
84309157371323 66
84309232492689 91
84309232524813 23
84309291461472 66
84309291498506 91
84309291506131 23
84309358714833 66
84309358759482 91
84309425542727 23
84309425574514 66
84309425582035 91
84309492674020 23
84309492706274 66
84309559781936 91
84309559818949 23
84309559826488 66
84309627242294 91
84309627275411 23
84309627282787 66
84309702079724 91
84309702112389 23
84309761002785 66
84309761036224 91
84309827960477 23
84309827997249 66
84309828004929 91
84309895054026 23
84309895088187 66
84309895096028 91
84309962166335 23
84309962196141 66
84309962203596 91
84310029130894 23
84310029161320 66
84310029169004 91
84310096271490 23
84310096303383 66
84310174589252 91
84310174624908 23
84310230453217 66
84310230483971 91
84310230491343 23
84310304364770 66
84310304399538 91
84310371636242 23
84310371669365 66
84310441417634 23
84310441447843 66
84310441455287 91
84310506407243 91
84310573771946 23
84310573803450 66
84310573811267 91
84310641173758 23
84310641206816 66
84310708629201 91
84310708668687 23
84310766916071 66
84310766946591 91
84310766954014 23
84310833935208 66
84310833966812 91
84310833974589 23
84310900965057 66
84310900997119 91
84310968149828 23
84310968181887 23
84310968189485 66
84311035063981 91
84311035100343 23
84311102297132 66
84311102330833 91
84311169472558 23
84311169504203 66
84311169511790 91
84311243473531 23
84311243504443 66
84311310738631 23
84311310767558 66
84311310775194 91
84311378124639 23
84311445516554 66
84311445548271 91
84311512865387 91
84311512897844 23
84311571678451 66
84311571708964 23
84311638887509 66
84311638917637 91
84311705991750 91
84311772866425 23
84311772896796 66
84311839888750 91
84311839923790 23
84311906909652 66
84311906945694 91
84311906953289 23
84311986493986 66
84311986528905 91
84312041200348 23
84312041235943 66
84312041243735 91
84312115089228 23
84312115123403 66
84312115131161 91
84312182452778 23
84312182488631 66
84312182496267 91
84312249857208 23
84312249889933 66
84312249897501 91
84312317194539 23
84312317225665 66
84312384609888 91
84312384640450 23
84312443678439 23
84312443740349 66
84312443752404 91
84312510607242 23
84312510635954 66
84312577666212 23
84312577696811 66
84312644786571 91
84312711940542 91
84312782404025 23
84312782439745 66
84312782447365 91
84312845882918 23
84312845915395 66
84312845923162 91
84312913041491 23
84312913073600 66
84312913081123 91
84312986800046 23
84312986833192 66
84312986840701 91
84313054236990 23
84313054284508 66
84313121614189 91
84313121650058 23
84313188949830 66
84313188984333 91
84313256377089 23
84313256410447 66
84313256418564 23
84313323743282 66
