87077567059816 91
87077633937553 91
87077712016800 23
87077712047781 66
87077768157887 91
87077768196827 23
87077768204429 66
87077835153415 91
87077835187381 23
87077835195105 66
87077913959840 91
87077969406706 23
87077969435358 66
87077969442854 91
87077969449957 23
87078036375971 66
87078036411346 91
87078103609849 23
87078103652060 66
87078103660221 91
87078181308968 23
87078181348087 66
87078181355848 91
87078237853009 23
87078237887989 66
87078237895789 91
87078304657064 23
87078304689459 66
87078304696894 91
87078383219408 23
87078383254118 66
87078383261856 91
87078438771995 23
87078438804414 66
87078438811986 91
87078505927390 23
87078505962111 66
87078573174483 91
87078573215757 23
87078573225318 66
87078573234136 91
87078650545467 91
87078707099043 23
87078707130130 66
87078707138013 91
87078774135766 23
87078774165767 66
87078774173743 91
87078852452771 23
87078852495141 66
87078852503628 91
87078908303238 23
87078908341565 66
87078975423189 91
87078975453167 23
87078975460654 66
87078975467758 91
87079053680592 23
87079053714715 66
87079109337437 91
87079109369942 23
87079109377359 66
87079178290626 91
87079178322140 23
87079178329764 66
87079255673029 91
87079255711716 23
87079255719625 66
87079310717014 91
87079310748202 23
87079386873498 23
87079386902444 66
87079386910316 91
87079386917580 23
87079456946224 66
87079456978363 91
87079456986033 23
87079511827107 66
87079511861523 91
87079511869135 23
87079588847087 66
87079588887315 91
87079588895005 23
87079646033900 66
87079646068952 91
87079713007031 23
87079713040625 66
87079713048249 91
87079780057917 23
87079780098002 66
87079780105958 91
87079847239665 23
87079847279020 66
87079847286714 91
87079914334997 23
87079914368905 91
87079914376637 23
87079914383641 14
87079992098421 66
87079992131856 91
87079992139651 23
87080055987819 66
87080056026112 91
87080056033774 23
87080115296285 66
87080115324905 23
87080115332349 66
87080182598696 23
87080182664647 66
87080182672444 91
87080249810231 91
87080316648964 23
87080316685098 66
87080316693042 91
87080383846435 23
87080383893959 66
87080383904197 91
87080452120724 23
87080452152248 66
87080452176179 91
87080529082076 23
87080529118362 66
87080584920296 91
87080584950243 23
87080584958092 66
87080657307250 91
87080657340262 23
87080719005388 66
87080719039129 23
87080719046775 66
87080719053948 91
87080786018086 91
87080853192021 23
87080853221445 66
87080853229280 91
87080932308214 23
87080932346155 66
87080932353840 91
87080987282436 23
87080987311297 66
87080987319763 91
87081060240366 23
87081060275906 66
87081060283785 23
87081133577657 66
87081133612977 91
87081188475408 91
87081188510422 23
87081265469261 66
87081265499536 91
87081265507170 23
87081322525133 66
87081322559203 91
87081389717471 23
87081389747583 66
87081389755725 91
87081467441269 23
87081467472700 66
87081467480099 91
87081523774046 23
87081523804333 66
87081590976585 91
87081591013532 23
87081591021184 66
87081668798347 91
87081668837537 23
87081724945065 66
87081724977939 91
87081792187687 23
87081792221118 66
87081792229387 91
87081870782496 23
87081870814700 66
87081870822396 23
87081870829364 91
87081926159697 23
87081926191165 66
87081993354618 91
87081993390594 23
87081993398042 66
87082060472026 91
87082060504246 23
87082138033772 66
87082138070804 91
87082194396275 23
87082194427369 66
87082271124002 91
87082271159096 23
87082271166778 66
87082271173852 91
87082328652900 23
87082328684137 66
87082328691857 91
87082395800603 23
87082395849139 66
87082462743043 91
87082462782923 23
87082462793842 66
87082462803229 91
87082541245944 23
87082541278319 66
87082541285966 91
87082596889080 23
87082596926096 66
87082663944092 91
87082663978295 23
87082739235549 66
87082739268887 91
87082739276619 23
87082798121964 66
87082798156063 91
87082865039655 23
87082865076419 66
87082865083946 91
87082932162732 23
87082932197860 66
87082932205725 91
87082999310240 23
87082999344950 66
87082999352556 91
87083066362526 23
87083066393959 66
87083066401432 91
87083133429457 23
87083133465640 66
87083133473203 91
87083200540575 23
87083200577424 66
87083267675355 23
87083267706382 66
87083341435678 91
87083408851564 91
87083408890323 23
87083476217774 66
87083476253297 91
87083476261023 23
87083543627645 66
87083543661905 91
87083543669387 23
87083611038948 66
87083611076905 91
87083611084770 23
87083669970764 66
87083670003839 91
87083670011273 23
87083737082783 66
87083737134392 23
87083737142263 66
87083871098803 91
87083871128166 91
87083938098172 23
87083938129739 23
87083938137362 66
87083938144358 91
87084009322772 23
87084009362040 66
87084009369636 91
87084072310584 23
87084072340033 66
87084139371835 91
87084139402853 23
87084139410396 66
87084213354640 91
87084280581840 23
87084280618527 66
87084280626032 91
87084347919856 23
87084347955297 66
87084347962941 91
87084415293086 23
87084415325190 66
87084415332759 91
87084482848642 23
87084482899738 23
87084482910437 66
87084482919827 91
87084550088464 23
87084550128742 66
87084550136446 91
87084608970597 23
87084609004314 66
87084609011975 91
87084675886666 23
87084675926927 66
87084675934530 91
87084742918407 23
87084742954167 66
87084742961831 91
87084810034365 23
87084810072229 66
87084877249113 23
87084877290968 66
87084877298821 91
87084944069273 91
87085011204275 23
87085011239714 66
87085011247496 91
87085084946783 23
87085084994494 66
87085152247400 91
87085152276665 23
87085152284299 66
87085219630152 23
87085219665496 66
87085219673083 91
87085287029612 91
87085354395822 23
87085354425473 66
87085421779600 91
87085421809909 23
87085421817633 66
87085481039606 91
87085481073573 23
87085547764270 66
87085547795652 91
87085614906597 23
87085614936982 66
87085614944648 91
87085682141424 23
87085682175575 66
87085682183744 91
87085749148002 23
87085749180216 66
87085815995705 23
87085816029887 66
87085816037752 91
87085950144619 91
87085950177062 23
87086024019967 66
87086024054513 91
87086024062116 23
87086024069339 66
87086091452027 91
87086091500301 23
87086091508092 66
87086158748056 91
87086158785015 23
87086158792627 66
87086226112791 91
87086294404834 23
87086294431874 66
87086294439518 91
87086360887983 23
87086360925560 66
87086360933131 91
87086419629431 23
87086419658260 66
87086486608989 91
87086486643219 23
87086486650911 66
87086553702398 91
87086553734162 23
87086620916018 66
87086620956292 91
87086620963875 23
87086620970833 66
87086687907243 91
87086687942681 91
87086754853933 23
87086754887562 66
87086754895145 91
87086826085026 23
87086826117194 66
87086895678481 91
87086895706537 23
87086895714266 66
87086963156206 91
87086963191343 23
87087030442364 66
87087030478911 91
87087030486316 23
87087097926144 66
87087097971113 91
87087165243537 23
87087165281627 66
87087165311139 91
87087232599229 23
87087232633484 66
87087232641261 91
87087291472596 23
87087291504442 66
87087291512003 91
87087358558747 23
87087358606794 66
87087358614325 91
87087425524760 23
87087425560032 66
87087492737867 91
87087492767718 23
87087492775068 66
87087559695937 91
87087559733894 23
87087559743752 66
87087626712854 91
87087626747728 23
87087626755591 66
87087693987680 91
87087694023601 23
87087761150017 66
87087761182221 91
87087761189891 23
87087834903169 66
87087834943787 91
87087834951423 23
87087902180510 66
87087902215229 91
87087902223190 23
87087969579200 66
87087969612110 91
87087969619484 23
87088036943569 66
87088036977219 91
87088036985070 23
87088104287912 66
87088104321214 91
87088163364641 23
87088163399836 66
87088163407506 91
87088230543474 23
87088230584219 66
87088297437500 91
87088297469283 23
87088297476746 66
87088364449998 91
87088364482214 23
87088431520719 66
87088431556416 91
87088431564044 23
87088498682816 66
87088498716171 91
87088565721977 23
87088565760117 66
87088565767795 91
87088633166271 23
87088633199953 66
87088633207575 91
87088706549155 23
87088706586832 66
87088706594626 91
87088783805942 91
87088783842002 23
87088841270324 23
87088841302546 66
87088841310228 91
87088908718309 23
87088908753800 66
87088976005086 91
87088976044048 23
87088976051624 66
87089043440243 91
87089043477195 23
87089102332022 66
87089102371280 91
87089102378976 23
87089169415774 66
87089169462378 91
87089236389273 23
87089236428302 66
87089236438738 91
87089236446718 23
87089303463082 66
87089303497777 91
87089370427210 23
87089370461943 66
87089370469643 91
87089437537160 23
87089437571289 66
87089437579136 91
87089504654650 23
87089504687136 66
87089504695283 91
87089571755196 23
87089571785292 66
87089571793093 91
87089645611442 23
87089645648192 66
87089645655765 91
87089733898499 23
87089733935847 66
87089733943474 91
87089780402136 23
87089780433230 66
87089847716230 91
87089847745248 23
87089915169312 66
87089915204310 91
87089974195083 23
87089974246519 66
87089974254271 91
87090041120988 23
87090041151623 66
87090041159221 91
87090108159936 23
87090108191402 66
87090108199357 91
87090175169202 23
87090175202106 66
87090175209488 91
87090242253282 23
87090242287845 66
87090242296030 23
87090309341541 66
87090309373781 91
87090309381417 23
87090376350866 66
87090376381294 91
87090443570814 23
87090443602165 66
87090443609650 91
87090517405719 23
87090517440068 66
87090517447550 91
87090584708770 23
87090584737269 66
87090584745060 91
87090652094799 23
87090652124505 66
87090652132269 91
87090719447240 23
87090719478264 66
87090786920088 23
87090786963515 66
87090786971404 91
87090854279622 23
87090913112045 66
87090913152501 91
87090980131781 91
87090980163943 23
87091047087173 66
87091047121754 91
87091047129941 23
87091114067612 66
87091114100027 91
87091114107456 23
87091181336256 66
87091181374110 91
87091181381734 23
87091248218921 66
87091248251002 91
87091248258714 23
87091315408560 66
87091315455820 91
87091392321329 23
87091392357421 66
87091392364886 91
87091456451467 23
87091456481485 66
87091456489263 91
87091523875784 23
87091523913827 66
87091523921415 91
87091583702286 23
87091583738812 66
87091583746303 91
87091650851556 23
87091650893958 66
87091650901704 91
87091728523869 23
87091728561847 66
87091728569496 91
87091784886809 23
87091784923489 66
87091784931036 91
87091851964863 23
87091852002323 66
87091852010170 91
87091924583776 23
87091924618390 66
87091986315575 91
87091986350905 23
87092053258370 66
87092053302744 91
87092053310725 23
87092053317782 66
87092131791388 91
87092131823737 23
87092187356877 66
87092187388086 91
87092263618786 23
87092263652285 66
87092263660092 91
87092324563598 23
87092324601277 66
87092324608907 91
87092407190612 23
87092407228489 66
87092407235939 91
87092464999018 23
87092465036200 66
87092465043999 91
87092522611432 23
87092522648479 66
87092522656409 91
87092589702896 91
87092666932170 23
87092666966341 66
87092666973880 91
87092723826921 23
87092723857175 66
87092723864910 91
87092790827396 23
87092790859029 66
87092790866518 91
87092868431715 23
87092868476887 66
87092868485086 91
87092925016597 23
87092925050088 66
87092925057844 91
87093004229778 23
87093004264597 66
87093004272333 91
87093059099807 23
87093059129812 66
87093136112231 91
87093136149457 23
87093136157258 66
87093193264069 91
87093193296073 23
87093193303719 66
87093260297422 91
87093260332173 23
87093337540541 66
87093337574188 91
87093394318207 23
87093394353459 23
87093394361167 66
87093394368064 91
87093470862268 23
87093470897823 66
87093470905431 91
87093539428292 23
87093539462825 66
87093603708640 91
87093603747695 23
87093603755854 23
87093670998693 66
87093671027658 91
87093671035431 23
87093671042491 66
87093729968644 91
87093797187844 91
87093863852247 23
87093863888072 66
87093863895955 91
87093930931028 23
87093930964928 66
87093930972702 91
87093998149041 23
87093998178813 66
87093998187089 91
87094065351101 23
87094065386930 66
87094065394698 91
87094132121657 23
87094132153773 66
87094199184185 91
87094199215281 23
87094199222905 66
87094273166675 91
87094273194982 23
87094273202654 66
87094340582693 91
87094340619517 23
87094407940291 66
87094407974111 91
87094407981748 23
87094475307135 66
87094475336690 91
87094542729936 23
87094542763492 66
87094542771940 91
87094601583180 23
87094601614735 66
87094601622083 91
87094668605091 23
87094668639891 66
87094668647642 91
87094735761994 23
87094735797521 66
87094735805825 91
87094802790899 23
87094802819957 66
87094869816104 91
87094869849863 23
87094869857527 66
87094936815874 91
87094936851023 23
87095004030185 66
87095004067173 91
87095071095522 23
87095071131077 66
87095071138753 91
87095144887917 23
87095144924069 66
87095144935183 91
87095205476954 23
87095205528094 66
87095205535957 91
87095272262178 23
87095272299364 66
87095351535683 91
87095351573135 23
87095351580706 66
87095351587793 91
87095406322561 23
87095406353176 66
87095483594511 91
87095483624519 23
87095483632355 66
87095540592518 91
87095607530609 23
87095607559929 66
87095607567569 91
87095674612386 23
87095674645905 66
87095674653279 91
87095741758033 23
87095741786269 66
87095741793960 91
87095820743949 23
87095820773808 66
87095820781321 91
87095875875414 23
87095875907246 66
87095875915049 91
87095950793892 23
87095950830262 66
87095950837851 91
87096022028368 23
87096022059504 66
87096077122646 91
87096077151352 23
87096077159069 66
87096153899226 91
87096153929730 23
87096153937339 66
87096211315963 91
87096211360039 23
87096211367699 66
87096278208673 91
87096278237385 23
87096355864493 66
87096355893969 91
87096355901486 23
87096418860919 66
87096418895762 91
87096418903339 23
87096491239971 66
87096491273780 91
87096491281203 23
87096546416552 66
87096546446654 91
87096546454157 23
87096623118159 66
87096623150437 23
87096623158139 66
