91855474429708 91
91855541796967 91
91855541826172 23
91855541833816 66
91855609155216 91
91855609181918 23
91855676673005 66
91855676722304 91
91855676733677 23
91855676743011 66
91855743944393 91
91855743977729 23
91855811289291 66
91855811317174 23
91855811325049 66
91855811332212 91
91855870101933 91
91855937150731 23
91855937167708 66
91855937175468 91
91856004261666 23
91856004287383 66
91856004295350 91
91856071443035 23
91856071464585 66
91856071472194 91
91856138302479 23
91856138322250 66
91856138329898 91
91856205484436 23
91856205502477 66
91856205510123 91
91856272672609 91
91856272688119 23
91856272695479 66
91856339911079 91
91856339930339 23
91856413456882 66
91856413475217 91
91856413482875 23
91856413490132 66
91856480899479 91
91856480917618 23
91856480925238 66
91856548232835 23
91856548253627 66
91856548261126 91
91856615592362 23
91856615611325 66
91856615619037 91
91856682990430 23
91856683006946 66
91856683014335 91
91856750351088 23
91856750367987 66
91856750375278 91
91856808984186 23
91856809001089 66
91856809008568 91
91856876002929 23
91856876020085 66
91856876027996 91
91856943196536 23
91856943213425 66
91857010217855 91
91857010234440 23
91857010241872 66
91857010249184 91
91857077275846 23
91857077299159 66
91857144277884 91
91857144296714 23
91857144304106 66
91857211450164 91
91857211468670 23
91857211476257 66
91857211483360 91
91857285162411 23
91857285181761 66
91857352555345 91
91857352572855 23
91857352580394 66
91857420255998 91
91857420289665 23
91857420297310 66
91857487388989 91
91857487421716 23
91857487429173 66
91857554779047 91
91857554806550 23
91857554814265 66
91857622544897 91
91857622567568 23
91857680965837 66
91857680988329 91
91857680996089 23
91857681003168 66
91857681010190 91
91857748099475 23
91857748129827 66
91857815152178 91
91857815177535 23
91857815185110 66
91857815192438 91
91857882380057 23
91857882410085 66
91857949252805 91
91857949279447 23
91857949287358 66
91857949294503 91
91858016263890 23
91858016296027 66
91858016303745 91
91858083307452 23
91858083341190 66
91858083348711 23
91858150523769 66
91858150557520 91
91858224293583 91
91858224322661 23
91858224330079 66
91858291661285 91
91858291683633 23
91858291691210 66
91858359043182 23
91858359066815 66
91858359074073 91
91858426425383 91
91858493794520 23
91858493814303 66
91858493821798 91
91858552703195 23
91858552721194 66
91858552728713 23
91858552735739 66
91858619981685 91
91858620004880 91
91858686916327 23
91858686944428 66
91858753893604 91
91858753917209 23
91858753924684 66
91858821059636 91
91858821077935 23
91858821085450 66
91858888056206 91
91858888072877 23
91858888080227 66
91858955091913 91
91858955110294 23
91858955117948 66
91858955124881 91
91859022107835 23
91859022155069 66
91859095985660 91
91859096003140 23
91859096010766 66
91859163406345 91
91859163432750 23
91859230745356 66
91859230767357 91
91859230774782 23
91859298141150 66
91859298162515 91
91859365505009 23
91859365522456 66
91859365529827 91
91859432996683 23
91859433021433 66
91859433029306 91
91859491616415 23
91859491641020 66
91859491648493 91
91859558938913 23
91859558959322 66
91859558966885 91
91859625752485 23
91859625774392 66
91859625781821 91
91859625788851 23
91859692826288 66
91859692848463 91
91859759857473 91
91859759877932 23
91859759885310 66
91859827045223 23
91859827065817 91
91859827073515 23
91859894198299 66
91859894235325 91
91859894243003 23
91859961195846 66
91859961259919 91
91860035135036 23
91860035165033 66
91860035172512 91
91860102468475 23
91860102487232 66
91860102494984 91
91860169844738 23
91860169864149 66
91860169871742 91
91860237266799 23
91860237292351 66
91860237299954 91
91860304716200 23
91860304736502 66
91860304744206 91
91860371981242 23
91860371998748 66
91860372006254 91
91860430602621 23
91860430635601 66
91860497638260 23
91860497661092 66
91860497668637 91
91860564837179 91
91860564870617 23
91860631835903 66
91860631864931 91
91860631872291 23
91860631879305 66
91860698939832 91
91860698980255 23
91860765878606 66
91860765903592 91
91860833087156 23
91860833114235 66
91860833121756 91
91860906799779 23
91860906820108 66
91860906827612 91
91860906834651 23
91860974187882 23
91860974206714 66
91860974214418 23
91861041553827 66
91861041572037 91
91861108938514 91
91861108956831 23
91861108964517 66
91861176303287 23
91861176319134 91
91861176326371 23
91861243687291 66
91861243703852 91
91861302377848 23
91861302399698 66
91861302407767 91
91861369544569 23
91861369563964 66
91861369571644 91
91861436559293 23
91861436578177 66
91861436585506 91
91861503552765 23
91861503571425 66
91861503579159 91
91861570838167 23
91861570869675 66
91861637826075 91
91861637856380 23
91861637864108 66
91861704848526 91
91861704877331 23
91861704884769 66
91861778647549 91
91861778676758 23
91861778684150 66
91861845948592 23
91861845975446 66
91861913326229 91
91861980714489 91
91862048084746 23
91862048115902 66
91862048123632 91
91862115423229 23
91862115444670 66
91862115452726 91
91862174337295 23
91862174366552 66
91862174373960 91
91862241438416 23
91862241465402 66
91862241473024 91
91862241480086 23
91862308512281 66
91862308540681 91
91862308548349 23
91862375669161 66
91862375692492 91
91862442860391 23
91862442885345 66
91862442893562 91
91862509919170 23
91862509942644 66
91862509950283 91
91862576684763 23
91862576703030 66
91862576710344 23
91862576717325 91
91862643847806 23
91862643867973 66
91862717604419 91
91862717622695 23
91862717630182 66
91862785005093 91
91862785025967 23
91862785033942 66
91862852391865 91
91862852410368 23
91862922464417 66
91862922494785 91
91862922502273 23
91862987238865 66
91862987272165 91
91862987280529 23
91862987288217 66
91863046162073 91
91863046190799 23
91863046198231 66
91863113419097 91
91863113448040 23
91863113455688 66
91863180367765 91
91863180394159 23
91863180401558 66
91863180408588 91
91863247386460 23
91863247414310 66
91863314347139 91
91863314366964 23
91863314374755 66
91863382626169 23
91863382654167 66
91863382661829 91
91863448560484 91
91863515589356 23
91863515606647 66
91863600489104 91
91863600514147 23
91863600521628 66
91863600528754 91
91863656763759 23
91863656790798 66
91863724109886 91
91863724132534 23
91863724140322 66
91863791528304 91
91863791550147 23
91863858861327 66
91863858881665 91
91863858889363 23
91863858896888 66
91863926250351 91
91863926267396 23
91863926274806 66
91863985047434 91
91863985064980 23
91864052273648 66
91864052311114 91
91864052318814 23
91864119215302 66
91864119247274 23
91864119255183 66
91864119262437 91
91864186249315 91
91864253412662 23
91864253430920 66
91864253438425 91
91864320306188 23
91864320323831 66
91864320331056 91
91864387450359 23
91864387471573 66
91864387479222 91
91864454674338 23
91864454700071 66
91864454707649 91
91864528447194 23
91864528468626 66
91864595823990 91
91864595843179 23
91864595851093 66
91864663191923 91
91864663209431 23
91864663217288 66
91864663224490 91
91864730586620 23
91864730606884 66
91864730614602 91
91864797947057 23
91864797962813 66
91864797970209 91
91864856904317 23
91864856921393 66
91864856928960 91
91864923916456 23
91864923934276 66
91864923941765 91
91864991146085 23
91864991166067 66
91864991173592 91
91865058147446 23
91865058165210 66
91865058172656 91
91865125173703 23
91865125191417 66
91865192182310 23
91865192200242 66
91865192207858 91
91865259375796 91
91865259391804 23
91865326389128 66
91865326405153 91
91865326412415 23
91865400151650 66
91865400168760 91
91865400176186 23
91865400183140 66
91865467696173 91
91865467731257 23
91865467738734 66
91865534975049 91
91865535002058 23
91865602342154 66
91865602370343 91
91865669728491 23
91865669756342 66
91865669763666 91
91865737167475 23
91865737199168 66
91865737206880 91
91865817097280 23
91865817139043 66
91865817146675 91
91865869672595 23
91865869708711 66
91865869716419 91
91865929971586 23
91865930005438 66
91865930013124 91
91865997226506 23
91865997255502 66
91865997262860 91
91866064172456 23
91866064200788 23
91866064208468 66
91866064215384 91
91866131195837 23
91866131221868 66
91866131229550 91
91866198395521 23
91866198422389 66
91866198429950 23
91866198436840 66
91866198443713 91
91866339308088 91
91866339339942 23
91866339347668 66
91866406670717 91
91866406696189 23
91866406703674 66
91866474053138 91
91866474080192 23
91866474087498 66
91866541422377 91
91866541447346 23
91866541454881 66
91866608797196 91
91866608822565 23
91866608830305 66
91866676150112 91
91866676170633 23
91866676178152 66
91866734802935 91
91866734821937 23
91866734829685 66
91866801831463 91
91866801849073 23
91866801856347 66
91866868867222 91
91866868890562 23
91866936054220 66
91866936071223 91
91866936078764 23
91866936085708 66
91867002960097 91
91867002977915 23
91867070055882 66
91867070074816 91
91867137313722 23
91867137329824 66
91867137337434 91
91867137344878 23
91867211028294 66
91867211055160 91
91867278373029 23
91867278391121 66
91867278398612 91
91867345734295 23
91867345751721 66
91867345759330 91
91867413102422 23
91867413120312 66
91867413128072 91
91867480477929 23
91867480495312 66
91867480503016 91
91867547853108 23
91867547871179 66
91867547878814 91
91867606614087 23
91867606636631 66
91867606644227 91
91867674092411 23
91867674110535 66
91867674117955 91
91867740767584 23
91867740785736 66
91867740793235 91
91867816008687 23
91867816030755 66
91867875016024 23
91867875044648 66
91867875052279 91
91867942600376 91
91867942621131 23
91868009070942 66
91868009101040 91
91868009108519 23
91868076076260 66
91868076104093 91
91868150132681 23
91868150160870 66
91868150168254 91
91868217549637 23
91868217577993 66
91868217585405 91
91868217592435 23
91868285014820 66
91868285053298 91
91868352264009 23
91868352294075 66
91868352301622 91
91868352308717 23
91868419624951 66
91868419652808 23
91868419661041 66
91868419668222 91
91868545541464 23
91868545565992 66
91868545573427 91
91868612634698 91
91868612655821 23
91868679880616 66
91868679905627 91
91868679913223 23
91868679920446 66
91868747406384 91
91868747428283 23
91868813790113 66
91868813808122 91
91868880871801 23
91868880889368 66
91868880896987 91
91868948007657 23
91868948026816 66
91868948034585 23
91868948041923 66
91869089189723 91
91869156630252 91
91869156653064 23
91869156660654 66
91869156667881 91
91869224272384 23
91869224291319 66
91869291283149 91
91869291299858 23
91869291307387 66
91869358691755 23
91869358710524 66
91869358717987 91
91869417493783 23
91869417511874 66
91869417519409 91
91869484466779 91
91869551476289 23
91869551491631 66
91869551499168 91
91869618697448 23
91869618715714 66
91869618723251 91
91869685706028 23
91869685723930 66
91869685731510 91
91869752777212 23
91869752798258 66
91869752805932 91
91869819735326 23
91869819757476 66
91869819764967 91
91869893605223 23
91869893639177 66
91869960952889 91
91869960985526 23
91869960993220 66
91869961000328 91
91870028385961 23
91870028412660 66
91870028420173 91
91870095693522 23
91870095718631 66
91870095726204 91
91870163092287 23
91870163121506 66
91870163128973 91
91870230427432 23
91870230456908 66
91870289966632 91
91870289990287 23
91870289997760 66
91870356613960 91
91870356649802 23
91870423569483 66
91870423595019 91
91870423602517 23
91870490514264 66
91870490547168 91
91870557692886 23
91870557719939 66
91870557727792 91
91870624579668 23
91870624605325 66
91870624612514 91
91870691803492 23
91870691846058 66
91870691853683 91
91870758949908 23
91870758984600 66
91870758992162 91
91870832666625 23
91870832701102 66
91870832708697 91
91870900044797 23
91870900074402 66
91870900081885 91
91870967412833 23
91870967439708 66
91870967447095 91
91871034727534 23
91871034746062 66
91871034753726 91
91871102151900 23
91871102178635 66
91871102186725 91
91871169513291 23
91871169534948 66
91871169542230 91
91871228255333 23
91871228274344 66
91871295265708 91
91871295283403 23
91871295290811 66
91871362270307 91
91871362287490 23
91871362294757 66
91871429492297 91
91871429514182 23
91871496471566 66
91871496491150 91
91871496498811 23
91871496505914 66
91871563487419 91
91871563505716 23
91871563513382 66
91871630537056 23
91871630555172 66
91871630562817 91
91871704321558 23
91871704339050 66
91871704346577 91
91871839111631 91
91871839138605 23
91871839146267 66
91871839153309 91
91871906459492 23
91871906479442 66
91871906486735 91
91871973851095 23
91871973870498 66
91871973878157 91
91872041312645 23
91872041337360 66
91872041344890 91
91872100198057 91
91872100224679 23
91872100231999 66
91872167501740 91
91872167523677 23
91872234237746 66
91872234257861 91
91872234265386 23
91872301245617 66
91872301264585 91
91872368227202 23
91872368244690 66
91872368252300 91
91872368259525 23
91872435453080 66
91872435469683 91
91872502616900 23
91872502652622 66
91872502660654 91
91872569764432 23
91872569792009 66
91872569799438 91
91872636661008 23
91872636682766 66
91872636690517 91
91872636697583 23
91872710786269 66
91872710803399 91
91872778204969 23
91872778224221 66
91872845583380 91
91872845602877 23
91872845610529 66
91872912975075 23
91872912998306 91
91872971920649 23
91872971939235 66
91872971946557 23
91872971953903 66
91872971960913 91
91873039081900 23
91873039144375 66
91873039152519 91
91873106182003 23
91873106208140 66
91873173458778 91
91873173487904 23
91873173495260 66
91873240259170 91
91873240287677 23
91873240295313 66
91873240302643 91
91873307337461 23
91873307361733 66
91873307369065 91
91873374377784 23
91873374400329 66
91873374407904 91
91873441412999 23
91873441442930 66
91873515158860 91
91873515184208 23
91873515191639 66
91873582495854 91
91873582514143 23
91873649889052 23
91873649906339 66
91873717271338 23
91873717287655 66
