94086880874089 91
94086954303869 91
94087021629314 23
94087021661852 66
94087021670522 91
94087021677485 91
94087089018652 23
94087089051546 66
94087156376227 91
94087156407181 23
94087156414548 66
94087223811783 23
94087223841287 91
94087223848879 23
94087223855836 66
94087291143477 91
94087291172127 23
94087291179714 66
94087349951594 91
94087417314627 23
94087417344037 66
94087417351576 91
94087417358566 23
94087484097848 66
94087484129026 23
94087484136784 66
94087484143953 91
94087551088067 23
94087551115938 66
94087551123497 91
94087551130592 23
94087618104719 66
94087618129139 91
94087618136625 23
94087685311395 66
94087685338325 91
94087685345951 23
94087685353019 66
94087752323206 91
94087752349892 23
94087752357522 66
94087819529073 91
94087893334885 23
94087893359777 66
94087893367320 91
94087893374558 23
94087960721896 66
94087960750406 91
94087960758034 23
94088028104925 66
94088028132167 91
94088028139974 23
94088028146982 66
94088095471193 91
94088095494058 23
94088162860097 66
94088162890298 23
94088162898112 66
94088162905020 91
94088221895249 91
94088221931357 23
94088288876722 66
94088288906369 91
94088355833466 23
94088355855333 66
94088355862934 23
94088355870025 66
94088423056773 91
94088490144888 91
94088490177864 23
94088490185556 66
94088557087867 23
94088557121242 66
94088557128584 91
94088624534987 91
94088691262008 23
94088691289850 66
94088691297425 91
94088765073768 23
94088765101525 66
94088765109134 91
94088832438918 23
94088832468199 66
94088832475680 91
94088899856817 23
94088899890167 66
94088899897865 91
94088967217274 23
94088967246384 66
94088967254122 91
94089034557109 23
94089034581257 66
94089034588621 91
94089093631450 23
94089093661186 66
94089093668764 91
94089161654510 23
94089161678281 66
94089161685951 91
94089227800577 23
94089227834378 66
94089227842509 91
94089294755553 23
94089294778052 66
94089294785251 23
94089294792237 66
94089361935454 91
94089428954906 91
94089428979879 23
94089428988285 66
94089495990714 91
94089496018889 23
94089496026579 66
94089563047144 91
94089563073162 23
94089563080694 66
94089637666979 91
94089637699702 23
94089704153838 66
94089704182689 91
94089704190379 23
94089771530896 66
94089771558037 91
94089771565634 23
94089838915134 66
94089838942670 91
94089906569547 23
94089906600045 66
94089906607791 23
94089973666293 66
94089973694494 91
94090032524662 91
94090032549108 23
94090032556599 66
94090099541498 23
94090099575480 66
94090166718917 91
94090233729134 23
94090233756390 66
94090233764993 91
94090300722115 91
94090367832473 23
94090367864516 66
94090367872071 91
94090434930492 23
94090434958519 66
94090434966058 91
94090502036735 23
94090502067704 66
94090502075677 91
94090569026604 23
94090569058267 66
94090569065804 91
94090636204214 23
94090636235561 66
94090636242901 91
94090703246137 23
94090703277385 66
94090703284854 91
94090770371074 23
94090770402417 66
94090770410318 91
94090837565653 23
94090837594335 66
94090837601821 91
94090904446282 23
94090904473481 66
94090904481151 91
94090971438173 23
94090971468196 66
94090971475954 91
94091045421054 23
94091045446596 66
94091112845056 23
94091112912688 66
94091112920463 91
94091180252274 91
94091180277967 23
94091247588987 66
94091247613791 91
94091314961662 23
94091314992158 66
94091314999581 91
94091315006400 23
94091373914674 66
94091373939605 91
94091373946888 23
94091440925592 66
94091440950627 91
94091440958431 23
94091440965441 66
94091508414897 91
94091508446389 23
94091574975815 66
94091574994691 91
94091575002053 23
94091575009401 66
94091642468152 23
94091642493716 66
94091642501947 91
94091709111700 91
94091776949991 23
94091776970519 66
94091776978112 91
94091776985313 23
94091843295603 66
94091843316100 91
94091843323647 23
94091917126814 66
94091917146120 23
94091984479289 66
94091984497970 91
94092051860446 91
94092051878356 23
94092051886626 66
94092051893630 91
94092119301624 23
94092119330996 66
94092119338521 91
94092186679859 23
94092186712019 66
94092254051453 91
94092254083229 23
94092312887483 66
94092312916014 91
94092312923622 91
94092379866386 23
94092379896186 66
94092379903641 91
94092446914425 23
94092446941758 66
94092446949530 91
94092514089133 23
94092514124318 66
94092514131581 91
94092581037225 23
94092581064815 66
94092581072338 91
94092648120215 23
94092648155016 66
94092648162601 91
94092715144048 91
94092715174878 23
94092715182154 66
94092788927025 91
94092788958149 23
94092788965585 23
94092788972561 66
94092856266671 91
94092856295510 23
94092923610863 66
94092923636978 91
94092923644334 23
94092991029257 66
94092991063342 91
94092991071169 23
94092991078241 66
94093058437529 23
94093058470695 66
94093125760846 23
94093125790278 66
94093184757039 91
94093251910445 91
94093251940372 23
94093251948124 66
94093319115260 91
94093319142552 23
94093319150421 66
94093319157479 91
94093385727327 91
94093452812545 23
94093452841900 66
94093452849647 91
94093520119896 23
94093520152999 66
94093520160838 91
94093587082648 23
94093587114939 66
94093587122566 91
94093654127439 23
94093654161878 91
94093654169524 23
94093654176665 14
94093727991055 66
94093728025542 91
94093728033136 23
94093795352739 66
94093795380641 23
94093795388172 66
94093795395761 91
94093862770043 23
94093862798536 66
94093862806113 91
94093930116872 23
94093930143641 66
94093997508416 23
94093997536030 66
94093997544279 91
94094064866733 91
94094064899203 23
94094123643643 66
94094123670933 91
94094123678603 23
94094190614836 66
94094190644809 91
94094190652328 23
94094190659425 66
94094257712509 91
94094257751009 23
94094257758781 66
94094257765808 91
94094325041190 23
94094325074547 66
94094325082388 91
94094391807651 23
94094391832825 66
94094391840555 23
94094458746547 66
94094458765316 91
94094525923045 23
94094525941134 91
94094593207369 23
94094593226315 23
94094593233619 66
94094593240524 91
94094667073054 23
94094667102305 66
94094667109816 91
94094734453566 23
94094734477179 66
94094734485331 91
94094801897928 23
94094801929979 66
94094801940465 91
94094869232845 23
94094869262736 66
94094869270208 91
94094936678501 91
94094936710743 23
94094936718441 66
94094996476616 91
94094996503745 23
94094996511246 66
94095062519774 23
94095062547870 66
94095062555572 91
94095129544748 23
94095129577398 66
94095129585166 91
94095196768157 23
94095196799583 66
94095196807200 91
94095263852152 23
94095263885618 66
94095263893354 91
94095330862108 23
94095330885868 66
94095330893647 91
94095398153189 23
94095398185771 66
94095398193389 91
94095464905010 23
94095464939843 66
94095464947271 91
94095538793152 23
94095538817449 66
94095538825159 23
94095606165221 66
94095606193485 91
94095673560859 91
94095673588471 23
94095673596116 66
94095740916398 91
94095740946685 23
94095740954319 66
94095808329089 91
94095808355458 23
94095808362850 66
94095875682663 91
94095934365958 23
94095934390995 66
94095934398548 91
94096001315376 23
94096001333866 66
94096001341250 23
94096068512506 66
94096068532244 91
94096135491760 91
94096202523814 23
94096202544424 66
94096202552068 23
94096202559078 66
94096202566036 91
94096269521720 23
94096336756181 66
94096336775233 91
94096410482916 23
94096410504045 66
94096410513221 91
94096477851725 91
94096477871301 23
94096477878822 66
94096545205852 91
94096545222589 23
94096612652668 66
94096612683136 23
94096612690659 66
94096680010454 91
94096747404175 91
94096747434323 23
94096747442001 66
94096806291825 91
94096806318055 23
94096873805216 66
94096873830861 91
94096873838639 23
94096873845772 66
94096940357503 91
94097007370317 23
94097007394538 66
94097007402147 91
94097007409163 23
94097074528720 66
94097074563082 91
94097141583138 23
94097141616854 66
94097141624522 23
94097208525650 66
94097282282118 91
94097349657037 91
94097349690197 23
94097349697778 66
94097416984633 23
94097417015189 66
94097417022986 91
94097484360421 91
94097484392557 23
94097484400198 66
94097551759052 91
94097551794322 23
94097551802024 66
94097619118608 23
94097619147437 66
94097619155072 91
94097678034347 91
94097745219305 23
94097745282748 66
94097745290653 91
94097745297800 23
94097812112337 66
94097812145658 23
94097812153130 66
94097812160667 91
94097946225993 91
94097946255636 23
94097946263582 66
94098014060756 23
94098014094676 66
94098080483631 91
94098147508585 91
94098147539898 23
94098147547459 66
94098147554502 91
94098221327890 23
94098221356175 66
94098221363906 91
94098288696085 23
94098288723093 66
94098356073046 23
94098356101499 66
94098356109096 91
94098423435323 23
94098423460461 66
94098423467894 91
94098490866593 91
94098558214502 23
94098558246917 66
94098558254865 91
94098616938741 23
94098616994508 66
94098684000682 91
94098684022489 23
94098684030207 66
94098751217169 91
94098751253343 23
94098818223623 66
94098818253857 91
94098885180035 23
94098885207403 66
94098885214968 91
94098952370394 23
94098952395929 66
94098952403360 91
94099019394655 23
94099019423641 66
94099019431313 91
94099086442285 23
94099086475935 66
94099086483615 91
94099160415529 23
94099160442211 66
94099160449706 91
94099227793958 23
94099227822077 23
94099227829727 66
94099227836886 91
94099295194637 23
94099295217435 66
94099295224814 91
94099364618280 23
94099364647792 66
94099364655382 91
94099429916846 23
94099429942575 66
94099429950949 91
94099488844059 23
94099488865787 66
94099488873403 91
94099556018274 23
94099556038860 66
94099556046630 91
94099622894709 23
94099622927802 66
94099622935462 91
94099690098217 23
94099690126985 66
94099690134496 91
94099690141589 23
94099757133327 66
94099757161440 91
94099757169089 23
94099757176268 66
94099824127553 91
94099824156305 23
94099824164098 66
94099824171217 91
94099891116569 23
94099891143883 66
94099891151358 91
94099958270735 23
94099958297657 66
94100032130316 91
94100032158656 23
94100032166054 66
94100099596481 91
94100099623296 23
94100166912227 66
94100166942600 91
94100166950202 23
94100234252365 66
94100234273619 91
94100301646183 23
94100301671498 66
94100301679179 91
94100370037667 23
94100370059892 66
94100370067440 23
94100427715002 66
94100494722086 91
94100494742229 91
94100561777586 23
94100561799300 66
94100561806668 91
94100629044959 23
94100629080591 66
94100629088391 91
94100696020484 23
94100696048346 66
94100696055883 23
94100763032937 66
94100763062960 91
94100830057476 91
94100830086267 23
94100903877422 66
94100903910171 23
94100903917942 91
94100903925115 23
94100971201220 66
94100971227293 91
94100971234942 23
94101038602717 66
94101038627129 91
94101038634491 23
94101106002764 66
94101106030573 23
94101106038187 66
94101106045213 91
94101173353027 91
94101240755488 23
94101240777162 66
94101240785407 91
94101240792624 23
94101308080371 66
94101308100076 91
94101308107633 23
94101308114698 66
94101308121667 91
94101366828829 23
94101366846188 66
94101433642729 23
94101433664495 66
94101433672020 91
94101500722707 91
94101500742015 23
94101567803510 66
94101567821140 23
94101567828454 66
94101567835362 91
94101634997542 91
94101702305058 23
94101702339119 66
94101702346923 91
94101769092424 23
94101769128591 66
94101769136013 91
94101842931397 23
94101842960978 66
94101842968433 91
94101910323133 23
94101910353361 66
94101910361037 91
94101977712650 23
94101977743506 66
94101977751081 91
94101977758073 23
94102045111049 66
94102045140455 23
94102045148161 66
94102045155379 91
94102112469481 91
94102195483466 23
94102195515918 66
94102195523644 91
94102238576418 23
94102238642763 66
94102305548127 91
94102305580050 23
94102305587558 66
94102305594609 91
94102372704079 23
94102372730110 66
94102439755527 91
94102439786723 23
94102439794196 66
94102506778921 91
94102506808738 23
94102506816371 66
94102573760753 23
94102573789368 66
94102573797583 91
94102641172308 91
94102708215270 23
94102708249510 66
94102708257321 91
94102708264349 23
94102782065240 66
94102782097070 91
94102782105025 23
94102782112074 66
94102849409432 91
94102849437317 23
94102849445044 66
94102916781879 91
94102916803062 23
94102984181235 66
94102984201720 91
94102984209371 23
94103051518769 66
94103051537252 23
94103051545037 66
94103051552192 91
94103110386912 91
94103177407018 23
94103177424134 66
94103177431787 91
94103244885628 23
94103244910476 66
94103244918029 91
94103311504445 23
94103311525405 66
94103311533030 91
94103378691483 23
94103378709277 66
94103378716498 91
94103378723466 23
94103445616433 66
94103445637630 91
94103445644978 23
94103445652296 66
94103512629050 91
94103512650342 23
94103512657767 66
94103586431434 91
94103586454488 23
94103586462695 23
94103586469824 66
94103653728571 91
94103653747113 23
94103653754413 66
94103721077669 91
94103721095847 23
94103721103491 66
94103721110680 91
94103788652292 23
94103788689223 66
94103788696674 91
94103856008082 91
94103856044619 23
94103923295283 66
94103923329108 91
94103923336810 23
94103990659553 66
94103990686763 91
94103990694435 23
94104049245528 66
94104049271837 23
94104049279010 66
94104116444973 91
94104116471157 23
94104116478967 66
94104183488113 91
94104183520806 23
94104250508070 66
94104250538212 23
94104250546208 66
94104250553337 91
94104317584317 91
94104384710479 23
94104384737779 66
94104384745306 23
94104384752298 66
94104451813983 91
94104451840630 91
94104525514645 23
94104525546740 66
94104525554634 91
94104592833945 23
94104592863552 66
94104592871053 91
94104660222253 23
94104660244257 66
94104729778674 91
94104729802917 23
94104729810315 66
94104795021190 23
94104795050767 66
94104795058369 91
94104862391968 91
94104862420938 23
94104921235030 66
94104921257656 23
94104988247322 66
