89169483090889 91
89169617213813 23
89169617249236 66
89169617256898 91
89169684336707 91
89169751414828 23
89169751438083 66
89169751445572 91
89169825163352 23
89169825190765 66
89169825198216 91
89169894327792 23
89169894354780 66
89169894362550 91
89169959953435 23
89169959981844 66
89169959989469 91
89170027326297 23
89170027358131 66
89170027366157 91
89170094753111 23
89170094785213 66
89170094792780 91
89170162082312 23
89170162109425 66
89170220928005 91
89170220954146 23
89170220962057 23
89170220969154 66
89170287797058 23
89170287823871 91
89170354993002 23
89170355018629 66
89170355026263 91
89170421989892 23
89170422009779 66
89170422017379 91
89170491258722 23
89170491283459 66
89170556089214 91
89170556114581 23
89170556121953 66
89170623135411 91
89170623157012 23
89170623164600 66
89170696943264 91
89170696971666 23
89170696979195 66
89170764242559 91
89170764269654 23
89170764277048 66
89170831625740 23
89170831652754 91
89170831660362 23
89170899426219 66
89170899448684 91
89170899456362 23
89170899463452 66
89170966398617 91
89170966427122 23
89170966434910 66
89171033771108 23
89171033793388 66
89171033800953 91
89171092577083 91
89171159738064 23
89171159764959 66
89171226702443 91
89171226722460 23
89171226730715 66
89171293892249 91
89171293910865 23
89171293918545 66
89171360921194 91
89171360942192 23
89171428558865 66
89171428582675 91
89171495153787 23
89171495181218 66
89171495188988 91
89171562547162 23
89171562578197 23
89171629201104 23
89171629232483 91
89171696253665 23
89171696287796 91
89171763302894 23
89171763337490 14
89171763345053 23
89171763352156 66
89171763359178 91
89171836173957 91
89171903502185 23
89171903534307 14
89171903542122 66
89171903548969 91
89171970781659 23
89171970814433 23
89172031771825 66
89172031811485 91
89172099050782 91
89172165696213 23
89172165723153 14
89172165730815 23
89172165737883 66
89172232716705 91
89172299865474 23
89172299896647 66
89172299904186 91
89172366925090 23
89172366957528 66
89172366965209 91
89172433918956 23
89172433947978 66
89172507701457 23
89172575068751 66
89172575100836 91
89172575108530 23
89172642485380 23
89172642516882 66
89172642524713 91
89172709839620 23
89172709869303 66
89172709877017 91
89172777230822 23
89172777261321 66
89172844613070 91
89172844644566 23
89172844652425 66
89172903462400 23
89172903493630 91
89172903501455 23
89172970435378 66
89172970464457 91
89172970472058 23
89173037509057 66
89173037539464 91
89173037547118 23
89173104610347 66
89173104642514 23
89173104650092 66
89173171615413 91
89173238826202 23
89173238852774 66
89173305817339 91
89173305849949 91
89173379435880 23
89173379466771 66
89173446801768 91
89173446836279 23
89173507100866 66
89173507127885 91
89173507135476 23
89173507142446 66
89173574168846 91
89173574198395 23
89173641180437 66
89173641210791 91
89173641218770 23
89173708271511 66
89173708297421 91
89173708305304 23
89173775303342 66
89173775333251 91
89173775340860 23
89173843013980 66
89173843043221 91
89173843050798 23
89173916348410 66
89173916380668 23
89173916388280 66
89173916395400 91
89174051113144 23
89174051143707 91
89174051151390 23
89174051158443 66
89174118483234 91
89174118511775 23
89174118519857 66
89174177688122 91
89174177732177 23
89174177739934 66
89174244907611 91
89174244945383 23
89174244952934 66
89174314383960 91
89174314425688 23
89174378867602 66
89174378893542 91
89174453266253 23
89174453294200 66
89174453303001 91
89174520662003 23
89174520692467 66
89174520700165 91
89174588033702 91
89174647128734 23
89174647158104 66
89174647165732 23
89174647172919 66
89174714277039 91
89174714306686 23
89174781343371 66
89174781372733 23
89174781381032 66
89174855453182 91
89174924673106 91
89174924886568 23
89174924894712 66
89174990222655 91
89174990257552 23
89174990265073 66
89175057605486 91
89175057638138 23
89175057645883 66
89175057652991 91
89175124980868 23
89175125011948 66
89175125019742 91
89175183821066 23
89175183854390 66
89175250905986 23
89175250935545 66
89175250943044 91
89175317896944 91
89175384919636 23
89175384950294 66
89175384957798 91
89175451909590 23
89175451937860 66
89175451945642 23
89175519066269 66
89175519094520 91
89175601679412 91
89175659863247 23
89175659889090 66
89175659896527 91
89175727177087 23
89175727206433 66
89175727214032 91
89175794546938 23
89175794580298 66
89175794587831 91
89175861933391 23
89175861964521 66
89175861972217 91
89175929356595 23
89175929390516 66
89175929398295 23
89175929405808 66
89175929412770 91
89176064332549 91
89176064371906 23
89176064379833 66
89176122889710 91
89176122921399 23
89176189663748 66
89176189693866 23
89176189701395 66
89176266940821 91
89176323848122 23
89176323951380 66
89176323960233 91
89176390831937 91
89176390866279 23
89176466972922 66
89176467000608 91
89176525090498 23
89176525117396 66
89176525124907 91
89176592129219 23
89176592159902 66
89176592167439 91
89176670215736 23
89176670249274 66
89176726139350 91
89176726167988 23
89176726175770 66
89176793340913 91
89176793373986 23
89176860392225 66
89176860427447 91
89176860434955 23
89176935146155 66
89176935184176 91
89176935191797 23
89176994430724 66
89176994461872 91
89177061580575 23
89177061615855 66
89177061623309 91
89177139398652 23
89177139430065 66
89177139437653 91
89177195697755 23
89177195728249 66
89177195735657 91
89177262872482 23
89177262921804 66
89177262931083 91
89177335957843 23
89177335986714 66
89177335994503 91
89177403316842 23
89177403349068 23
89177403356689 66
89177403363717 91
89177471219320 23
89177471245266 66
89177538078518 23
89177538112231 66
89177538119772 91
89177605451257 23
89177605481812 91
89177672826591 23
89177672856561 66
89177672864343 91
89177740206837 23
89177740235561 66
89177740242996 91
89177808245749 23
89177808273624 66
89177866328271 91
89177866389531 23
89177866397811 66
89177933524065 23
89177933555036 66
89177933562650 91
89178000415916 23
89178067518250 66
89178067553771 91
89178134737345 23
89178134771340 66
89178134778931 91
89178201899364 91
89178268794003 23
89178268823556 66
89178268830997 91
89178268837928 23
89178335770239 66
89178335797617 91
89178409813121 23
89178409841493 66
89178409849227 23
89178477314960 66
89178477345237 91
89178544594478 91
89178544622838 23
89178612009251 66
89178612040345 23
89178679337245 66
89178679367984 91
89178738325169 91
89178805333481 23
89178805367530 66
89178805375232 91
89178872414692 23
89178872446042 66
89178939510525 23
89178939541498 66
89178939548949 91
89179006507678 91
89179006534757 23
89179006542421 66
89179073467556 23
89179073495142 66
89179140522869 91
89179208418999 91
89179208447134 23
89179281491709 66
89179281522224 23
89179281529902 23
89179281536920 66
89179348918393 91
89179416560642 91
89179416589402 23
89179483666450 66
89179483692674 91
89179483700343 23
89179551070691 66
89179551101076 91
89179609947657 23
89179609973864 66
89179609981590 91
89179677205137 23
89179677237488 66
89179677245385 91
89179744233623 23
89179744267142 66
89179744274965 91
89179811207543 91
89179878391865 23
89179878419320 66
89179878426968 91
89179945603343 23
89179945631782 66
89180012603024 91
89180012634271 23
89180012641832 66
89180079452292 91
89180079478727 23
89180079486276 66
89180079493439 91
89180153248613 23
89180153280331 66
89180153288699 91
89180220619957 23
89180220650394 66
89180288020154 23
89180288053695 66
89180288061534 91
89180355495320 91
89180422791705 23
89180422818325 66
89180422826425 91
89180490110329 23
89180490135022 66
89180490142909 91
89180550854514 23
89180550882347 66
89180550889975 91
89180616039653 23
89180616067303 66
89180683064649 91
89180683091687 23
89180683099488 66
89180750140731 91
89180750168662 23
89180817292067 66
89180817322478 91
89180884359893 23
89180884388660 66
89180884396356 91
89180884403778 23
89180951328652 66
89180951358060 91
89181018375054 23
89181018405613 66
89181018447239 91
89181092352963 23
89181092383164 66
89181159713243 91
89181159742207 23
89181159749772 66
89181159757154 91
89181227949684 23
89181227975694 66
89181294492205 91
89181294520530 23
89181361886686 66
89181361921786 91
89181420763374 23
89181420792144 66
89181420799832 23
89181420806945 91
89181487881458 23
89181487910659 66
89181554892337 91
89181554919185 23
89181554927170 66
89181622079687 91
89181622106762 23
89181688983686 66
89181689011016 91
89181756092842 23
89181756124853 66
89181756132575 91
89181823131022 23
89181823163859 66
89181890330446 91
89181890361942 23
89181890369908 66
89181890377011 91
89181964081288 23
89181964110360 66
89181964118227 91
89182031441789 23
89182031469715 66
89182098807882 91
89182098838628 23
89182098846165 66
89182166196908 91
89182233692530 23
89182233730130 66
89182233737619 91
89182300923871 23
89182300955000 23
89182300962735 66
89182300969775 91
89182359900854 23
89182359931797 91
89182427118261 23
89182427146782 66
89182427154525 91
89182493874461 23
89182560839702 23
89182560868740 66
89182560876532 91
89182628041603 23
89182628070860 66
89182695036613 91
89182695065778 23
89182695073597 23
89182762068412 66
89182762097080 91
89182762104704 23
89182829382444 66
89182829410540 91
89182903158481 23
89182903186212 91
89182970673566 23
89182970704213 14
89182970711867 23
89182970719001 66
89182970725911 91
89183038029601 23
89183105404636 91
89183105435653 23
89183105443115 14
89183172678900 66
89183172708652 91
89183231634217 23
89183231661682 91
89183231669314 23
89183231676328 14
89183298632080 23
89183298661802 66
89183298669400 91
89183365779214 23
89183365805585 66
89183365813289 91
89183432784689 23
89183432811261 66
89183432818868 91
89183499816055 23
89183499842730 66
89183499850476 91
89183566833369 23
89183566859635 66
89183566867345 91
89183634014033 23
89183634042680 66
89183634050149 91
89183701121594 23
89183701147844 66
89183701155484 91
89183774869974 23
89183774897680 66
89183842246842 91
89183842273744 23
89183909709198 66
89183909743325 23
89183909750916 66
89183909758051 91
89183977010555 23
89183977039476 66
89184044367136 91
89184044395524 23
89184044403357 66
89184111768987 91
89184111795929 23
89184170566402 66
89184170594742 91
89184170602452 23
89184237537390 66
89184237566540 91
89184304599514 91
89184304627811 23
89184371707051 66
89184371740334 23
89184371748102 91
89184438902978 23
89184438930793 66
89184438938405 91
89184506117244 23
89184506148562 66
89184506156391 91
89184572960537 23
89184572988535 66
89184640006642 91
89184640038659 23
89184640075992 66
89184714065708 91
89184714108000 23
89184714115513 66
89184781417242 91
89184781449774 23
89184781457297 66
89184848710902 91
89184848744071 23
89184916080048 66
89184916110398 91
89184983496346 23
89184983526840 66
89185042341184 23
89185042372350 66
89185109325560 91
89185176528787 23
89185176557072 66
89185243570076 91
89185310585648 91
89185377584848 23
89185377614224 23
89185377621946 66
89185377628904 91
89185444899960 23
89185444929730 66
89185444937064 91
89185511918733 23
89185511950068 66
89185511957904 91
89185585670865 23
89185585702534 66
89185653067628 23
89185653096306 66
89185653103909 91
89185720410351 23
89185787807166 66
89185787833981 91
89185855225306 91
89185855255246 23
89185855262873 66
89185922603129 91
89185922630179 23
89185922638133 66
89185922645336 91
89185981396221 23
89185981430608 66
89186048339830 91
89186048374892 23
89186115396250 66
89186115424334 23
89186115431799 66
89186115438690 91
89186249518114 91
89186249547088 23
89186249554939 66
89186316688678 91
89186383596726 23
89186383626608 66
89186383634214 91
89186457400520 23
89186457430752 66
89186524811208 91
89186524835406 23
89186524843112 66
89186592156222 23
89186592187101 91
89186592194939 23
89186659655460 66
89186659683883 91
89186727051529 23
89186727084666 66
89186727092350 91
89186794380556 23
89186794409093 66
89186794416885 91
89186853241536 23
89186853270043 66
89186853277999 91
89186920110495 23
89186920136902 66
89186920144521 91
89186987252409 23
89186987278612 66
89186987286290 91
89187054315949 23
89187054343846 66
89187054352787 91
89187121442310 23
89187121471133 66
89187121478891 91
89187188448241 23
89187188476410 66
89187255491671 91
89187255519934 23
89187255527690 66
89187322704222 23
89187322735302 66
89187322742875 91
89187396764572 91
89187463935510 23
89187463969116 66
89187463976806 91
89187531291103 23
89187531322479 66
89187598679904 91
89187598705032 23
89187666062029 66
89187666091887 91
89187724944084 23
89187724972102 66
89187724979717 23
89187724986701 66
89187792121294 91
89187859134947 23
89187859162752 66
89187859170554 91
89187926252475 91
89187993165091 23
89187993195127 66
89188060280361 91
89188060313478 23
89188060320873 66
89188127407909 91
89188127437802 23
89188203928218 66
89188203965766 91
89188203973714 23
89188268231729 66
89188268259799 23
89188268267229 66
89188268274272 91
89188403660286 23
89188403691350 66
89188403699148 91
89188470350684 91
89188537745682 23
89188537773847 66
89188537781594 91
89188605107575 23
89188605137140 66
89188672925609 23
89188672968856 66
89188672979587 91
89188730930272 91
89188798104477 23
89188798133255 66
89188865137446 91
89188865168546 23
89188932146439 66
89188932175915 91
89188932183778 23
89188932190760 66
89189007285559 23
89189007314280 66
89189007321925 91
89189066257257 91
89189133335901 23
89189133364428 66
89189133372011 91
89189200354589 23
89189200384691 66
89189279252941 23
89189279281717 66
89189334545882 91
89189401563200 91
89189468762500 23
89189468788065 66
89189468795732 91
89189535961714 23
89189535989227 66
89189535996642 23
89189609497680 66
89189609528198 91
89189676862952 91
89189676892798 23
89189744240919 66
89189744272407 91
89189744280531 23
89189811799411 66
89189811832074 23
89189880072198 66
