107261354956881 91
107261430087704 91
107261430122439 23
107261430129982 66
107261430137175 91
107261489251750 23
107261489283496 66
107261489291035 23
107261556270082 66
107261556301751 91
107261556309512 23
107261556316972 66
107261623198424 91
107261702503421 23
107261702535440 66
107261702543128 91
107261766135990 91
107261766170974 23
107261766178412 66
107261766185419 91
107261824459522 23
107261824497278 66
107261824504992 23
107261824512051 66
107261824519057 91
107261891453649 91
107261891484035 23
107261969754213 66
107261969786165 91
107261969793807 23
107261969800982 23
107261969807894 66
107262025768337 23
107262025802088 66
107262025809710 91
107262092719658 23
107262092753371 91
107262092760964 23
107262092768190 66
107262171722996 23
107262171755596 66
107262171763604 91
107262226935808 23
107262226968909 66
107262226976862 91
107262226983941 23
107262293964491 66
107262294006575 91
107262373014439 91
107262373043314 23
107262373051034 23
107262373058175 66
107262373065364 91
107262428042423 23
107262428073404 66
107262428081190 23
107262505119865 66
107262505160926 91
107262505172421 23
107262562196111 66
107262562226971 91
107262562234533 91
107262629217850 23
107262629248498 23
107262629256153 66
107262629263264 91
107262701906772 23
107262701935964 66
107262701943425 91
107262701950409 23
107262701957389 66
107262763513375 91
107262763545077 23
107262763552412 66
107262763559561 23
107262763566529 66
107262830388266 91
107262830419080 91
107262830426760 23
107262908216901 66
107262908249443 91
107262908256937 23
107262908263909 66
107262964618302 23
107262964650193 66
107262964657961 91
107263031642530 23
107263031676923 66
107263031684596 91
107263104797209 23
107263104830805 66
107263165870219 91
107263165904127 23
107263232910802 66
107263232947760 91
107263311532364 91
107263311568722 23
107263311576475 66
107263311583384 23
107263367067178 66
107263367111660 91
107263434035903 23
107263434067737 66
107263434075580 91
107263501082559 91
107263501112679 23
107263501120417 66
107263501127560 91
107263576625350 23
107263576662617 66
107263576670325 23
107263576677292 66
107263635293583 91
107263635324155 91
107263702415448 23
107263702457299 66
107263702466260 91
107263702473395 23
107263780694441 66
107263780734021 23
107263780741638 66
107263780748759 91
107263837198529 23
107263837228525 66
107263837235993 91
107263903592845 23
107263903626546 66
107263903633831 91
107263970560433 23
107263970591605 66
107264037542087 91
107264037571184 91
107264104664540 23
107264104693830 66
107264104701602 91
107264183889400 23
107264183919973 66
107264183927381 23
107264183934403 66
107264183941359 91
107264238811440 91
107264238843360 23
107264315787642 66
107264315818585 91
107264315826408 23
107264315833548 66
107264378762830 23
107264378791480 66
107264378799104 91
107264451146322 91
107264451178607 23
107264451186114 66
107264451193045 91
107264507259189 23
107264507290373 66
107264507297822 91
107264507304717 23
107264574405380 66
107264574439533 91
107264574447259 91
107264574454333 23
107264653108003 66
107264653141410 91
107264653149001 23
107264653156098 66
107264708467837 23
107264708508900 66
107264708516439 91
107264708523571 23
107264708530573 66
107264775318064 23
107264775348764 66
107264775356671 91
107264842506681 23
107264842542049 66
107264842549767 91
107264920337471 23
107264920372471 66
107264920380006 91
107264976514674 23
107264976550619 66
107264976558122 91
107265044035992 91
107265044105401 23
107265044116703 66
107265133816134 91
107265133852069 23
107265133859739 66
107265177750175 91
107265177783317 23
107265177791172 66
107265177798761 91
107265244907262 23
107265244938625 66
107265244945937 23
107265244952987 91
107265244960003 23
107265311872975 66
107265311908438 23
107265311916172 66
107265389709767 91
107265389742472 91
107265389750047 23
107265446119125 66
107265446162821 91
107265446170454 23
107265446178102 66
107265513207663 23
107265513237003 66
107265513244425 91
107265589626569 23
107265589658815 66
107265589666324 91
107265647276084 91
107265647312710 23
107265647320301 66
107265647327190 91
107265714245193 23
107265714305071 66
107265714312982 23
107265714320145 66
107265792898060 91
107265848431292 23
107265848458385 66
107265848465968 91
107265994739350 23
107265994771600 91
107265994779005 23
107265994785892 66
107266057871708 23
107266057915585 66
107266057922955 91
107266116712894 23
107266116741839 66
107266116749326 91
107266183730849 23
107266183762657 66
107266183770150 91
107266262000430 23
107266262034414 66
107266262041969 91
107266318027426 23
107266318069404 66
107266318077046 91
107266384874298 91
107266384903843 23
107266458540927 66
107266458571103 23
107266458578570 66
107266458585594 91
107266525960548 23
107266525993975 66
107266526001512 91
107266593413571 23
107266593448680 66
107266593456455 91
107266660685750 91
107266728071793 23
107266728104255 66
107266728111747 23
107266728118890 66
107266795531923 91
107266862838175 23
107266862872501 91
107266862880136 23
107266862887155 66
107266862894440 23
107266862901338 66
107266921515292 91
107266921619263 23
107266921630300 91
107266921637535 23
107266988714166 66
107266988743083 23
107266988750872 91
107267055915224 23
107267055945919 66
107267055953591 91
107267055960575 23
107267055967336 66
107267122681258 23
107267122715343 66
107267122722950 91
107267189660607 91
107267189691552 23
107267189698753 66
107267189705810 91
107267256881603 23
107267256911150 66
107267256918643 91
107267256925719 23
107267323891390 66
107267323923882 91
107267323931566 23
107267323938626 66
107267397702384 23
107267397742058 66
107267397749931 91
107267465061316 23
107267465096807 66
107267465104199 91
107267532416267 91
107267532450499 23
107267532457939 66
107267532464833 91
107267532471980 23
107267599889619 66
107267599921584 91
107267599929083 23
107267599936000 66
107267659232236 91
107267659265055 23
107267659272709 66
107267659279681 23
107267659286703 66
107267736481436 91
107267793441516 91
107267793479580 23
107267793487135 66
107267793494179 91
107267860474146 23
107267860506177 66
107267860513804 23
107267860520766 66
107267938390419 91
107267994767371 91
107267994805998 23
107267994813801 23
107267994820990 66
107268061629634 23
107268061668111 66
107268061675659 91
107268128720820 91
107268128781734 23
107268128789810 66
107268205555803 23
107268205593703 66
107268205601329 91
107268262887002 23
107268262920189 66
107268262927680 91
107268329859556 23
107268329894532 66
107268405744341 91
107268405781518 91
107268464110377 23
107268464140773 23
107268464148417 66
107268464155799 91
107268464162624 23
107268464169576 66
107268531121848 91
107268531153396 23
107268531161064 66
107268608925553 23
107268608956401 91
107268608964218 23
107268608971417 66
107268665272606 91
107268665304786 23
107268665312254 66
107268665319246 23
107268665326162 66
107268665333295 91
107268732413060 23
107268732444286 66
107268732452119 91
107268810793779 23
107268810828922 23
107268810836586 66
107268873778969 91
107268873811237 23
107268873819581 66
107268941148880 91
107268941181697 91
107269008522297 23
107269008557128 66
107269008564542 91
107269008571641 23
107269008578546 23
107269075912604 66
107269075945438 23
107269075953079 66
107269075960255 91
107269143311961 23
107269143342552 66
107269143350572 91
107269201790875 23
107269201827914 66
107269268786424 91
107269268820097 23
107269268827487 66
107269268834469 91
107269335849080 91
107269335881591 23
107269402905775 66
107269402937023 23
107269402944556 66
107269402951578 91
107269469914819 23
107269469951831 66
107269545378814 91
107269604148322 23
107269604218447 66
107269604226871 91
107269604234018 23
107269604240859 66
107269678218448 91
107269745591334 23
107269745632581 66
107269745640113 91
107269812940279 91
107269812972113 23
107269812979523 66
107269812986479 23
107269880281621 66
107269880320450 91
107269947677878 23
107269947711888 66
107270006555654 91
107270006602731 23
107270073632117 66
107270073664109 91
107270140645532 23
107270140684996 66
107270140692788 91
107270207682271 23
107270207716561 66
107270274779011 91
107270274813211 23
107270341850577 66
107270341881617 91
107270408887664 91
107270408926768 23
107270408934351 66
107270408941365 23
107270408948269 66
107270408955156 91
107270482492437 91
107270482521906 23
107270543155988 66
107270543196984 91
107270543206493 23
107270610152175 66
107270610188129 23
107270610195821 66
107270610203557 91
107270677179805 91
107270677221044 23
107270677228436 66
107270744424098 23
107270744478603 66
107270744487232 91
107270811283111 23
107270811313125 91
107270878353539 23
107270878388289 66
107270878395840 23
107270878402869 66
107270945576196 91
107270945609788 23
107270945618031 91
107271019573725 23
107271019618917 66
107271019626561 91
107271019633710 23
107271086755650 66
107271086790672 23
107271086798273 66
107271086805151 91
107271154146042 23
107271154177453 66
107271232260231 91
107271288920208 23
107271288955888 66
107271288963479 91
107271347845337 91
107271347874485 23
107271347881841 66
107271414978515 23
107271415052852 66
107271415060809 91
107271482110102 23
107271482140240 66
107271482147830 91
107271548976850 23
107271549011707 66
107271616066525 91
107271616100666 23
107271616108208 66
107271683220239 91
107271683253958 91
107271750282707 23
107271750316027 66
107271750323609 91
107271750330649 23
107271817297503 66
107271817333315 23
107271817340939 66
107271817348058 91
107271891111087 23
107271891144860 66
107271891152467 91
107271958472893 23
107272025889270 66
107272025922481 91
107272093242023 23
107272093275848 91
107272093283717 23
107272093290576 66
107272160614448 23
107272160649323 66
107272160657160 91
107272160664204 23
107272160671162 66
107272227999318 91
107272286833569 91
107272286870309 23
107272286877910 66
107272353838927 91
107272353884415 23
107272353892915 66
107272353899893 23
107272353906873 66
107272420866833 91
107272487957426 23
107272487987922 66
107272487995192 91
107272560635615 23
107272560672226 66
107272560679916 91
107272622065746 23
107272622106348 66
107272622113725 91
107272689197734 23
107272689229057 66
107272689237495 91
107272756457668 23
107272830223497 66
107272830259505 91
107272897549994 91
107272897583021 23
107272897590373 66
107272897597666 23
107272897604634 66
107272967244394 91
107272967289858 23
107272967300301 66
107273024571025 91
107273091474890 23
107273091509124 66
107273091517476 91
107273158487813 91
107273158515976 23
107273235672631 66
107273235710588 91
107273235718081 23
107273235724991 66
107273293038683 91
107273293070459 23
107273293077877 66
107273293084783 91
107273359782221 23
107273359827371 66
107273359835055 91
107273359842007 23
107273437764611 66
107273437794477 23
107273437801964 66
107273437809045 91
107273493939836 91
107273494001506 23
107273494009997 66
107273561183164 91
107273561218520 23
107273561226364 66
107273561233656 23
107273627980617 66
107273628015979 91
107273628023460 23
107273628030466 66
107273695069543 91
107273762135670 23
107273762168851 66
107273762176577 91
107273829661783 91
107273829724481 23
107273829735247 23
107273829745964 66
107273896410604 23
107273896450995 66
107273896458542 91
107273963469830 23
107273963502116 66
107273963509689 91
107274030386895 23
107274030423031 66
107274164609015 91
107274164642277 91
107274231678592 23
107274231711888 66
107274231719663 23
107274231726582 66
107274231733578 91
107274305644905 91
107274305677867 23
107274366075054 66
107274366113242 91
107274366120829 23
107274366127807 66
107274432894676 91
107274511864425 23
107274511899123 66
107274511906809 91
107274567024890 23
107274567056804 66
107274567064148 91
107274643839457 23
107274643874682 66
107274643882012 91
107274706425323 23
107274706462103 66
107274706469427 91
107274779178678 23
107274779216915 66
107274779224564 91
107274835298032 91
107274835328804 23
107274902334821 66
107274902368242 23
107274902375842 66
107274902382888 91
107274981045812 91
107274981074852 23
107274981082880 66
107275036505716 23
107275036535265 66
107275036542959 91
107275103559646 23
107275103595285 66
107275103621541 91
107275182374410 91
107275182407410 23
107275237658557 66
107275237693177 91
107275237700893 23
107275314275021 66
107275314310267 91
107275314317776 23
107275314324846 91
107275314331824 66
107275384392077 23
107275384428117 66
107275384435845 23
107275384442851 66
107275439272133 91
107275439320614 91
107275514479266 23
107275514521769 66
107275514529837 91
107275514536996 23
107275573082121 66
107275573121128 91
107275573128605 23
107275640151489 66
107275640186209 23
107275640193712 66
107275640200742 91
107275717769122 23
107275717830986 66
107275774385548 91
107275774420804 23
107275774428528 66
107275841387668 91
107275841427731 23
107275919602866 66
107275919639258 91
107275919646950 23
107275919653889 66
107275982586312 91
107275982628640 91
107276042440810 23
107276042472694 66
107276042480404 23
107276042487583 66
107276042494674 91
107276109570029 91
107276109607159 23
107276109614540 66
107276176818801 23
107276176849165 66
107276176856549 91
107276243619125 91
107276243650480 23
107276243658108 66
107276243665404 91
107276322752932 23
107276322783553 66
107276322791167 23
107276322798203 66
107276385448442 91
107276385482517 91
107276385490034 23
107276444893106 66
107276444922947 91
107276444930651 23
107276444937757 23
107276444944743 66
107276511849822 91
107276511880383 23
107276511887952 66
107276590007535 23
107276590041242 66
107276590049051 91
107276646069600 91
107276646104528 23
107276713177629 66
107276713210424 23
107276713218052 66
107276713225106 91
107276780087829 23
107276780120324 66
107276780127821 91
107276847328698 23
107276847363278 66
107276847370998 91
107276914328854 23
107276914363126 66
107276914370671 91
107276981514038 23
107276981566943 66
107277059230476 91
107277115429922 91
107277115459479 23
107277115467026 66
107277115473964 91
107277182542263 23
107277182575644 66
107277182583185 91
107277182590189 23
107277249832957 66
107277249868277 23
107277249875977 91
107277249883213 23
107277316633527 66
107277316666159 23
107277316674386 66
107277316681374 91
107277383826243 23
107277383866109 66
107277383873841 91
107277462603543 23
107277462637363 66
107277462644747 91
107277584997330 23
107277585031053 91
107277585038713 23
107277585045761 66
107277585052699 91
107277652065549 23
107277652104339 66
107277652112496 91
107277652119516 23
107277719183171 66
107277719216268 91
107277719223509 23
107277786084381 66
107277786117959 91
107277786125559 23
107277786132621 66
107277853408718 23
107277853443434 66
