94301768009104 91
94301826280500 23
94301826298829 66
94301893299807 91
94301960303689 23
94301960321038 66
94301960328229 91
94302027491545 23
94302027508874 66
94302094527061 91
94302161591066 23
94302161616473 66
94302161624067 91
94302302442429 91
94302302466135 23
94302302473744 66
94302369853497 91
94302369882062 23
94302437256892 66
94302437292121 23
94302437300090 66
94302437307119 91
94302572102747 23
94302572132576 66
94302572140278 91
94302698178603 23
94302698213088 66
94302698220677 91
94302765214183 91
94302765244480 23
94302832377419 66
94302832411916 23
94302832419407 91
94302899332270 23
94302899364484 66
94302966401887 23
94302966433695 66
94302966441172 91
94303100617598 91
94303100645970 23
94303100653463 66
94303167831807 23
94303167856955 66
94303167864221 91
94303234629281 23
94303308906577 66
94303308929691 91
94303376270345 91
94303376286944 23
94303443654940 66
94303443673385 23
94303443680990 66
94303511019938 91
94303578410027 23
94303578426658 66
94303578434092 91
94303704025636 23
94303704043418 66
94303704050997 91
94303771213812 23
94303771231757 66
94303838294243 91
94303838316352 23
94303905295835 66
94303905320802 91
94303972318627 91
94303972338862 23
94304039527665 66
94304039547832 23
94304039555423 66
94304113266457 91
94304180616923 23
94304180637557 66
94304180644995 91
94304315501965 23
94304315541621 66
94304315549490 91
94304382826355 91
94304382855476 23
94304450174532 66
94304450197115 23
94304450204489 66
94304508968725 91
94304576252906 23
94304576287656 66
94304576295365 91
94304643073892 23
94304643101689 66
94304710039458 91
94304777281726 23
94304777307491 66
94304777314881 91
94304911287246 23
94304911321705 66
94304911329684 91
94304985417155 91
94304985446163 23
94305052396750 66
94305052425617 23
94305119769167 66
94305119793037 91
94305187205622 23
94305187245874 66
94305187253297 91
94305254515021 23
94305321916173 66
94305321946140 91
94305380745185 91
94305447858783 23
94305447892260 66
94305447900546 23
94305514817701 66
94305514839218 91
94305582018522 23
94305582041173 66
94305582048668 91
94305649032529 91
94305716123589 23
94305716145886 66
94305783056605 23
94305783078836 66
94305783086695 91
94305850317032 23
94305850339718 66
94305924069823 91
94305991508227 23
94305991531939 66
94305991539456 91
94306126547514 23
94306126573473 66
94306126581108 91
94306193801127 23
94306193824840 66
94306193832683 91
94306319797176 23
94306319821966 66
94306319829637 91
94306386750587 23
94306386777396 23
94306386784895 66
94306386792181 91
94306520811658 91
94306520841595 23
94306520849122 66
94306588367425 23
94306588390191 66
94306655046585 91
94306722134774 23
94306722174929 66
94306856278950 91
94306923358184 23
94306923386645 66
94306990389345 91
94307057566469 23
94307057601929 66
94307131156439 91
94307197994293 23
94307198026767 66
94307198036277 91
94307265357238 23
94307265384967 66
94307332737881 91
94307400185640 23
94307400214137 66
94307400221634 91
94307467514808 91
94307534915425 23
94307534945078 66
94307602262296 23
94307602292382 66
94307602300374 91
94307661068586 23
94307732976796 66
94307733011927 91
94307795328709 23
94307795356841 66
94307795364385 91
94307870230258 23
94307870261452 66
94307937791222 91
94308004433179 23
94308004459492 23
94308004467093 66
94308071801847 91
94308130828704 23
94308130861360 66
94308197576862 91
94308264546706 23
94308331597174 66
94308331628626 91
94308398924184 23
94308398955360 66
94308465911040 91
94308465960410 23
94308532901215 66
94308532933352 91
94308606622688 23
94308606649876 66
94308606657302 91
94308674484969 23
94308741380801 66
94308741412967 91
94308808775863 23
94308808806054 66
94308808813344 91
94308945905588 91
94308945938011 23
94308945945755 66
94309002387443 23
94309002418923 66
94309002426637 91
94309143544628 23
94309143574237 66
94309143581923 91
94309210905791 91
94309278353363 23
94309278382882 66
94309345689664 23
94309345720553 66
94309345728015 91
94309413071749 23
94309413102333 66
94309413110295 91
94309480459542 23
94309538908049 66
94309538938855 91
94309605886459 23
94309605913870 66
94309605921576 91
94309673081515 23
94309740110055 66
94309740138992 91
94309807109121 23
94309807135980 66
94309874214237 91
94309941293734 23
94309941325343 66
94309941332920 91
94310015344014 91
94310015376239 23
94310082727752 66
94310082759940 23
94310082767467 66
94310150255095 91
94310218062619 23
94310218106799 66
94310218114408 91
94310284837322 23
94310343656627 66
94310343688758 91
94310410832038 23
94310410858065 66
94310410865847 91
94310477902987 23
94310477938021 66
94310544773180 91
94310611897884 23
94310611924262 66
94310679068355 91
94310746083125 23
94310746116678 66
94310813144404 91
94310887033115 23
94310887065092 66
94310954384347 91
94311021767397 23
94311021794564 66
94311021802114 91
94311156537560 23
94311156572587 66
94311156580435 91
94311223994748 23
94311224028083 66
94311224035948 91
94311349628676 23
94311349659066 66
94311349666786 91
94311416687097 23
94311483907258 66
94311483941353 91
94311551097837 91
94311551127776 23
94311551135427 66
94311617842939 23
94311617870428 66
94311617878203 91
94311758735395 23
94311758767329 66
94311758775035 91
94311826089520 23
94311826117942 66
94311893533647 91
94311960837275 23
94311960865371 66
94312028285177 91
94312095629416 23
94312095653896 66
94312154588382 91
94312221505401 23
94312221535598 66
94312221543088 91
94312355602585 91
94312355633656 23
94312355641425 66
94312422749644 23
94312422779738 66
94312490008514 91
94312557137953 23
94312557165014 91
94312624817200 23
94312624848175 66
94312624855905 23
94312624862963 91
94312697851247 23
94312697888558 66
94312697896389 23
94312765211211 66
94312765247143 91
94312832544137 23
94312832573833 66
94312899977816 91
94312967373979 23
94312967409414 66
94312967416852 91
94313026316628 23
94313026351323 66
94313093351076 91
94313167372755 23
94313167405362 66
94313167412947 91
94313234818982 91
94313302126509 23
94313302156170 66
94313369479378 23
94313369511331 66
94313369519401 91
94313428902821 91
94313495801676 23
94313495840437 66
94313495848143 23
94313562879001 66
94313562911376 91
94313630090426 23
94313630122829 66
94313697280839 91
94313763967283 91
94313763996510 23
94313764004111 66
94313831048379 23
94313831082098 66
94313831090140 91
94313898042069 23
94313965289483 66
94313965321309 91
94314039135324 23
94314039168797 66
94314039176280 91
94314106456118 23
94314174201259 66
94314174232757 91
94314241528474 91
94314308861611 23
94314308889806 66
94314367636304 23
94314367667189 66
94314367675265 91
94314435420197 23
94314435450598 66
94314502451187 91
94314502495705 23
94314569174197 66
94314569206560 91
94314636542791 23
94314636576101 66
94314636583564 91
94314703022175 23
94314769973142 66
94314770002087 91
94314837251256 23
94314837289471 66
94314837298562 91
94314978237693 23
94314978268857 66
94314978276193 91
94315045576188 23
94315045605146 66
94315045612713 91
94315180315125 23
94315180345682 66
94315180353277 91
94315247662485 23
94315247685690 66
94315306620683 91
94315373692994 23
94315373715271 66
94315373723104 91
94315440749162 91
94315507734425 23
94315507771012 66
94315507778597 23
94315574818969 66
94315574852134 91
94315642006021 23
94315642033991 66
94315709095083 91
94315775982696 23
94315776040251 66
94315776048045 91
94315849950614 23
94315917253162 66
94315917276762 91
94315984668927 91
94315984697045 23
94316052047179 66
94316052070561 23
94316052078285 66
94316119402106 91
94316186811860 91
94316186844434 23
94316186852303 66
94316245503485 23
94316245530984 66
94316245565895 91
94316312424802 23
94316312454138 66
94316379629986 91
94316446682905 23
94316446714238 66
94316446721759 91
94316521589358 23
94316521621910 66
94316589324621 91
94316648229736 23
94316648258514 66
94316714946466 91
94316782013786 23
94316782045437 66
94316782052821 91
94316849070646 23
94316849119753 66
94316849131343 91
94316916045933 23
94316916080585 66
94316985389164 91
94317050306657 23
94317050339105 66
94317117313835 91
94317191167534 23
94317191192268 66
94317191199783 91
94317258517105 23
94317258545169 66
94317326095288 91
94317393277776 23
94317393301655 66
94317393309445 91
94317460632806 23
94317519570825 66
94317519587886 91
94317586869398 23
94317586906150 66
94317586913836 91
94317653883302 23
94317653910633 66
94317653918148 91
94317788166682 23
94317788195167 66
94317788202786 91
94317922052140 23
94317922081582 66
94317922089511 91
94317989181528 91
94317989210938 23
94318062971471 66
94318063006409 91
94318130263344 23
94318130291911 66
94318197641001 23
94318197666230 66
94318197673728 91
94318265035483 91
94318332436330 23
94318332467623 66
94318332475237 23
94318399789715 66
94318399821806 91
94318458618638 23
94318458646668 66
94318525744728 91
94318592769267 23
94318592796794 66
94318592804585 91
94318659782011 23
94318659814722 66
94318793959073 91
94318861024052 23
94318861054335 66
94318936623257 91
94319001973008 23
94319002003189 66
94319002011299 91
94319069402023 91
94319136768050 23
94319136801642 66
94319204161946 23
94319204193882 66
94319204201518 91
94319271518207 23
94319271550833 66
94319338874220 91
94319397485687 23
94319397512645 66
94319465436149 91
94319531612960 23
94319531639965 66
94319598601124 91
94319665922890 23
94319665955959 66
94319732778367 91
94319799909083 23
94319799942888 66
94319799950385 91
94319873696254 23
94319941096892 66
94319941129611 91
94320008548559 23
94320075921875 66
94320075955525 91
94320210596981 23
94320210628326 66
94320210636100 91
94320269528476 23
94320269559564 66
94320336476412 91
94320403519588 23
94320403546582 66
94320403554171 91
94320470496748 23
94320470527496 66
94320537701769 91
94320604737698 23
94320604974121 66
94320671755223 91
94320739181621 23
94320739208454 66
94320812794351 91
94320880238729 23
94320880272619 66
94320880280550 91
94320947585285 23
94321014934210 66
94321014967592 91
94321082368432 23
94321082404649 66
94321082412339 91
94321208483389 23
94321208518767 66
94321208526238 91
94321275470436 23
94321275501284 66
94321342454583 91
94321409462937 91
94321409491388 23
94321409498788 66
94321476639904 23
94321476664742 66
94321476671953 91
94321610849995 23
94321610880145 66
94321610887656 91
94321684524594 91
94321751971413 23
94321752000481 66
94321752008082 23
94321819363987 66
94321819394001 91
94321954085571 23
94321954119957 91
94321954127605 23
94321954134714 66
94322021416400 91
94322021443668 23
94322021451189 66
94322088808301 23
94322088837894 66
94322088845618 91
94322147268592 23
94322214177515 66
94322214197837 91
94322281478395 23
94322281517673 66
94322348413135 91
94322415490557 91
94322415521976 23
94322415529387 66
94322482511538 23
94322482541151 66
94322556225422 91
94322623620348 23
94322623644679 66
94322623652196 91
94322691007332 23
94322758383525 66
94322758415265 91
94322825821515 91
94322825859086 23
94322893110882 66
94322893134115 23
94322893141704 66
94322951995773 91
94323018962423 23
94323018981569 66
94323018988965 91
94323086242429 91
94323153189586 23
94323153208389 66
94323153215934 23
94323220218108 66
94323220245076 91
94323287434823 23
94323287464756 66
94323287472261 91
94323421486274 23
94323421519930 66
94323421527276 91
94323495590883 23
94323495622163 66
94323495630071 91
94323630117585 23
94323630148916 66
94323630156441 91
94323697983639 23
94323698006674 66
94323764898419 91
94323832254404 23
94323832284814 66
94323832292357 91
94323891111714 23
94323891149166 66
94323891156827 91
94323958017607 23
94324025085677 66
94324025114104 91
94324092240913 23
94324092260284 66
94324092267859 91
94324159136751 23
94324159159940 66
94324226387324 91
94324293328877 23
94324293361383 66
94324367067726 91
94324434452649 23
94324434481492 66
94324434488918 91
94324501861046 23
94324501899958 66
94324569207452 91
94324636612977 91
94324636647579 23
94324636655134 66
94324704005073 23
94324704041221 66
94324704049064 91
94324762877951 23
94324762912951 66
94324829918977 91
94324896947296 23
94324964100941 66
94324964134233 91
94325031115288 23
94325031145239 66
94325031152862 91
94325098248663 91
94325165156582 23
94325165188366 66
94325165196343 23
94325232351008 66
94325232380042 91
94325306187638 23
94325306221377 66
94325373545486 91
94325440910776 23
94325440937048 66
94325508291887 91
94325575643041 23
94325575672441 66
94325634646047 91
94325701843211 23
94325701895658 66
94325701906096 91
94325836010165 23
94325836044071 66
94325836051616 91
94325903193564 23
94325903227538 66
94325970006798 91
94326037039888 23
94326037075200 66
94326037083093 91
94326104069539 23
94326104099027 66
94326177886645 91
94326245272799 91
94326245308334 23
94326245315851 66
94326312686188 23
94326312720929 23
94326312728689 66
94326312735727 91
94326380480850 23
94326447587607 66
94326447615674 91
94326514850477 23
94326514884002 66
94326514891483 91
94326574022058 23
94326640630626 66
94326640659817 91
94326707730715 23
94326707764339 66
94326774988025 91
94326842003406 23
94326842038762 66
94326842046591 91
94326908991048 23
94326975952167 66
94326975980143 91
94327042956328 23
94327116969432 66
94327116996881 91
94327184324573 23
94327251680460 66
94327251703477 91
94327319096544 23
94327319122806 66
94327386526975 91
94327453945773 23
94327453974970 66
94327453982346 91
94327512429396 23
94327579663706 66
94327579694660 91
94327646592323 91
94327646624032 23
94327646631368 66
94327713705177 23
94327713735778 66
94327713743242 91
94327847940844 23
94327847968415 23
94327847976039 66
94327847983091 91
94327914972452 23
94327915004159 66
94327988678145 91
94328056055557 91
94328123426057 23
94328123453053 66
94328123460606 23
94328123467663 66
94328190827116 91
94328258243621 91
94328258278197 23
94328258285565 66
94328325598142 23
94328325630183 66
94328325637616 91
94328393202702 91
94328451361238 23
94328451392119 66
94328519181115 23
94328519208135 66
