98505375860660 91
98505443149812 91
98505443186468 23
98505443194188 66
98505443201144 91
98505509908145 23
98505509938993 66
98505577096613 91
98505577133844 23
98505577141304 66
98505644099579 23
98505644144584 66
98505644153143 91
98505711152466 23
98505711180981 66
98505711188729 91
98505788572537 23
98505845264487 66
98505845297135 91
98505923203058 23
98505923241415 66
98505979567213 91
98506055808306 23
98506055844604 66
98506055852195 91
98506125873414 91
98506125907137 23
98506125914602 66
98506180614289 23
98506180644627 66
98506180652423 91
98506257771866 91
98506314816419 23
98506314851177 66
98506314859123 23
98506314866012 66
98506314873487 91
98506381854513 23
98506448832837 66
98506448865954 91
98506448873712 91
98506516026140 23
98506516058539 66
98506516065928 91
98506583213114 23
98506583244308 66
98506583251749 91
98506650079952 23
98506650111947 66
98506650119579 91
98506724222117 23
98506724255739 66
98506724263670 91
98506791588711 23
98506791621383 66
98506791628940 23
98506791635840 66
98506858968053 91
98506858998357 91
98506926376333 23
98506926412057 66
98506993819721 91
98506993858066 23
98506993865817 66
98507052550518 23
98507052584884 66
98507052592701 91
98507119549908 91
98507186569637 23
98507186604050 66
98507186611668 23
98507186618780 66
98507253682001 91
98507253719270 91
98507320666004 23
98507320701202 66
98507320708877 23
98507387731164 66
98507387765355 91
98507387773049 91
98507454939487 23
98507454966021 66
98507454973546 91
98507521950564 23
98507521985886 66
98507521993845 23
98507595981307 66
98507596015892 91
98507663315538 23
98507663353155 66
98507663360658 91
98507730777548 91
98507730815292 23
98507730822750 66
98507798081969 23
98507798113642 23
98507798121177 66
98507798128136 91
98507865455283 91
98507924298049 23
98507924335596 66
98507924343376 23
98507924350513 66
98507924357394 91
98507992115263 91
98508058599688 23
98508058637289 66
98508125542227 23
98508125571380 66
98508125579086 91
98508192504458 23
98508192538294 66
98508259699106 91
98508326700565 23
98508326734680 66
98508326742264 91
98508393702538 91
98508467720244 23
98508467763521 66
98508467771658 23
98508467778686 66
98508467785577 91
98508535109061 91
98508602416398 23
98508602452125 66
98508602459794 91
98508669768835 91
98508669799851 23
98508669807527 66
98508737157737 23
98508737192896 66
98508804531269 91
98508804566196 23
98508804573946 66
98508804581274 91
98508871795246 23
98508871827933 66
98508871835647 23
98508930322872 66
98508930350666 91
98508997524268 91
98508997560724 23
98509064726615 66
98509064762653 23
98509064770275 66
98509134864758 91
98509134991374 91
98509198605497 23
98509198636132 66
98509198644556 91
98509281110317 23
98509281145866 66
98509281153667 91
98509339377028 23
98509339408389 66
98509339415856 91
98509406832987 23
98509406865118 66
98509406872635 91
98509474136394 23
98509474167523 66
98509474175077 23
98509541506805 66
98509541540675 91
98509608900037 23
98509608935317 66
98509608942633 91
98509676563588 23
98509676595086 66
98509735170825 91
98509735201259 91
98509802199385 23
98509802228407 66
98509802236073 23
98509802243035 91
98509869190363 23
98509869224315 66
98509936309684 23
98509936350939 66
98509936359269 91
98510003416582 23
98510003447609 66
98510070445663 91
98510070474417 91
98510137452135 23
98510137487946 66
98510204604461 91
98510204635671 23
98510204643492 66
98510278481224 23
98510278518416 66
98510278526148 91
98510345849916 91
98510345883689 23
98510413357509 66
98510413390186 91
98510413397685 23
98510480696781 66
98510480733441 91
98510480741223 23
98510547982549 66
98510548014993 23
98510548022614 66
98510606901839 91
98510673995304 91
98510674031314 23
98510674038785 66
98510741106440 91
98510741140899 23
98510741149255 66
98510808106387 91
98510808136290 23
98510808143692 66
98510875323398 91
98510875355918 23
98510875363638 66
98510942256976 91
98510942288971 23
98510942296405 66
98511009331179 91
98511009365129 23
98511009372781 23
98511009379670 66
98511076517449 23
98511076546786 66
98511076554344 91
98511143685522 91
98511143716942 23
98511143724461 66
98511217643069 91
98511217677373 23
98511217684996 66
98511284949698 91
98511284984559 23
98511284992205 66
98511353281427 91
98511353310537 23
98511353318427 66
98511419696138 23
98511419731789 66
98511419739447 91
98511487097173 91
98511487130105 91
98511545964491 23
98511545998900 66
98511546006596 23
98511614863842 66
98511614893483 91
98511614901272 23
98511614908312 66
98511679952489 91
98511679988060 23
98511679995668 66
98511747166189 23
98511747198180 66
98511747205798 91
98511814153204 23
98511814183095 66
98511881171468 91
98511948212008 23
98511948250559 66
98511948258140 91
98512015434511 91
98512015462815 23
98512015470203 66
98512094694119 23
98512094723612 66
98512094731155 91
98512149442752 91
98512149472523 23
98512226600399 66
98512226634325 91
98512226641951 23
98512283833749 66
98512283880663 23
98512283888500 66
98512283895606 91
98512350648636 23
98512350680000 66
98512350687679 91
98512417661696 91
98512484921472 23
98512484955635 66
98512484963230 23
98512484970890 66
98512484977952 91
98512551876963 91
98512619018340 23
98512619059439 66
98512619066918 23
98512619073970 66
98512619081127 91
98512685944076 91
98512753158565 23
98512753193263 66
98512753200909 23
98512753207895 66
98512827070421 91
98512894362022 23
98512894390513 66
98512894398078 91
98512961717462 23
98512961749169 66
98512961756924 91
98513037553487 91
98513037588157 23
98513096534525 66
98513096568948 91
98513096576290 23
98513163986918 66
98513164021165 23
98513164028455 66
98513164035479 91
98513222757731 23
98513222787497 66
98513303721797 91
98513356758618 91
98513356790070 23
98513356797860 66
98513423812737 91
98513423847389 23
98513423854982 66
98513490863331 91
98513490896076 23
98513490903818 66
98513557974670 23
98513558009045 66
98513558016610 91
98513624939088 23
98513624982880 66
98513624990369 91
98513698712054 23
98513698746010 66
98513766103572 91
98513766138250 23
98513833448935 66
98513833479471 91
98513900967151 23
98513901008582 66
98513901016115 91
98513968212955 23
98513968242860 66
98514035633105 91
98514094453755 91
98514094484517 23
98514094492205 66
98514161347543 23
98514161379142 66
98514161386464 91
98514228458205 91
98514228488846 23
98514228496498 66
98514295576556 91
98514295606600 23
98514295614159 66
98514362611364 23
98514362646700 66
98514362654483 91
98514429660422 91
98514496747285 23
98514496775460 66
98514496782983 91
98514496790003 23
98514564031235 23
98514564061594 66
98514564068922 91
98514564075926 23
98514637828347 66
98514637860655 91
98514637868285 23
98514705149191 66
98514705180176 91
98514772566575 23
98514772600210 66
98514772608396 91
98514839909528 23
98514839951118 66
98514839959047 91
98514907312398 23
98514907347118 66
98514907354685 23
98514977400668 66
98514977436267 91
98515033282913 23
98515033317233 66
98515033324760 91
98515100356181 23
98515100384432 66
98515100392070 91
98515234559507 23
98515234587636 66
98515234595145 91
98515301692927 23
98515301725746 66
98515301733054 91
98515369046148 91
98515369080663 23
98515435706846 66
98515435739859 91
98515509530997 23
98515509562247 66
98515509569839 91
98515576885988 23
98515576917024 66
98515576925168 91
98515644268455 23
98515644298740 66
98515644306402 23
98515644313623 66
98515644320601 91
98515779023824 23
98515779052886 91
98515779060447 23
98515779067369 66
98515846400439 23
98515846429694 66
98515846436944 91
98515905181171 91
98515972165553 23
98515972198083 66
98515972205829 91
98515972212791 23
98516039215495 66
98516039244777 91
98516039252422 23
98516039259579 23
98516106377446 66
98516106405697 91
98516106413518 23
98516173393869 66
98516173423146 91
98516240412436 23
98516240444250 66
98516240451694 91
98516307649936 23
98516307683140 66
98516307690770 91
98516374655250 23
98516374717089 66
98516374725039 91
98516374732185 23
98516374739085 66
98516448642058 23
98516448678200 66
98516448688978 91
98516516011269 91
98516583413838 23
98516583450316 66
98516583458248 91
98516661368614 23
98516661410891 66
98516661418678 91
98516661425728 23
98516718182436 66
98516718223362 91
98516777007496 23
98516777047671 66
98516844328064 91
98516844378074 23
98516844388856 66
98516918100194 23
98516918142242 66
98516918149793 91
98516978210722 91
98517045339298 23
98517045374560 66
98517045382517 91
98517045389652 23
98517045396591 66
98517112395446 23
98517112428252 66
98517179572406 91
98517179657867 23
98517246502840 66
98517246541678 91
98517320308110 91
98517320337323 23
98517320344893 66
98517387818041 91
98517387852539 23
98517387860168 66
98517455069904 23
98517455098626 66
98517522490010 91
98517522525020 91
98517589906233 23
98517589938172 66
98517589945662 91
98517657408050 23
98517657441771 66
98517657449050 91
98517715890753 23
98517715919682 66
98517782892791 91
98517782926100 23
98517782933900 66
98517850135743 23
98517850165634 66
98517850173569 91
98517917135855 91
98517917167033 23
98517984144604 66
98517984177586 23
98517984185333 66
98517984192373 91
98518051152160 91
98518051185750 23
98518118439600 66
98518118471394 23
98518118479731 66
98518118486699 91
98518185366079 91
98518259433352 23
98518259463772 66
98518259471436 91
98518259478484 23
98518259485394 66
98518326801358 91
98518326832969 23
98518394183841 66
98518394218075 91
98518394225690 23
98518461637543 66
98518461671682 91
98518461679989 23
98518461687446 66
98518532431614 23
98518532462946 66
98518532470625 91
98518587710023 91
98518664268838 23
98518664306443 66
98518664314028 91
98518721964057 23
98518721998252 66
98518722005860 91
98518789058739 23
98518789086262 66
98518789093818 91
98518789101405 23
98518864532186 66
98518864565619 91
98518923181302 23
98518923211790 66
98518923219496 23
98519001903783 66
98519001944851 91
98519001952485 91
98519057345297 23
98519057377936 66
98519057385523 91
98519133462119 23
98519133491116 66
98519133498486 91
98519203513750 23
98519203550023 66
98519203557542 91
98519258778287 23
98519258818163 66
98519258825744 91
98519325417108 23
98519325448035 66
98519325455542 91
98519400011389 23
98519400044446 66
98519400052200 23
98519467375461 66
98519467407771 91
98519534780269 23
98519534814529 66
98519534822169 91
98519593673321 91
98519660920877 23
98519660952298 66
98519727874046 23
98519727911068 66
98519727918603 91
98519796042214 23
98519796070929 91
98519796078560 23
98519862085718 66
98519862115450 23
98519862123047 66
98519862129947 91
98519929096967 91
98519996123673 23
98519996155344 66
98519996162893 23
98519996169855 66
98520063176379 91
98520136965449 91
98520136996006 23
98520137003754 66
98520204353437 23
98520204384929 66
98520204392434 91
98520271726374 23
98520271756973 66
98520271764620 91
98520339104844 23
98520339138021 66
98520339145470 91
98520406496048 23
98520473861924 66
98520473894387 91
98520532670614 23
98520532702427 66
98520532710079 91
98520605528259 23
98520605570814 66
98520605578512 91
98520741289864 23
98520741323450 66
98520741331017 91
98520817004821 91
98520817041383 23
98520876067538 66
98520876106360 91
98520943591414 23
98520943624729 66
98520943632513 91
98521002129655 23
98521002192448 66
98521071537527 23
98521071568482 66
98521071576140 91
98521136357471 23
98521136394645 66
98521203542354 91
98521270612259 23
98521270655587 66
98521270663156 91
98521337715452 23
98521337760481 66
98521337767890 91
98521404510401 23
98521478279539 66
98521478322889 91
98521545678715 23
98521545712551 66
98521613052219 91
98521680383499 23
98521680413243 66
98521680420740 91
98521747769818 91
98521815125845 23
98521815157838 66
98521815165789 91
98521815172894 23
98521874306352 66
98521874350437 91
98521947792329 23
98521947822731 66
98521947830485 23
98521947837437 23
98522015165581 66
98522015194742 91
98522082973019 23
98522083007789 66
98522083015938 91
98522149957384 91
98522149988838 23
98522217297233 66
98522217328502 91
98522284674341 23
98522284703522 66
98522284711150 91
98522284718053 23
98522343517639 66
98522343552528 91
98522410574268 23
98522410605450 66
98522410612973 91
98522477592594 23
98522477629696 66
98522477637253 91
98522544745380 23
98522544777266 66
98522611769720 91
98522611800186 23
98522611807476 66
98522678795283 23
98522678830348 66
98522678837776 91
98522761481687 91
98522761514209 23
98522812911204 66
98522812941525 23
98522812949185 66
98522812956778 91
98522879942798 91
98522959272762 23
98522959307410 66
98522959315017 23
98522959321993 66
98522959328943 91
98523014192259 23
98523081221369 66
98523081250936 91
98523081258593 91
98523164228127 23
98523164257316 66
98523164264946 23
98523215518815 66
98523215562076 91
98523215569597 91
98523292484020 23
98523292513834 66
98523349614019 23
98523349644423 66
98523349651871 91
98523416575854 23
98523416608396 66
98523416615861 91
98523483684522 91
98523550747710 23
98523550778802 66
98523550786518 91
98523550793583 23
98523629770986 66
98523629807448 23
98523629815122 66
98523629822380 91
98523685042453 91
98523761629175 23
98523761658855 66
98523818971077 23
98523819004549 91
98523819012192 23
98523819019263 66
98523885938681 23
98523885974510 66
98523885982128 91
98523953154240 91
98523953185618 23
98523953193143 66
98524028209500 91
98524028239282 23
98524087196707 66
98524087227962 91
98524087235449 23
98524154372145 66
98524154416619 91
98524221409998 23
98524221441903 66
98524221449464 91
98524221456432 23
98524288354179 66
98524288385606 91
98524288393648 23
98524355380575 66
98524355410854 91
98524355418344 23
98524422559579 66
98524422590071 23
98524422597544 66
98524422604413 91
98524489712650 91
98524556649119 23
98524556684656 66
98524630420614 23
98524630448366 23
98524630456135 66
