105178760222987 91
105178760257202 91
105178760264999 23
105178838554871 66
105178838593840 91
105178838601371 23
105178894556891 66
105178894592589 91
105178894600347 23
105178894607323 66
105178961544793 23
105178961580079 66
105178961587541 91
105179039724367 23
105179039752721 66
105179039760144 91
105179095598906 23
105179095628445 91
105179095635922 23
105179095642846 66
105179171518861 23
105179171556236 66
105179171563975 91
105179241668854 91
105179241702520 23
105179241709876 66
105179296928700 91
105179296959360 23
105179296967037 66
105179369631203 91
105179369662039 23
105179369669464 66
105179442966214 23
105179442999833 66
105179443007315 91
105179498070188 23
105179498102769 66
105179498110541 91
105179574861264 91
105179574895474 91
105179632245794 23
105179632275419 66
105179632282775 91
105179699288375 23
105179699320611 66
105179699328146 91
105179776814147 23
105179776842127 66
105179776849680 91
105179776857074 23
105179776864102 66
105179833597164 23
105179833634071 66
105179833641789 91
105179833648695 23
105179833655620 66
105179900522445 23
105179900559450 66
105179900567347 91
105179978211576 91
105179978241699 23
105180034599258 66
105180034628223 91
105180034635909 23
105180034643004 66
105180101677956 91
105180101712559 23
105180101720247 23
105180101727354 66
105180180093947 91
105180180131882 23
105180180139419 66
105180180146369 23
105180235786126 66
105180235819591 91
105180302815396 91
105180302880579 23
105180302888790 66
105180302895874 23
105180369924225 66
105180369955297 91
105180447327319 91
105180447360384 23
105180447367889 66
105180447374762 91
105180504011275 23
105180504048727 66
105180504056296 91
105180571343821 23
105180571390391 66
105180571397835 23
105180571404845 66
105180638193338 91
105180705221122 23
105180705255796 66
105180705263363 91
105180705270932 91
105180772261693 23
105180772294383 66
105180772301987 23
105180772309262 66
105180850652221 91
105180850688999 23
105180850696339 66
105180906438334 91
105180906463852 23
105180973592885 66
105180973625801 91
105181048625335 23
105181048656059 66
105181048663568 91
105181107752948 91
105181107787594 23
105181107795135 66
105181174766858 23
105181174795866 91
105181174803498 23
105181174810489 66
105181174817391 91
105181253848479 23
105181253878718 66
105181253886321 23
105181253893233 66
105181253900211 91
105181308986087 23
105181385744567 66
105181385783156 91
105181385790872 91
105181443007413 23
105181443043524 66
105181443051747 91
105181443058809 23
105181509994680 66
105181510034107 91
105181510041576 23
105181510048564 66
105181577062156 23
105181577096967 66
105181577104474 91
105181644194023 91
105181723062317 23
105181723102424 66
105181723110171 23
105181788343955 66
105181788379206 91
105181855019118 23
105181855052088 66
105181912499189 91
105181912544293 23
105181912551573 66
105181979585584 91
105181979616185 23
105181979623642 66
105181979630933 91
105182113622410 91
105182113651949 23
105182113659872 66
105182113666985 91
105182192282419 23
105182192316178 66
105182192323654 23
105182192330757 66
105182192337922 91
105182248022536 23
105182248071359 66
105182248081225 91
105182322628630 91
105182322660631 91
105182381889922 23
105182381927577 66
105182381937476 91
105182448941188 23
105182448974454 66
105182448981909 23
105182448988917 66
105182448995849 91
105182525588244 23
105182525624738 66
105182525632412 23
105182525639464 91
105182595538181 23
105182595576615 66
105182595584233 23
105182595591357 66
105182595598375 91
105182650215320 23
105182650248162 66
105182725648769 91
105182784477804 91
105182784511708 23
105182784519189 66
105182784526265 91
105182851397205 23
105182851433325 66
105182851441019 23
105182851447959 66
105182929309868 91
105182929349191 23
105182985503386 66
105182985535198 91
105182985542779 23
105183052765203 66
105183052795561 91
105183052803062 91
105183130706850 23
105183130738304 66
105183130745744 91
105183130752722 23
105183193702340 66
105183193731318 91
105183261064986 23
105183261093837 66
105183261101398 91
105183261108277 23
105183328443508 66
105183328475475 23
105183328483883 66
105183328490844 91
105183473103281 23
105183473139963 91
105183473147476 23
105183473154454 66
105183473161435 23
105183473168150 66
105183522211409 91
105183589143039 91
105183589172262 23
105183589179637 66
105183589186518 23
105183656090042 66
105183656123535 91
105183723296360 23
105183723329616 66
105183723337050 91
105183790276960 91
105183790306670 23
105183790314531 66
105183857313919 23
105183857345091 66
105183857352600 91
105183924470346 23
105183924502300 23
105183924509771 66
105183924516592 91
105183991696019 91
105184065402285 23
105184065440745 23
105184065448634 66
105184065455960 91
105184132804486 23
105184132842095 66
105184132849695 23
105184200161369 66
105184200192052 91
105184267605482 23
105184267653349 66
105184267660900 91
105184267667995 23
105184344921292 66
105184344957843 91
105184402284416 23
105184402317133 66
105184402324806 91
105184460993727 91
105184461053921 23
105184461061943 66
105184528105829 91
105184528141233 23
105184528148732 66
105184600145241 23
105184600181416 66
105184600188758 91
105184662318766 23
105184662351272 66
105184662358588 91
105184729621994 91
105184729657670 23
105184729665300 66
105184796354808 91
105184796387371 23
105184863524137 66
105184863557671 91
105184863565236 23
105184863572526 66
105184937229579 91
105184937275500 23
105184937284310 66
105185004516550 23
105185004547837 66
105185004555424 91
105185071903617 91
105185071932991 23
105185071940546 66
105185071947645 91
105185139255022 23
105185139289161 91
105185206661070 23
105185206692761 66
105185206700332 91
105185206707398 23
105185274177681 66
105185274223762 23
105185274231333 66
105185332779416 91
105185399978859 23
105185400008412 66
105185400016546 91
105185466981760 23
105185467011909 66
105185467019476 91
105185534197219 91
105185601020383 23
105185601049753 66
105185601057278 23
105185601064335 66
105185668217471 91
105185668247573 91
105185735231003 23
105185735263131 66
105185735270513 23
105185735277533 66
105185802255255 91
105185876198146 91
105185876230004 23
105185876237893 66
105185943585496 23
105185943617723 66
105185943625690 91
105186010971644 91
105186011004439 23
105186011012031 66
105186078394801 91
105186078431591 23
105186078439223 66
105186145736881 91
105186145771523 23
105186145779674 66
105186213103590 91
105186213137125 23
105186213144978 66
105186271718164 23
105186271749994 66
105186271757318 91
105186339295116 91
105186339338219 23
105186339346045 66
105186405853431 23
105186405882811 66
105186405890463 91
105186473085470 91
105186473129968 23
105186473137825 66
105186473144970 91
105186548732691 23
105186548769180 66
105186548776683 91
105186616785739 23
105186616835165 66
105186616842950 23
105186616850143 91
105186674265189 23
105186674298314 66
105186674306728 23
105186674315899 66
105186674325015 91
105186741390110 91
105186741424973 23
105186818749447 66
105186818784039 23
105186881380193 66
105186881415555 91
105186954028613 91
105187009459795 23
105187009496553 66
105187009504112 23
105187009511078 91
105187009518050 23
105187085990431 66
105187086023508 91
105187086031039 23
105187155998135 66
105187156032153 91
105187156039722 23
105187156046821 66
105187210742243 23
105187210776354 66
105187210783750 91
105187277861726 23
105187344915440 66
105187344949302 91
105187344956819 23
105187344963879 66
105187411947639 91
105187489204340 23
105187489236170 66
105187489243950 91
105187545991369 91
105187546023493 23
105187546030941 66
105187613123031 23
105187613155440 66
105187613163140 91
105187689254337 91
105187689286728 23
105187689294325 66
105187747252614 91
105187747286089 23
105187747294004 66
105187814274806 91
105187814313706 23
105187814321406 66
105187892465069 23
105187892497999 66
105187892505534 91
105187948337140 23
105187948366480 66
105187948373995 91
105188082484979 23
105188082517318 66
105188082524964 91
105188082531996 91
105188157458141 23
105188157489082 66
105188157496706 23
105188157503885 66
105188216722034 91
105188216755586 91
105188283757250 23
105188283788058 66
105188283795555 91
105188361657436 23
105188361684171 66
105188361691684 91
105188417956218 23
105188417990608 66
105188417998127 91
105188418005362 23
105188418012115 66
105188484999874 91
105188485033217 23
105188485040814 66
105188558309436 91
105188558350841 23
105188625652379 66
105188625687021 91
105188625694646 23
105188625701689 66
105188692983176 91
105188693014262 23
105188693021825 23
105188693028944 66
105188760350038 91
105188760379174 23
105188760386744 66
105188827698564 91
105188827732625 23
105188895212404 66
105188895254869 23
105188895262540 66
105188895269579 91
105188962475096 23
105188962504625 66
105188962512114 91
105189021495405 91
105189021527344 23
105189021535190 66
105189088622949 23
105189088656096 66
105189088663839 91
105189155666475 23
105189155700288 66
105189155708362 91
105189222629213 23
105189222658450 66
105189289689531 91
105189289720283 91
105189356739868 23
105189356770525 66
105189356777865 91
105189438240031 23
105189438283650 66
105189438291489 23
105189438298634 66
105189438305614 91
105189490868231 91
105189564696817 23
105189564728671 66
105189564736031 23
105189564742937 66
105189632033711 91
105189699443818 23
105189699481272 91
105189699488833 23
105189699496209 66
105189766813272 23
105189766845446 66
105189766853168 91
105189834185482 23
105189834216878 66
105189834224509 91
105189901578304 91
105189901608573 23
105189901616052 66
105189901623042 91
105189960406938 23
105189960440097 66
105189960447934 91
105190027392866 23
105190027427259 66
105190027434864 23
105190027442025 66
105190094471189 91
105190094502283 91
105190094509900 23
105190161549023 66
105190161581692 91
105190161589754 23
105190228776345 66
105190228828805 23
105190228836569 66
105190295779128 91
105190295808321 91
105190362845267 23
105190362878849 66
105190362886594 91
105190362893423 23
105190429897239 66
105190429927496 23
105190429935180 66
105190429942140 91
105190503769147 91
105190503804320 23
105190571170721 66
105190571205153 91
105190571212704 23
105190571219710 66
105190638730237 91
105190638782908 23
105190638793313 66
105190706209911 23
105190706244784 66
105190706252708 91
105190773290022 91
105190773327371 23
105190773335112 66
105190832332669 91
105190832367132 23
105190832374719 66
105190832381894 23
105190832388872 66
105190909391310 91
105190966518141 91
105190966550669 23
105190966558037 66
105191033691330 91
105191033720478 23
105191033727939 66
105191111407906 23
105191111441750 66
105191111449355 91
105191167584250 23
105191167619318 91
105191167626873 23
105191167633871 66
105191234754691 91
105191234799189 23
105191234806763 66
105191301759423 91
105191301790581 23
105191301798243 66
105191301805175 23
105191301812008 66
105191301818867 91
105191435939943 91
105191435972541 23
105191435980086 66
105191503408351 91
105191503458531 23
105191503466318 66
105191569973664 91
105191570005689 23
105191570013238 66
105191636999931 23
105191637036790 66
105191637044480 91
105191704018740 91
105191704050206 23
105191704057928 66
105191781855894 23
105191781892106 66
105191781899798 91
105191838266025 91
105191838305545 23
105191838313068 66
105191838320138 91
105191905251616 23
105191905318245 66
105191905326182 23
105191905333236 66
105191979914867 91
105192039445029 23
105192039477915 91
105192039485350 23
105192039492422 66
105192106475515 91
105192106508507 23
105192106517637 66
105192106524605 91
105192185154809 23
105192185190654 66
105192185198394 91
105192185205581 23
105192240893427 66
105192240917332 91
105192240925070 23
105192240932183 66
105192317172570 23
105192317210883 91
105192317220214 23
105192317228228 66
105192317236437 23
105192387088397 66
105192387119139 91
105192387126774 23
105192448056701 66
105192448092164 91
105192515501496 91
105192515537285 23
105192515544765 66
105192515551564 91
105192582898094 23
105192582930947 66
105192582938203 91
105192650198234 23
105192650227004 66
105192650234561 91
105192650241966 23
105192650248845 23
105192717568209 66
105192717603493 91
105192717611100 23
105192717618323 66
105192785336555 91
105192785372589 23
105192785380353 23
105192785387528 66
105192785394444 91
105192852348579 23
105192852381527 66
105192911248166 23
105192911279575 66
105192911287571 91
105192978343737 91
105192978376432 23
105192978383816 66
105192978390812 91
105193045564753 23
105193045599198 66
105193045606932 91
105193112951120 23
105193112984587 66
105193112992382 91
105193112999460 23
105193179517232 66
105193179549808 91
105193246813313 23
105193246846675 66
105193246854219 91
105193313693173 23
105193313727067 66
105193313734669 23
105193313741588 66
105193313748520 91
105193380730162 91
105193380764665 23
105193454545468 66
105193454576485 23
105193454584020 66
105193454590992 91
105193521921739 23
105193521953768 66
105193521961450 91
105193589352248 23
105193589399074 66
105193589406758 91
105193656664073 23
105193656697715 66
105193656705182 91
105193724043673 91
105193724077664 23
105193724085376 66
105193791417410 91
105193791449377 23
105193791456858 66
105193791463725 91
105193850363083 23
105193850406135 66
105193850413664 23
105193850420587 66
105193850427573 91
105193917230528 23
105193917267922 66
105193984404793 91
105194051448993 91
105194051478789 23
105194051486330 23
105194051493385 66
105194118442024 23
105194118474381 91
105194118482172 23
105194118489272 66
105194118496868 91
105194185456273 23
105194185490525 66
105194185498031 91
105194185505041 23
105194252568029 66
105194252608522 91
105194252616139 23
105194319777442 66
105194319817147 91
105194393619322 23
105194393646598 66
105194393653863 91
105194393660829 23
105194461080193 66
105194461116398 23
105194461126658 66
105194528401162 91
105194528436158 91
105194595926827 23
105194595962851 66
105194595970424 23
105194595977251 66
105194595984287 91
105194663151429 23
105194730525152 66
105194730556590 91
105194730564185 91
105194789221156 23
105194789287960 66
105194789296374 23
105194789303523 66
105194856534103 91
105194856590640 91
105194923359042 23
105194923398409 66
105194923409032 91
105194923418053 23
105194923426773 66
105194990390732 91
105194990437516 23
105194990448539 66
105195057329339 91
105195057368525 23
105195057375957 66
105195057383707 23
105195124517360 66
105195124551077 91
105195191807399 23
105195191859862 66
105195191867796 91
105195258928180 91
105195258960768 23
105195258968559 66
105195258976044 91
105195258983056 23
105195332954856 66
105195332990594 23
105195332998046 66
