102913947641563 91
102914014778570 23
102914014813880 91
102914014821775 23
102914092311896 66
102914092342903 91
102914092350476 23
102914148791633 66
102914148823755 23
102914148831288 66
102914215945082 91
102914215981080 91
102914293540217 23
102914293572954 66
102914293580783 23
102914361211077 66
102914361250396 91
102914417009912 23
102914417043269 66
102914417050987 91
102914495488248 91
102914495519599 23
102914495527190 66
102914495534204 91
102914551136516 23
102914551164697 66
102914551172083 91
102914618219767 23
102914618257584 66
102914618265201 91
102914618272352 23
102914618279306 66
102914685400308 91
102914685442172 23
102914685450002 66
102914685457055 91
102914752429564 23
102914752462150 66
102914752469950 91
102914752477051 23
102914752483942 66
102914828718052 23
102914828756222 66
102914828764121 91
102914898765274 91
102914898795446 23
102914953670691 66
102914953702052 23
102914953709505 66
102914953716491 91
102915030774170 91
102915087721059 23
102915087752786 66
102915166005217 23
102915166037508 66
102915166044980 91
102915166052177 91
102915221926928 23
102915221962545 66
102915221969917 91
102915289057421 23
102915289094943 66
102915289102798 23
102915367988061 66
102915423362019 91
102915490141802 23
102915490204004 66
102915490212697 91
102915575329601 91
102915575369366 91
102915575376895 23
102915635297903 66
102915635347729 91
102915635358034 23
102915691354810 66
102915691384435 23
102915691391920 66
102915691398956 91
102915758273703 23
102915758304865 66
102915758312047 23
102915758319047 66
102915837197420 91
102915837232987 91
102915892514345 23
102915892542144 66
102915892549401 91
102915967022043 23
102915967058091 66
102915967065664 91
102915967072676 23
102916034492897 66
102916034546799 91
102916034558156 23
102916034570325 66
102916101808777 91
102916101841371 23
102916101848850 66
102916179222924 23
102916179258384 66
102916179266014 91
102916227820403 91
102916227854372 23
102916227891832 66
102916294850064 23
102916294878941 66
102916362133243 91
102916362167475 23
102916362175016 66
102916437761605 91
102916496075536 23
102916496110554 66
102916496118051 91
102916563204722 91
102916563238566 23
102916563246946 66
102916636586541 23
102916636618234 66
102916636625785 91
102916703965669 91
102916703997718 23
102916704005420 66
102916771406460 91
102916771439238 23
102916771446863 66
102916838736934 91
102916838771984 23
102916838779477 66
102916838786455 91
102916906108050 23
102916906146465 66
102916973486669 23
102916973519818 66
102916973527295 91
102917040881190 23
102917040914822 66
102917040922466 91
102917099652641 91
102917099686048 23
102917099693615 66
102917166703937 91
102917166736350 23
102917166743968 23
102917166750885 66
102917233938281 23
102917233970703 66
102917233978063 91
102917300826679 23
102917300857668 66
102917300865153 91
102917367965043 23
102917367998602 66
102917368006355 91
102917435115150 23
102917502317229 66
102917502351200 91
102917569089970 23
102917569123105 66
102917569160388 91
102917643071888 91
102917643104609 23
102917643112200 91
102917643119446 66
102917710439270 23
102917710475843 66
102917710483191 91
102917710490207 23
102917710497177 66
102917777818541 91
102917777851694 23
102917777859221 66
102917845215387 91
102917845247843 23
102917845255652 66
102917912615608 91
102917912646154 23
102917912653629 23
102917912660951 66
102917971506370 91
102917971536313 23
102917971543879 66
102918038766397 91
102918038810296 23
102918038818028 66
102918105925785 91
102918105958657 23
102918105966498 66
102918172804751 23
102918172843842 66
102918172851512 91
102918239772089 23
102918239805504 66
102918239813329 91
102918306814754 91
102918306849802 23
102918306857327 66
102918374736921 23
102918374764054 66
102918374771472 91
102918441277903 23
102918508200813 66
102918508246095 91
102918508255795 23
102918508264774 91
102918575064577 23
102918575099052 66
102918651783799 23
102918651814820 66
102918651822613 91
102918709270563 91
102918709306595 23
102918709314162 66
102918776277188 23
102918776311244 66
102918776318771 91
102918850272649 91
102918850308642 23
102918850315932 66
102918910765601 91
102918910803626 23
102918910811055 66
102918977857156 23
102918977925909 91
102918977933458 23
102918977941009 66
102918977947967 23
102919054997452 66
102919055029248 91
102919111747166 23
102919111779137 66
102919111786871 91
102919178823753 91
102919178857017 23
102919178864443 66
102919251120511 91
102919251151731 23
102919251159421 66
102919312942300 91
102919312978584 23
102919312986197 66
102919379963257 91
102919380000804 23
102919458297978 66
102919458331094 23
102919458338512 91
102919458346164 23
102919514137757 66
102919514168253 91
102919514175651 23
102919514182519 66
102919581315141 23
102919581345899 66
102919581353676 91
102919658206696 23
102919658239389 91
102919658246916 23
102919715194164 66
102919715230027 23
102919715238031 66
102919715245546 91
102919782287002 91
102919782323629 23
102919849478578 66
102919849514425 91
102919849521883 23
102919849529024 66
102919927499548 91
102919927532144 23
102919927539734 66
102919983648093 23
102919983688584 66
102919983695995 91
102920050534469 91
102920117721676 23
102920117779530 66
102920117787118 91
102920191753456 23
102920191785154 66
102920259043541 23
102920259070948 66
102920259078879 91
102920330648006 23
102920330681950 66
102920330689668 91
102920393871259 91
102920393906277 23
102920393913996 66
102920482165610 23
102920482213818 66
102920482221558 91
102920520118271 23
102920520150225 66
102920520157726 91
102920587144234 91
102920587178556 23
102920654244474 66
102920654276600 23
102920654284700 66
102920654291799 91
102920721351704 91
102920788244116 23
102920788272201 66
102920855535808 91
102920855570302 23
102920855577796 66
102920922471251 91
102920922504396 23
102920922511917 66
102920989643564 23
102920989692514 66
102920989700019 91
102921063386155 91
102921063417341 23
102921063425152 66
102921130811364 23
102921130853036 66
102921130860543 91
102921198218085 91
102921198249325 23
102921265541277 66
102921265572658 91
102921265580457 23
102921265587545 66
102921332894913 23
102921332934048 66
102921332942996 91
102921400341727 23
102921400382908 66
102921400390623 91
102921459078343 91
102921459109579 23
102921459116911 66
102921539110888 23
102921539146841 91
102921539154328 23
102921539161304 66
102921593122938 91
102921593150148 23
102921593157560 66
102921660315685 23
102921660344354 66
102921660352151 91
102921727195889 91
102921727227890 23
102921727235272 66
102921794408340 91
102921794442669 23
102921794450161 66
102921861409935 91
102921861441708 23
102921861449253 66
102921935108244 23
102921935140852 66
102921935148472 91
102922002502781 91
102922069858525 23
102922069889973 66
102922069898126 91
102922069905228 23
102922137256527 66
102922137291756 91
102922137299297 23
102922137306201 66
102922204649600 23
102922204684636 66
102922204692294 91
102922272018620 91
102922272048221 23
102922331063568 66
102922331115346 91
102922331122877 23
102922331129927 66
102922397877367 91
102922397909728 23
102922397917293 66
102922464898531 23
102922464931391 66
102922464939125 91
102922532095972 91
102922532127259 23
102922532134641 66
102922599121692 91
102922599155186 23
102922599162900 66
102922599169920 23
102922666378805 66
102922666435873 91
102922733456306 23
102922733517795 66
102922733528036 91
102922800412495 91
102922800445173 23
102922874199397 66
102922874236290 23
102922874244100 66
102922874251231 91
102922941720516 91
102923008969681 23
102923009004158 66
102923076469460 91
102923076510836 23
102923076518450 66
102923076526305 91
102923143772819 23
102923143803518 66
102923211206454 91
102923211261281 23
102923211270421 66
102923211279696 91
102923269884798 23
102923269920734 66
102923269928267 91
102923337170673 23
102923337249321 66
102923337257097 91
102923403884171 23
102923403912648 66
102923403920967 91
102923403928038 23
102923471138652 66
102923471172787 91
102923471180566 23
102923471187459 66
102923471194475 91
102923538105646 23
102923538145399 66
102923538153073 91
102923605097325 23
102923605131985 66
102923605139622 23
102923605146733 66
102923605153662 91
102923672105510 23
102923745917972 66
102923745949190 91
102923745956569 23
102923813371245 66
102923813404006 91
102923889568844 23
102923889604182 66
102923889611767 91
102923948048439 91
102923948085370 23
102923948092865 66
102924015461151 23
102924015491239 66
102924015498768 91
102924082809261 91
102924141803167 23
102924141836385 66
102924141844053 91
102924141851171 23
102924141858147 66
102924208676233 91
102924208709571 23
102924208717364 23
102924275757887 66
102924275790690 23
102924275798501 66
102924275805442 91
102924342770112 91
102924342802814 23
102924342812194 91
102924419236502 66
102924419268248 23
102924419275944 23
102924419282990 66
102924419290054 91
102924489260536 23
102924489296387 66
102924489303837 23
102924544081378 66
102924544119938 91
102924621135944 23
102924678217184 66
102924678251335 91
102924745227866 91
102924745260710 23
102924745268527 66
102924745275866 91
102924745282764 23
102924820578326 66
102924820612902 91
102924820620421 23
102924879284204 66
102924879311396 91
102924879318873 23
102924946390012 66
102924946424525 91
102924946431920 23
102924946438914 66
102925022187557 23
102925022223979 66
102925080502196 91
102925147610369 23
102925147640404 66
102925147665854 91
102925214717023 91
102925214745834 23
102925281807994 66
102925281842990 91
102925348747964 23
102925348817081 66
102925348825296 23
102925422728088 66
102925422762603 91
102925422770241 91
102925490094215 23
102925490126635 66
102925490133987 91
102925557521166 23
102925557553125 66
102925557560799 91
102925557567789 23
102925624864825 66
102925624895993 23
102925624903394 66
102925692320160 91
102925692363071 23
102925751138988 66
102925751169983 91
102925818465648 91
102925818497650 23
102925818505831 66
102925818514469 91
102925885541090 23
102925885572755 66
102925952886073 23
102925952936001 66
102925952943544 91
102926029676196 91
102926029716611 23
102926029724120 66
102926086712278 23
102926086748212 66
102926086755876 91
102926153649024 91
102926153683038 23
102926153690592 66
102926153697791 91
102926231536694 23
102926231567821 66
102926231575350 91
102926287709457 23
102926287739454 66
102926287747116 91
102926354717685 23
102926354749330 66
102926354757050 91
102926421953785 23
102926421987619 66
102926421995282 91
102926498744240 23
102926498775303 66
102926498783190 23
102926498790126 66
102926555946009 91
102926623005329 23
102926623035902 66
102926623043501 91
102926700850159 91
102926700890411 23
102926700898091 66
102926763344914 91
102926763375376 23
102926763382844 66
102926836307901 23
102926836364736 66
102926836376278 91
102926836386522 91
102926891266963 23
102926891306382 66
102926958564174 91
102926958601683 23
102926958608962 66
102927025482237 91
102927025511227 23
102927025518738 66
102927104061910 23
102927104097972 66
102927104105453 91
102927104112376 91
102927159652520 23
102927159733425 66
102927159741694 91
102927226763878 23
102927226814012 66
102927226824231 23
102927226833307 66
102927293685586 91
102927371217869 23
102927371250462 66
102927371257928 91
102927371264940 91
102927427930220 23
102927427966047 66
102927494944939 23
102927494980317 66
102927494987862 91
102927571253135 23
102927571287534 66
102927571295288 91
102927629051792 91
102927629087456 23
102927696172370 66
102927696206322 23
102927696213833 66
102927696220753 91
102927774376805 91
102927830208207 23
102927830240800 66
102927830248365 23
102927830256065 66
102927897319629 91
102927976418396 91
102927976451618 23
102927976459244 66
102928039977370 91
102928040027104 23
102928040034895 66
102928098483825 23
102928098511964 66
102928098519607 91
102928165570324 91
102928165601146 23
102928243710632 66
102928243741821 23
102928243750025 66
102928243756975 91
102928299850158 91
102928299897078 23
102928366697134 66
102928366729417 91
102928366737151 23
102928366744143 66
102928433880179 91
102928433912528 23
102928433919929 66
102928433926918 91
102928511012522 23
102928511045502 66
102928567967072 91
102928568001022 23
102928568008944 66
102928634968119 23
102928635004000 66
102928635011628 91
102928712917961 23
102928712954717 66
102928712962298 91
102928769198824 23
102928769226822 66
102928769234834 91
102928903217676 23
102928903252167 66
102928903259585 91
102928970454905 23
102928970493556 66
102928970501087 91
102929037502999 23
102929037532723 66
102929037540292 91
102929116165790 91
102929116195569 23
102929171632127 66
102929171666169 91
102929171673698 23
102929171680624 66
102929171687497 91
102929246048282 23
102929246079923 66
102929246087383 91
102929317587660 23
102929317638507 66
102929317646281 23
102929372707050 66
102929372740268 91
102929449354260 23
102929449388691 66
102929449396544 91
102929506966807 23
102929507009988 66
102929507017674 91
102929573942286 23
102929573978779 66
102929573986452 91
102929651368634 91
102929651408323 23
102929716338380 66
102929716368973 91
102929786679051 23
102929786712238 66
102929786719759 91
102929786726735 23
102929842436452 66
102929842469594 91
102929842477225 23
102929842484340 66
102929909209163 91
102929909240206 23
102929909247723 66
102929988686652 91
102929988724713 23
102929988732236 66
102929988739260 91
102930043490654 23
102930043521260 66
102930043528997 91
102930117118806 91
102930117152344 23
102930117160029 66
102930117167011 23
102930189917219 66
102930189949988 91
102930189957525 23
102930189964437 66
102930244619757 23
102930244651725 23
102930244659560 66
102930244666631 91
102930321819216 23
102930321851141 66
102930321858744 91
102930378851383 91
102930445988845 23
102930446020965 66
102930512855500 23
102930512891353 66
102930512898937 91
102930512906164 91
102930580082759 23
102930580113847 66
102930580121344 91
102930647329178 23
102930647381517 66
102930647389016 91
102930725129583 23
102930725164461 66
102930725172054 91
102930725179336 23
102930781116529 66
102930781148994 23
102930781156650 66
102930781163388 91
102930848217058 91
102930848249274 23
102930848256560 66
102930925032421 91
102930925072200 23
102930925080061 66
102930982320986 23
102930982356666 66
102930982383306 91
102931049507330 23
102931049548837 66
102931049556342 91
102931116559029 91
102931116593733 23
102931194510860 66
102931194546196 91
102931194553739 23
102931194560888 66
102931250604002 23
102931250637429 66
