86995142901650 91
86995210137645 91
86995289180889 23
86995289213316 66
86995289220927 91
86995344367595 23
86995344401533 66
86995344408889 91
86995421157790 23
86995421193474 66
86995421201031 91
86995478375064 23
86995478405888 66
86995557409830 91
86995557447471 23
86995557455263 66
86995612542196 91
86995612571491 23
86995679457456 66
86995679489568 91
86995758348852 23
86995758381805 66
86995758389523 91
86995813655289 23
86995813686596 66
86995813694194 91
86995890312760 23
86995890345976 66
86995890353386 91
86995947831014 23
86995947869500 66
86995947876695 91
86996014856235 23
86996014888141 66
86996082446131 91
86996148915260 91
86996148945749 23
86996148953370 66
86996227611865 91
86996227644739 23
86996227652606 66
86996283265603 91
86996283318682 23
86996283329293 66
86996350170748 91
86996350201268 23
86996428860017 66
86996428895296 91
86996484545343 23
86996484578106 66
86996484585780 91
86996560731822 23
86996560766235 66
86996560773949 91
86996618378598 23
86996618408950 66
86996685485806 91
86996685522109 23
86996685529502 66
86996752592291 91
86996752626881 23
86996752634656 66
86996752641772 91
86996819608733 23
86996819639521 66
86996819647293 91
86996898029348 23
86996898061603 66
86996953881850 91
86996953914508 23
86997020845004 66
86997020881378 91
86997020889068 23
86997100077588 66
86997100119857 91
86997154924575 23
86997154957113 66
86997154964795 91
86997154971861 23
86997228951391 66
86997228980363 91
86997228989574 23
86997296374283 66
86997296407244 91
86997296415000 23
86997373389001 66
86997373427385 91
86997373435183 23
86997431075183 66
86997431108865 91
86997498494691 23
86997498523176 66
86997557596556 23
86997557651116 66
86997557658715 91
86997629091750 91
86997691554375 23
86997691590025 66
86997691597894 91
86997758707879 23
86997758746643 66
86997758774363 91
86997825588981 23
86997825623406 66
86997892758155 91
86997892793487 23
86997892801018 66
86997892808239 91
86997959745759 23
86997959783897 91
86998026863242 23
86998026899847 66
86998026907487 91
86998100662120 23
86998100691300 66
86998100699008 91
86998168070271 23
86998168104018 66
86998168111368 91
86998235444098 23
86998235480050 66
86998235487649 91
86998323733232 23
86998323770965 66
86998323778675 91
86998370210760 23
86998370244235 66
86998370252017 91
86998437553012 23
86998437585552 66
86998496324689 91
86998496356012 23
86998496363575 66
86998563389806 91
86998563432612 23
86998563440097 66
86998630345779 91
86998630377473 91
86998697500537 23
86998697535310 14
86998697543116 66
86998764558162 91
86998764595144 23
86998764602759 66
86998764609675 91
86998831552526 23
86998831587114 66
86998898673412 91
86998898705240 23
86998965721548 66
86998965754788 91
86999032705822 23
86999032735710 66
86999032743002 91
86999111023896 23
86999111058723 66
86999111066004 91
86999167014295 23
86999167050222 66
86999167057920 91
86999234050153 23
86999234083552 66
86999234091326 91
86999301110006 23
86999301144223 66
86999301151837 91
86999378119973 23
86999378154695 66
86999378162387 91
86999435115598 23
86999435150017 66
86999435157524 91
86999502329039 23
86999502363130 66
86999502370532 91
86999578331020 23
86999578382613 66
86999636755587 91
86999636789024 23
86999703380539 66
86999703413732 91
86999781433176 23
86999781468918 66
86999781476519 91
86999837675456 23
86999837703953 66
86999904775457 91
86999904852871 23
86999904861046 66
86999986226809 91
86999986256235 23
87000046414692 66
87000046456328 91
87000114313225 23
87000114342440 66
87000114349979 91
87000181076043 23
87000181108336 66
87000240182440 91
87000240217814 23
87000240225504 66
87000307240618 23
87000307278212 66
87000307285872 91
87000375868016 23
87000375896879 66
87000375905166 91
87000441223462 23
87000441257844 66
87000441265482 23
87000508226374 66
87000508260416 91
87000575258333 91
87000575291334 23
87000642398791 66
87000642427877 91
87000709452422 23
87000709491726 66
87000709500062 91
87000776471947 23
87000776501717 66
87000776510066 23
87000843657053 66
87000843692424 91
87000910780137 91
87000910826536 23
87000910834387 66
87000988344850 91
87001044716803 23
87001044748162 66
87001044755794 91
87001111941110 23
87001111979441 66
87001189612481 91
87001189649152 23
87001246001491 66
87001246032263 91
87001313074476 23
87001313117389 66
87001313125375 91
87001391587914 23
87001391621643 66
87001391629298 91
87001447263828 23
87001447297539 66
87001447305188 91
87001514211019 23
87001514243960 66
87001514251623 91
87001581351827 23
87001581388398 66
87001581396696 91
87001658848101 23
87001658875608 66
87001715819269 23
87001715856550 66
87001715864231 91
87001782495683 91
87001782523594 23
87001860775081 66
87001860807923 91
87001916763274 23
87001916791109 66
87001916798706 91
87001989889752 23
87001989923754 66
87001989932031 91
87002050842083 23
87002050877845 66
87002050885273 91
87002117922324 23
87002117958014 66
87002117965726 91
87002185135316 23
87002185183510 66
87002185191250 91
87002252007282 23
87002252044259 66
87002329978094 91
87002330009215 23
87002330016827 66
87002386217200 91
87002386298169 23
87002453198347 66
87002453227444 91
87002531282675 23
87002531315809 66
87002531323285 91
87002587234581 23
87002587266117 66
87002587273789 91
87002654416966 23
87002654448719 66
87002733243541 91
87002733277673 23
87002788443824 66
87002788473765 91
87002788481131 23
87002855561031 66
87002855591945 91
87002922634001 23
87002922666327 66
87002922674001 91
87003000502127 23
87003000534963 66
87003000542619 91
87003056710013 23
87003056750374 66
87003123950575 91
87003123990425 23
87003196502015 66
87003196537884 91
87003196545503 23
87003258087808 66
87003258123640 91
87003325011513 23
87003325049365 66
87003325057107 91
87003403814807 23
87003403851511 66
87003403859271 91
87003459139480 23
87003459169375 66
87003535635311 91
87003535664446 23
87003535672065 66
87003593271449 91
87003593300364 23
87003660345453 66
87003660379548 91
87003660387103 23
87003729654911 66
87003729684444 91
87003794454297 23
87003794482396 66
87003794490164 91
87003861613572 23
87003861643896 66
87003861651519 91
87003939000761 23
87003939047717 66
87003939059016 91
87003995706224 23
87003995737883 66
87004069738051 91
87004069771796 23
87004069779836 66
87004129823913 91
87004129860238 23
87004129868160 66
87004214139560 91
87004214231608 23
87004263986850 66
87004264022659 91
87004264030463 23
87004342167816 66
87004342201871 91
87004398113218 23
87004398146000 66
87004398153736 91
87004470507768 23
87004470544496 66
87004470552019 91
87004532496805 23
87004532542357 66
87004599304742 91
87004599337429 23
87004599345137 66
87004666427362 91
87004666461222 23
87004733348498 66
87004733387836 91
87004811396496 23
87004811429223 66
87004811437062 91
87004875475778 23
87004875505705 66
87004875513415 91
87004934581032 23
87004934611556 66
87005012687062 23
87005012725926 91
87005012733656 23
87005012740753 66
87005068720474 91
87005068753571 23
87005135769190 66
87005135803679 91
87005214646582 23
87005214676446 66
87005214684166 91
87005270049132 23
87005270081257 23
87005270089878 66
87005270096880 91
87005337098471 23
87005337172069 66
87005404043206 23
87005404078152 66
87005404085622 91
87005481883884 91
87005538429753 23
87005538461567 66
87005538468929 91
87005605282370 23
87005605344610 66
87005605352559 91
87005690043942 23
87005690078350 66
87005690085934 91
87005739353068 23
87005739381348 66
87005739389000 91
87005806469589 23
87005806501258 66
87005806508789 91
87005873931160 23
87005873984139 66
87005873991819 91
87005949776621 23
87005949813027 66
87006007716007 91
87006074798890 23
87006074865520 66
87006074872917 91
87006148743909 23
87006148774920 66
87006148782415 91
87006216125110 23
87006216155158 66
87006216162986 91
87006283490757 23
87006283522206 66
87006283529725 91
87006283536711 23
87006350905898 66
87006350946162 91
87006418268893 23
87006418301178 66
87006418308930 91
87006477180833 23
87006477212653 66
87006477220318 91
87006544200621 23
87006544231668 66
87006544238976 91
87006611181799 23
87006611216521 66
87006611223817 91
87006678201802 23
87006678229370 66
87006678236945 91
87006745429466 23
87006745466043 66
87006745473508 91
87006812425505 23
87006812457369 66
87006812464912 91
87006879637189 23
87006879684868 66
87006879692532 91
87006953111412 23
87006953141412 66
87007020467577 91
87007020499290 23
87007020508344 66
87007087846400 91
87007087878435 23
87007155366807 66
87007155406577 91
87007222645978 23
87007222686417 66
87007222693926 91
87007289970592 23
87007290003554 66
87007290011057 91
87007348883469 23
87007348915824 66
87007348923327 91
87007415948908 23
87007415983787 66
87007415991610 91
87007483123223 23
87007483154578 66
87007483162230 91
87007550196455 23
87007550228419 66
87007550236192 91
87007617245579 23
87007617278096 66
87007617285569 91
87007684311187 23
87007684344423 66
87007684352257 91
87007751316156 23
87007751352850 66
87007818421544 91
87007818457944 23
87007892245867 66
87007892279672 91
87007959556865 23
87007959590063 66
87007959597646 91
87008027059042 23
87008027094388 66
87008027101989 91
87008094328796 23
87008094366667 66
87008161960045 91
87008161993458 23
87008229078231 66
87008229107657 23
87008229115305 66
87008229122339 91
87008287962499 91
87008354924774 23
87008354959420 66
87008422027577 91
87008422062702 23
87008422070470 66
87008489141706 91
87008489181986 23
87008556172710 66
87008556202229 91
87008556209776 23
87008623146779 66
87008623182942 91
87008690178025 23
87008690215023 66
87008690222598 91
87008763941875 23
87008763975239 66
87008763982998 91
87008831272690 23
87008831305309 66
87008898837553 91
87008898876645 23
87008898884451 66
87008966089058 23
87008966126441 66
87008966134109 91
87009033407679 91
87009100791558 23
87009100821733 66
87009100829598 91
87009159685183 23
87009159720129 66
87009159727853 91
87009227061684 23
87009227097354 66
87009293863249 91
87009293900619 23
87009360903359 66
87009360938124 91
87009360946009 23
87009428104675 66
87009428136434 91
87009495178997 23
87009495216511 66
87009495224203 91
87009562132554 23
87009562170779 66
87009562178535 91
87009629253648 23
87009629288334 66
87009629295804 91
87009703054316 23
87009703088040 66
87009770435636 91
87009770469692 23
87009770477292 66
87009839261933 91
87009839292709 23
87009839300467 91
87009905139225 23
87009905173430 66
87009905180897 91
87009972544341 23
87009972577299 66
87010039886215 91
87010039917446 23
87010107304481 66
87010107337354 91
87010165717646 23
87010165754221 66
87010165761666 91
87010232858832 23
87010232890485 66
87010232898193 91
87010299870224 23
87010299899624 23
87010299907224 66
87010366924411 91
87010366953061 23
87010366960560 66
87010366967672 91
87010433900777 23
87010433937048 66
87010511398117 91
87010511433047 23
87010568111596 66
87010568141559 91
87010642085627 23
87010642116145 66
87010642123914 91
87010709451028 23
87010709483242 66
87010709490904 91
87010787819017 23
87010787855300 66
87010844227399 23
87010844258869 66
87010844266744 91
87010911706747 23
87010911748089 66
87010970480089 91
87010970512059 23
87010970519566 66
87010970526552 91
87011037665535 23
87011037700978 66
87011104640268 91
87011104672386 23
87011171650492 66
87011171681960 91
87011171689511 23
87011238751643 66
87011238784424 91
87011238791925 23
87011305853290 66
87011305889642 91
87011305897271 23
87011372920592 66
87011372958144 91
87011439932887 23
87011439966455 66
87011439974048 91
87011516833278 23
87011516860558 66
87011516868151 91
87011581278012 23
87011581326930 66
87011581334576 91
87011648625863 23
87011648660642 66
87011648668284 91
87011715960495 23
87011715996647 66
87011783432024 91
87011783465049 23
87011783472731 66
87011850724056 91
87011850755570 23
87011850763393 66
87011909697228 91
87011909732572 23
87011909741000 66
87011976434848 91
87011976469934 23
87011976477755 66
87012043597949 91
87012043629270 23
87012110701240 66
87012110732004 91
87012177983788 23
87012178016412 66
87012178023943 91
87012244787427 23
87012244823585 66
87012244831197 91
87012311793587 23
87012311827676 66
87012385522033 91
87012385550119 23
87012385557859 66
87012452921056 91
87012452955046 23
87012520271775 66
87012520305313 91
87012520312739 23
87012520319707 23
87012603594457 66
87012603634950 91
87012603642602 23
87012655094467 66
87012655133216 91
87012722490038 23
87012722530224 66
87012722540094 91
87012722549612 23
87012781330523 66
87012781368957 91
87012848370292 23
87012915538796 66
87012915576025 91
87012982593429 91
87013049748352 23
87013049799862 66
87013049809817 91
87013116582549 23
87013116615514 66
87013116623700 91
87013183773395 23
87013183808582 66
87013183816242 91
87013250767337 23
87013250797918 66
87013250805715 91
87013324729118 91
87013392013309 23
87013392043814 66
87013392051461 91
87013459421793 23
87013459457324 66
87013459464887 91
87013526802505 23
87013526836475 66
87013526844212 91
87013594148580 23
87013594183570 66
87013594190854 91
87013661491434 23
87013661523359 66
87013661531019 91
87013720278160 23
87013720317956 66
87013787236880 91
87013787270777 23
87013787278339 66
87013854272983 91
87013854300247 23
87013854308202 66
87013921606637 91
87013988485315 23
87013988517267 66
87013988524853 91
87014055482930 23
87014055517083 66
87014055527543 91
87014122670739 91
87014122705141 23
87014122714517 14
87014196323870 66
87014196355889 91
87014263810264 23
87014263843717 66
87014263851966 91
87014331118742 23
87014331155929 66
87014331163478 91
87014398522418 23
87014398552142 66
87014465860113 91
87014465892460 23
87014465900154 66
87014533249000 91
87014533284829 23
87014533292247 66
87014592156382 91
87014592184905 23
87014659058049 66
87014659094986 23
87014659102873 66
87014726176419 23
87014726207695 66
