93783079500453 91
93783146944510 91
93783146977155 23
93783146985100 66
93783214291423 23
93783214326627 66
93783214334212 91
93783281659130 23
93783281687534 66
93783281694814 91
93783407953685 91
93783407980599 23
93783407988053 66
93783475047796 91
93783475086302 23
93783541988253 66
93783542015879 23
93783542024357 66
93783608988375 91
93783676155444 91
93783676179812 23
93783676187355 66
93783743190138 91
93783743214911 23
93783743222738 66
93783810271653 91
93783810298927 23
93783877261518 66
93783877329579 91
93783877339132 23
93783951295300 66
93783951319706 23
93783951327884 66
93783951334965 91
93784018579242 23
93784085940791 66
93784085963324 91
93784153310032 91
93784153328190 23
93784220701126 66
93784220720342 91
93784279681229 23
93784279701807 66
93784279709280 91
93784346813380 23
93784346831903 66
93784413921561 23
93784413940211 66
93784413947485 91
93784480796111 23
93784480813989 66
93784480821293 91
93784547812743 91
93784547830058 23
93784615308228 23
93784615340078 66
93784682083819 91
93784682112412 23
93784682119907 66
93784749266144 91
93784749294757 23
93784816499510 66
93784816531614 91
93784890369321 23
93784890402501 66
93784890410048 91
93784959264172 23
93784959290300 66
93784959297786 91
93785025079202 23
93785025104825 66
93785025112688 91
93785092431205 23
93785092454269 66
93785092461739 91
93785092468850 23
93785159813905 66
93785159838123 23
93785159845692 66
93785159852707 91
93785218683718 23
93785218705764 66
93785285657944 91
93785352789583 91
93785352821839 23
93785352829413 66
93785419746144 23
93785419776847 66
93785419784445 91
93785486929752 91
93785553930932 23
93785553954684 66
93785620959330 91
93785620987842 23
93785620995418 66
93785688017547 91
93785688050572 23
93785762032950 66
93785762061200 91
93785762068451 23
93785762075373 66
93785829402821 91
93785829432782 23
93785896768142 66
93785896790282 91
93785896797948 23
93785964154839 66
93785964181986 91
93786031610769 23
93786031638025 66
93786031645484 23
93786090478947 66
93786090509489 91
93786157430700 91
93786157457869 23
93786224614729 66
93786224638907 91
93786224646567 23
93786291627091 66
93786291650895 91
93786358637658 23
93786358660742 66
93786358669619 91
93786425757498 23
93786425779198 66
93786425786605 91
93786425793596 23
93786492920774 66
93786492937955 91
93786492945329 23
93786559788228 66
93786559804742 91
93786559812098 23
93786633701134 66
93786633719380 91
93786633726861 23
93786633734172 66
93786701130347 91
93786701157597 23
93786701165007 66
93786768492862 23
93786768516662 91
93786835845060 23
93786835867761 66
93786835875123 23
93786835882142 66
93786835889113 91
93786970600951 23
93786970625023 66
93786970632616 91
93787029328978 91
93787096572368 23
93787096608346 66
93787096616021 91
93787163461315 23
93787163494484 66
93787230742937 91
93787230781873 23
93787230789797 66
93787230796742 91
93787297632642 23
93787297661165 66
93787297669004 23
93787364800134 66
93787364830960 91
93787431906077 91
93787431937569 23
93787498968834 66
93787499008229 91
93787499015692 23
93787572864059 66
93787572895512 91
93787572903293 23
93787640389207 66
93787640432641 91
93787640442592 23
93787707629415 66
93787707667834 91
93787707675659 23
93787707682741 66
93787775006181 91
93787842573282 23
93787842613713 66
93787842621612 23
93787842628637 66
93787842635504 91
93787909875559 91
93787968406246 23
93787968443879 66
93787968451669 91
93787968458925 23
93788035382421 66
93788035437117 91
93788035445059 91
93788102559297 23
93788102594894 66
93788102602490 91
93788169490251 23
93788169519156 66
93788169526764 23
93788169533871 66
93788169540818 91
93788236505632 23
93788236529340 66
93788236536901 91
93788303515361 23
93788303535498 66
93788370729152 91
93788370746950 23
93788444514239 66
93788444532966 91
93788444540569 23
93788511974856 66
93788511992145 91
93788511999533 23
93788579280546 23
93788579299681 23
93788579306951 66
93788579313935 23
93788579320895 91
93788646683558 23
93788646707525 66
93788646715074 91
93788714030715 23
93788714047944 66
93788714055145 91
93788773008581 23
93788773026882 66
93788840233399 91
93788840251937 23
93788840259599 66
93788907211270 23
93788907230252 66
93788907237826 91
93788975290337 91
93789041222354 23
93789041240608 66
93789041248004 91
93789108395806 23
93789108413177 66
93789108420666 91
93789175414492 23
93789175431135 66
93789242504813 23
93789242525461 66
93789242532859 91
93789316276642 91
93789383695545 23
93789383730483 66
93789383737899 91
93789451041453 23
93789451069039 66
93789518429490 23
93789518455804 66
93789518463781 91
93789585845741 91
93789585873546 23
93789585881671 66
93789653175819 23
93789653208405 66
93789653215998 91
93789711982676 91
93789712007665 23
93789779339331 66
93789779373633 91
93789779381180 23
93789846232713 66
93789846260618 91
93789846268371 23
93789846275457 66
93789913209833 91
93789913244704 23
93789913252704 66
93789980230048 23
93789980265523 66
93789980272818 91
93790047411496 91
93790047440532 23
93790114421526 66
93790114447742 91
93790181394509 23
93790181414566 66
93790181421972 91
93790255387464 23
93790255413658 66
93790255421460 23
93790255428637 66
93790322744433 91
93790322769241 91
93790390100141 23
93790390122108 66
93790390129482 91
93790457473147 23
93790457491816 66
93790457499162 91
93790524853114 23
93790524874158 66
93790524881413 91
93790592239539 23
93790592262621 66
93790592270273 91
93790592277341 23
93790651301254 66
93790651321327 91
93790717960181 23
93790717976946 66
93790717984357 91
93790784993035 23
93790785010310 66
93790852013405 91
93790852031939 23
93790852039383 66
93790919176854 91
93790919204601 23
93790919212073 66
93790986209645 91
93790986229301 23
93791053392267 66
93791053409285 91
93791053416779 23
93791127061981 66
93791127081434 91
93791194435521 23
93791194454419 66
93791194461964 23
93791194468942 66
93791194475954 91
93791261896695 91
93791329290996 23
93791329324716 66
93791329332350 91
93791396649771 23
93791396684954 66
93791396692644 23
93791464064363 66
93791464100650 91
93791522920902 91
93791522954462 23
93791522961882 66
93791589910057 91
93791656976052 23
93791657002835 66
93791657010315 91
93791723915891 23
93791723945064 66
93791723952394 91
93791791106198 23
93791791136002 66
93791858257358 23
93791858300115 66
93791858307845 91
93791925186672 91
93791925217391 23
93791992348290 66
93791992376290 91
93792066133802 23
93792066153623 66
93792066161148 91
93792134061345 23
93792134082188 66
93792134089639 23
93792200976532 66
93792201008939 91
93792268334997 23
93792268366646 66
93792268374010 91
93792335702977 23
93792335731019 66
93792335738516 91
93792394645242 23
93792461655242 66
93792461680159 91
93792528778496 23
93792528798569 66
93792528806433 91
93792595849996 91
93792662881479 23
93792662905305 66
93792662912989 23
93792662920274 66
93792730018465 91
93792730038867 91
93792796936819 23
93792796954044 66
93792864036405 23
93792864053296 66
93792864060871 91
93792937860592 91
93792937879946 23
93792937887427 66
93793005236264 91
93793005253498 23
93793005261751 66
93793072610648 23
93793072626692 66
93793072633911 91
93793140002247 23
93793140019029 66
93793207541067 91
93793207577163 91
93793274868582 23
93793274903540 66
93793333611417 91
93793333645667 23
93793333653250 66
93793400634856 91
93793400667700 23
93793400675667 23
93793400682782 66
93793467660442 91
93793467688894 23
93793534864933 66
93793534892937 91
93793534900380 23
93793601847292 66
93793601869971 23
93793601877571 66
93793601884649 91
93793668890576 23
93793736468339 66
93793736493736 91
93793809655817 91
93793877359855 23
93793877385455 66
93793877393004 91
93793944341083 23
93793944363103 66
93793944370497 23
93793944377614 23
93794011774861 66
93794011800151 91
93794079155789 23
93794079183141 66
93794146487574 91
93794205573860 23
93794205590100 66
93794205597692 91
93794339448107 23
93794339469662 66
93794339477145 91
93794406574326 23
93794406594342 66
93794406601990 91
93794473595049 91
93794540770254 23
93794540790117 66
93794607784534 91
93794607801859 23
93794607809221 66
93794674960091 23
93794674998864 66
93794675006522 91
93794748776475 91
93794816124004 23
93794816155689 66
93794883491440 23
93794883518638 91
93794883525915 23
93794883532881 66
93794950851851 23
93794950874661 66
93794950882323 91
93795018255857 23
93795085635761 66
93795085664034 91
93795144328462 23
93795144358813 66
93795144399429 91
93795279023250 23
93795279058158 66
93795279065652 91
93795345583655 91
93795345616419 23
93795412572509 66
93795412599696 91
93795412607489 23
93795412614740 66
93795412621603 91
93795479749248 23
93795479776234 66
93795546822699 23
93795546849444 66
93795546857369 91
93795613799147 91
93795687848736 23
93795687881606 23
93795687889169 66
93795687896275 91
93795755206023 23
93795755232262 66
93795755239924 91
93795822591319 23
93795822619010 66
93795822626694 23
93795822633883 66
93795822640796 91
93795957332537 91
93795957366435 23
93795957373968 66
93796016229787 91
93796016250260 23
93796016257809 66
93796083322081 23
93796083360237 66
93796083367919 91
93796150299614 91
93796217434064 23
93796217452087 66
93796217459455 23
93796284490797 66
93796284513114 91
93796351481151 91
93796351502519 23
93796418617487 66
93796418642739 91
93796418650435 23
93796485611454 66
93796485663187 91
93796559633304 23
93796559660039 66
93796559667827 23
93796626940991 66
93796626965954 91
93796694364082 91
93796694389419 23
93796694397181 66
93796761699106 23
93796761729952 91
93796761737569 23
93796761744668 66
93796829193156 91
93796829228196 23
93796888069027 66
93796888093702 91
93796955232609 23
93796955259650 66
93796955267193 91
93797022383583 23
93797022411408 66
93797022418949 91
93797022425931 23
93797089234500 66
93797089260342 91
93797156230961 23
93797156255290 66
93797156262771 23
93797156270014 66
93797223470789 91
93797223498676 91
93797290444433 23
93797290469422 66
93797357676977 91
93797357708596 23
93797357716210 23
93797357723646 66
93797357730556 91
93797424919498 23
93797424948999 66
93797424956751 91
93797498638057 23
93797498666188 66
93797565992687 23
93797566013142 66
93797633450782 91
93797700779350 23
93797700812319 66
93797700819820 91
93797768183209 91
93797768216015 23
93797768223548 66
93797827073799 91
93797827102123 23
93797894088741 66
93797894113304 91
93797961130181 23
93797961162597 66
93797961170166 91
93797961177236 23
93798028156378 66
93798028191129 23
93798028198575 66
93798095329102 91
93798162473885 91
93798162520356 23
93798162527970 23
93798229353671 66
93798229375850 23
93798229383813 66
93798229391045 91
93798296379049 91
93798296403324 23
93798370325217 23
93798370347027 66
93798370354430 23
93798437697177 66
93798437716834 91
93798505084160 23
93798505106236 91
93798572443864 23
93798572463921 66
93798572471502 91
93798572478617 23
93798639813985 66
93798639830167 23
93798639837813 66
93798707230808 91
93798765869429 91
93798765889379 23
93798765896951 66
93798832938523 91
93798832957902 23
93798900041085 66
93798900063127 91
93798900070847 23
93798967071705 66
93798967091132 23
93798967098687 66
93798967106355 91
93799101151632 23
93799101173197 66
93799101180947 91
93799168226167 23
93799168248541 66
93799168258176 91
93799242005167 91
93799309715270 23
93799309731774 66
93799309739462 23
93799376867272 66
93799376892755 91
93799444154048 91
93799444173471 23
93799511600100 66
93799511633808 91
93799511641289 23
93799579032242 66
93799579067381 23
93799579075254 66
93799637756276 91
93799704802393 91
93799704827766 23
93799704835206 66
93799771884911 91
93799771911912 23
93799771919696 66
93799839089924 91
93799839122876 23
93799839130814 66
93799906089531 23
93799906120822 23
93799906128270 66
93799973072121 91
93800040113492 91
93800107289740 23
93800107312842 66
93800107320526 23
93800181160740 66
93800181188875 91
93800248769790 91
93800248817840 23
93800315982571 66
93800316016243 23
93800316024778 66
93800316031859 91
93800383323917 23
93800450721745 66
93800450753669 91
93800509654170 91
93800509686134 23
93800509693875 66
93800576614830 91
93800576642299 23
93800576649925 66
93800643690198 91
93800643714965 23
93800643722593 66
93800710741784 91
93800710760778 23
93800710768422 66
93800777752802 91
93800777770455 23
93800844992024 66
93800845014030 23
93800845021760 66
93800845029030 91
93800911994650 91
93800979014420 23
93800979031271 66
93800979038737 91
93801052849763 23
93801052868767 66
93801052876105 91
93801120241086 23
93801120259024 66
93801120266736 91
93801187600384 23
93801187619105 66
93801187626612 23
93801187633507 66
93801254993944 91
93801322369023 91
93801322386289 23
93801322394032 66
93801322401221 91
93801389716069 23
93801389733394 66
93801389740836 91
93801448597066 23
93801448637770 23
93801448645533 66
93801448652694 91
93801515856375 23
93801515889421 66
93801582894423 23
93801582923511 66
93801582931292 91
93801650066399 91
93801650092046 23
93801650099782 66
93801716731794 91
93801716754530 23
93801716761955 66
93801783832225 91
93801783861352 23
93801783868782 66
93801850881864 91
93801850910188 23
93801850917701 66
93801924614256 23
93801924641463 66
93801924648992 91
93802059344664 91
93802059371310 23
93802059379203 66
93802126730506 23
93802126756547 66
93802126763840 91
93802194140623 23
93802194166591 91
93802261762095 23
93802261783067 66
93802320324630 91
93802320341929 23
93802320349406 66
93802387509687 91
93802387528607 23
93802387536152 66
93802454597097 91
93802454614684 23
93802454622006 66
93802521545087 23
93802521563044 66
93802521571329 91
93802588548631 23
93802655749292 66
93802655766199 91
93802723423732 23
93802723455909 66
93802723463320 91
93802863729442 91
93802863761431 23
93802863769085 66
93802931160851 91
93802931189012 23
93802931196744 66
93802998479298 23
93802998504500 66
93802998512338 91
93803066197716 91
93803133204898 23
93803133226512 66
93803133234169 91
93803200644350 23
93803200670200 66
93803200677625 23
93803259340801 66
