86798573092986 91
86798650984134 91
86798707501002 23
86798707538027 66
86798707545868 91
86798782011663 91
86798782043165 23
86798841435946 66
86798841465618 91
86798908588272 23
86798908626973 66
86798908634834 91
86798975633393 23
86798975664466 66
86798975671935 91
86799054119658 23
86799054149957 66
86799054157544 91
86799109655443 23
86799109686627 66
86799176804872 91
86799176835272 23
86799176843058 66
86799243807508 91
86799243844184 91
86799310878374 23
86799310913006 14
86799310920388 66
86799310927378 91
86799387303968 23
86799387336540 66
86799457386926 91
86799457419530 23
86799512125993 66
86799512161821 23
86799512169793 66
86799512176813 91
86799579104869 23
86799579137864 66
86799646327020 91
86799646358423 23
86799713410013 66
86799713443372 91
86799713450818 23
86799780465972 66
86799780504750 91
86799847597794 23
86799847632211 66
86799847639732 91
86799847647472 23
86799926607068 23
86799926642730 66
86799926650116 91
86799981594844 23
86799981624039 66
86799981631511 91
86800048731262 23
86800048766363 66
86800048783612 91
86800128420236 23
86800128464897 66
86800182941506 23
86800182971741 66
86800182979741 91
86800259964709 91
86800316888083 23
86800316921635 66
86800383973394 23
86800384009194 66
86800384017059 91
86800456769743 23
86800456803910 66
86800524567165 91
86800524611066 91
86800591564129 23
86800591598547 66
86800658912084 91
86800658944367 23
86800726298204 66
86800726335682 91
86800793678822 23
86800793709477 66
86800793717281 91
86800861043897 23
86800861074590 66
86800928419925 91
86800928451608 23
86800928460821 66
86800995903904 91
86800995936448 23
86801054754261 66
86801054787857 23
86801054795467 66
86801054802519 91
86801121620617 91
86801188860191 23
86801188893240 66
86801255874757 91
86801255907963 23
86801322887857 66
86801322924402 23
86801322931911 66
86801322938923 91
86801389843579 91
86801457052255 23
86801457081190 66
86801524210523 91
86801524242996 23
86801598063569 66
86801598111493 91
86801665391198 23
86801665424038 66
86801732762051 91
86801732794063 23
86801732801765 66
86801732808842 91
86801800191240 23
86801800221191 66
86801800228857 91
86801869546965 91
86801926425000 23
86801926456731 66
86801926464431 91
86801993518552 23
86801993552441 23
86801993560109 66
86801993567153 91
86802060523415 23
86802060557361 66
86802060564652 91
86802128942546 23
86802128974462 66
86802194716059 91
86802194749122 23
86802261912171 66
86802261946446 23
86802261954078 66
86802328812864 91
86802469699641 91
86802469732318 23
86802469740147 66
86802469747231 91
86802537093093 23
86802604745373 66
86802604785462 91
86802671932693 23
86802671971479 66
86802671979253 91
86802739244576 23
86802739278939 66
86802739286586 91
86802806632011 23
86802806661423 66
86802865511091 91
86802865547340 23
86802865555111 66
86802932474274 91
86802932505987 23
86802999483540 66
86802999515985 91
86802999523563 23
86803066791284 66
86803066843162 91
86803066854577 91
86803141484082 23
86803141515576 66
86803208933964 91
86803208968419 23
86803276172158 66
86803276205877 91
86803276213321 23
86803335016936 66
86803335051322 91
86803335059177 23
86803401960696 66
86803401993765 91
86803402001577 23
86803469073004 66
86803469109467 91
86803536083270 23
86803536121863 66
86803536129392 91
86803603203726 23
86803603235190 66
86803670140137 91
86803670169439 23
86803737207135 66
86803737238100 23
86803737245555 66
86803737252521 91
86803811027653 23
86803878411477 66
86803878447988 91
86803878455608 23
86803945757208 66
86803945791005 91
86803945798609 23
86804013130344 66
86804013160997 91
86804080519068 23
86804080552791 66
86804080560151 91
86804166691168 23
86804166728765 66
86804166736414 91
86804206684622 23
86804206720807 66
86804273933831 91
86804273966643 23
86804340936709 66
86804340967650 91
86804408164258 23
86804408200085 66
86804474896859 91
86804474929802 23
86804542102268 66
86804542135172 91
86804542142866 23
86804609132663 66
86804609164382 91
86804609171935 23
86804676198060 66
86804676237274 23
86804676244891 66
86804750157668 91
86804817509335 91
86804817549251 23
86804817556957 66
86804884873781 23
86804884907039 66
86804884914503 91
86805019608212 23
86805019640993 66
86805087061783 91
86805145771153 91
86805212637184 23
86805212665013 66
86805212672460 91
86805279799594 23
86805279831546 66
86805346840474 91
86805413837301 91
86805480878142 23
86805480911762 66
86805480919939 91
86805547992694 23
86805548019591 66
86805548027052 91
86805621809488 23
86805621843637 66
86805621851264 91
86805689226709 23
86805689261281 66
86805689268989 91
86805756590376 23
86805756624338 66
86805825599141 91
86805825630269 23
86805825638230 66
86805891434087 23
86805891483523 66
86805891491501 91
86806017557609 91
86806017597567 23
86806084696596 66
86806084731570 91
86806084739246 23
86806151647184 66
86806151679929 23
86806218737885 66
86806218771640 91
86806285737629 91
86806285775735 23
86806352845824 66
86806352879038 91
86806352886702 23
86806419976774 66
86806420015278 91
86806420023139 23
86806487136866 66
86806487167404 91
86806487174748 23
86806560906500 66
86806560938614 91
86806628296458 23
86806628329760 66
86806628337569 91
86806695656026 23
86806695689867 66
86806763036521 91
86806763068558 23
86806763076290 66
86806830531326 91
86806830572523 23
86806889504236 66
86806889542496 91
86806956364199 23
86806956398119 66
86806956405501 23
86806956412543 66
86807023567948 91
86807090551648 91
86807090582422 23
86807168071662 66
86807168115524 91
86807168123377 23
86807224614262 66
86807224647432 91
86807224655043 23
86807291985775 66
86807292039975 91
86807358843652 23
86807358876269 66
86807358884037 91
86807435382289 23
86807435412433 66
86807435420031 23
86807508056023 66
86807508085277 91
86807560065748 91
86807637251590 23
86807637284033 66
86807699416307 91
86807699451761 23
86807699459192 66
86807761553090 23
86807761587014 66
86807761594672 91
86807838549081 91
86807895453196 23
86807895488049 66
86807895495674 91
86807962471487 23
86807962502712 66
86807962510808 91
86808040515645 23
86808040554780 66
86808040562462 91
86808096557341 23
86808096594342 66
86808096601811 91
86808163650946 23
86808163686797 66
86808163694771 91
86808241785735 23
86808241817347 66
86808241824965 91
86808297735033 23
86808297769798 66
86808297777739 91
86808364773832 23
86808364806941 66
86808364814506 91
86808443740860 23
86808443774870 66
86808498915435 91
86808498945889 23
86808566150693 66
86808566181479 91
86808633315133 23
86808633346082 66
86808633353275 91
86808700122210 23
86808700157582 66
86808767168214 91
86808767202225 23
86808767209890 66
86808834256208 23
86808834289983 66
86808834297754 91
86808901266575 91
86808968500283 23
86808968540246 66
86808968547791 91
86809042148902 23
86809042181981 66
86809109561509 23
86809109608373 66
86809109616192 91
86809176913769 91
86809244365244 23
86809244407218 66
86809311731848 91
86809311767281 23
86809311775098 66
86809379042796 23
86809379078605 91
86809379085915 23
86809437949744 66
86809437980292 91
86809504857258 23
86809504888475 66
86809504896148 91
86809504903122 23
86809572084098 66
86809572117955 91
86809639044565 23
86809639080438 66
86809706162596 23
86809706193169 66
86809706201036 91
86809773261300 91
86809773310408 23
86809840270276 66
86809840301537 23
86809840309257 66
86809907282877 91
86809981230141 23
86809981261890 66
86809981270043 91
86810052116007 23
86810108529045 66
86810108561330 91
86810175694981 91
86810175726857 23
86810254187360 66
86810254233933 91
86810254241425 23
86810309672679 66
86810309703707 91
86810309711330 23
86810382016569 66
86810382047697 91
86810455371522 23
86810455402568 66
86810455410326 91
86810511598206 23
86810511645635 66
86810511653131 91
86810577911221 23
86810577941287 66
86810657429873 91
86810657485165 23
86810712316727 66
86810712349546 91
86810712357152 23
86810789218763 66
86810789254457 91
86810846200503 23
86810846230357 66
86810846237888 91
86810913241971 23
86810913277810 66
86810913285401 91
86810913292459 23
86810990540390 66
86810990573765 91
86811047416400 23
86811047450450 66
86811047458086 91
86811114461241 23
86811114489682 66
86811114497333 91
86811192495475 23
86811192530191 66
86811248655753 91
86811248718288 23
86811248725988 66
86811315650725 91
86811315681731 23
86811382680917 66
86811382710396 91
86811450205132 23
86811450258758 66
86811450267102 91
86811450274166 23
86811517003975 66
86811517039126 91
86811595865004 23
86811595902406 66
86811650970036 91
86811651000482 23
86811651008017 23
86811718155754 66
86811718184458 91
86811718192096 23
86811785151692 66
86811785181941 91
86811863005855 23
86811863043617 66
86811919293320 23
86811919325560 66
86811919333143 91
86811986439955 91
86812060997136 23
86812061029012 66
86812061036454 91
86812130144319 23
86812130188346 66
86812187581350 91
86812187610907 23
86812187618313 66
86812266344731 91
86812266382573 23
86812321653947 66
86812321686610 23
86812321694481 66
86812321701547 91
86812398171991 91
86812455895494 23
86812455925761 66
86812455933346 91
86812522864003 23
86812596591390 66
86812596624560 91
86812596632224 23
86812663961317 66
86812663993169 91
86812740946664 23
86812740983633 66
86812740991285 91
86812798721375 23
86812798755240 66
86812798762723 91
86812866154079 23
86812866183869 66
86812933476074 23
86812933505749 66
86812933513224 91
86813001814338 91
86813001851269 23
86813059371285 66
86813059404432 91
86813126511004 23
86813126543001 66
86813126550852 91
86813193548997 23
86813193583950 66
86813193591530 91
86813268272947 23
86813268300989 66
86813335651219 91
86813335689269 23
86813335696498 66
86813403056366 91
86813403089344 23
86813403096752 66
86813461799088 91
86813461830357 23
86813528878169 66
86813528918202 91
86813595995243 23
86813596031137 66
86813596038607 91
86813663109765 23
86813663143759 66
86813663151431 91
86813730061633 23
86813730102460 66
86813730110098 91
86813797065285 23
86813797100647 66
86813864474076 23
86813864509666 66
86813864517185 91
86813931388430 91
86813998213627 23
86813998254412 66
86813998262486 91
86814065453932 23
86814065485788 66
86814132497946 91
86814132528531 23
86814132536247 66
86814199539904 91
86814199586675 23
86814199594225 66
86814266535470 91
86814266570794 23
86814333769786 66
86814333833343 23
86814333842839 91
86814411727615 23
86814411761328 66
86814411769332 91
86814467826834 23
86814467859115 66
86814534847948 91
86814534880402 23
86814610299142 66
86814610333935 23
86814610341574 66
86814610348685 91
86814736022326 91
86814736057873 23
86814736065819 66
86814803137934 91
86814803168565 23
86814803176448 66
86814870313880 91
86814870349007 23
86814870356846 66
86814937569150 91
86814937603263 23
86815004285235 66
86815004313162 91
86815083757774 23
86815083918816 66
86815083926484 91
86815145095736 23
86815145129660 66
86815212589650 23
86815212638769 91
86815212646320 23
86815279861086 66
86815279896623 91
86815347259415 23
86815347294377 66
86815347302105 23
86815347309057 66
86815414609648 91
86815482011216 23
86815482043526 66
86815482050999 91
86815540963920 91
86815609746938 23
86815609786118 66
86815675140477 23
86815675191278 66
86815675202562 91
86815743456054 91
86815809023193 23
86815809061860 66
86815876224598 91
86815876255468 23
86815876263297 66
86815943258014 91
86815943295649 23
86816010332806 66
86816010362979 91
86816084231243 23
86816084268391 66
86816084276063 91
86816151598446 23
86816151631101 66
86816151638735 91
86816218956359 23
86816218990731 66
86816218998425 91
86816286329945 91
86816353698975 23
86816353728314 66
86816353735767 91
86816421077744 23
86816421108206 66
86816421116055 91
86816479840646 23
86816479888218 66
86816479898312 91
86816562070579 23
86816562124612 66
86816562132228 91
86816613882538 23
86816613910823 66
86816680911185 91
86816680942586 23
86816680950129 66
86816747945834 91
86816815012514 23
86816815046695 66
86816815054309 91
86816882132302 23
86816882162458 66
86816882169756 91
86816955923037 23
86816955958848 66
86816955966688 91
86817024276844 23
86817024303169 66
86817090672043 91
86817090705710 23
86817090713381 66
86817158143597 23
86817158177058 66
86817158184436 91
86817225428856 23
86817225465743 66
86817225473220 91
86817293072137 23
86817293106572 66
86817351684921 91
86817351720899 23
86817418865762 66
86817418935058 91
86817485716500 23
86817485747952 66
86817485755575 23
86817552886101 66
86817552923984 91
86817619760168 91
86817619796956 23
86817698980443 66
86817699011088 91
86817754036877 23
86817754074776 66
86817754082257 91
86817830895172 23
86817830927378 66
86817830935154 91
86817888061581 23
86817888093465 66
86817888100968 91
86817963118709 23
86817963148614 66
86818022269122 23
86818022306297 66
86818022314192 91
86818089282176 23
86818089316232 91
86818156340313 23
86818156370313 66
86818156377950 91
86818234141451 23
86818234175974 66
86818290469288 91
86818290503607 23
86818290511284 66
86818357497845 91
86818357559505 23
86818424665434 66
86818424694647 91
86818424702278 23
86818498650964 66
86818498684057 91
86818498691803 23
86818566099339 66
86818566139044 91
86818566146748 23
86818633432615 66
86818633466243 91
86818700797463 23
86818700827953 66
86818700835528 91
86818768181134 23
86818768212622 66
86818768220186 91
86818827107511 23
86818827139644 66
86818827147123 91
86818894008029 23
86818894040748 66
86818894048432 91
86818961103399 23
86818961136847 66
86818961144088 91
86819028331733 23
86819028369459 66
86819028376881 91
86819095515557 23
86819095545876 66
86819095553642 91
86819162370732 23
86819162403103 66
86819162410691 91
86819229418607 23
86819229445720 66
86819229453223 91
86819296424763 23
86819296496415 66
86819296506653 91
86819370450102 23
86819370486187 66
86819437798271 23
86819437839046 66
