105103914864480 91
105103987795738 91
105103987829869 23
105104061159383 66
105104061190370 91
105104061197963 23
105104116142677 66
105104116177363 23
105104116184671 66
105104116192302 91
105104193192397 23
105104193237281 66
105104193245251 91
105104250151001 91
105104317315908 23
105104317346938 66
105104317354308 91
105104317361259 23
105104394937752 66
105104394968441 91
105104394976117 23
105104451445225 66
105104451515952 91
105104451525277 23
105104451533303 66
105104518408300 23
105104518434996 66
105104518442421 91
105104596393340 91
105104596431217 23
105104596438702 66
105104652545518 91
105104652578331 23
105104652585899 66
105104719681340 23
105104719720713 66
105104719728992 91
105104798225110 91
105104798254988 23
105104798263000 66
105104853949676 23
105104853982912 66
105104853990445 91
105104921137860 23
105104921171283 66
105104921178750 91
105104988046634 23
105104988083670 66
105104988091448 91
105105065545654 91
105105122097101 23
105105122131670 66
105105122139169 23
105105122146155 66
105105122153435 91
105105189062494 23
105105189091597 23
105105189098904 66
105105189105983 91
105105256283147 23
105105256330826 66
105105256338574 91
105105323346547 23
105105323385364 66
105105323392978 91
105105390286740 23
105105468765983 66
105105468805221 91
105105524492196 23
105105524531181 66
105105524538857 91
105105591490671 91
105105591526234 23
105105591533815 66
105105666735600 23
105105666770455 91
105105666778109 23
105105666785217 66
105105725703513 91
105105725734249 23
105105725741372 66
105105792639601 23
105105792668227 66
105105792675871 91
105105871967608 91
105105872003823 23
105105872011342 66
105105926903681 23
105105926935140 66
105105926942778 91
105106003919467 91
105106003948746 23
105106060973999 66
105106061006356 91
105106061013997 23
105106061021013 66
105106127937560 23
105106127970450 66
105106127977960 91
105106200445883 23
105106200480044 66
105106200487798 91
105106262268756 23
105106341186885 66
105106341221097 91
105106341228600 91
105106396370434 23
105106396404215 66
105106396411824 91
105106396418826 23
105106396425742 66
105106473068806 23
105106473099260 66
105106473106673 91
105106473114085 91
105106535716903 23
105106535745460 66
105106535752961 91
105106608474565 23
105106608504341 66
105106608511712 91
105106608518858 23
105106665639584 66
105106665685182 23
105106665695551 66
105106665705174 91
105106731735930 23
105106731772648 66
105106731780251 91
105106810379721 23
105106865779654 66
105106865810052 91
105106865817537 91
105106932943544 23
105106932976828 66
105106932984325 23
105106932991423 66
105106932998313 91
105107011745800 91
105107011776427 23
105107067069633 66
105107067099109 91
105107067106739 23
105107067113950 66
105107143584309 91
105107143617262 23
105107143624817 66
105107143631839 91
105107201169152 23
105107201199775 66
105107201207320 91
105107268233573 23
105107268270303 66
105107268277578 23
105107343626246 66
105107343660707 91
105107343668355 23
105107402285854 66
105107402316161 91
105107469357869 23
105107469390069 66
105107469397893 91
105107546891259 23
105107546926998 66
105107546934440 91
105107603756474 23
105107603793197 66
105107603800934 91
105107670593176 91
105107670628697 23
105107670636125 66
105107670642992 91
105107748796453 23
105107748831783 66
105107748839986 91
105107812780792 23
105107812807322 66
105107812814897 91
105107812822038 23
105107884153571 66
105107884183415 91
105107884191137 23
105107884197976 66
105107938837657 23
105107938867045 66
105107938874761 91
105108016064377 23
105108016098246 66
105108016105723 91
105108072927447 23
105108072957235 66
105108072965025 91
105108140073601 23
105108140105465 66
105108140113078 91
105108212592410 23
105108212627116 66
105108274111713 91
105108341309887 91
105108341350393 23
105108341358117 66
105108419404909 91
105108419440939 23
105108419448427 66
105108419455916 23
105108475539281 66
105108475572673 91
105108475580404 23
105108475587637 66
105108542401225 91
105108609573317 91
105108609604986 23
105108609612346 66
105108609619429 91
105108676612869 23
105108676642729 66
105108676650127 91
105108676657131 23
105108676664071 66
105108743518806 23
105108743550519 66
105108743558266 91
105108810742047 91
105108810772244 23
105108810780050 66
105108888641823 23
105108888683203 66
105108888690806 91
105108944711489 91
105108944742313 23
105108944750190 66
105108944757077 91
105109011972541 23
105109012005456 66
105109012013562 91
105109012020721 23
105109012027666 66
105109079140740 23
105109079171960 91
105109079179537 23
105109079186696 23
105109079193719 66
105109146330288 23
105109146364172 66
105109146371556 91
105109212980058 23
105109213011823 66
105109213019312 91
105109291923855 91
105109291959937 23
105109347305649 66
105109347337851 91
105109347345629 23
105109423646526 66
105109423678791 23
105109423686491 66
105109488669828 91
105109488704687 23
105109488712255 66
105109559019279 91
105109559054078 91
105109615561292 23
105109615593357 66
105109615600794 91
105109682553151 23
105109682586570 66
105109771199684 91
105109771236199 23
105109771243702 23
105109771250617 66
105109816593815 91
105109816628471 23
105109816635900 66
105109883907708 23
105109883949795 66
105109883957416 91
105109950854807 23
105109950887824 66
105109950895407 91
105110028274429 91
105110028310622 23
105110028318092 66
105110028325044 91
105110084934034 23
105110084971233 66
105110084978627 23
105110084985516 66
105110152344149 91
105110152377200 91
105110152384777 23
105110230188355 66
105110230220671 91
105110230228446 23
105110230235456 66
105110292616654 23
105110292666098 66
105110292674108 91
105110353284455 23
105110353321734 66
105110353329319 91
105110431574818 91
105110431615290 23
105110487292696 66
105110487324925 91
105110487332574 23
105110487339653 66
105110554319955 23
105110554353443 66
105110554360992 91
105110633429492 91
105110633461768 23
105110688583058 66
105110688617823 23
105110688625452 66
105110688632748 91
105110755517999 91
105110834869780 23
105110834918768 66
105110834928236 23
105110889806234 66
105110889852756 91
105110966756276 23
105110966801030 66
105110966808537 91
105111023860084 91
105111023890763 23
105111023898457 66
105111090920176 23
105111090954426 66
105111158146461 91
105111225513186 23
105111225556725 66
105111225564250 91
105111292084924 23
105111292117076 66
105111292124402 91
105111369891411 91
105111369922466 23
105111369929977 66
105111426377690 91
105111426412401 23
105111426420262 66
105111493342527 23
105111493378194 66
105111493385776 91
105111560322057 23
105111560354361 66
105111627528835 91
105111694574220 23
105111694644817 66
105111761578085 91
105111761611760 91
105111843247844 23
105111843294283 23
105111843302345 66
105111843309389 91
105111843316236 23
105111895790731 66
105111895823894 91
105111895831669 23
105111895838964 66
105111895846008 91
105111962798289 23
105111962830811 66
105111962838382 91
105111962845382 23
105111962852392 66
105112029798966 23
105112029832562 66
105112029840813 91
105112106443378 23
105112106477889 66
105112106485444 91
105112164043248 23
105112164076581 66
105112164084256 91
105112231241995 91
105112231281519 23
105112231289267 66
105112298058952 91
105112298091739 23
105112298099250 66
105112365297818 91
105112365333100 23
105112365341514 66
105112432249081 23
105112432283886 23
105112432291457 66
105112432298399 91
105112506937297 23
105112506966367 66
105112506973976 91
105112574272061 91
105112641715384 23
105112641747455 66
105112641755238 91
105112641762270 23
105112700619433 66
105112700653882 91
105112700663171 23
105112700670476 66
105112767628573 91
105112767661721 23
105112767669360 66
105112767676545 91
105112834610545 91
105112834640856 23
105112834648456 66
105112834655434 91
105112901694910 23
105112901729667 66
105112901737158 91
105112968774810 23
105112968806668 66
105112968814998 91
105113046467899 23
105113046503414 66
105113046511144 23
105113046518172 66
105113046525160 91
105113102839717 23
105113102871954 66
105113102879676 91
105113169976048 23
105113170008292 66
105113170015523 91
105113170022489 23
105113170029376 66
105113243909432 91
105113243943273 23
105113243950998 66
105113311327102 23
105113311366817 66
105113311374563 91
105113311381694 23
105113378758391 66
105113378798664 91
105113446024391 23
105113446055241 66
105113446062844 91
105113513390027 91
105113513422676 23
105113513430364 66
105113513437301 91
105113580883351 23
105113580927479 66
105113580934966 91
105113639528050 23
105113639556551 66
105113639564005 91
105113639571005 23
105113639577921 66
105113706448170 91
105113706493463 23
105113706501614 66
105113773456972 91
105113773488194 23
105113773495876 66
105113848080927 91
105113848117514 23
105113848125103 66
105113907648517 23
105113907677384 66
105113907684885 91
105113974698950 23
105113974733357 23
105113974741039 66
105113974748155 91
105114041748679 23
105114041781539 66
105114108978753 91
105114109013301 23
105114175898118 66
105114175927958 91
105114175935839 91
105114242973954 23
105114243007592 66
105114243015216 91
105114243022335 23
105114309967277 66
105114310000525 23
105114310007692 66
105114310014527 91
105114377228956 23
105114377265593 66
105114377273138 91
105114444176439 91
105114444211044 23
105114444218823 66
105114511312507 91
105114511348181 23
105114511356098 66
105114585180021 23
105114585221591 66
105114585229454 91
105114652552769 23
105114652592940 66
105114652600823 91
105114728225528 91
105114728261637 23
105114728270634 66
105114787278393 91
105114787310710 23
105114787318287 66
105114787327053 91
105114854755656 23
105114854790589 66
105114854798084 91
105114922106296 23
105114922150996 66
105114922158597 23
105114922165722 66
105114922172720 91
105114990755622 91
105115048057688 23
105115048098000 66
105115048105736 91
105115125627853 23
105115125660175 91
105115125668256 23
105115125675427 66
105115181932749 23
105115181967469 66
105115181974974 91
105115181981996 23
105115181988757 66
105115249055729 91
105115249094698 23
105115249101941 66
105115327517442 23
105115327554266 66
105115327561827 91
105115383377399 23
105115383410641 66
105115383418114 91
105115450119410 23
105115450149188 66
105115450156820 91
105115524961932 23
105115524995998 66
105115525003360 91
105115592518930 23
105115592553974 66
105115659728154 91
105115659761191 23
105115718399149 66
105115718455157 91
105115785497661 23
105115785529491 66
105115785537608 91
105115852565456 23
105115852597843 66
105115852605348 91
105115919561826 23
105115919597637 66
105115919605142 91
105115986814191 91
105115986848829 23
105115986856214 66
105115986863366 91
105116053881680 23
105116053921773 66
105116053929329 91
105116121100490 23
105116121151596 66
105116121165129 91
105116121175724 23
105116188048397 66
105116188096699 91
105116188104395 23
105116188111641 66
105116188118526 91
105116261954729 23
105116261991990 91
105116261999320 23
105116329418379 66
105116329461372 23
105116329468881 66
105116396726669 23
105116396762133 66
105116396769763 91
105116464485697 23
105116464540021 66
105116531433900 91
105116531465897 91
105116590467247 23
105116590499592 66
105116590506979 91
105116590514180 23
105116590521061 66
105116657349753 91
105116657382026 23
105116657389529 66
105116657396710 23
105116657404080 66
105116724538644 91
105116724572811 91
105116800260446 23
105116800294555 66
105116800302229 23
105116858521862 66
105116858557100 91
105116858564619 91
105116925605704 23
105116925640246 66
105116925647906 91
105116992713938 23
105116992747335 66
105116992754818 23
105117066277541 66
105117066313221 91
105117066320754 23
105117066327589 66
105117066334443 91
105117201052251 23
105117201082327 66
105117201089888 91
105117268479325 23
105117268519247 91
105117268526885 23
105117268533974 66
105117335773962 91
105117335803756 23
105117335811440 66
105117403150475 91
105117403188496 23
105117403196021 66
105117470520047 91
105117470549656 23
105117470557300 66
105117537957188 91
105117537985751 23
105117537993467 66
105117596326573 23
105117596362199 66
105117596369559 91
105117663285319 91
105117663319902 23
105117730481573 66
105117730512490 23
105117730519942 66
105117730526814 91
105117797786444 91
105117864487990 23
105117864518601 66
105117864526186 23
105117864533146 66
105117864540044 91
105117931531592 91
105117931566164 23
105118005387506 66
105118005423880 91
105118072725040 23
105118072756558 66
105118072764616 91
105118140109637 23
105118140143307 66
105118140150901 23
105118140157842 66
105118140164738 91
105118207520869 23
105118207558675 66
105118274911601 91
105118274958235 91
105118342238713 23
105118342272237 66
105118342279713 91
105118342286752 23
105118401123950 66
105118401163450 91
105118401171059 23
105118401178379 66
105118468252910 23
105118468286275 66
105118468293553 91
105118535568136 23
105118535614521 66
105118535622126 91
105118602272117 23
105118602307236 66
105118602314888 91
105118669379118 91
105118669411589 23
105118669418887 66
105118669426386 91
105118736435962 23
105118736468339 91
105118736475908 23
105118803643266 66
105118803694394 91
105118870496591 23
105118870568638 66
105118870576692 23
105118944485269 66
105118944523250 91
105118944531071 23
105118944538165 66
105118944545073 91
105119011889001 23
105119011918882 66
105119011926775 91
105119011933940 23
105119079225204 23
105119079260578 66
105119079267942 91
105119146651199 23
105119146686366 66
105119146694054 91
105119213994214 23
105119214049510 66
105119214057952 91
105119281480883 23
105119281518979 66
105119281526870 23
105119281534675 66
105119281541576 91
105119339946194 91
105119339983066 23
105119339990688 66
105119407126849 23
105119407173353 66
105119407181312 91
105119481484321 91
105119481532124 23
105119481541275 23
105119481549471 66
105119548903220 91
105119548939085 23
105119548946775 66
105119608566451 23
105119608606154 66
105119608613514 91
105119686997044 91
105119687028546 23
105119687036205 66
105119742447552 23
105119742483841 66
105119742491205 91
105119818891430 23
105119818926402 66
105119818934023 91
105119876531288 91
105119876562668 23
105119943511685 66
105119943543377 23
105119943551020 66
105120020180897 91
105120020216621 23
105120020224142 66
105120077779065 91
105120144762688 91
105120144798127 23
105120144805736 66
105120144812988 23
105120144819998 66
105120222131679 91
105120222166053 23
105120222173677 66
105120278961014 91
105120352437234 23
105120352472554 66
105120352480489 91
105120412998909 23
105120413031263 66
