87022774115526 91
87022841239103 91
87022920411189 23
87022920444614 66
87022975363104 91
87022975401194 23
87022975408846 66
87023042401654 91
87023042436996 23
87023109470631 66
87023109501089 91
87023187690972 23
87023187725648 66
87023187733364 91
87023187740523 23
87023243573489 66
87023243611569 91
87023310624978 23
87023310655977 66
87023310663404 91
87023389584039 23
87023389614400 66
87023444851004 91
87023444882949 23
87023444890860 66
87023511806483 91
87023511843130 23
87023590973327 66
87023591007321 23
87023591014733 66
87023591021709 91
87023646029880 91
87023722805787 23
87023722839033 66
87023722846425 91
87023780581383 23
87023780610808 66
87023780618473 91
87023847183748 23
87023847216972 66
87023847224654 23
87023924108460 66
87023924144114 91
87023981401131 91
87024048345311 23
87024048381993 66
87024048389638 91
87024126181533 23
87024126229723 66
87024182510519 91
87024182538944 23
87024182546439 66
87024182553386 91
87024249580064 23
87024249613766 66
87024323510839 91
87024323543088 23
87024323550653 66
87024323557661 91
87024391018757 23
87024391057987 66
87024458240960 91
87024458272154 23
87024458279667 66
87024525612637 91
87024593012062 23
87024593043422 66
87024593051091 91
87024651920100 91
87024719148868 23
87024719187660 66
87024719196038 91
87024786310933 23
87024786343067 66
87024786350707 91
87024853088797 23
87024853122307 66
87024853129608 91
87024920177585 23
87024920215041 66
87024920222697 91
87024987276111 23
87024987315140 66
87025054320580 91
87025054362490 23
87025121552070 66
87025121594167 91
87025202790094 23
87025202838889 66
87025202846621 91
87025271036025 23
87025271078486 66
87025271086019 91
87025329980237 23
87025330014734 66
87025330022368 91
87025397540307 23
87025397582033 66
87025397589647 91
87025464920164 23
87025464965274 66
87025464974048 91
87025532137109 23
87025532171779 66
87025532198560 91
87025591031841 23
87025591066668 66
87025591074462 91
87025658419085 23
87025658473799 66
87025658482131 91
87025725095427 23
87025725134667 66
87025725142559 91
87025792176079 23
87025792211540 66
87025869587124 91
87025869624729 23
87025869632246 66
87025926292662 91
87025926326747 23
87025993310870 66
87025993347922 91
87025993355565 23
87026065561692 66
87026065597205 91
87026127516423 23
87026127556003 66
87026127563608 91
87026195045304 23
87026195074724 66
87026195082969 91
87026272798382 23
87026272829467 66
87026272836948 91
87026328537569 23
87026328571451 66
87026328579004 91
87026395721855 23
87026395753062 66
87026395760283 91
87026462874392 23
87026462910430 66
87026530071902 23
87026530136386 91
87026530144503 23
87026596905555 66
87026596936280 91
87026596943994 23
87026676139983 66
87026676172696 91
87026735873795 23
87026735909098 66
87026735916784 91
87026807989468 23
87026808023718 66
87026808031171 91
87026865314075 23
87026865342357 66
87026865350003 91
87026938805895 23
87026938843996 66
87026938852300 91
87026999297231 23
87026999331612 66
87026999339262 91
87027066273489 23
87027066306319 66
87027133463214 91
87027133492005 23
87027211234616 66
87027211265529 23
87027211273189 66
87027211280243 91
87027267519128 91
87027334595797 23
87027334632927 66
87027334640662 91
87027412549145 23
87027412583739 66
87027468736691 91
87027468764208 23
87027468771681 66
87027535792865 91
87027535825857 23
87027535833304 66
87027615403915 91
87027615432414 23
87027669991086 66
87027670022793 91
87027670030111 23
87027737046351 66
87027737074596 91
87027804011411 23
87027804047524 66
87027804055215 91
87027881754769 23
87027881789113 66
87027881796882 91
87027938256428 23
87027938292212 66
87027938299630 91
87028006008957 23
87028006043705 66
87028006051562 91
87028083685374 23
87028083720535 66
87028139468294 91
87028139497535 23
87028139505130 66
87028215009956 91
87028215041698 23
87028273702364 66
87028273750039 91
87028273760394 23
87028340519499 66
87028340550198 91
87028340558174 23
87028340565288 66
87028407725622 91
87028407755869 91
87028474739108 23
87028474777023 66
87028552941285 91
87028552977440 23
87028552985210 66
87028608898244 91
87028608935062 23
87028608942506 66
87028675947721 91
87028675977838 23
87028742918431 66
87028742950448 91
87028820217792 23
87028820265609 66
87028820273285 91
87028877095757 23
87028877124509 66
87028877131787 91
87028944314965 23
87028944344857 66
87029011151369 91
87029011182611 23
87029078382493 66
87029078432794 91
87029145335546 23
87029145369387 66
87029145377173 91
87029212374105 23
87029212406514 66
87029212414182 91
87029279551365 23
87029279581216 66
87029346530071 91
87029346565348 23
87029413609174 66
87029413644737 23
87029413653684 66
87029413663522 91
87029547680669 23
87029547713025 66
87029547720514 91
87029624441546 91
87029624470514 23
87029682537402 66
87029682565111 91
87029748918499 23
87029748951902 66
87029748959527 91
87029815882317 23
87029815911977 66
87029815919576 91
87029883411824 23
87029883466551 66
87029883478391 91
87029963589766 23
87029963619842 66
87029963627443 91
87030017222171 23
87030017259327 66
87030017266562 91
87030093113165 23
87030093145113 66
87030093152725 91
87030163154383 23
87030163202951 66
87030221790692 23
87030221821526 66
87030221829236 91
87030294977822 91
87030352674041 23
87030352705142 66
87030352712889 91
87030419636103 23
87030419673633 66
87030419681428 91
87030486721703 23
87030486756526 66
87030486764353 91
87030553780193 23
87030553813624 66
87030553821277 91
87030620855796 23
87030620888044 66
87030620895635 91
87030694738571 23
87030694781571 66
87030694789265 91
87030762019248 23
87030762054164 66
87030829434212 91
87030829467593 23
87030829475271 66
87030896817675 91
87030964175871 23
87030964207946 66
87030964215439 91
87031031589437 23
87031031622381 66
87031031630309 23
87031090530934 91
87031090565894 23
87031090573678 66
87031157387574 91
87031157425844 23
87031157433355 66
87031224354808 91
87031224390868 23
87031291556592 66
87031291587742 91
87031358563006 23
87031358599725 66
87031358608125 91
87031425643086 23
87031425688496 66
87031425695852 91
87031492678524 23
87031492716897 66
87031492724396 91
87031566383447 23
87031566418841 66
87031566427090 23
87031566434205 91
87031633785375 23
87031633813932 66
87031701175719 91
87031701207029 23
87031701214583 66
87031768608499 91
87031768642787 23
87031768650404 66
87031835899275 91
87031835932194 23
87031835939630 66
87031903291124 91
87031903322944 23
87031903331102 66
87031962146124 91
87031962182094 23
87032029332249 66
87032029430267 91
87032029445228 23
87032096255133 66
87032096288906 91
87032096296445 23
87032096303319 66
87032163342568 91
87032230277059 91
87032230307129 23
87032297520726 66
87032297549064 91
87032364533673 23
87032364571998 66
87032364579648 91
87032431813701 23
87032431855918 66
87032431863517 91
87032505483837 23
87032505511628 66
87032505519135 91
87032572875989 23
87032572905819 66
87032572913381 91
87032640293164 23
87032640326848 66
87032640334450 91
87032707627932 23
87032707661693 66
87032707668966 91
87032775006056 23
87032775037548 66
87032775045210 91
87032834066876 23
87032834128050 66
87032834137896 91
87032901149829 23
87032901181219 66
87032901188915 91
87032968017252 23
87032968055386 23
87032968063416 66
87033035094567 91
87033035126793 23
87033035134254 66
87033102325504 91
87033181055510 23
87033181090303 66
87033181098160 91
87033236295224 23
87033236325571 66
87033236333098 91
87033312928422 91
87033312959144 23
87033377928736 66
87033377958460 91
87033448282906 23
87033448318166 66
87033504704616 91
87033504733077 23
87033504740839 66
87033571740844 91
87033571773523 23
87033571781199 66
87033650310268 91
87033650343695 23
87033650351365 66
87033705919735 91
87033705953375 23
87033789227147 66
87033789265902 91
87033789273812 23
87033839947323 66
87033839978517 91
87033917492892 23
87033917532577 66
87033917540184 91
87033974191341 23
87033974223527 66
87033974231165 91
87034041204286 23
87034041272961 66
87034041282254 91
87034119429604 23
87034119469365 66
87034119477071 91
87034181625165 23
87034181664774 66
87034181672534 91
87034242451877 23
87034242485585 66
87034242493038 91
87034320736113 23
87034320770431 66
87034320778318 91
87034376455755 23
87034443948090 66
87034443981623 91
87034522910883 23
87034522952493 91
87034522960427 23
87034522967406 14
87034522974847 66
87034577703967 91
87034644802674 23
87034644834669 66
87034644842140 91
87034711929775 23
87034711964136 66
87034711971781 91
87034711978870 23
87034779117721 66
87034779153807 91
87034845997897 23
87034846029148 66
87034846036665 91
87034913702335 23
87034913732361 66
87034913739898 91
87034980129946 23
87034980193103 66
87034980200807 91
87035054195526 23
87035054226201 66
87035121458580 91
87035121489151 23
87035121496541 66
87035188829899 91
87035188858766 23
87035256209821 66
87035256243455 23
87035256250827 66
87035256258254 91
87035323634382 91
87035382501790 23
87035382532543 66
87035382540123 91
87035449457115 23
87035449488752 66
87035449496213 91
87035516660384 23
87035516692727 66
87035583874054 91
87035583916036 23
87035583923889 66
87035650765730 91
87035650803031 23
87035717759305 66
87035717794619 91
87035717802250 23
87035784931152 66
87035784964323 91
87035852000358 91
87035852037080 23
87035852044696 66
87035925810493 91
87035925848289 23
87035993182510 66
87035993222188 91
87036060572694 23
87036060598508 66
87036060606023 91
87036128046748 23
87036128092717 66
87036128100638 91
87036195543991 23
87036195579842 66
87036195587578 91
87036254241827 23
87036254273216 66
87036254281128 91
87036321496819 23
87036321531500 66
87036321539129 91
87036388476726 23
87036388507389 66
87036459122005 23
87036459152686 66
87036459160416 91
87036522654269 23
87036522690479 66
87036522697960 91
87036590021488 23
87036590049550 66
87036590056955 91
87036656831367 23
87036656860507 66
87036656868306 91
87036723727637 23
87036723763886 66
87036723771572 91
87036797542150 23
87036797581900 66
87036864919631 91
87036864955699 23
87036864963399 66
87036932260560 91
87036932291503 23
87036999712516 66
87036999749569 91
87037067052608 23
87037067085818 66
87037067093359 91
87037134485976 23
87037134538848 66
87037134549016 91
87037193250688 23
87037193281536 66
87037193289132 91
87037260310304 23
87037260341822 66
87037260349389 91
87037327509455 23
87037327544721 66
87037327552658 91
87037406882264 23
87037406919408 66
87037406926953 91
87037461592747 23
87037461626190 23
87037461633611 66
87037461640750 91
87037538732379 23
87037538765790 66
87037595577249 91
87037595607824 23
87037595615021 66
87037662644142 91
87037662677485 23
87037735259863 66
87037735292592 91
87037804783242 23
87037804824379 66
87037804832161 91
87037870041347 23
87037870073505 66
87037870081171 91
87037937409832 91
87038014405954 23
87038014441596 66
87038014449040 91
87038072122422 23
87038072154906 66
87038072162457 91
87038139674697 23
87038139711085 66
87038139718598 91
87038206872829 23
87038206906501 66
87038274498321 91
87038274549952 23
87038274560265 66
87038341668591 91
87038341706142 23
87038341713729 66
87038400494970 91
87038467460145 23
87038467513987 66
87038534627848 23
87038534663822 91
87038534671659 23
87038534678940 66
87038601576120 91
87038601609537 23
87038601617044 66
87038668861973 91
87038668896128 23
87038735846369 66
87038735896205 91
87038735903769 23
87038735910777 66
87038802834568 91
87038802870250 23
87038802877586 66
87038869813471 91
87038869846860 23
87038947647547 66
87038947677482 91
87039004041727 23
87039004073706 66
87039004081279 91
87039071105879 23
87039071141730 66
87039071149591 91
87039144849572 23
87039144881790 66
87039144889472 91
87039205303571 23
87039205333514 66
87039272272931 91
87039272302385 23
87039350873083 66
87039350903070 91
87039350910845 23
87039350917863 66
87039406511839 91
87039473708723 91
87039547532730 23
87039547565926 66
87039547573642 91
87039614932588 23
87039614962839 66
87039614970449 91
87039682291675 23
87039682324300 66
87039749691292 91
87039749727431 23
87039749735169 66
87039817035743 91
87039817066437 23
87039817074201 66
87039875885908 91
87039875919673 23
87039942959588 66
87039942992068 91
87039942999738 23
87040009964880 66
87040010001660 91
87040010009088 23
87040077200389 66
87040077233621 91
87040077241572 23
87040154683242 66
87040154720557 91
87040212752373 23
87040212780066 66
87040212787625 91
87040278266705 23
87040278301665 66
87040278309723 91
87040356762410 23
87040356794005 66
87040356801610 91
87040412451795 23
87040412487433 66
87040412494821 91
87040479611825 23
87040479662271 66
87040557951228 91
87040557981069 23
87040613646402 66
87040613681360 91
87040613689668 23
87040680666949 66
87040680700422 91
87040680708000 23
87040680714973 66
87040759972367 91
87040822886474 91
87040822914102 23
87040822921681 66
87040881872447 91
87040881901772 23
87040948914782 66
87040948954623 91
87041027126468 23
87041027155109 66
87041027163067 91
87041083168122 23
87041083205063 66
87041083212743 91
87041150024957 23
87041150054294 66
87041223684156 91
87041223720800 23
87041223728379 66
87041291093116 91
87041291125270 23
87041291132556 66
87041358444180 91
87041358474306 23
87041358482058 66
87041425815565 91
87041425844702 23
87041493215349 66
87041493244664 91
87041560606101 23
87041560640161 66
87041560648014 91
87041560655231 23
87041627962462 66
87041627999301 91
87041686616313 23
87041686648606 66
87041686656211 91
87041753701404 23
87041753743062 66
87041753750716 91
87041820869665 23
87041820903704 66
87041887880957 91
87041887914064 23
87041887921358 23
87041887928315 66
87041954898164 91
87042021944898 23
87042021984983 66
87042021993703 91
87042089205267 23
87042089241698 66
87042089249200 23
87042156161603 66
