98769347026674 91
98769414020085 91
98769414054050 23
98769414061824 66
98769492689316 91
98769492721327 23
98769492729027 66
98769492735969 91
98769548116026 23
98769548152943 66
98769548160321 23
98769548167371 66
98769548174251 91
98769693978858 23
98769694011058 66
98769694018832 91
98769757884521 91
98769757921442 23
98769826166840 66
98769826208842 91
98769826216254 23
98769883513600 66
98769883553773 23
98769883561294 66
98769950538521 91
98769950565081 23
98770023895966 66
98770023930580 91
98770084654848 23
98770084697073 66
98770084704540 91
98770084711848 91
98770151622991 23
98770151655197 66
98770151662674 91
98770229136540 23
98770229168848 66
98770229176526 91
98770285842009 91
98770285876341 23
98770353141600 66
98770353174844 23
98770353182596 66
98770353189633 91
98770431164061 23
98770431217391 66
98770486949704 91
98770486978770 91
98770554031331 23
98770554060647 66
98770554068289 91
98770632371809 23
98770632404212 66
98770632411735 23
98770632418721 66
98770632425599 91
98770688502359 91
98770755293157 23
98770755325623 66
98770755332987 91
98770834476369 23
98770834516580 66
98770834524349 91
98770894981624 23
98770895016523 66
98770895024225 91
98770956602547 23
98770956638368 66
98770956646044 91
98770956653159 23
98771023445745 66
98771023475275 91
98771023482786 23
98771101594382 66
98771101625112 91
98771101632938 23
98771101640361 66
98771157754314 91
98771157787228 23
98771157794417 66
98771224759731 91
98771224799766 23
98771291702658 66
98771291739229 23
98771291746837 66
98771291753953 91
98771426128124 23
98771426163484 66
98771426171483 91
98771504922232 91
98771504963600 23
98771504971632 66
98771560149945 23
98771560182324 66
98771560189692 91
98771636757480 91
98771636795350 23
98771636802887 66
98771694372650 91
98771694412700 23
98771694420276 66
98771761353721 91
98771761386285 23
98771838188446 66
98771838216698 91
98771838224108 23
98771838231629 66
98771895382181 23
98771895421050 66
98771895428564 91
98771965272434 91
98771965301440 23
98772040054445 66
98772040094904 23
98772040102568 66
98772040109586 91
98772096606313 91
98772096635574 23
98772163571569 66
98772163607301 91
98772163614915 23
98772230790741 66
98772230820404 23
98772230828008 66
98772307391124 91
98772307430529 91
98772364889583 23
98772364921900 66
98772364929372 91
98772431919201 23
98772431954752 66
98772509241614 91
98772509274029 23
98772509281795 66
98772509289008 91
98772571873947 23
98772571910043 66
98772571917636 91
98772571924630 23
98772644611769 23
98772644640546 91
98772644648115 66
98772700070687 23
98772700101894 66
98772700109131 91
98772767289867 23
98772767320494 66
98772767327832 91
98772767334856 23
98772834361598 66
98772834395001 91
98772834402747 23
98772834410960 66
98772834417932 91
98772901421721 23
98772901456614 66
98772901464266 91
98772968529989 23
98772968573063 66
98772968580900 91
98773048037930 23
98773048073785 66
98773048081418 23
98773048088895 66
98773048095989 91
98773179723424 91
98773179754196 23
98773179761932 66
98773179769067 91
98773236723746 23
98773236759790 66
98773236767223 91
98773303739941 23
98773303779781 66
98773303787768 91
98773379908562 23
98773379946010 66
98773379953795 91
98773379960807 23
98773437907044 66
98773437940019 91
98773437947779 23
98773521195456 66
98773521242145 23
98773521249736 66
98773521256803 91
98773583122976 91
98773583166454 23
98773640798454 66
98773640835769 23
98773640843211 66
98773640850220 91
98773706359233 23
98773706448189 66
98773706460870 91
98773785060897 91
98773848158637 23
98773848200128 66
98773848207639 91
98773848215025 23
98773907468081 66
98773907503144 23
98773974594517 66
98773974630643 91
98774052252243 91
98774052284673 23
98774052292240 66
98774108630464 23
98774108662850 66
98774108670566 91
98774176211882 91
98774176258796 23
98774248860511 66
98774248912931 91
98774309847074 23
98774309897114 66
98774309904924 23
98774309911848 66
98774309918701 91
98774376714513 23
98774376743139 66
98774455555948 91
98774455591479 23
98774511165404 66
98774511196711 91
98774587370950 23
98774587400775 66
98774587408553 91
98774645000705 91
98774645040605 23
98774645048247 66
98774712097658 91
98774712127312 23
98774712135068 66
98774779152463 91
98774779183293 23
98774779190496 66
98774846357594 23
98774846392325 66
98774846400000 91
98774913302335 91
98774980392009 23
98774980424237 66
98774980431796 91
98775053828782 23
98775053861847 66
98775053869478 91
98775121189663 23
98775121224275 66
98775201143947 91
98775201183680 23
98775201191124 66
98775255968800 23
98775256006535 66
98775256014155 91
98775323468418 91
98775323513863 23
98775323521602 66
98775323528696 91
98775390723446 23
98775390759810 66
98775390767594 91
98775459551703 23
98775459592273 66
98775459599913 91
98775517014878 23
98775517050367 66
98775517058075 91
98775517065367 23
98775584169338 66
98775584205949 91
98775584214170 91
98775651408018 23
98775651446577 66
98775651454220 91
98775718296866 23
98775718338136 66
98775718345852 23
98775785160070 66
98775785198117 91
98775785205688 23
98775785212783 66
98775852584548 91
98775852640506 23
98775852651901 66
98775852661377 91
98775919634855 23
98775919696811 66
98775919708562 91
98775986397250 23
98775986432482 66
98775986440232 91
98776064476176 23
98776064514241 66
98776064521607 91
98776120625565 23
98776120657433 66
98776120664975 91
98776187570530 23
98776187606916 66
98776187614413 91
98776265764593 23
98776265803131 66
98776265810733 23
98776265818087 66
98776265824956 91
98776321860051 91
98776321903268 23
98776388840922 66
98776388876420 91
98776388883809 23
98776467704574 66
98776467741376 23
98776467749338 66
98776467756306 91
98776523008758 91
98776599653934 23
98776599690008 66
98776599697447 23
98776662576383 66
98776662611958 91
98776734941406 91
98776734973980 23
98776734981460 66
98776793483446 91
98776793522786 23
98776793530537 66
98776858336468 91
98776858404591 23
98776858412491 66
98776858419466 91
98776936935514 23
98776936971067 66
98776936978433 23
98776992399881 66
98776992435860 91
98777059541626 23
98777059575542 66
98777059583029 91
98777134011124 91
98777134046142 23
98777134053846 66
98777204187973 91
98777204221818 23
98777264258008 66
98777264310906 91
98777264320887 23
98777327786884 66
98777327820042 23
98777327827462 66
98777327834462 91
98777406164134 91
98777461955246 23
98777461988756 66
98777461996182 91
98777531274271 23
98777531303516 66
98777531311015 91
98777595977673 23
98777596019540 66
98777596027057 23
98777673347703 66
98777673377308 91
98777730321590 91
98777730356910 23
98777730364075 23
98777797375228 66
98777797407762 91
98777873406016 23
98777873442798 66
98777873450283 91
98777873457295 23
98777873464202 66
98777931267416 91
98777931296229 23
98777931304021 66
98777998292617 23
98777998329418 66
98777998336780 91
98778065491028 91
98778065522389 23
98778065529770 66
98778132492049 91
98778132523756 23
98778132531316 66
98778199556897 91
98778199591247 23
98778199599050 66
98778273467061 91
98778273499691 23
98778273507182 66
98778343137791 91
98778343171711 23
98778343179240 66
98778400792396 91
98778400824602 23
98778400832163 66
98778467776243 23
98778467809481 66
98778467816911 91
98778534809824 91
98778534842450 23
98778602132038 66
98778602169860 91
98778602177536 23
98778669045239 66
98778669115553 23
98778669123718 66
98778669130644 91
98778810366576 91
98778810398985 23
98778810406583 66
98778877761003 91
98778877794953 23
98778877802418 66
98778956192197 91
98778956229518 23
98778956237377 66
98779012566707 23
98779012604928 66
98779071589092 91
98779138500416 91
98779138529692 23
98779138537221 66
98779212709800 23
98779212744583 66
98779212752154 91
98779279940815 91
98779279976161 23
98779279983803 66
98779347356456 91
98779347390367 23
98779347397943 66
98779414699521 23
98779414738244 91
98779414747608 23
98779414755119 66
98779482807652 91
98779482837163 23
98779482844722 66
98779540959724 23
98779540996593 66
98779541004124 91
98779608094672 23
98779608134142 66
98779608141924 91
98779675009935 91
98779675044746 23
98779742193994 66
98779742221984 91
98779809380535 23
98779809417639 66
98779809425381 23
98779809432518 66
98779809439504 91
98779876548560 23
98779943463801 66
98779943510410 91
98780010274396 91
98780010304297 23
98780010311750 66
98780010318762 91
98780084305396 23
98780084342285 66
98780084349844 23
98780151709676 66
98780151738454 91
98780219033465 23
98780219065440 66
98780219072900 91
98780286434214 91
98780286464630 23
98780354113688 66
98780354144293 91
98780354151892 23
98780412889528 66
98780412924267 91
98780412932117 23
98780412939202 66
98780479736581 91
98780479768546 23
98780479776530 66
98780546774594 23
98780546803068 66
98780546810525 91
98780614014992 91
98780614046714 23
98780614054086 66
98780681031983 23
98780681065249 66
98780681073001 91
98780748061221 23
98780748092992 66
98780748100355 91
98780815039639 91
98780882242682 23
98780882276644 23
98780882284282 66
98780882291328 91
98780956208061 23
98780956264057 66
98780956271572 23
98780956278663 66
98781016299931 91
98781083473050 91
98781083506931 23
98781083514434 66
98781162346081 91
98781162378792 23
98781162386546 66
98781162393639 91
98781217543402 23
98781217576827 66
98781294272546 91
98781294312215 23
98781294319996 66
98781294326931 91
98781351722464 23
98781351756267 91
98781351763987 23
98781351770971 66
98781427262083 91
98781427296574 23
98781427304511 66
98781485913568 91
98781553038461 23
98781553071427 66
98781553079153 91
98781631556214 23
98781631592362 66
98781631600028 23
98781631606895 66
98781631613871 91
98781687078707 23
98781687111004 66
98781687118468 91
98781754169193 23
98781754211316 66
98781754219074 91
98781832826248 23
98781832856948 66
98781832865195 23
98781832872271 66
98781888328053 91
98781888358769 91
98781964695973 23
98781964728564 66
98782022513867 91
98782022569966 23
98782022577758 66
98782089439856 23
98782089467202 66
98782089474683 91
98782156457699 91
98782156493057 23
98782223499766 66
98782223533201 91
98782223540650 23
98782223547698 66
98782302077454 23
98782302126619 66
98782302134198 91
98782357638749 91
98782357668259 23
98782424681532 66
98782424716414 91
98782424723822 23
98782424730784 66
98782504041381 91
98782504074840 23
98782504082518 66
98782559081073 23
98782559124151 66
98782559131541 91
98782632873349 91
98782705215060 23
98782705249294 66
98782705256937 23
98782705263911 91
98782705271000 23
98782760134149 66
98782760171346 23
98782760179223 66
98782760186358 91
98782837216594 91
98782894135360 23
98782894165025 66
98782961340610 23
98782961373765 66
98782961381264 91
98783033814816 91
98783033846308 23
98783033854060 23
98783095368962 66
98783095400219 91
98783095407868 23
98783162360945 66
98783162388296 23
98783162395774 66
98783162402871 91
98783240511842 91
98783296625280 23
98783296659542 66
98783296667222 23
98783296674511 66
98783296681399 91
98783363763422 91
98783430621906 23
98783430652845 66
98783430660269 91
98783498008510 23
98783498036754 66
98783498044224 91
98783498051365 23
98783498058216 66
98783564848159 91
98783564881309 23
98783564888918 66
98783564895785 91
98783632049691 23
98783632084793 66
98783632092604 91
98783709682346 23
98783709713750 66
98783709721397 23
98783709728661 91
98783766108435 23
98783766138481 66
98783766145953 23
98783833229073 66
98783833270890 91
98783833278973 91
98783900134118 91
98783900167533 23
98783967333126 66
98783967362629 23
98783967370091 66
98783967377130 91
98784034503616 23
98784034536206 66
98784112880912 91
98784112917477 23
98784112924817 66
98784168344167 91
98784168374090 23
98784168381824 66
98784244758734 23
98784244790006 66
98784244797481 91
98784309751646 23
98784309783150 66
98784309790799 91
98784380108650 91
98784436757663 23
98784436792897 66
98784436800822 91
98784503750944 23
98784503785586 66
98784503793191 23
98784503800111 66
98784582048428 91
98784638034625 91
98784638066594 23
98784638074085 66
98784710563439 91
98784710599535 23
98784710607227 66
98784783536572 91
98784783568993 23
98784783576585 66
98784839053369 91
98784839090229 23
98784839099189 66
98784906217989 23
98784906247489 66
98784906255028 91
98784985510320 23
98784985558845 66
98784985566485 91
98785047185672 91
98785107293154 23
98785107325372 66
98785107332907 91
98785107339824 23
98785174433038 66
98785174462677 91
98785241775251 23
98785241842248 66
98785241850078 91
98785308646603 23
98785308680732 23
98785308688963 66
98785308696146 91
98785308703214 23
98785375518508 66
98785375551891 91
98785375559478 23
98785375566518 66
98785442824747 91
98785442853348 23
98785509836000 66
98785509869956 91
98785509877664 23
98785576799579 66
98785576831269 23
98785576838866 66
98785576846532 91
98785644062477 91
98785717758149 23
98785717794555 66
98785785229258 91
98785785264325 23
98785785271990 66
98785852529672 91
98785852563920 23
98785852571632 23
98785852578535 66
98785919899000 91
98785919934671 23
98785919942446 66
98785919949470 91
98785987309470 23
98785987343006 66
98785987350521 91
98786054712822 23
98786054749152 66
98786054756665 91
98786113551173 23
98786113580197 66
98786113587756 91
98786113594728 23
98786180711064 66
98786180743359 91
98786180780698 23
98786180789002 66
98786247386644 91
98786247421738 23
98786247429537 23
98786247436625 66
98786314563029 91
98786314593625 23
98786314601028 66
98786381680198 23
98786381716196 66
98786381724037 91
98786448657767 91
98786527418324 23
98786527452282 66
98786527459692 91
98786527466748 23
98786527473716 66
98786582860156 91
98786582898594 23
98786582906185 66
98786659373403 91
98786659410806 23
98786659418273 66
98786716940916 91
98786716972454 23
98786716979834 66
98786783999721 23
98786784031682 66
