81875137991320 91
81875205049804 91
81875205082465 23
81875282477470 66
81875282510793 91
81875282518294 23
81875339243906 66
81875339276569 91
81875406414220 23
81875406462699 66
81875479092656 91
81875479122898 23
81875540329571 66
81875540372870 91
81875540380423 23
81875607361217 66
81875607397987 91
81875685771886 23
81875685807582 66
81875685814918 91
81875741841795 23
81875741873227 66
81875741880460 91
81875823792157 23
81875823830995 66
81875875568616 91
81875875600086 23
81875942867612 66
81875942906587 91
81876010465586 23
81876010496980 66
81876010504774 91
81876076979138 23
81876077013219 66
81876154914406 91
81876211050836 91
81876211079962 23
81876278034196 66
81876278080008 91
81876356209325 23
81876356239113 66
81876356246596 91
81876412188317 23
81876412224596 66
81876412231868 91
81876479394549 23
81876479438529 66
81876558205826 91
81876558241686 23
81876558249222 66
81876613538098 91
81876690065798 23
81876690101257 66
81876690108937 91
81876753049664 23
81876753081975 66
81876753089443 91
81876825438368 23
81876825474054 66
81876825481804 91
81876881674534 23
81876881706730 66
81876948660089 91
81876948694021 23
81876948701234 66
81877027383905 91
81877082806265 23
81877082842402 66
81877082850285 91
81877149825887 23
81877149859503 66
81877216974266 91
81877217008381 23
81877217015833 66
81877294628778 91
81877294661547 23
81877351190600 66
81877351226777 91
81877418283764 23
81877418312975 66
81877418320632 91
81877496853246 23
81877496892661 66
81877496899804 91
81877552374677 23
81877552404755 66
81877619315905 91
81877619532006 23
81877619540190 66
81877686444543 91
81877767239384 23
81877767267718 66
81877767275369 91
81877820722596 23
81877820751087 66
81877820758105 91
81877887954474 23
81877887987493 66
81877887994771 91
81877963872013 23
81877963903652 66
81878021822440 91
81878021855589 23
81878101142208 66
81878101174774 91
81878155888926 23
81878155918590 23
81878155925920 66
81878155932688 91
81878233076327 23
81878233110625 66
81878290075215 91
81878290103750 23
81878357126827 66
81878357166464 91
81878357176537 23
81878432046284 66
81878432081848 91
81878491136238 23
81878491167032 66
81878491174589 91
81878558138669 23
81878558170543 66
81878558177899 91
81878636279046 23
81878636310636 66
81878636318197 91
81878692395879 23
81878692426585 66
81878759385100 91
81878759417851 23
81878759425308 66
81878832838141 91
81878832868899 23
81878893750902 66
81878893781057 91
81878893788668 23
81878960628530 66
81878960660730 91
81879039602033 23
81879039638391 66
81879039646033 91
81879095184580 23
81879095212504 66
81879095220006 91
81879171487237 23
81879171522038 66
81879228843089 91
81879228874871 23
81879296120268 66
81879296151494 91
81879363089525 23
81879363122631 66
81879363130127 91
81879433935473 23
81879433964471 23
81879433971922 66
81879433978950 91
81879508974892 23
81879509005893 66
81879564418414 91
81879564451471 23
81879638743406 66
81879638788295 91
81879710050835 23
81879710080338 66
81879710087980 91
81879765377719 23
81879765409971 66
81879841961955 91
81879841993982 23
81879842001411 66
81879912214257 91
81879912246473 23
81879966931867 66
81879966966501 91
81879966973885 23
81880043919146 66
81880043953060 91
81880108938258 23
81880108973276 66
81880108980648 91
81880179307301 23
81880179342345 66
81880234913668 23
81880234952844 66
81880311158794 91
81880381236023 91
81880436090548 23
81880436119212 66
81880436126704 91
81880509747732 23
81880509777705 66
81880582536586 91
81880582568529 23
81880637389530 66
81880637425807 91
81880714536546 23
81880714564341 66
81880714571761 91
81880771579312 23
81880771614954 66
81880771622445 91
81880838575226 23
81880838605189 66
81880838612753 91
81880905615234 23
81880972648129 66
81880972681067 91
81880972688339 23
81881039637506 66
81881039668489 91
81881117682738 23
81881117718549 66
81881117725969 23
81881173857531 66
81881173887740 91
81881240836641 91
81881321564712 23
81881321603904 66
81881375093517 91
81881375126029 23
81881375133705 66
81881442095860 91
81881442127915 23
81881509147015 66
81881509177063 91
81881582996297 23
81881583033244 66
81881583042503 91
81881650321325 23
81881650353053 66
81881717709179 91
81881717743923 23
81881785068894 66
81881785100569 91
81881852470858 23
81881852506179 66
81881852514052 91
81881919834969 23
81881919866598 66
81881978806276 91
81881978836827 23
81881978844199 66
81882045919418 91
81882045983671 23
81882112762056 66
81882112795960 91
81882179804182 23
81882179832029 66
81882179839451 91
81882246831312 23
81882246862120 66
81882246869589 91
81882314001916 23
81882314027180 66
81882381021750 91
81882381058514 23
81882448161705 66
81882448202311 91
81882522152657 23
81882522186321 66
81882522193890 91
81882589573231 23
81882589616146 66
81882589623641 91
81882656828384 23
81882656855016 66
81882656862447 91
81882724219482 23
81882724248711 66
81882791628064 23
81882791664706 66
81882791672108 91
81882917730349 91
81882917779819 23
81882917787964 66
81882984574735 23
81882984603986 66
81882984611696 91
81883051757599 91
81883118753195 23
81883118782023 66
81883185774158 91
81883185806718 23
81883252866289 66
81883252898596 91
81883320068454 23
81883320099698 66
81883320106909 91
81883320113931 23
81883393750850 66
81883393785417 91
81883528553681 23
81883528586625 66
81883528594560 91
81883595896292 91
81883663305891 23
81883663339296 66
81883730660115 91
81883730692282 23
81883789614495 66
81883789645570 91
81883856493878 23
81883856530250 66
81883923585104 91
81883923629222 23
81883923636789 66
81883990678471 23
81883990715547 66
81883990725630 91
81884057716525 91
81884124949142 23
81884124976916 66
81884124984554 91
81884192129061 23
81884192160028 66
81884192167754 91
81884268938394 91
81884325953579 23
81884325987599 66
81884325995617 91
81884403387325 23
81884403419827 66
81884403427672 91
81884460247261 23
81884460276931 66
81884460284439 91
81884534848888 23
81884594140745 66
81884594174785 91
81884594182373 23
81884661426495 66
81884661462907 91
81884728350125 23
81884728381424 66
81884728389265 91
81884806712396 23
81884806743467 66
81884806750755 91
81884862541727 23
81884862586850 66
81884932316349 91
81884932346481 23
81884996609933 66
81884996639940 91
81884996647425 23
81885063662643 66
81885063696018 91
81885130728108 23
81885130758596 66
81885130766019 91
81885210148895 23
81885210203980 66
81885210211702 91
81885265184820 23
81885265214564 66
81885265222224 91
81885341806456 23
81885341839499 66
81885406793541 91
81885406826626 23
81885474207074 66
81885474244671 91
81885533112585 23
81885533145423 66
81885533152964 23
81885600140371 66
81885600174385 91
81885600181892 23
81885667317943 66
81885667351044 91
81885734409048 23
81885734444550 66
81885734451955 91
81885801431244 23
81885801464003 66
81885801471194 91
81885868442141 23
81885868474037 66
81885868481627 91
81885935468271 23
81885935506114 23
81886002646654 66
81886002677130 91
81886002684611 23
81886076443206 66
81886076478444 91
81886076486226 23
81886143771717 66
81886143805737 91
81886211267708 23
81886211314127 66
81886278564433 91
81886278601456 23
81886278608975 66
81886345917443 91
81886413276017 23
81886413310581 66
81886472283879 91
81886472324139 23
81886472331652 66
81886539292162 91
81886539323420 23
81886606178984 66
81886606209772 91
81886673330521 23
81886673367770 66
81886673374995 91
81886740427581 23
81886740456564 66
81886740463977 91
81886807322858 23
81886807352433 66
81886807359885 91
81886874404021 23
81886874433899 66
81886948095509 23
81886948127238 66
81886948134669 91
81887015500307 91
81887082889713 23
81887082922231 66
81887082929682 91
81887150243142 23
81887217664863 66
81887217697411 91
81887217704620 23
81887284999991 66
81887285033511 91
81887343863649 23
81887343895330 66
81887343902744 23
81887410939260 66
81887410969954 91
81887478050412 91
81887545054895 23
81887545088660 66
81887545096121 91
81887612106487 23
81887612141043 66
81887612148083 91
81887679252279 23
81887679285000 66
81887679292401 91
81887746306348 23
81887746334800 66
81887813399268 23
81887887211317 66
81887887244134 91
81887954611038 91
81888021961878 23
81888021987704 66
81888021995387 91
81888089479575 23
81888089525397 66
81888089532922 91
81888156792605 23
81888156826789 66
81888224098732 91
81888224132867 23
81888282953155 66
81888282980394 91
81888350142421 23
81888350177868 66
81888350185427 91
81888417143464 23
81888417179231 66
81888417187402 91
81888483981782 23
81888484018097 66
81888484025564 91
81888551175785 23
81888551209949 66
81888551217697 91
81888622742122 23
81888685300657 66
81888685330610 91
81888752319558 23
81888752355546 66
81888752362635 91
81888826294955 23
81888826326777 66
81888826334471 91
81888893763381 23
81888893800125 66
81888961061443 91
81888961094456 23
81889028459855 66
81889028494738 91
81889095905199 23
81889095940686 66
81889154904643 23
81889154936879 66
81889154944376 91
81889288838296 91
81889288876082 23
81889355839448 66
81889355871537 91
81889422885061 23
81889422921920 66
81889422929600 91
81889489944023 23
81889489973184 66
81889489980840 91
81889557041365 23
81889557073209 66
81889624037283 91
81889624067369 23
81889698040394 66
81889698068379 91
81889765414633 23
81889765448635 66
81889765456052 91
81889832840285 23
81889832873084 66
81889832881196 91
81889900286021 23
81889900324688 66
81889900332480 91
81889967629837 23
81889967663646 66
81889967671249 91
81890034908985 23
81890034942390 66
81890093692762 91
81890093729715 23
81890160720671 66
81890160753742 91
81890227819873 23
81890227855110 66
81890227862748 91
81890294694852 23
81890294727697 66
81890362260475 91
81890362290263 23
81890362297804 66
81890429117286 91
81890506484868 23
81890506521375 66
81890506529171 91
81890569741271 23
81890569772840 66
81890569780345 91
81890637120864 23
81890637151688 66
81890637159152 91
81890704496839 23
81890704528404 66
81890704535886 91
81890771950561 23
81890771982737 66
81890771990226 91
81890839286928 23
81890839319488 66
81890839326756 91
81890906674297 23
81890965475920 66
81890965506927 91
81891032577576 23
81891032610587 66
81891032618019 91
81891099470693 23
81891099501577 66
81891166672762 91
81891166703369 23
81891233687836 66
81891233719525 23
81891300706423 66
81891300737253 91
81891367835794 91
81891367865668 23
81891441471523 66
81891441506089 91
81891512590272 23
81891512616977 66
81891512624333 91
81891576227940 23
81891576259577 66
81891576267023 91
81891643695981 23
81891643729616 66
81891643737119 91
81891710990862 23
81891711022967 66
81891778489856 91
81891778522945 23
81891778530484 66
81891845751991 91
81891845782137 23
81891904584708 66
81891904622671 91
81891971412155 23
81891971446844 66
81891971454242 91
81892038513246 23
81892038563582 66
81892038571764 91
81892105623210 23
81892105652473 66
81892172689465 91
81892239671341 23
81892239702968 66
81892239710388 91
81892306880525 23
81892306915592 66
81892306923117 91
81892380564672 23
81892380597429 66
81892447970832 91
81892515443339 23
81892515475016 66
81892515483325 91
81892582768184 23
81892582801213 66
81892650084547 91
81892650113026 23
81892717491413 66
81892717532263 91
81892717540584 23
81892776221421 66
81892776255371 91
81892776262633 23
81892843534622 66
81892843617176 91
81892910288626 23
81892910319979 23
81892910327427 66
81892910335053 91
81892977375840 23
81892977413684 66
81892977421278 91
81893044518669 23
81893044551684 66
81893044559024 91
81893111540314 23
81893178562818 66
81893178592546 91
81893178600280 23
81893252395330 66
81893252433267 91
81893319676518 23
81893319710464 66
81893387083315 91
81893387116780 23
81893387124235 66
81893454390445 91
81893454422011 23
81893521805301 66
81893521837125 91
81893589206287 23
81893589237898 66
81893589245296 91
81893648128787 23
81893648162357 66
81893648169830 91
81893715128583 23
81893715162883 66
81893782344999 23
81893782379148 66
81893782387091 91
81893849433275 91
81893916366442 23
81893916400321 66
81893916407788 91
81893983338915 23
81893983378668 66
81893983386108 91
81894050503742 23
81894050538563 66
81894050546120 91
81894117648147 23
81894117678569 66
81894191428163 91
81894191465086 23
81894258838775 66
81894258873423 91
81894258881100 23
81894326158473 66
81894326192569 23
81894326200032 91
81894393626194 23
81894393658565 66
81894460896675 91
81894460926689 23
81894528288091 66
81894528318798 91
81894587172039 23
81894587206091 66
81894587213449 91
81894654556949 23
81894654590093 66
81894654598344 91
81894721119917 23
81894721150393 66
81894788199256 91
81894855333572 23
81894855365923 66
81894855373207 91
81894922341718 23
81894922376617 66
81894922384293 91
81894989329288 23
81894989362874 66
81894989370327 91
81895063101632 23
81895063130537 66
81895130440138 91
81895130469262 23
81895202056615 66
81895202103310 91
81895202110804 23
81895265233447 66
81895265261371 91
81895332607385 23
81895332638439 66
81895332645899 91
81895399979213 23
81895400009882 66
81895458927092 91
81895458972749 23
81895458980204 66
81895526001969 91
81895526033992 23
81895593011734 66
81895593044069 91
81895593051670 23
81895660031448 66
81895660062191 91
81895727061382 23
81895727094877 66
81895727102318 91
81895794150215 23
81895794181302 66
81895794188862 91
81895861249950 23
81895861281520 66
81895861289055 91
81895928227505 23
81895928259021 66
81896002238392 91
81896002267209 23
81896069567148 66
81896069596604 91
81896069603988 23
81896136963842 66
81896136997737 91
81896137005166 23
81896204429621 66
81896204470947 91
81896271708137 23
81896271737414 66
81896271745046 91
81896330635189 23
81896330661731 66
81896330669244 91
81896397725002 23
81896397760376 66
81896465141835 23
81896465179747 66
