91441076746504 91
91441135453540 91
91441202483257 23
91441202508178 66
91441202516043 91
91441269471067 23
91441269491477 66
91441269499105 91
91441336665616 23
91441336685477 66
91441403677422 23
91441403694800 66
91441470688575 91
91441537745578 91
91441611557478 23
91441611574508 66
91441611582258 91
91441678947902 23
91441678967478 66
91441746342523 91
91441746363786 23
91441746371402 66
91441813688414 91
91441813707356 23
91441813714881 23
91441881131025 66
91441881156673 23
91441881164562 66
91441948472573 91
91442007204539 91
91442007222902 23
91442007230952 66
91442074377963 91
91442074394491 23
91442074401894 66
91442141425015 91
91442141442541 23
91442208443660 66
91442208462919 91
91442208470783 23
91442275527971 66
91442275545815 23
91442275553801 91
91442342635893 23
91442342668880 66
91442342676632 91
91442409691243 23
91442409719683 66
91442409727166 91
91442476734398 23
91442476763155 66
91442476770933 91
91442550716437 23
91442550744280 66
91442618152444 23
91442618176857 66
91442618184460 91
91442685473304 23
91442685498482 66
91442752806354 91
91442820182861 91
91442879113757 23
91442879131150 66
91442879138756 91
91442946208224 23
91442946225464 66
91443013255473 91
91443013277547 23
91443013285209 66
91443080449626 91
91443080468196 23
91443147443365 66
91443147459622 91
91443147466964 23
91443214424333 66
91443214441146 23
91443214448876 66
91443214455908 91
91443281429768 91
91443355000204 23
91443355019519 66
91443355027227 91
91443422386034 23
91443422412242 66
91443489805904 91
91443489841687 23
91443557183719 66
91443557219567 91
91443557227100 23
91443624567746 66
91443624597319 91
91443691949394 23
91443691982165 66
91443691989849 91
91443759312190 23
91443759341192 66
91443759348791 91
91443818027774 23
91443818082786 66
91443818091200 91
91443885198839 23
91443885229136 66
91443885236991 91
91443952197679 23
91443952218691 66
91444020342184 23
91444020370293 66
91444020377840 91
91444086528924 91
91444153538182 23
91444153574765 66
91444153582592 91
91444220478881 23
91444220502188 66
91444220509946 91
91444287460456 23
91444287481448 66
91444361469833 23
91444361488763 91
91444361496421 23
91444361503302 66
91444361510290 91
91444428835783 23
91444428852529 66
91444496225494 91
91444496242829 23
91444563605818 66
91444563624716 91
91444563632327 23
91444630991610 66
91444631009763 23
91444631017355 66
91444631024844 91
91444689893069 91
91444757085281 23
91444757104921 66
91444757112553 91
91444824233843 23
91444824254656 66
91444891168028 23
91444891196064 23
91444891203619 66
91444891210664 91
91444958166360 91
91445025327530 23
91445025351370 66
91445025358716 23
91445092405372 66
91445092432517 91
91445159476389 91
91445233211070 23
91445233234208 66
91445233241868 23
91445233248833 66
91445300573888 91
91445300594102 91
91445367956393 23
91445367974321 23
91445367981820 66
91445435567611 91
91445435584443 23
91445502674199 66
91445502691132 91
91445502698464 23
91445502705339 66
91445570086560 91
91445570104427 23
91445570111964 66
91445628832319 91
91445628850639 23
91445628858484 66
91445695824459 23
91445695840850 66
91445695848394 91
91445762861308 23
91445830097461 66
91445830119227 91
91445897082153 91
91445897099787 23
91445897107379 66
91445964086489 23
91445964104642 66
91446031180614 91
91446104975436 23
91446105001039 66
91446105008932 91
91446172310993 91
91446239708375 23
91446239731185 66
91446239738803 91
91446307040441 23
91446307058330 66
91446374435339 91
91446374452765 23
91446374460986 66
91446441801752 91
91446441822565 23
91446441830217 66
91446500743840 91
91446567916059 23
91446567932618 66
91446567940189 91
91446634785539 23
91446634809691 66
91446634820046 91
91446701795444 23
91446701813135 66
91446701821159 23
91446768983727 66
91446769002998 91
91446836012857 91
91446836029446 23
91446836036985 66
91446903232936 91
91446903250717 23
91446903258299 66
91446970412408 23
91446970429331 66
91446970437049 91
91447037203721 91
91447111378972 23
91447111396297 66
91447111404339 91
91447178735959 23
91447178752672 66
91447246203894 23
91447246226513 66
91447246234058 91
91447313526285 91
91447372570814 23
91447372604400 66
91447372612189 91
91447439755358 23
91447439782004 66
91447506708234 91
91447506735969 23
91447506743278 66
91447573759375 91
91447573789727 23
91447640727679 66
91447640750920 91
91447640758606 23
91447707934583 66
91447707959660 91
91447774954964 23
91447774980448 66
91447774988754 91
91447842052925 23
91447842085067 66
91447842092749 91
91447915794190 23
91447915828285 66
91447983178023 23
91447983210727 91
91447983218705 23
91447983225818 66
91447983232854 91
91448050520668 23
91448050548931 66
91448050556812 91
91448117965680 23
91448117995462 66
91448185304758 23
91448185336116 66
91448185343741 91
91448252788693 91
91448311584242 23
91448311625751 66
91448378502757 23
91448378534038 66
91448378541653 91
91448445691479 91
91448512689559 23
91448512719522 66
91448512727117 91
91448579763649 23
91448579788346 66
91448579795771 23
91448646957518 66
91448646984716 91
91448646992134 91
91448713811777 23
91448780864765 91
91448780888569 23
91448780896190 66
91448854819640 23
91448854839338 91
91448922223714 23
91448922250083 66
91448922257686 91
91448989579587 23
91448989598915 66
91448989606523 91
91449056963992 23
91449056982826 66
91449124320527 91
91449124337164 23
91449124345045 66
91449124352296 91
91449191699407 23
91449191715925 66
91449191723567 91
91449250367910 23
91449250384279 23
91449250391826 66
91449317430056 23
91449317453783 66
91449317461413 91
91449384401707 23
91449384422305 66
91449451686453 91
91449451718611 23
91449451726273 66
91449518712930 23
91449518747956 66
91449585667755 91
91449652813760 23
91449652831331 66
91449652838904 91
91449719835817 91
91449793897093 23
91449793914516 66
91449793922071 91
91449861292835 23
91449861310633 66
91449861318096 91
91449928746271 23
91449928779284 66
91449928786795 91
91449996092036 23
91449996120415 66
91449996127970 91
91450063482637 23
91450063508946 66
91450122267050 23
91450122299041 66
91450122306844 91
91450189377269 23
91450189413054 66
91450256380153 91
91450323421788 91
91450323449458 23
91450390457322 66
91450390485338 91
91450390493153 23
91450457607119 66
91450457625826 23
91450457633955 66
91450457641508 91
91450524633475 23
91450591630246 66
91450591649180 91
91450591656619 91
91450665629658 23
91450733014834 66
91450733033730 91
91450733041184 23
91450800404455 66
91450800422796 91
91450800430297 23
91450867763154 66
91450867782464 91
91450935163666 23
91450935184825 66
91450935194538 91
91450994263942 23
91450994282506 66
91451061257019 91
91451061274228 23
91451061281900 66
91451128438958 23
91451128455646 66
91451128463478 91
91451195229229 91
91451262305619 23
91451262322929 66
91451262330573 91
91451329388729 23
91451329405633 66
91451396395060 23
91451396410802 66
91451396418275 91
91451470013764 91
91451537363460 23
91451537383919 66
91451604728969 91
91451604746407 23
91451672108405 66
91451672126343 91
91451672133872 23
91451739487661 66
91451739505483 91
91451806870281 23
91451806888149 66
91451806895853 91
91451874249068 23
91451874268238 66
91451874275662 91
91451932931368 23
91451932947409 66
91451932954888 91
91452000101966 23
91452000119244 66
91452067184673 91
91452067210322 23
91452067218076 66
91452134166340 91
91452134185089 23
91452134192883 66
91452201221305 91
91452201244683 23
91452268354000 66
91452268387510 23
91452268395065 66
91452268402166 91
91452409124618 91
91452409151932 23
91452476551500 66
91452476589115 91
91452543920301 23
91452543952429 66
91452543960066 91
91452543967173 23
91452611275952 66
91452611310896 23
91452611320881 66
91452611329893 91
91452678660871 91
91452746085424 23
91452746117930 66
91452813664348 91
91452813689604 23
91452813697809 23
91452872051694 66
91452872088138 91
91452872096775 23
91452939112027 66
91452939138776 91
91453006097878 23
91453006132878 66
91453006142571 91
91453073081167 23
91453073106918 66
91453073114393 91
91453140255517 23
91453140279844 66
91453140287532 91
91453207438677 23
91453207462235 66
91453274288835 91
91453274338121 23
91453348161628 23
91453348178526 66
91453348186102 91
91453348193186 23
91453415552376 66
91453415569238 91
91453415576588 23
91453482937813 66
91453482955754 23
91453482963488 66
91453550354331 91
91453617696730 91
91453685057688 23
91453685073933 66
91453685081645 91
91453743761032 23
91453743778339 66
91453743785833 91
91453810768079 23
91453810784127 66
91453810791752 91
91453877978229 23
91453877995948 66
91453878003391 91
91453944994616 23
91453945012031 66
91454012083827 91
91454012101405 23
91454012109097 66
91454079229931 23
91454079268644 66
91454079275891 91
91454146310488 23
91454213271394 66
91454213291716 91
91454287283494 91
91454287301809 23
91454287309445 66
91454354682502 91
91454354700241 23
91454422074022 66
91454422108048 91
91454489428052 23
91454489449247 66
91454489456827 23
91454489463873 66
91454556820490 91
91454682728995 23
91454682755905 66
91454682763597 91
91454749713805 23
91454749733017 66
91454816812555 91
91454883914740 91
91454883932668 23
91454883940304 66
91454951213587 91
91454951246901 23
91455018050083 66
91455018075895 91
91455018083565 23
91455085069544 66
91455085097035 91
91455085105525 23
91455159041859 66
91455159073190 91
91455226455797 23
91455226480231 66
91455226488019 91
91455293765709 23
91455293789167 66
91455361129324 23
91455361150097 66
91455361157769 91
91455428507788 91
91455487435717 23
91455487453851 66
91455487461746 23
91455487468949 91
91455554458482 23
91455554476023 66
91455554483519 23
91455621709230 66
91455621732206 91
91455689672526 91
91455689692070 23
91455689699961 66
91455755855527 91
91455755874127 23
91455822873623 66
91455822894370 91
91455889864448 23
91455889882897 66
91455889890265 91
91455956887595 23
91455956905459 66
91455956913014 23
91455956920075 66
91455956927037 91
91456098113539 91
91456098132046 23
91456098140048 66
91456098147269 91
91456165452525 23
91456165470403 66
91456232855096 23
91456232875433 66
91456232883010 91
91456300225180 91
91456300251283 23
91456367597008 66
91456367616413 23
91456426428858 66
91456426449848 91
91456493461705 23
91456493479277 66
91456560595018 91
91456627729103 23
91456627762719 66
91456627770220 91
91456761876449 23
91456761908924 66
91456761916719 91
91456828869506 91
91456828895947 23
91456828903492 66
91456895888208 91
91456895911795 23
91456895919272 66
91456969842124 91
91456969871218 23
91457037219113 66
91457037246311 23
91457037253952 23
91457037261039 23
91457037267999 66
91457104605186 91
91457172005453 23
91457172037303 66
91457172045081 91
91457298285288 23
91457298313471 66
91457298320984 91
91457365441669 91
91457365464559 23
91457432611372 66
91457432631507 91
91457432639331 23
91457499476259 66
91457499511013 91
91457499518637 23
91457566547404 66
91457566577058 23
91457566584623 91
91457633623351 23
91457633647363 66
91457633655113 91
91457700651745 23
91457700679421 66
91457767845109 91
91457767877942 23
91457767885988 66
91457841523820 91
91457841541185 23
91457908916932 66
91457908938756 91
91457976293173 23
91457976311697 66
91457976319081 91
91458043642926 23
91458043658906 66
91458043666209 91
91458111032842 23
91458111050513 66
91458111058245 91
91458178416489 23
91458178433742 66
91458178441007 23
91458237100188 66
91458237116580 91
91458304270449 91
91458371297800 23
91458371314395 66
91458371322049 23
91458371329129 66
91458438327054 91
91458505359316 91
91458505376969 23
91458505384560 66
91458572428070 91
91458572444407 23
91458639668638 66
91458639684695 91
91458706612850 23
91458706639647 66
91458706647407 91
91458780660966 23
91458780684619 66
91458780692038 91
91458848007757 23
91458848033186 66
91458848040953 91
91458915372424 23
91458915392720 66
91458915400239 91
91458982744726 23
91458982762174 66
91458982769617 23
91458982776751 66
91458982783645 91
91459050132920 91
91459117502396 23
91459117520226 66
91459176040653 91
91459176057961 23
91459176065738 66
91459243227017 91
91459243244899 23
91459310218340 66
91459310237182 91
91459377218571 23
91459377238501 66
91459377245947 91
91459444412208 23
91459444432038 66
91459444439440 91
91459511609790 23
91459511627966 66
91459511635479 91
91459578404221 23
91459578420896 66
91459578428258 91
91459652319703 23
91459652335300 66
91459719721090 23
91459719739278 66
91459719747097 91
91459787081975 91
91459787098912 23
91459787106534 66
91459854499313 91
91459854521983 23
91459921866806 66
91459921885819 91
91459921892944 23
91459989308357 66
91459989342564 23
91459989350115 66
91459989357194 91
91460115123687 23
91460115153566 66
91460115161703 91
91460182124533 23
91460182152036 66
91460182159620 91
91460249140132 91
91460316376666 23
91460316399523 66
91460383369410 91
91460383393455 23
91460383400964 66
91460450381378 23
91460450410363 66
91460450417703 91
91460524081181 91
91460524106516 23
91460591480544 66
91460591501563 91
91460591509033 23
91460658811197 66
91460658828949 91
91460658836520 23
91460658843496 66
91460726181315 91
91460726199203 23
91460793574101 66
91460793593043 91
91460861191846 23
91460861241908 66
91460861251879 91
91460919916612 23
91460919946062 66
91460919953567 91
91460986870423 23
91460986899944 66
91460986907678 91
91461054167184 23
91461054204314 66
91461121133374 91
91461121168207 23
91461121176000 66
91461188178380 91
91461188207428 23
91461255356300 66
91461255383822 91
91461322276572 23
91461322311413 66
91461322319024 91
91461322326258 23
91461389311979 66
91461389339808 23
91461463277089 66
91461463303924 91
91461530618654 91
91461530655287 23
91461597944183 66
91461597965903 91
91461597973447 23
91461665323259 66
91461665345496 91
91461665353161 23
91461665360779 66
91461732667742 23
91461732690293 66
