100970861575910 91
100970916528568 91
100970993522348 23
100970993555244 66
100970993563000 91
100971056463938 23
100971056496052 66
100971056503647 91
100971128948075 23
100971128981875 66
100971184928998 23
100971184960257 66
100971184968037 91
100971251794263 23
100971251829490 66
100971251837375 91
100971330769550 91
100971386219830 23
100971386250553 66
100971386276683 91
100971386284457 23
100971453309115 66
100971453338205 91
100971453345960 23
100971453353104 66
100971531526785 91
100971531563990 23
100971531571698 66
100971598115464 23
100971598150293 66
100971598157697 91
100971654296510 91
100971654327781 23
100971654335314 66
100971721303369 91
100971721335830 23
100971721343486 66
100971799992907 91
100971800026974 23
100971800034593 66
100971855512468 91
100971855542574 23
100971855550141 66
100971931293432 23
100971931327664 66
100971931335261 91
100972001271283 91
100972001302444 23
100972056764246 66
100972056797279 91
100972056804784 23
100972133195239 66
100972133227451 23
100972133234958 66
100972133242064 91
100972191144980 91
100972257820244 23
100972257857235 66
100972257864794 91
100972257871802 23
100972325015054 66
100972325044458 91
100972325051882 23
100972325058971 66
100972392062916 91
100972392096255 23
100972392103689 66
100972470513870 91
100972470545279 23
100972526063434 23
100972526092150 66
100972526099709 23
100972602364375 66
100972602393892 91
100972672479887 91
100972735449188 23
100972735479026 66
100972735486855 91
100972735494070 23
100972794466504 66
100972794497054 23
100972794504567 66
100972794511702 91
100972861503739 91
100972940915117 23
100972940945225 66
100972940952989 91
100972995527886 23
100972995555363 66
100973062727960 91
100973062760653 23
100973062768794 66
100973062775757 91
100973136266157 23
100973136301870 66
100973136309793 91
100973197078347 23
100973197126546 66
100973197134246 91
100973197141518 23
100973264222662 66
100973264253275 91
100973264261110 23
100973264268301 66
100973343680431 91
100973343709718 23
100973343717261 66
100973343724237 91
100973397912591 23
100973397945775 66
100973474990347 91
100973475022986 23
100973475030479 66
100973532404914 23
100973532446552 91
100973532453995 23
100973532461049 66
100973610227710 91
100973610261827 23
100973610269563 66
100973666216275 91
100973666253182 23
100973666260767 66
100973733412676 23
100973733447857 66
100973733455419 91
100973812243939 91
100973812281960 23
100973812289785 91
100973812296855 66
100973867500408 23
100973867532113 66
100973867539739 91
100973942084032 23
100973942115956 66
100973942123793 91
100974001662677 23
100974001696778 66
100974001704434 91
100974079424342 23
100974079454573 66
100974079461886 91
100974135691108 23
100974135724525 66
100974203016489 23
100974203064038 91
100974203071370 23
100974203078320 66
100974203085447 23
100974281425790 66
100974281464278 91
100974281471956 91
100974336949617 23
100974336980435 66
100974336988487 91
100974412325925 23
100974412359331 66
100974412367062 91
100974482680112 23
100974482713105 66
100974482720807 91
100974482727843 23
100974538198072 66
100974538236990 91
100974538244427 23
100974538251324 66
100974614565541 91
100974614595639 23
100974614603008 66
100974672246087 91
100974672277629 23
100974672285071 66
100974672292156 91
100974739324802 23
100974739357337 66
100974739364734 91
100974806492336 23
100974806527660 66
100974806535334 91
100974873384455 23
100974873417055 66
100974873424560 23
100974873432053 91
100974873438922 23
100974951901240 66
100974951934659 91
100974951941967 23
100975007669637 66
100975007698763 91
100975007706588 23
100975074605179 66
100975074634137 91
100975074641781 23
100975162029414 66
100975162066042 23
100975162073812 91
100975162080812 23
100975216019445 66
100975216048235 91
100975216056251 23
100975276019933 66
100975276052954 91
100975355136154 23
100975355165151 23
100975355172735 66
100975355179843 91
100975410162067 23
100975410194714 66
100975410203414 91
100975487031584 23
100975487067085 66
100975487074370 91
100975544179529 23
100975544213646 91
100975544221847 23
100975544229044 66
100975544235982 91
100975611310535 23
100975611337688 66
100975611345197 23
100975678579604 66
100975678613514 91
100975678620848 23
100975678628006 66
100975745320217 23
100975745355852 66
100975745363472 91
100975812546742 91
100975812593530 23
100975890288097 66
100975890315849 91
100975890323642 23
100975946611245 66
100975946642218 91
100975946649938 23
100975946656958 66
100976013620485 91
100976013653319 23
100976013660761 66
100976080672514 23
100976080707445 66
100976080715121 91
100976147725715 23
100976147756400 66
100976147764744 91
100976214831303 91
100976214864054 23
100976214871567 66
100976281860875 91
100976359587057 23
100976359626531 66
100976359633931 91
100976416023213 23
100976416058760 66
100976416066267 23
100976416073388 66
100976483095896 91
100976483128564 91
100976560880634 23
100976560927892 66
100976560938211 23
100976617273734 66
100976617306950 91
100976617314244 91
100976684269950 23
100976684304952 66
100976684312602 91
100976684319652 23
100976762845921 66
100976762887187 91
100976762895338 23
100976818368423 66
100976818401110 91
100976818408816 23
100976885489664 66
100976885545024 23
100976885553018 66
100976952450483 91
100977019488266 23
100977019524328 66
100977019531950 91
100977096050157 23
100977096081359 66
100977096089161 91
100977234044132 23
100977234084009 66
100977234091667 91
100977297896215 91
100977297930263 23
100977297938243 66
100977354969565 91
100977355003463 23
100977355011084 66
100977355018042 91
100977433278985 23
100977433309025 66
100977433316747 91
100977489237189 23
100977489270398 66
100977489277895 23
100977489285171 66
100977489292074 91
100977556039959 23
100977556073891 66
100977556082262 91
100977635304217 91
100977690335168 23
100977690364771 23
100977690372371 66
100977690380962 91
100977690389333 23
100977757677493 66
100977757712797 91
100977757724570 23
100977824295514 23
100977824328251 66
100977824335685 91
100977824342872 23
100977824349912 66
100977902601510 91
100977902644886 23
100977902652578 66
100977902659651 91
100977958475971 23
100977958503593 66
100977958511146 91
100978025502303 23
100978025534060 66
100978025541718 91
100978104475601 23
100978104516257 66
100978104524227 91
100978159871611 23
100978159916594 66
100978159925103 91
100978226705979 23
100978226741385 66
100978226749397 91
100978293781688 23
100978293817078 66
100978293824742 91
100978293831907 23
100978293838782 66
100978371699319 91
100978428030349 91
100978428064072 23
100978428071518 66
100978495010587 91
100978495041916 23
100978495049860 66
100978567678519 91
100978567711527 23
100978567719121 66
100978629268558 91
100978629299424 23
100978629306848 66
100978629313744 91
100978696307694 23
100978696342799 66
100978696350364 91
100978774960706 23
100978774994411 66
100978830291673 23
100978830324068 66
100978830332321 91
100978908192945 23
100978908232831 66
100978964486450 91
100979031492607 91
100979031528168 23
100979098664289 66
100979098696322 91
100979098704042 23
100979166328874 66
100979166363345 23
100979166370984 66
100979166378163 91
100979232705625 91
100979232739958 23
100979232748016 66
100979310127595 91
100979310158692 23
100979310166153 66
100979366935210 91
100979366969254 23
100979366977029 66
100979440912032 91
100979440946278 91
100979501194214 23
100979501250658 66
100979501258433 91
100979568257326 23
100979568291859 66
100979568299422 91
100979635203936 23
100979635242655 66
100979635250478 91
100979713414509 23
100979713443877 66
100979713451223 91
100979769344998 23
100979769376023 66
100979769383448 91
100979836523473 23
100979836557693 66
100979914671021 91
100979914706230 91
100979970403828 23
100979970431114 66
100979970439057 91
100980037537893 23
100980037573609 66
100980037581200 91
100980116610084 23
100980116643042 66
100980171761887 23
100980171794894 91
100980171802346 23
100980171809413 66
100980171816348 91
100980244586862 23
100980244620892 66
100980244628504 91
100980317910225 23
100980317945615 66
100980317953188 91
100980317960136 23
100980372929915 66
100980372961624 91
100980372969382 23
100980449839381 66
100980449869232 91
100980449876906 23
100980449884139 66
100980507140613 91
100980507193974 23
100980507201789 66
100980573994228 91
100980574030923 91
100980574039164 23
100980651818840 66
100980651854743 91
100980708209093 23
100980708242667 66
100980708250588 91
100980775219715 23
100980775251569 66
100980775259214 91
100980775266339 23
100980853197047 66
100980853238239 91
100980853246898 23
100980853255787 66
100980909474193 23
100980909508744 66
100980909516278 91
100980909523340 23
100980976410813 66
100980976441380 23
100980976448792 91
100980976455933 23
100981055092547 66
100981055126817 23
100981055134342 66
100981111041419 91
100981177684629 91
100981177717533 23
100981177725096 23
100981177732167 66
100981244848710 91
100981244882867 23
100981244890509 66
100981244897637 23
100981244904473 91
100981322398421 23
100981322431943 66
100981322439755 23
100981322446888 66
100981390842315 91
100981390882396 91
100981445950546 23
100981445986274 66
100981445993940 91
100981513048122 23
100981513081975 66
100981513089685 91
100981580015183 23
100981580046928 66
100981647285597 23
100981647320408 66
100981647328058 91
100981725527427 91
100981725566137 23
100981725573668 66
100981781433698 23
100981781482567 66
100981781490428 91
100981848328033 91
100981848363749 23
100981848371397 66
100981923558397 23
100981923592321 91
100981923600266 23
100981923607300 66
100981982385335 23
100981982421091 66
100981982428389 91
100982058854049 91
100982058881170 23
100982128802239 66
100982128833168 91
100982128840648 23
100982128847494 66
100982183583374 91
100982260787963 23
100982260825391 66
100982260833057 91
100982260840085 23
100982260846932 66
100982319236702 23
100982319267452 66
100982319275057 91
100982384813663 91
100982384845932 23
100982451880205 66
100982451913322 23
100982451920799 66
100982451927738 91
100982518921381 23
100982598114529 66
100982598148831 91
100982598175498 23
100982653212276 66
100982653246278 91
100982729964785 23
100982730003573 66
100982730011179 91
100982792539515 91
100982792571989 23
100982859899278 66
100982859933629 23
100982859940956 66
100982859948049 91
100982927288049 91
100982927326660 23
100982927334400 66
100982994666660 23
100982994700817 66
100982994708360 91
100983062089714 23
100983062126774 66
100983062134981 91
100983129497638 23
100983129558878 66
100983129567244 91
100983206507352 23
100983206545882 66
100983206553520 91
100983331695139 91
100983331732623 23
100983331740494 66
100983331747659 91
100983398936628 23
100983398965605 66
100983457951568 23
100983457986465 66
100983457994344 91
100983458001700 91
100983525110594 23
100983525143530 66
100983525151015 91
100983592097162 23
100983592134489 66
100983659244393 23
100983659274100 66
100983659281931 91
100983726143491 23
100983726175967 66
100983726183727 91
100983793192848 91
100983793229669 23
100983793237194 66
100983860292161 91
100983860322639 23
100983860330027 66
100983927357516 91
100983927389700 23
100983927397090 66
100983927404118 23
100984001130948 66
100984001161455 91
100984068537191 23
100984068567605 66
100984068575228 91
100984148436329 23
100984148471241 66
100984148479210 91
100984203267098 23
100984203296783 66
100984270702565 91
100984270740446 23
100984270748192 91
100984338148859 23
100984338192665 23
100984338203362 66
100984338212541 23
100984397121729 66
100984397170539 91
100984397178266 91
100984463874252 23
100984463906623 66
100984463914447 91
100984530946777 23
100984530978468 66
100984530986164 91
100984597952361 23
100984597985885 66
100984597993500 91
100984665149155 23
100984665186528 66
100984665194200 23
100984732160274 66
100984732194089 91
100984799194536 23
100984799226485 66
100984799234125 91
100984866249870 23
100984866281068 66
100984866288746 91
100984940330636 23
100984940372954 66
100984940380614 91
100985007582688 91
100985075001462 23
100985075039300 66
100985075046825 23
100985075053624 91
100985075060749 23
100985142503076 66
100985142542008 91
100985142549859 23
100985209728267 66
100985209757476 91
100985209765003 23
100985209772034 66
100985268658838 91
100985268688873 23
100985335712342 66
100985335745552 23
100985335753922 66
100985335760922 91
100985402832280 23
100985402870181 66
100985469865320 91
100985469894362 91
100985537050238 23
100985537085560 66
100985537093227 91
100985603920536 23
100985603953890 66
100985603961534 91
100985603968568 23
100985671144519 66
100985671179654 91
100985671187911 23
100985738002068 66
100985738062604 91
100985738070575 23
100985812025139 66
100985812058252 91
100985812065874 23
100985812072894 66
100985879336849 23
100985879371087 66
100985879378632 91
100985946729882 23
100985946763279 66
100985946771267 91
100986014097780 23
100986014129521 66
100986081456726 91
100986081486394 91
100986149122920 23
100986149155898 66
100986216278955 91
100986216311849 23
100986216319597 66
100986216326573 91
100986274584831 23
100986274614414 66
100986274622036 23
100986341670960 66
100986341700793 91
100986341708314 91
100986408868521 23
100986408900513 66
100986408907883 91
100986475963148 23
100986475995934 66
100986476003682 91
100986542894737 23
100986542925376 66
100986542932830 91
100986609945785 23
100986609978024 66
100986609985446 23
100986609992541 66
100986683649783 91
100986683682424 23
100986751109149 66
100986751146780 91
100986818461154 23
100986818499191 66
100986885995404 91
100986886054996 91
100986953207555 23
100986953236716 66
100986953244225 91
100987020561451 91
100987020598209 23
100987020605569 66
100987079463633 23
100987079492355 66
100987079500014 91
100987146462797 23
100987146498334 91
100987146506024 23
100987146513042 66
100987214109552 23
100987214140935 66
100987214148553 91
100987214155734 23
100987280571571 66
100987280601256 91
100987280608966 23
100987347713839 66
100987347749153 91
100987347756672 23
100987347763831 66
100987414835672 91
100987481875075 23
100987481910604 66
100987481918493 91
100987548900738 23
100987548935429 66
100987548943106 23
100987548950076 91
100987548957014 23
100987622767727 66
100987622801744 23
100987622809458 66
100987690220023 91
100987690257837 91
100987757534835 23
100987757571662 66
100987757579414 91
100987824981336 23
100987825011120 66
100987825018727 23
100987825025919 66
100987892306131 91
100987892346071 91
100987959670269 23
100987959701894 66
100987959709308 91
100988018525943 23
100988018570196 66
100988018577733 23
100988085405188 66
