98478080133110 91
98478147172920 91
98478147203782 23
98478147211277 66
98478214210341 23
98478214241412 66
98478214249112 91
98478281286485 91
98478359794931 23
98478359830104 66
98478359837747 91
98478359844948 23
98478415418337 66
98478415451681 23
98478415459373 66
98478482519580 91
98478482549735 23
98478560978157 66
98478561009959 91
98478616698179 91
98478616732747 23
98478616740318 66
98478683605764 91
98478683640555 23
98478683648396 66
98478683655271 91
98478762988908 23
98478763023836 66
98478763031323 91
98478817890033 23
98478817927268 66
98478894849236 91
98478894885600 23
98478894893072 66
98478957814198 23
98478957843121 66
98478957850545 91
98479030238925 23
98479086191931 66
98479086241379 91
98479086252147 23
98479153377112 23
98479153443517 66
98479153454285 91
98479232131445 91
98479232168271 23
98479287361248 66
98479287396463 91
98479287404006 23
98479287411064 66
98479354393038 23
98479354430943 66
98479354438508 91
98479422451439 91
98479499530708 23
98479499578526 66
98479499586035 91
98479555536216 23
98479555565075 66
98479555572618 91
98479622762414 23
98479622832770 66
98479622841272 23
98479622848377 66
98479622855210 91
98479701387566 23
98479756819464 66
98479756855269 91
98479756862721 91
98479823827209 23
98479823861453 66
98479890858958 23
98479890894539 91
98479890902153 23
98479890909294 66
98479968622028 91
98479968653623 23
98479968661458 66
98480024968331 23
98480024998787 91
98480025006125 23
98480025013121 66
98480092137797 23
98480092170693 66
98480092178264 91
98480168701751 91
98480226202195 23
98480226240693 66
98480226250416 91
98480226257929 23
98480293256313 66
98480293284909 91
98480293292253 23
98480293328693 66
98480371858304 91
98480371890170 23
98480427328669 66
98480427360248 91
98480427367489 23
98480503822456 66
98480503869427 91
98480503876996 23
98480573875974 66
98480573908910 91
98480573916709 23
98480573923783 66
98480636815646 23
98480636846506 66
98480636854206 91
98480695574144 91
98480762767325 23
98480762802862 66
98480762810536 23
98480762817480 66
98480844284922 91
98480896796044 23
98480896834602 66
98480896842069 91
98480964012848 23
98480964043927 66
98480964051623 91
98481037601935 91
98481098096164 23
98481098131637 66
98481098139387 91
98481098146301 23
98481165018158 66
98481165054228 91
98481245542742 23
98481245570108 66
98481245577678 91
98481245584819 23
98481245591917 66
98481299271494 23
98481299301712 66
98481299309094 91
98481376307966 91
98481376343769 23
98481433288229 66
98481433331597 91
98481500353779 23
98481500386550 66
98481500394335 91
98481567495227 23
98481567535296 66
98481567544900 23
98481567552094 91
98481634525153 23
98481634554068 66
98481634561866 91
98481701709200 23
98481701740193 66
98481701747901 91
98481768943948 23
98481768976088 66
98481842913175 91
98481842977197 23
98481842986420 66
98481910237075 91
98481910272667 23
98481977494037 66
98481977526579 23
98481977533999 66
98481977541146 91
98482044811593 23
98482044844585 66
98482044852685 91
98482112198977 91
98482171067360 23
98482171100097 66
98482238182497 91
98482238214251 23
98482238221864 66
98482238228872 91
98482318436546 23
98482318471312 66
98482382659375 23
98482382690904 91
98482382698256 23
98482382705276 66
98482439395094 91
98482439428205 23
98482439435917 66
98482506456693 23
98482506487032 66
98482506494481 91
98482584690175 91
98482584727822 23
98482640618391 66
98482640646960 91
98482640654489 23
98482707638322 66
98482707674008 91
98482707681650 23
98482707688766 66
98482786720762 91
98482786749240 23
98482841842350 66
98482841875707 23
98482841883336 66
98482908929177 91
98482987913221 91
98482987946831 23
98482987954360 66
98483043047550 23
98483043080756 66
98483043088100 91
98483110213642 23
98483110258760 66
98483110266360 91
98483178011344 23
98483178040305 66
98483178048090 91
98483311202305 91
98483311232232 23
98483311240039 66
98483311246976 91
98483378238632 23
98483378271508 66
98483378278892 91
98483457142499 23
98483457176588 66
98483512418908 23
98483512455479 66
98483512464788 91
98483579529298 23
98483579560814 66
98483579568496 91
98483724355332 91
98483724385681 23
98483724393282 66
98483780735882 23
98483780770723 66
98483780778055 91
98483847918821 91
98483847952787 23
98483847960543 66
98483926423732 23
98483926460518 66
98483926468182 91
98483981780869 91
98483981813129 23
98484048859614 66
98484048890166 91
98484048897587 23
98484048904611 66
98484127613327 91
98484127644640 23
98484127652074 66
98484183128100 23
98484183162306 66
98484183169883 91
98484259542836 91
98484259580254 23
98484317143432 66
98484317175924 91
98484317183720 23
98484389916031 66
98484389957422 23
98484389965351 66
98484389972347 91
98484457421334 23
98484457469883 66
98484592043302 91
98484659405867 23
98484659434682 66
98484659442312 91
98484726842427 91
98484794183922 23
98484794214708 66
98484794222295 23
98484861546060 66
98484861578375 91
98484928939127 91
98484928969231 23
98484928977139 66
98484928984283 91
98484987786027 23
98484987820551 66
98485054845323 91
98485054877954 23
98485054885634 66
98485122043738 91
98485122078769 23
98485122086151 66
98485189118623 91
98485189149466 23
98485189157288 66
98485256104789 91
98485256138279 23
98485256145816 66
98485256152778 91
98485323107735 23
98485323136307 66
98485323143791 91
98485390304447 23
98485390339163 66
98485457376023 91
98485457406121 23
98485457413815 66
98485531147084 91
98485531182832 23
98485531190602 66
98485598523783 91
98485598553847 23
98485598561443 66
98485665919940 23
98485665955576 66
98485665963163 91
98485733285259 23
98485733316427 66
98485926948180 91
98485994177641 23
98485994227234 66
98485994235996 91
98486060915349 91
98486127871101 23
98486127902837 66
98486127910514 23
98486127917468 66
98486127924333 91
98486195057308 91
98486262086259 23
98486262119809 66
98486329157817 91
98486329192898 23
98486329200551 66
98486329207559 91
98486402916196 23
98486402950125 66
98486402957839 91
98486470569083 23
98486470613014 66
98486470620873 91
98486537739714 23
98486537773225 66
98486537780644 91
98486597380442 23
98486597409977 66
98486597417447 91
98486664407910 23
98486664435319 66
98486664442904 91
98486731675281 23
98486731709064 66
98486731716661 91
98486798727687 23
98486798759588 66
98486798767103 91
98486872409603 23
98486872440477 66
98486872448246 23
98486939793470 66
98486939826472 91
98487007242615 91
98487007277531 23
98487007285203 66
98487074592343 91
98487074621278 23
98487074628996 66
98487142812567 91
98487142840694 23
98487142848526 66
98487209308685 23
98487209341490 66
98487268092239 91
98487335087285 91
98487335121598 23
98487402133253 66
98487402161911 23
98487402169225 66
98487402176144 91
98487469421218 91
98487536668685 23
98487536699825 66
98487536707278 91
98487603401862 23
98487603431668 66
98487603439378 91
98487670497240 23
98487670532189 66
98487670539839 91
98487749287059 23
98487749319430 66
98487749327297 91
98487804757861 23
98487804803305 66
98487871605596 91
98487871634077 23
98487871641514 66
98487871648419 91
98487950616045 23
98487950648645 66
98487950656162 91
98488005999119 23
98488006037893 66
98488006045478 91
98488082501192 23
98488082536954 66
98488140033556 91
98488206993668 23
98488282548319 66
98488282580261 91
98488341075074 23
98488341113805 66
98488408130061 91
98488485774072 91
98488485812272 23
98488485819670 66
98488542297494 91
98488542329671 23
98488542337146 66
98488609472937 23
98488609501156 66
98488609508802 91
98488687883789 23
98488687922521 66
98488750702121 91
98488810590504 23
98488810619854 66
98488810627580 91
98488877797241 91
98488877836280 23
98488954977165 66
98488955006406 91
98489011766582 23
98489011801805 66
98489011809495 23
98489078871893 66
98489078906851 91
98489151539939 91
98489151578095 23
98489151585733 23
98489151592672 66
98489216009404 91
98489216039027 23
98489216047349 66
98489280010519 23
98489280048904 66
98489280056608 91
98489358272830 91
98489358302194 23
98489358309578 66
98489414184244 91
98489414212917 23
98489414220466 66
98489481231456 91
98489481264556 23
98489481271952 66
98489554445659 91
98489554478686 23
98489554486726 66
98489615447793 91
98489615479064 23
98489615486727 66
98489682427122 91
98489682457823 23
98489682465276 66
98489749675869 91
98489749709489 23
98489749717239 66
98489827426166 91
98489827458963 23
98489827466358 66
98489883704577 23
98489883739179 66
98489883748723 91
98489950666510 23
98490017706703 66
98490017735468 91
98490084918652 91
98490084950954 23
98490084958421 66
98490153104103 91
98490153133788 23
98490153141333 66
98490230726962 23
98490230756627 66
98490230764205 91
98490285945633 91
98490285976900 23
98490362608656 66
98490362637907 23
98490362645544 66
98490362652538 91
98490498103351 23
98490498136372 23
98490498143794 66
98490498150738 91
98490554276406 91
98490554311611 23
98490554318961 66
98490621402403 91
98490621434838 23
98490621442369 66
98490699878415 91
98490699910969 23
98490699918442 66
98490767298376 91
98490767333555 23
98490767341187 66
98490822553814 23
98490822585800 66
98490822593197 91
98490898692498 91
98490898721266 23
98490898728884 66
98490956691322 91
98490956722138 23
98490956729884 23
98491023949458 66
98491024021051 91
98491024029002 23
98491024036147 66
98491090810065 91
98491090847464 23
98491090855136 66
98491157919227 91
98491157957005 23
98491157964685 66
98491157971735 91
98491224890150 23
98491224926357 66
98491292094572 23
98491292127033 66
98491292134753 91
98491359055053 23
98491359093863 66
98491359101599 91
98491426126267 91
98491500140811 23
98491500172627 66
98491500180200 91
98491500187283 23
98491567523523 66
98491567554698 91
98491567562178 23
98491634922768 66
98491634985997 91
98491634994200 23
98491635001425 23
98491702363594 66
98491702397518 91
98491771741771 23
98491771776537 66
98491771784256 91
98491771791340 23
98491771798300 66
98491828471770 23
98491828505024 66
98491828512803 91
98491969589423 23
98491969620583 66
98491969628048 91
98492038336179 91
98492038365861 23
98492038373525 66
98492104356504 23
98492104386812 91
98492104394715 23
98492104401813 66
98492171767068 91
98492171803494 23
98492171810697 66
98492239104887 91
98492239136391 23
98492239144234 66
98492316096533 23
98492316133189 66
98492316141004 91
98492364984023 91
98492434700961 23
98492434955719 66
98492434963624 91
98492499256119 23
98492499289069 66
98492499296727 91
98492566318393 23
98492566349245 66
98492566357044 91
98492566364112 23
98492633302515 66
98492633329284 23
98492633336902 66
98492711449177 91
98492767529696 91
98492767561101 23
98492834643362 66
98492834678419 23
98492834686257 66
98492834693221 91
98492909472608 23
98492972065538 66
98492972094562 91
98492972102455 91
98493035822087 23
98493035852060 66
98493035859652 91
98493114759936 23
98493114794663 66
98493114802244 91
98493169808821 23
98493169836854 66
98493169844584 91
98493246566408 23
98493246599033 66
98493246606771 91
98493304099378 23
98493304127770 66
98493370985448 23
98493371019646 66
98493371027446 91
98493438024545 91
98493438052929 23
98493438060731 66
98493505241713 91
98493505269673 23
98493505277262 66
98493583919834 91
98493583950666 23
98493583958239 66
98493639408404 91
98493639442362 23
98493639450048 66
98493715781976 91
98493715813601 23
98493715821264 23
98493715828250 66
98493773496881 91
98493773524747 23
98493773532483 66
98493840510273 23
98493840541282 66
98493840548683 91
98493907621725 91
98493974632462 23
98493974662463 66
98493974669942 91
98494041712255 23
98494041741528 66
98494041749085 91
98494108828084 23
98494108884285 66
98494182700118 23
98494182729333 66
98494182736902 91
98494250050966 23
98494250081750 66
98494250089415 91
98494317420366 91
98494317453073 23
98494317460843 66
98494385883705 91
98494385910572 23
98494452202377 66
98494452236001 91
98494452243622 23
98494511109565 66
98494511136845 91
98494511144414 23
98494511151370 66
98494578374955 91
98494578406666 23
98494578414283 66
98494647075910 23
98494647100731 66
98494647108506 91
98494712300272 91
98494712333633 23
98494712341425 66
98494779383219 23
98494779417942 66
98494779425513 91
98494846516663 91
98494913629002 23
98494913662590 66
98494913670497 91
98494980584692 23
98494980617202 66
98494980624666 23
98495054413419 66
98495054442006 91
98495054449901 91
98495121783681 23
98495121814552 66
98495190166116 91
98495190194158 23
98495190201899 66
98495256545553 23
98495256576846 66
98495256583995 91
98495323921094 23
98495323950008 66
98495323957714 91
98495391296535 23
98495391330744 66
98495458707677 91
98495458740821 91
98495517146491 23
98495517179569 66
98495517187365 23
98495584264364 66
98495584295949 91
98495651269881 91
98495651302290 23
98495651309831 23
98495651317471 66
98495718295068 91
98495718325639 23
98495785580729 66
98495785620070 91
98495785627644 23
98495852608079 66
98495852653408 91
98495919523227 23
98495919558332 66
98495919566396 91
98495993523377 23
98495993557367 66
98496060902004 23
98496060934270 66
98496060942405 91
98496128260640 91
98496195623153 23
98496195654788 66
98496195662387 23
98496263041203 66
98496263076074 91
98496321949621 23
98496321981181 23
98496321988724 66
98496321995804 91
98496389173787 91
98496389209654 23
98496456173108 66
98496456212489 91
98496456220255 23
98496523217937 66
98496523253442 91
98496590301500 23
98496590335345 66
98496590342898 23
98496590349937 66
98496657214707 91
98496657250137 23
98496724330021 66
98496724364919 91
98496791487707 23
98496791527217 66
98496791534965 91
98496865242708 91
98496932692540 23
98496932728837 66
98496932736316 91
98497000011691 23
98497000042563 66
98497000049990 91
98497067390654 23
98497067421182 66
98497067428824 91
98497134772774 23
98497134805314 66
98497134812841 91
98497134819785 23
98497202113470 66
98497202145710 23
98497202153815 66
