105227791767060 91
105227791798987 91
105227852580157 91
105227852626303 23
105227919509390 66
105227919542925 91
105227919550444 23
105227919557519 66
105227919564330 91
105227919571366 23
105227997078461 66
105227997117549 91
105227997124979 23
105227997132271 66
105228053734950 91
105228053767112 23
105228053774647 66
105228053781486 91
105228120711680 23
105228120740193 66
105228120748046 91
105228199068163 23
105228199102222 66
105228199109789 91
105228199116656 23
105228199123524 66
105228254948294 23
105228254983212 66
105228254991224 91
105228322065010 23
105228322097140 66
105228322104886 91
105228322111882 23
105228322118631 66
105228400304302 91
105228400331689 23
105228400339179 66
105228456273804 23
105228456318723 66
105228456326415 91
105228523217340 23
105228523260521 66
105228523268207 91
105228602339698 23
105228602378983 66
105228602386646 91
105228657318446 91
105228657347720 23
105228657355030 66
105228724508435 23
105228724540086 66
105228724547573 91
105228791695616 23
105228791731527 66
105228791738871 91
105228869496810 23
105228869534013 66
105228925454991 91
105228992660989 91
105228992694223 23
105228992703504 66
105229059690453 23
105229059720891 66
105229059728205 91
105229126724857 23
105229126758974 66
105229126766549 91
105229126773396 23
105229126780404 66
105229193705045 91
105229272789661 91
105229272822321 23
105229272829889 23
105229272837564 66
105229327944908 91
105229327975983 23
105229327983617 66
105229404658127 23
105229404689492 91
105229404696981 23
105229404704138 66
105229462042504 91
105229462080010 23
105229462087517 66
105229529190709 91
105229529226726 23
105229529234066 66
105229529241372 23
105229529249040 66
105229606148474 91
105229606182018 23
105229663226368 66
105229663257437 91
105229730247940 91
105229730279321 23
105229730286903 66
105229808016671 91
105229808049621 23
105229808057216 66
105229808064204 23
105229864644189 66
105229864680717 91
105229931455785 91
105229931492658 23
105229931500652 66
105229931507921 23
105230009147639 66
105230009184342 91
105230009191988 91
105230075184166 23
105230075221894 66
105230075229477 23
105230075236546 66
105230132848148 91
105230132885978 91
105230199771487 23
105230199804616 66
105230199812358 91
105230266903398 23
105230266932090 66
105230266939562 91
105230266946643 23
105230333942430 66
105230333978810 23
105230333986419 66
105230333993389 91
105230401047080 91
105230401078986 23
105230401086710 66
105230468069101 23
105230468097222 66
105230468104990 91
105230544444635 91
105230544474336 23
105230614479435 66
105230614511418 91
105230614518867 23
105230614525933 66
105230669314006 91
105230669356541 23
105230669364752 66
105230736298046 91
105230736326438 23
105230736333860 66
105230803516296 91
105230803549126 23
105230803556985 66
105230881701116 23
105230881733874 66
105230881741314 91
105230937659851 91
105230937696808 23
105230937704347 66
105230937711393 91
105231004592954 23
105231004624618 66
105231004632204 91
105231083866739 23
105231083899134 66
105231083906868 23
105231083913912 66
105231138686219 91
105231215061181 91
105231284989367 23
105231285020052 66
105231285027704 91
105231285034907 23
105231339870920 66
105231339902393 91
105231339909854 23
105231339916882 66
105231416877455 91
105231416909025 23
105231416918496 66
105231474078991 91
105231474110970 23
105231474118517 66
105231474125573 91
105231541069653 23
105231541099783 66
105231541107300 23
105231541114260 66
105231615845936 91
105231675308347 91
105231675338662 23
105231675346270 66
105231742340814 23
105231742379012 66
105231742386573 91
105231820147801 23
105231820176941 66
105231876495228 91
105231876525835 91
105231943573352 23
105231943605242 66
105231943613097 91
105231943620202 23
105231943627045 66
105232016650745 23
105232016685844 66
105232016693602 91
105232077542950 91
105232144796263 23
105232144882035 66
105232144890081 91
105232223509207 23
105232223547078 66
105232223554659 23
105232223562164 66
105232223569110 91
105232278803342 23
105232278838700 66
105232278846516 91
105232355353622 23
105232355391305 66
105232355398917 91
105232413064498 91
105232413100025 23
105232480096380 66
105232480127419 23
105232480135075 66
105232480142137 91
105232547304904 91
105232614272655 23
105232614306724 66
105232614314229 91
105232614321223 23
105232614328207 66
105232692637030 91
105232692677859 23
105232692685595 66
105232692692696 91
105232748355300 23
105232748390437 66
105232748398004 91
105232748405000 91
105232815396362 23
105232815427616 66
105232815435447 91
105232882518471 23
105232882547933 66
105232882555546 91
105232882562792 23
105232882569904 66
105232949710284 91
105232949746519 23
105232949753992 66
105233016581113 23
105233016615636 91
105233016623203 23
105233016630233 66
105233095835330 91
105233095868862 23
105233095877014 66
105233095884028 91
105233150788420 23
105233150822406 66
105233150830253 23
105233150837456 66
105233150844422 91
105233227728769 23
105233227762566 66
105233227769998 23
105233292838625 66
105233292874643 91
105233363059381 23
105233363090899 66
105233363098295 91
105233418977243 23
105233419006971 91
105233419014621 23
105233485979839 66
105233486011188 91
105233486018446 23
105233565128928 66
105233565174361 23
105233565181888 66
105233565188794 91
105233620180309 91
105233620209520 23
105233620217184 66
105233693582086 91
105233693616806 23
105233693624985 66
105233693632148 23
105233693639194 66
105233693646124 91
105233760963480 23
105233760996326 66
105233828291150 91
105233828325333 91
105233895652600 23
105233895683121 66
105233895690752 91
105233895697777 23
105233963047571 66
105233963080551 91
105233963088181 23
105233963095901 66
105234030427024 23
105234030459359 66
105234030466850 91
105234097802372 23
105234097834099 66
105234097841656 91
105234156700975 91
105234156732902 23
105234156740574 66
105234156747445 91
105234223734120 23
105234223766775 66
105234223774511 23
105234223781493 91
105234223789016 23
105234290886981 66
105234290916757 23
105234290924318 66
105234357899698 91
105234424896821 23
105234424930204 66
105234424937801 91
105234491923096 23
105234491958788 66
105234491966156 91
105234559157276 91
105234626285809 23
105234626317937 91
105234626325629 23
105234626333305 66
105234626340271 91
105234700102274 23
105234700136330 66
105234700143908 91
105234700150960 23
105234767389961 66
105234767426101 91
105234767433483 23
105234834780504 66
105234834812406 91
105234834819899 23
105234834826770 66
105234902138937 23
105234902171419 66
105234902179644 91
105234969518622 23
105234969553165 66
105234969560652 91
105234969567706 23
105234969574642 66
105235036947075 91
105235036979339 23
105235036986671 66
105235036993798 91
105235104282722 23
105235104316294 66
105235104323767 23
105235104330719 66
105235104337626 91
105235162681572 91
105235162707910 23
105235229673835 66
105235229705019 23
105235229712379 66
105235296931042 91
105235371508756 23
105235371544621 66
105235371552351 91
105235371559381 23
105235430880220 66
105235430909107 91
105235507606254 91
105235507638042 23
105235507645510 66
105235565138305 23
105235565170332 66
105235565177718 91
105235632271157 91
105235632305833 23
105235632313244 66
105235709595450 23
105235709627214 66
105235774618917 91
105235844924764 23
105235844956003 66
105235844963596 91
105235900569247 23
105235900602833 66
105235900610143 91
105235976876390 23
105235976907835 66
105235976915471 91
105236034457571 91
105236101703053 23
105236101734402 66
105236101741939 23
105236101749096 66
105236168702740 91
105236168740046 91
105236235685606 23
105236235722533 66
105236235730335 23
105236235737184 66
105236314169499 91
105236369896683 23
105236369930313 66
105236369938082 91
105236436914856 91
105236436948951 23
105236436956560 66
105236516932946 23
105236516963875 66
105236516971406 91
105236578275364 91
105236578307739 23
105236578315299 66
105236578322309 91
105236638177943 23
105236638206417 66
105236638214363 91
105236638221451 23
105236717445660 66
105236717477462 23
105236717485281 66
105236717492327 91
105236772348285 91
105236849441398 23
105236849490353 66
105236849501239 91
105236906507844 23
105236906543662 66
105236906551268 91
105236906558350 23
105236906565320 66
105236973414648 23
105236973450231 66
105237040514647 91
105237107715568 91
105237107751147 23
105237107758716 66
105237175071058 91
105237175116452 23
105237175127193 66
105237175135704 23
105237252611646 66
105237252651529 91
105237308789218 91
105237308821269 23
105237308828718 66
105237308836269 91
105237375864681 23
105237375899264 66
105237375906968 23
105237375914008 66
105237442890350 91
105237442923234 23
105237442931246 66
105237509879369 91
105237577235443 23
105237577318493 66
105237577326475 91
105237577333614 91
105237644132168 23
105237644165884 66
105237721842112 91
105237721876787 23
105237721884171 66
105237721891094 23
105237778161572 66
105237778196178 91
105237778203677 23
105237778210622 66
105237845348272 91
105237923160266 23
105237923200900 66
105237979429728 91
105237979463778 23
105237979471277 66
105238046516324 91
105238046555188 23
105238125034581 66
105238125068531 91
105238180758794 91
105238180799299 23
105238180806719 66
105238180813717 23
105238180820613 66
105238247642381 91
105238314759055 23
105238314790069 66
105238314797388 91
105238381863294 91
105238381899044 23
105238381906678 66
105238458323198 23
105238458359783 66
105238458367706 91
105238519991329 91
105238520019764 23
105238520027633 66
105238583149272 23
105238583182033 66
105238583189498 91
105238650218199 91
105238723349514 23
105238723383649 23
105238723391194 66
105238723398295 23
105238723405204 66
105238723412446 91
105238851252713 23
105238851282658 66
105238851290371 91
105238918377439 23
105238918408521 66
105238918416323 91
105238997495947 23
105238997529678 66
105238997537362 91
105239052421564 91
105239052450636 23
105239052458356 66
105239119518253 23
105239119549254 66
105239119557401 91
105239186714349 23
105239186746712 66
105239186754213 91
105239264839398 23
105239264875852 66
105239264883194 91
105239320790122 23
105239320824024 66
105239320831639 91
105239387802287 91
105239387837721 23
105239387845496 66
105239466888460 91
105239466923035 23
105239466931138 66
105239522122668 91
105239522171642 91
105239522179139 23
105239588943767 66
105239588976886 23
105239588984584 66
105239588991588 91
105239656076458 23
105239656143537 66
105239656153295 91
105239740057896 23
105239740093119 66
105239740100453 91
105239740107453 23
105239790280999 66
105239790310341 23
105239790317785 66
105239790324884 91
105239857272005 23
105239857304581 91
105239857311816 23
105239929945508 66
105239929978702 23
105239929986279 66
105239929993219 91
105239991670589 91
105240058553525 23
105240058583219 66
105240058590808 91
105240058598194 23
105240125536276 66
105240125568063 91
105240125575411 23
105240125582353 66
105240203146422 23
105240203178558 66
105240203186123 91
105240259807254 23
105240259841943 66
105240326758052 91
105240326786577 91
105240393805426 23
105240393833517 66
105240393841313 23
105240393848820 66
105240460920231 91
105240460951727 91
105240528103944 23
105240528143627 66
105240528151221 23
105240528159969 66
105240602242292 91
105240602280782 23
105240602288345 66
105240662039096 91
105240662077467 91
105240729190641 23
105240729225792 66
105240729233396 23
105240803149389 66
105240803182979 91
105240803190632 91
105240863368053 23
105240863401589 66
105240863408848 91
105240930534272 23
105240930563660 66
105240930571348 23
105240930578467 66
105240997604873 91
105240997639517 91
105240997646819 23
105241075657643 66
105241075688344 23
105241075696412 66
105241075703396 91
105241131534813 23
105241131570460 66
105241131578088 91
105241203991388 23
105241204024399 66
105241265746452 91
105241332964725 23
105241332996352 66
105241333003951 91
105241399726229 23
105241399754553 66
105241399761913 91
105241478886217 91
105241478919195 23
105241478927034 66
105241534061611 91
105241534093517 23
105241534101062 66
105241534108173 23
105241606873770 66
105241606906477 91
105241606914063 91
105241680166114 23
105241680196787 66
105241680204151 23
105241680211018 66
105241680217823 91
105241735083727 91
105241812082371 23
105241812112405 66
105241812119843 23
105241812126797 91
105241869568278 23
105241869616433 66
105241869624217 23
105241869631437 66
105241936355386 91
105241936388067 23
105242014009720 66
105242014044100 91
105242070517987 23
105242070587287 66
105242070596121 91
105242070604085 23
105242137593284 66
105242137623443 91
105242137631273 91
105242215400829 23
105242215435720 66
105242215443328 23
105242271617899 66
105242271651264 91
105242338703319 23
105242338775970 66
105242338784108 91
105242338791128 23
105242417296195 66
105242417327713 91
105242472973022 23
105242473005290 66
105242473012598 91
105242539883835 23
105242539918262 66
105242607047651 91
105242684535225 23
105242684566286 66
105242684573884 91
105242741112568 91
105242741143780 23
105242741151679 66
105242808170044 23
105242808212921 66
105242808222896 91
105242875338594 23
105242875368684 66
105242875376523 91
105242942330609 23
105242942361075 66
105242942368858 91
105243009464176 23
105243009499069 66
105243009506568 91
105243087805818 23
105243087838292 66
105243143722653 91
105243210590205 23
105243210622450 66
105243210630013 91
105243285812962 91
105243285842873 23
105243344823428 66
105243344852557 91
105243344860132 23
105243422914746 66
105243422950587 23
105243422958329 66
105243422965360 91
105243479120804 23
105243479149826 66
105243479157502 91
105243557019552 23
105243557050305 66
105243557058035 91
105243612978235 23
105243613008519 66
105243613016078 91
105243680079095 91
105243754005204 23
105243754036054 66
105243754043644 23
105243754050804 91
105243814115932 23
105243814146420 66
105243814171296 91
105243814179521 23
105243881293960 66
105243881324060 23
105243881331662 23
105243881339311 66
105243960296391 91
105243960329966 91
105244015347434 91
105244015379811 23
105244015387632 66
105244015394873 91
105244092150849 23
105244092186468 66
105244092194142 23
105244149600526 66
105244149637750 91
105244149645925 23
105244149653001 66
105244216616895 91
105244216651485 23
105244216659517 66
105244216667458 91
105244283594816 23
105244283626807 66
105244283634260 23
105244283641320 91
105244350702782 23
105244350735564 66
105244350743600 23
105244350750694 66
105244429562431 91
105244484854174 23
105244484885078 91
105244484892547 23
105244484900235 91
105244484907440 66
105244484914305 23
105244551847203 66
105244551880008 23
105244551887453 66
