81845628977197 91
81845706095085 23
81845706131111 66
81845763135070 91
81845763165041 91
81845830123501 23
81845830155876 66
81845908028760 91
81845908059087 23
81845964437019 66
81845964465578 91
81846039820650 23
81846039857899 66
81846098557147 23
81846098595478 66
81846098602905 91
81846232524412 91
81846232553171 23
81846299796708 66
81846299830344 91
81846377323224 23
81846377371029 66
81846377380809 91
81846441231324 23
81846441268436 66
81846441275998 91
81846500829310 23
81846500866676 66
81846500874088 91
81846567893669 23
81846567924083 66
81846567931686 91
81846644453494 23
81846644484660 66
81846644491873 91
81846702346887 23
81846769397577 66
81846769453684 91
81846769461380 23
81846836171987 66
81846836208098 91
81846910734754 23
81846910772548 66
81846910779965 91
81846970492980 23
81846970522193 66
81847037419215 91
81847037456448 23
81847113734802 66
81847113765769 91
81847113773323 23
81847183773649 66
81847183815382 91
81847238620420 23
81847238650930 66
81847313645196 91
81847385038029 23
81847385071458 66
81847385079107 91
81847439846075 23
81847439880896 66
81847439888669 91
81847517010775 23
81847573877169 66
81847573911737 91
81847573919272 23
81847641043666 66
81847641074229 91
81847641081830 23
81847718986892 66
81847719021520 91
81847719029204 23
81847775110709 66
81847775143473 91
81847842144304 23
81847842174893 66
81847842182362 91
81847909316063 23
81847909344057 66
81847976398515 91
81847976432371 23
81848043416445 66
81848043447808 91
81848110717233 23
81848110761769 66
81848110769491 91
81848177541234 23
81848177571316 23
81848177578533 66
81848252145623 91
81848252175184 23
81848252182614 66
81848318757700 91
81848318791517 23
81848386128871 66
81848386168155 91
81848386175732 23
81848453497804 66
81848453533876 91
81848520898963 23
81848520932638 66
81848520940024 91
81848588234273 23
81848588265505 66
81848588272926 91
81848647016397 23
81848647053362 66
81848714023116 91
81848714053622 23
81848781072745 66
81848781103112 91
81848848146882 23
81848848180099 66
81848848187616 91
81848915323620 23
81848915358008 66
81848915365720 91
81848982251217 23
81848982283568 66
81848982290988 91
81849049281682 23
81849049311841 66
81849049319267 91
81849123083664 23
81849123117071 91
81849190683937 23
81849190718139 66
81849190725833 91
81849257851347 23
81849257887047 66
81849325210830 91
81849325244358 23
81849392591808 66
81849392623683 91
81849392630934 23
81849459961092 66
81849459997854 91
81849518795132 23
81849518833415 66
81849518840707 91
81849585995126 23
81849586033948 66
81849652975399 91
81849653008562 23
81849719949995 66
81849719985200 91
81849787268653 23
81849787301386 66
81849787308599 91
81849854175105 23
81849854209279 66
81849854216814 91
81849921198919 23
81849921227621 66
81849921235007 91
81849994855996 23
81849994890771 66
81849994899018 91
81850062369091 23
81850129597884 66
81850129645753 91
81850129654869 23
81850197023952 66
81850197057894 91
81850197065604 23
81850264298848 66
81850264327338 91
81850331689292 23
81850331718993 66
81850331726645 91
81850399048461 23
81850399084224 66
81850458015846 91
81850458056317 23
81850458064132 66
81850524914560 91
81850524942995 23
81850524950540 66
81850592115918 91
81850592146664 23
81850659192239 66
81850659224998 91
81850725969650 23
81850726001492 66
81850726009090 91
81850793137026 23
81850793168701 66
81850793176520 91
81850862439263 23
81850862468733 66
81850933908899 91
81851001245391 23
81851001278085 66
81851001285796 91
81851068654355 23
81851068687295 66
81851068694657 91
81851136054929 23
81851136088698 66
81851203469821 91
81851203507896 23
81851270919194 66
81851270956841 91
81851270964464 23
81851270971269 66
81851329691477 23
81851329734550 66
81851329742286 91
81851463825598 91
81851463862885 23
81851530831744 66
81851530861410 91
81851597849155 23
81851597879392 66
81851597886852 91
81851664889821 23
81851664921443 66
81851664928821 91
81851732073308 23
81851732109927 66
81851732117275 91
81851799238360 23
81851799266268 66
81851799273686 91
81851872987860 23
81851940357966 66
81851940391403 91
81851940398960 23
81852007795998 66
81852007829430 91
81852075148814 23
81852075184208 66
81852075191821 91
81852153219498 23
81852153259844 66
81852153267394 91
81852209892013 23
81852209925884 66
81852268826051 91
81852268854095 23
81852268861417 66
81852335562075 91
81852335596496 23
81852402850267 66
81852402885189 91
81852402892732 23
81852469798370 23
81852469833680 66
81852536797888 91
81852536831983 23
81852604143169 66
81852604186921 91
81852679429009 23
81852679458100 66
81852738441554 91
81852738477049 23
81852738484871 66
81852808511081 91
81852808540698 23
81852872116533 66
81852872151269 91
81852872158752 23
81852939317877 66
81852939350738 91
81852939358143 23
81853006313199 66
81853006346574 91
81853073343650 23
81853073375953 66
81853073383725 91
81853140359785 23
81853140391247 66
81853140399038 91
81853214275199 23
81853214308290 66
81853214315693 91
81853281653577 23
81853281695814 66
81853281703425 91
81853349069376 23
81853416627202 66
81853416661593 91
81853416669068 23
81853483776633 66
81853483808166 91
81853551151334 23
81853551184988 66
81853551192346 91
81853609938169 23
81853609972422 66
81853609979933 91
81853676844585 23
81853676873001 66
81853676880305 91
81853744053337 23
81853744084986 66
81853810963243 91
81853810996135 23
81853811003326 66
81853878046502 91
81853878081259 91
81853945244410 23
81853945279366 66
81854012287544 91
81854012327054 23
81854012334754 66
81854085948073 91
81854085976254 23
81854153403619 66
81854153439341 91
81854220773611 23
81854220805155 66
81854220812698 91
81854288124899 23
81854288163262 66
81854355571205 91
81854355608166 23
81854422881706 66
81854422913246 91
81854481765917 23
81854481799238 66
81854481806564 91
81854548711972 23
81854548749408 66
81854615889343 91
81854682985538 23
81854683018027 66
81854683025723 91
81854750205369 23
81854750250069 66
81854817301998 91
81854817332106 23
81854884130538 66
81854884183504 91
81854951067541 23
81854951098771 66
81854951106248 91
81855040399348 23
81855040435101 66
81855040442334 91
81855092420643 23
81855092447738 66
81855152332191 91
81855152367138 23
81855152374740 66
81855219323583 91
81855219358084 23
81855286539053 66
81855286568584 91
81855286576330 23
81855353544823 66
81855353575740 91
81855353583255 23
81855420570020 66
81855420599302 91
81855494685651 23
81855494730540 91
81855494738419 23
81855494745399 14
81855494752288 66
81855562068453 91
81855562101508 23
81855629379903 66
81855629414112 91
81855696736582 23
81855696770343 66
81855696777962 91
81855764143534 23
81855764174157 66
81855764181467 91
81855831588904 23
81855831633842 66
81855831641353 91
81855890146269 23
81855890181975 23
81855890189253 66
81855957095538 91
81855957131262 23
81856024269345 66
81856024301889 91
81856091373734 23
81856091423444 66
81856091431166 91
81856158283210 23
81856158324792 66
81856158333170 91
81856225338944 23
81856225382177 66
81856292559994 91
81856292591834 23
81856366357041 66
81856366391179 91
81856433793347 91
81856433827100 23
81856433834611 14
81856501166738 66
81856501198505 91
81856501206447 23
81856568515202 66
81856568548977 91
81856635853399 23
81856635891130 66
81856635898557 91
81856703715172 23
81856703742595 66
81856703749987 91
81856761923035 23
81856761988648 66
81856761996577 91
81856829191474 23
81856829227757 66
81856908332641 91
81856908362143 23
81856908370415 66
81856963224314 91
81857040205363 23
81857040241727 66
81857097428324 91
81857097474856 23
81857097482670 66
81857164259723 23
81857164291421 66
81857238800237 91
81857238833757 23
81857298664718 66
81857298702556 91
81857298710148 23
81857366530468 66
81857366562775 91
81857432578960 23
81857432612096 66
81857432619397 91
81857509557337 23
81857509597597 66
81857566705640 23
81857566738828 66
81857566746180 91
81857641718254 91
81857700908918 23
81857700937423 66
81857767950145 91
81857767984481 23
81857835012675 66
81857835045217 91
81857835052555 23
81857912682952 66
81857969169222 91
81858036257182 91
81858036290271 23
81858103162090 66
81858103195189 91
81858170406986 23
81858170441660 66
81858170448978 91
81858237290856 91
81858237327369 23
81858304396664 66
81858304433259 23
81858304440818 91
81858381957828 23
81858381983427 66
81858438751325 91
81858438802066 23
81858438809589 66
81858505864752 91
81858505893098 23
81858583223448 66
81858583262462 91
81858642459377 23
81858642486528 66
81858642493996 91
81858707123399 23
81858707168736 66
81858707178331 91
81858786734526 23
81858786763868 66
81858841059072 23
81858841105151 66
81858914533124 23
81858914590536 66
81858914599662 91
81859044717746 91
81859044753565 23
81859109336954 66
81859109380443 91
81859109389994 23
81859188696272 66
81859188734796 91
81859243419700 23
81859243464655 66
81859310397721 91
81859310425212 23
81859310432810 66
81859377480300 91
81859377510487 23
81859444526079 66
81859444554869 91
81859511572833 23
81859511610655 66
81859511618042 91
81859578761983 23
81859578793843 66
81859578801364 91
81859645931612 23
81859645975915 66
81859645983470 91
81859712806904 23
81859712841431 66
81859779861014 91
81859779909944 23
81859847209801 66
81859847244825 91
81859847252489 23
81859920783226 66
81859920824271 91
81859988159815 23
81859988195968 66
81860055529547 91
81860055566808 23
81860122929582 66
81860122963993 91
81860198786943 23
81860198826290 66
81860257704670 91
81860257741969 23
81860316614483 66
81860316645420 91
81860316652774 23
81860383477526 66
81860383511707 91
81860450691222 23
81860450726413 66
81860450733890 23
81860517655630 66
81860517688916 91
81860584805678 91
81860584839544 23
81860651839933 66
81860651872171 91
81860733398064 23
81860733434375 66
81860733442321 91
81860786153556 23
81860786181266 66
81860859880327 91
81860859907985 23
81860927287562 66
81860927317426 91
81860994650708 23
81860994683439 66
81860994691171 91
81861061998446 23
81861062032525 66
81861062040114 91
81861129372316 23
81861129401237 66
81861129408706 91
81861188236762 23
81861188272959 66
81861274516708 91
81861274552362 23
81861322484277 66
81861322518792 91
81861389488824 23
81861389520961 66
81861389528508 91
81861456544105 23
81861456573895 66
81861456581056 91
81861523531761 23
81861523565152 66
81861523572868 91
81861590755157 23
81861590792267 66
81861657803400 23
81861657849437 66
81861657857014 91
81861799089075 91
81861799142047 23
81861869339976 66
81861869383244 23
81861869392207 66
81861993090353 91
81862071370687 91
81862127238933 23
81862127270952 66
81862127278481 91
81862194158890 23
81862194191374 66
81862269416876 91
81862269444132 23
81862269451876 66
81862336627985 91
81862336658204 23
81862405333050 66
81862405368567 91
81862405375927 23
81862462504444 66
81862462540333 91
81862529925887 23
81862529980314 66
81862529990140 91
81862596950881 23
81862596996568 66
81862597004115 91
81862663859671 23
81862663896268 66
81862663903495 91
81862730824467 23
81862730855927 66
81862798201138 91
81862798230792 23
81862864953514 66
81862864992137 91
81862864999755 23
81862931966739 66
81862932001942 91
81862932009240 23
81862999036217 66
81862999071769 91
81863077562209 23
81863077590406 66
81863077597952 91
81863133352455 23
81863133383808 66
81863200519800 91
81863200553752 23
81863274401318 66
81863274432852 91
81863334285041 23
81863334317096 66
81863334324561 91
81863415256714 23
81863415297849 66
81863415305467 91
81863480635604 23
81863480672012 66
81863535529381 91
81863535562407 23
81863612593744 66
81863612629971 23
81863612637724 66
81863675200296 91
81863747881972 23
81863747915986 66
81863747923644 91
81863803969772 91
81863870977419 23
81863871015327 66
81863871022949 91
81863956390475 23
81863956427334 66
81864005007746 91
81864005037466 23
81864072010165 66
81864072041486 23
81864072048760 66
81864151252987 91
81864206254127 91
81864206282172 23
81864283015325 66
81864283049641 91
81864283057174 23
81864340263427 66
81864340292366 91
81864407649524 23
81864407708328 66
81864407715954 91
81864483092352 23
81864483128288 66
81864483136018 91
81864541496629 23
81864541537549 66
81864608554056 91
81864608589398 23
81864686316828 66
81864686350088 91
81864686357565 23
81864742884509 23
81864742923825 66
81864742931449 91
81864809894330 23
81864809932579 66
81864888343933 91
81864888375450 23
81864951241484 66
81864951277979 91
81865011071991 23
81865011109958 66
81865011117263 91
81865078162672 23
81865078201295 66
81865078208846 91
81865155681808 23
81865155730758 66
81865155738189 91
81865212334414 23
81865212364240 66
81865279170701 91
81865352003436 23
81865352037077 66
81865352044935 23
81865419525726 66
81865419565334 91
81865419573018 91
81865486825351 23
81865554213336 66
81865554252290 91
81865554259869 23
81865621572980 66
81865621605204 91
81865709830478 23
81865709878895 66
81865709886424 91
81865756327073 23
81865756365058 66
81865756372487 91
81865823731435 23
81865823762309 66
81865891151997 23
81865891181502 66
81865891189075 91
81866016932069 91
81866016972319 23
81866084120114 66
81866084156667 91
81866151163797 23
81866151203983 66
81866151211596 91
81866218319202 23
81866218354486 66
81866218361960 91
81866285169498 23
81866285208271 66
81866285215756 91
81866352381494 23
81866352418689 66
81866352426049 91
81866419411863 23
81866419447744 66
81866493276054 91
81866493311774 23
81866573441897 66
81866573479095 91
81866628111909 23
81866628150006 23
81866628157527 66
81866628164644 91
81866695550102 23
81866695596758 66
81866763096167 91
81866763177530 23
81866832767147 66
81866832806601 91
81866888860279 23
81866888941640 66
81866888951959 91
81866956121596 23
81866956158660 66
81867022922471 23
81867022957208 66
