101151536523774 91
101151602798269 23
101151602835858 66
101151659331852 91
101151659375767 23
101151659383475 66
101151737813221 91
101151809822666 23
101151809859430 66
101151869809156 91
101151927315308 23
101151927345891 66
101151994545181 91
101152061422087 23
101152061467818 23
101152061475426 66
101152061482856 91
101152128509158 23
101152128540569 66
101152195561792 91
101152273020463 23
101152273057919 66
101152273065594 91
101152329732352 23
101152329766650 66
101152396668189 91
101152463733411 23
101152463762318 66
101152530946156 91
101152530983060 23
101152530990642 66
101152610359478 91
101152664973713 23
101152665003017 66
101152742935409 91
101152742967202 23
101152799255377 66
101152799294378 91
101152866225192 23
101152866257838 66
101152866265591 91
101152933220198 23
101152933248259 66
101153000268992 91
101153079475513 23
101153079508049 66
101153079516025 91
101153134670962 23
101153134705155 66
101153211404415 91
101153268743883 23
101153268774834 66
101153268782264 91
101153342185300 23
101153342224955 66
101153402781435 91
101153469709321 23
101153469738785 66
101153469746394 91
101153614614906 91
101153614652562 23
101153614660581 66
101153671086127 23
101153671122006 66
101153671129557 91
101153738020994 23
101153738051386 66
101153815946593 91
101153815984053 23
101153872150514 66
101153872182525 91
101153939262711 23
101154017955777 66
101154017989379 91
101154073514604 23
101154073547386 66
101154140921287 91
101154207490131 23
101154207524071 66
101154285241985 91
101154285275955 23
101154341689074 66
101154341720558 91
101154408746268 23
101154408777780 66
101154487233340 91
101154550893355 23
101154550932521 66
101154550940152 91
101154677040277 23
101154677075516 66
101154677083781 91
101154744105384 23
101154744141526 66
101154811282330 91
101154890411042 23
101154890453555 66
101154890461346 91
101154945248107 23
101154945281580 66
101155012680456 91
101155079578569 23
101155079621414 66
101155146447723 91
101155224823490 23
101155224856028 66
101155224863921 91
101155280634096 23
101155280664059 66
101155347647908 91
101155414668044 23
101155414704603 66
101155414712090 91
101155481699232 91
101155548910060 23
101155548941723 66
101155548949191 23
101155548956742 66
101155626805325 91
101155683078635 23
101155683109325 66
101155750032261 91
101155824819400 23
101155824857130 66
101155824864898 91
101155884140546 23
101155884172801 66
101155951359123 91
101156030107141 23
101156030140818 66
101156030148594 91
101156085305432 23
101156085337059 66
101156162014892 91
101156232162631 23
101156232198170 66
101156232205985 91
101156293010417 23
101156353568949 66
101156353600733 91
101156420665209 91
101156420697835 23
101156420705308 66
101156499485552 23
101156499526125 66
101156499533944 91
101156621932533 23
101156621966072 66
101156621973529 91
101156695925463 23
101156695961330 66
101156755988223 91
101156756017728 23
101156832451349 66
101156832479066 91
101156902551634 23
101156902583722 66
101156957333717 91
101156957362809 23
101156957370380 66
101157034529347 91
101157091411795 23
101157091444281 66
101157158681856 91
101157225483511 23
101157225525564 66
101157225533773 91
101157292693364 23
101157292735967 66
101157292746397 91
101157371792660 23
101157371833913 66
101157426779416 91
101157501759099 23
101157501794600 66
101157501802340 91
101157573043671 23
101157627916112 66
101157627951277 91
101157704981023 23
101157705015166 66
101157705023625 91
101157829193615 23
101157829231916 66
101157829239415 91
101157906980995 23
101157907020261 66
101157969890988 91
101158042292900 23
101158042335567 66
101158042343088 91
101158097349776 23
101158097379741 66
101158174130712 91
101158174161034 23
101158174168649 66
101158231545006 91
101158298718547 23
101158298751654 66
101158365688352 91
101158432620246 23
101158432649692 66
101158432657368 91
101158511447292 23
101158566823358 66
101158643516024 91
101158701052110 23
101158701089958 66
101158773592929 91
101158835162706 23
101158835194154 66
101158835201957 91
101158902135198 23
101158902170733 66
101158902178357 91
101158978075296 23
101158978110837 66
101159046621834 91
101159103437197 23
101159103472071 66
101159103479720 91
101159170343376 23
101159247906400 66
101159247939376 91
101159304619428 23
101159304654665 66
101159304662566 91
101159371781978 23
101159449887815 66
101159449920492 91
101159505808586 23
101159505842227 66
101159572778057 91
101159639830262 91
101159639862921 23
101159639870514 66
101159717107026 23
101159717137494 66
101159774026611 91
101159774057642 23
101159774065244 66
101159841013398 91
101159919252483 23
101159919287014 66
101159975239131 91
101160042406804 23
101160042436962 66
101160109342365 91
101160186379547 23
101160186422973 66
101160186432816 91
101160310524332 23
101160310556403 66
101160310563969 91
101160388347071 23
101160388385777 66
101160450462849 91
101160511718191 23
101160511754235 66
101160511761772 91
101160589610896 23
101160589647121 66
101160645977737 91
101160713040444 23
101160713070031 66
101160713077655 91
101160792748668 23
101160847083879 66
101160847122656 91
101160914268167 23
101160914301684 66
101160992897421 91
101161048336558 23
101161048371723 66
101161048379087 91
101161124784910 23
101161124813658 66
101161182533884 91
101161249403783 23
101161249432266 66
101161249439819 91
101161316436393 23
101161383661271 66
101161383693654 91
101161450719203 23
101161450753087 66
101161450760962 91
101161527984330 23
101161528012369 66
101161584713312 91
101161651896546 23
101161651926733 66
101161726653167 91
101161785984507 23
101161786022412 66
101161786029935 91
101161853111793 23
101161853146928 66
101161931344334 91
101161987289215 23
101161987332617 66
101161987340594 91
101162054256658 23
101162054294480 66
101162127389429 91
101162188306076 23
101162188338828 66
101162255550883 91
101162334571699 23
101162334601397 66
101162334608861 91
101162405349536 23
101162466443210 66
101162466478353 91
101162523947808 23
101162523984490 66
101162590690346 91
101162590720943 23
101162667743043 66
101162667777050 91
101162724956885 23
101162724985123 66
101162791892833 91
101162869838987 23
101162869880684 66
101162926103254 91
101162998442141 23
101162998474941 66
101162998482488 91
101163060169804 23
101163060205071 66
101163060213079 91
101163137021102 23
101163137054909 66
101163194358957 91
101163261561848 23
101163261612604 66
101163261620310 91
101163338893957 23
101163338933194 66
101163395613714 91
101163462629264 91
101163462666318 23
101163540191280 66
101163540223462 23
101163540230878 66
101163596700117 91
101163663807007 23
101163663837759 23
101163663845409 66
101163742154531 91
101163742186506 23
101163797921629 66
101163797954175 91
101163865100357 91
101163865132883 23
101163932068255 66
101163932097912 23
101163932105630 66
101163999103934 91
101164066142071 91
101164066174772 23
101164145683529 66
101164145737230 23
101164145744868 66
101164200412555 91
101164267557760 23
101164267605696 66
101164267613357 91
101164334520910 23
101164334555303 66
101164412761073 91
101164468519104 23
101164468552668 66
101164468560326 91
101164535785819 23
101164535818359 66
101164614849284 91
101164677601478 23
101164677635393 66
101164677642834 91
101164736785142 23
101164736820359 66
101164815930808 91
101164871072938 23
101164871104880 66
101164947831251 91
101164947864869 23
101164947872394 66
101165005114862 91
101165072196781 23
101165072232976 66
101165072240658 91
101165149109532 23
101165149149119 66
101165206396846 91
101165273372424 23
101165273405360 66
101165273412948 91
101165351064750 23
101165351095721 66
101165407638907 91
101165474634748 23
101165474666309 66
101165474673856 91
101165541860664 23
101165541892291 66
101165618324686 91
101165675850738 23
101165675880782 66
101165675888327 91
101165820285576 23
101165820318599 66
101165820326283 91
101165888889972 23
101165888927738 66
101165888935436 91
101165951396526 23
101165951426922 66
101166011097086 91
101166078108426 23
101166078141799 66
101166078149563 91
101166223625918 23
101166223666908 66
101166223674500 91
101166279425034 23
101166279459292 66
101166279467032 91
101166354390510 23
101166413515294 23
101166413547048 66
101166413554394 91
101166480547356 23
101166480582200 66
101166480589729 91
101166547638424 23
101166547675142 66
101166627212793 91
101166682086277 23
101166682124347 66
101166682134545 91
101166763450433 23
101166763487125 66
101166816092087 91
101166883012240 23
101166883039914 66
101166883047467 91
101166950086515 23
101166950133480 66
101167026774712 91
101167084165996 23
101167084205841 66
101167084213296 91
101167151303199 23
101167218314269 66
101167218346439 91
101167292052812 23
101167292084594 66
101167292091906 91
101167359423371 23
101167359460606 23
101167426840367 66
101167426873470 91
101167494176646 23
101167494211378 66
101167494219515 91
101167561558529 23
101167561594221 66
101167561601756 91
101167687873865 23
101167687907704 66
101167687915732 91
101167754829969 23
101167754860198 23
101167754867639 66
101167821983222 91
101167889006519 23
101167889037697 91
101167889045377 23
101167956161169 66
101167956207943 23
101167956215896 66
101168023198880 91
101168090184073 23
101168090218789 66
101168157165141 91
101168231140401 23
101168231171229 66
101168231178744 91
101168298486279 23
101168298517159 66
101168298524578 91
101168365919504 23
101168365956203 23
101168365963769 66
101168433296181 91
101168500687263 23
101168500721722 66
101168500732164 91
101168568144948 23
101168568179173 66
101168626702347 91
101168693811210 23
101168693846023 66
101168693853752 91
101168761016199 23
101168761045430 66
101168761053192 91
101168837129770 23
101168837165321 66
101168894917316 91
101168962156902 91
101169029107051 23
101169029134717 66
101169102853998 23
101169102886465 66
101169102894075 91
101169237648239 23
101169237682052 66
101169304956688 91
101169372359171 23
101169372392570 66
101169372400021 91
101169439734264 23
101169439763179 66
101169498588681 91
101169565584498 23
101169565614393 66
101169632794849 91
101169699957026 23
101169700014569 66
101169700022810 91
101169770279278 23
101169833828689 66
101169833861350 91
101169900891503 23
101169900923916 66
101169900931297 91
101169974632856 23
101169974676315 66
101170041939320 91
101170109441452 23
101170109492482 66
101170109502406 91
101170176708749 23
101170176740814 66
101170244084437 91
101170311584391 23
101170311641060 66
101170311648730 91
101170370343505 23
101170370377175 66
101170437547023 91
101170504621516 23
101170504651332 66
101170504659288 91
101170571628583 23
101170571661791 66
101170638686982 91
101170705711467 23
101170705747674 66
101170772877220 91
101170839974135 23
101170840019582 66
101170913720975 91
101170981051676 23
101170981083619 66
101170981090918 91
101171048417852 23
101171048449102 66
101171115775213 91
101171183187474 23
101171183219193 66
101171183226720 91
101171309520135 23
101171309554626 66
101171309562372 91
101171376344635 23
101171376381296 66
101171443537605 91
101171510730914 23
101171510766254 66
101171510773757 91
101171577560413 23
101171577592426 66
101171644577126 91
101171711781308 23
101171711810209 66
101171711817917 91
101171778811463 23
101171778893806 23
101171778901673 66
101171845802944 91
101171913110730 23
101171913150553 66
101171980017508 91
101172047051117 23
101172047083689 66
101172047091303 91
101172114041938 23
101172114074904 66
101172181251770 91
101172248287906 23
101172248319209 66
101172248326531 91
101172322287446 23
101172322318085 66
101172389699412 91
101172466726068 23
101172466766571 66
101172466774225 91
101172524490018 23
101172594011298 66
101172594052327 91
101172650631470 23
101172650672653 66
101172717863974 91
101172784771148 23
101172784811266 66
101172784819131 91
101172863038470 23
101172863072259 66
101172919344849 91
101172986290363 23
101172986343090 66
101172986352335 91
101173060040868 23
101173060076351 66
101173120199277 91
101173187248986 23
101173187281821 66
101173187289377 91
101173332316002 23
101173332349353 66
101173332356972 91
101173388392355 23
101173388432982 66
101173455487213 91
101173522517284 23
101173522549815 66
101173522557200 91
101173589541215 23
101173589572774 66
101173656594617 91
101173735475471 23
101173735509571 66
101173735517326 91
101173790820114 23
101173790853834 66
101173857820183 91
101173936776325 23
101173936811013 66
101173992047476 91
101174068708662 23
101174068744020 66
101174068751334 91
101174126061476 23
101174126093086 66
101174193162305 91
101174268840896 23
101174268872847 66
101174268880331 91
101174327290797 23
101174327324389 66
101174394345605 91
101174471916974 23
101174471948142 66
101174471955697 91
101174528515059 23
101174528546911 66
101174595576848 91
101174673979768 23
101174674018282 66
101174736873517 91
101174808721859 23
101174808763133 66
101174863914737 91
101174941212410 23
101174941259865 66
101174941267426 91
101174998004172 23
101175065229738 66
101175065265151 91
101175137674963 23
101175137711468 66
101175137718995 91
101175199358901 23
101175199392947 66
101175266215500 91
101175344423578 23
101175344455221 66
101175344462896 91
101175467715819 23
101175467751752 66
101175467759193 91
101175534454229 23
101175534484898 66
101175534492248 91
101175601620090 23
101175668647275 66
101175668684153 91
101175735691484 23
101175735720764 66
101175813594971 91
101175869942412 23
101175869977008 66
101175869984495 91
101175937052816 23
101175937094414 66
101175937101927 91
101176004039604 23
101176071225270 66
101176138183977 91
101176205102143 23
101176205133776 66
101176205141188 91
101176272226883 23
101176272269724 66
101176339342740 91
101176406289678 23
101176406323827 66
101176406331320 91
101176482810888 23
101176482842201 66
101176540479441 91
101176607606168 23
101176607635594 66
101176607643099 91
101176674642817 23
101176674685661 66
101176741653708 91
101176808828580 23
101176808859801 66
101176876003151 91
101176942875541 23
101176942912164 66
101176942919709 91
101177009888900 23
101177009925709 66
101177076996277 91
101177150778468 23
101177150812782 66
101177150820472 91
101177285615073 23
101177285656399 66
101177285663869 91
101177352880394 23
101177352914750 66
101177420299476 91
101177420333100 23
101177420341260 66
101177487620272 91
101177546701264 23
101177546742234 23
101177546749902 66
101177613537467 91
101177680554568 23
101177680586832 66
101177680594538 91
101177747724254 23
101177747758196 66
101177814762194 91
101177881783169 23
101177881813718 23
101177881821452 66
101177881829156 91
101178027263502 23
101178027296919 66
101178027304924 91
101178083110696 91
101178083143592 23
101178083151051 23
101178083158174 66
101178150102416 23
101178150136334 66
101178150143958 91
101178223232301 23
101178223267388 66
