100658389634966 91
100658456790080 91
100658456821338 23
100658456828745 66
100658534375533 91
100658534409407 23
100658534416974 23
100658591148164 66
100658591175601 23
100658591183309 66
100658591190291 91
100658658308107 91
100658733184683 23
100658733216399 66
100658733223906 91
100658733230912 23
100658792323984 66
100658792358540 91
100658792366047 23
100658859363646 66
100658859405260 91
100658859412869 23
100658926304393 66
100658926338109 91
100658926345848 23
100658993407561 66
100658993444770 91
100658993452196 23
100658993459327 66
100659060638790 91
100659060684219 23
100659060691789 66
100659127514277 23
100659127546524 66
100659127554739 91
100659194529898 91
100659194560100 23
100659194567821 66
100659261515889 91
100659261548684 23
100659261556286 66
100659328846383 23
100659328884502 66
100659328892064 91
100659406857333 23
100659406891330 66
100659406898913 91
100659462821583 23
100659462856123 66
100659529767175 91
100659608139409 23
100659608171577 66
100659608179077 91
100659664036358 23
100659664065832 66
100659664073210 91
100659731081010 91
100659810263154 23
100659810306352 66
100659810314131 91
100659865268289 23
100659865298976 66
100659865306332 23
100659865313487 66
100659942131241 91
100659942168645 91
100660004975210 23
100660005006710 66
100660077405035 23
100660077438287 91
100660077445856 23
100660077452725 66
100660133513028 23
100660133541987 66
100660133549381 91
100660200573899 91
100660200609140 23
100660279305675 66
100660279339932 91
100660279348035 23
100660279355047 66
100660334724093 91
100660334757243 23
100660401721441 66
100660401748685 23
100660401756435 66
100660401763608 91
100660468907550 23
100660468943087 66
100660468950938 91
100660535798675 91
100660612500879 23
100660612534055 66
100660612541521 91
100660670158421 23
100660670186564 91
100660670193948 66
100660670200972 23
100660737355993 66
100660737385425 91
100660737392972 23
100660737400029 66
100660804077698 23
100660804109156 66
100660804116512 91
100660879782654 91
100660879818537 23
100660949799174 66
100660949829926 91
100660949838040 23
100661005299125 66
100661005329814 23
100661005337522 66
100661005344598 91
100661081716731 23
100661081749077 66
100661081756711 91
100661151868035 91
100661206534073 23
100661206568562 66
100661206576097 23
100661206583145 66
100661283041439 91
100661283077844 91
100661353101850 23
100661353134939 66
100661353142323 23
100661353149405 91
100661407908018 23
100661407948485 66
100661407955917 91
100661407962911 23
100661407969905 91
100661485023224 23
100661485060366 66
100661485067835 23
100661541801471 66
100661541832271 91
100661541839832 23
100661609103710 66
100661609138521 91
100661609146191 23
100661684061519 66
100661684091569 91
100661684099486 23
100661743087291 66
100661743121945 23
100661743129249 66
100661743135981 91
100661810054267 91
100661888226606 23
100661888257620 66
100661888265090 91
100661944247675 23
100661944275409 66
100661944282977 91
100662019946821 23
100662019988844 23
100662019996282 66
100662020003163 91
100662084759045 23
100662084791297 66
100662084798810 23
100662145491526 66
100662145522446 91
100662212643499 91
100662212669015 23
100662212676582 66
100662212683769 23
100662291497312 66
100662291534787 91
100662346720658 23
100662346751583 66
100662346758857 91
100662423516916 23
100662423560588 66
100662423568344 91
100662480828352 91
100662547912200 23
100662547943833 66
100662547951455 23
100662619928621 66
100662619966896 91
100662681989810 91
100662682018110 23
100662682025396 66
100662760700526 91
100662760731973 23
100662760739400 66
100662816341287 23
100662816372238 66
100662816379706 91
100662890582756 23
100662890616151 66
100662890624070 91
100662957971368 91
100662958006446 23
100663025320745 66
100663025349669 91
100663092746057 23
100663092779154 66
100663092787067 23
100663092793975 66
100663092800928 91
100663151488383 23
100663151519992 66
100663151527485 91
100663218601229 91
100663285619261 23
100663285648002 66
100663285655533 91
100663285662714 23
100663352642704 23
100663352673993 66
100663419743852 23
100663419784124 91
100663419791675 23
100663419798637 66
100663419805552 91
100663486861527 23
100663486894431 66
100663553889035 23
100663553920356 66
100663553927805 91
100663620944256 23
100663620979512 66
100663621022433 91
100663694929274 23
100663694957875 66
100663694965509 91
100663762540148 91
100663829794361 23
100663829829249 66
100663829836593 91
100663829843530 23
100663897260715 66
100663897295971 23
100663964491867 66
100663964524313 91
100663964531928 91
100664023331142 23
100664023362384 66
100664023369891 91
100664090528621 23
100664090657423 66
100664090665200 91
100664157398923 23
100664157432039 66
100664157439708 23
100664224596550 66
100664224629597 91
100664224637083 91
100664291639470 23
100664291672561 66
100664291680114 23
100664291687080 66
100664291693960 91
100664358626710 91
100664358657450 23
100664425654736 66
100664425686815 91
100664425694433 23
100664425701553 66
100664492842960 91
100664492874678 23
100664492881987 66
100664492888933 91
100664566626979 23
100664566656927 66
100664566664446 91
100664636236880 23
100664636266027 66
100664636273491 23
100664636280791 66
100664694101151 91
100664694134073 91
100664761137359 23
100664761170987 66
100664761178696 23
100664828087632 66
100664828119754 91
100664895308952 23
100664895343650 66
100664895351081 91
100664962509320 23
100664962541506 23
100664962549142 66
100664962556071 91
100665029423135 91
100665103556373 23
100665103589591 66
100665103597271 91
100665170967057 23
100665171003475 66
100665171011157 91
100665171018099 23
100665171025021 66
100665238396390 23
100665238425639 66
100665238433377 91
100665305711844 23
100665305745106 66
100665305752725 91
100665364646308 91
100665431716993 23
100665431747775 66
100665431755338 91
100665431762314 23
100665498745891 66
100665498776637 23
100665498784242 66
100665498791297 91
100665565843377 23
100665565877476 66
100665565884710 91
100665632970982 91
100665700007803 23
100665700043121 66
100665700050626 91
100665767011385 23
100665767045327 66
100665767052930 23
100665767059860 66
100665834239131 91
100665901189310 91
100665975298115 23
100665975332224 66
100665975339791 91
100665975346632 23
100665975353576 66
100666042685677 91
100666042714127 23
100666042721771 66
100666110117210 23
100666110163830 23
100666110171721 66
100666110178729 91
100666177471143 91
100666177504096 23
100666244805003 66
100666244842719 91
100666244850415 23
100666244857501 66
100666303631208 23
100666303658114 66
100666303665643 91
100666370684807 23
100666370714199 66
100666370721809 91
100666437788121 23
100666437821588 66
100666504725569 91
100666504758664 23
100666504766333 66
100666571811977 91
100666571844664 91
100666638996493 23
100666639023706 66
100666639031322 91
100666639038350 23
100666705956210 66
100666705987744 91
100666705995164 23
100666706002169 66
100666772974683 23
100666773007506 66
100666773014828 91
100666847035155 91
100666847063228 23
100666914367011 66
100666914396992 91
100666914404235 23
100666914411181 66
100666981737686 91
100666981769275 23
100666981776999 66
100667049132244 91
100667049166216 23
100667049173864 66
100667116611972 91
100667116644138 23
100667175418331 66
100667175448461 23
100667175455797 66
100667175462730 91
100667242606881 23
100667242689942 66
100667242697728 91
100667309515259 91
100667309552852 23
100667309560232 66
100667376804786 23
100667376847726 91
100667376855524 23
100667376862872 66
100667443690977 23
100667443722012 66
100667443729308 91
100667510707549 23
100667510738409 66
100667577736789 91
100667651348226 23
100667651383982 66
100667651391501 91
100667718685422 91
100667718714255 23
100667786105876 66
100667786141322 91
100667786148817 23
100667853468193 66
100667853499721 23
100667853507196 66
100667853514096 91
100667920863453 23
100667997981075 66
100667998017296 91
100668055633220 23
100668055666406 66
100668055674003 91
100668114280558 91
100668114307636 23
100668114315262 66
100668181338892 23
100668181370050 66
100668181379319 91
100668256896098 23
100668256931576 66
100668256939250 91
100668315461157 23
100668315494942 91
100668382832130 23
100668382870592 66
100668449674376 23
100668449708454 66
100668449716171 91
100668516822320 23
100668516856765 66
100668516864354 91
100668583730981 91
100668583768989 23
100668583776604 66
100668583783532 91
100668657835504 23
100668657868519 66
100668725172708 23
100668725200949 66
100668725208531 91
100668792654564 91
100668792686163 23
100668792693680 66
100668859960311 23
100668859994750 66
100668860002188 91
100668927370448 23
100668927403671 66
100668986114083 91
100668986142049 91
100669053305305 23
100669053336602 66
100669120866843 23
100669120898814 66
100669120906194 91
100669187782428 91
100669187816792 23
100669187824551 66
100669254390371 91
100669254420732 23
100669254428016 66
100669321463419 23
100669321494296 66
100669321501831 91
100669388488568 91
100669455726171 23
100669455761233 66
100669455768700 91
100669455775575 23
100669455782581 66
100669529539562 91
100669529569722 23
100669529577294 23
100669596913989 66
100669596945213 23
100669596952644 66
100669664283817 91
100669664314852 91
100669731719848 23
100669731759004 66
100669731766557 91
100669799062404 23
100669799092223 66
100669799099420 91
100669858010774 23
100669858045521 66
100669858053265 91
100669925145443 23
100669925210557 23
100669925218209 66
100669925225042 91
100669992202239 23
100669992237550 66
100669992245200 91
100669992252264 23
100670059232362 66
100670059261146 23
100670059268844 66
100670059275979 91
100670193463296 91
100670193494645 23
100670193502417 66
100670193509337 23
100670260373355 66
100670260404252 91
100670327522639 23
100670327556979 66
100670327565319 91
100670401285194 91
100670401319916 23
100670401327487 66
100670468648259 91
100670468681745 23
100670536052889 66
100670536091519 23
100670536098950 66
100670603443983 91
100670670787748 23
100670670819872 66
100670670827425 91
100670738236602 23
100670738282056 66
100670738290731 91
100670797038519 23
100670797068118 66
100670797075792 91
100670864041618 91
100670864073027 23
100670931113552 66
100670931144791 23
100670931152215 66
100670931159227 91
100671003547720 23
100671003583106 66
100671075461228 91
100671132327641 23
100671132360730 66
100671132368854 91
100671211463234 23
100671211495384 66
100671211502833 91
100671266405050 23
100671266437392 66
100671343368913 91
100671343401715 91
100671406344950 23
100671406377987 66
100671478885180 23
100671478917026 66
100671478924716 91
100671534683727 23
100671534718620 66
100671534726354 91
100671601759988 23
100671601794851 66
100671601802090 91
100671680711360 23
100671680747515 66
100671736277515 91
100671803133145 91
100671803168212 23
100671803175787 66
100671870086190 91
100671870115652 23
100671870123379 66
100671947957117 91
100671947992020 23
100671948000159 66
100671948007177 91
100672004166576 23
100672004195338 66
100672004203008 91
100672071419223 23
100672071464743 66
100672149907925 23
100672149939269 66
100672149946997 91
100672205317377 23
100672205351675 66
100672205358952 91
100672272619199 23
100672272648611 66
100672272656584 91
100672339603981 23
100672339637770 66
100672339645277 91
100672406527706 91
100672473649286 23
100672473686849 66
100672473694257 91
100672473701207 23
100672540817667 66
100672540851119 23
100672540858778 66
100672540865662 91
100672607842346 23
100672607870519 66
100672681727539 91
100672749104508 91
100672749136259 23
100672749143712 66
100672816491673 23
100672816526158 66
100672816533352 91
100672883846355 91
100672883876312 23
100672883883727 66
100672951292773 23
100672951324201 66
100672951331841 91
100673018594456 91
100673018625526 23
100673077347634 66
100673077392943 91
100673077400848 23
100673144298665 66
100673144330322 91
100673144337877 23
100673211332900 66
100673211364462 23
100673211371957 66
100673211378861 91
100673278488575 91
100673345731741 23
100673345767250 66
100673412465994 23
100673412499938 66
100673412507755 91
100673479574242 23
100673479625696 66
100673479633943 91
100673553444317 23
100673553475600 66
100673553482908 91
100673620821928 23
100673620856584 66
100673698870287 91
100673755552558 91
100673755585250 23
100673755592830 66
100673823005666 23
100673823041123 91
100673823049235 23
100673890309354 66
100673890337294 23
100673890344946 66
100673890351968 91
100673959734660 23
100674016165504 66
100674016197113 91
100674083203953 23
100674083234498 66
100674083241787 91
100674083248639 91
100674150203707 23
100674150231985 66
100674150239852 91
100674150247706 23
100674217493084 66
100674217528118 23
100674217535689 91
100674284451924 23
100674284491077 66
100674284498538 91
100674351526280 23
100674351572383 66
100674351579987 23
100674428051404 66
100674428079062 91
100674485605412 91
100674485636695 23
100674485644316 66
100674485651942 91
100674552933138 23
100674552965024 66
100674552972803 91
100674619688147 23
100674619721596 66
100674619729158 23
100674619736377 66
100674619743319 91
100674753907109 91
100674753940427 23
100674753947994 66
100674820938041 23
100674820970327 66
100674820977951 91
100674888023128 23
100674888058979 66
100674888066510 91
100674955150260 91
100675033147548 23
100675033178825 66
100675033186264 23
100675033193312 91
100675033200256 23
100675089111798 66
100675089140233 91
100675089147707 23
100675156361162 66
100675156392260 23
100675156399807 91
100675156407461 23
100675234475363 66
100675234514175 23
100675234523862 66
100675234531840 91
100675290311684 23
100675290346296 66
100675357495879 91
100675436460124 23
100675436506983 66
100675436514595 91
100675491931443 91
100675491964383 23
100675491972089 66
100675564394590 91
100675631756034 23
100675631784845 66
100675631792466 91
100675699103105 23
100675699135208 66
100675699142713 91
100675699149592 23
100675775888947 66
100675775925458 91
100675775932779 23
100675775939675 66
100675833896082 91
100675833930511 23
100675833938034 66
100675901351588 91
100675901387904 23
100675901395517 23
100675961137279 66
100675961170658 23
100675961178110 66
100676036353828 91
100676106498871 91
100676106534792 23
100676106542305 66
100676162276506 23
100676162309903 66
100676162317353 91
100676229408682 91
100676309309965 23
100676309339842 23
100676309347978 66
100676309355228 91
100676369445690 23
100676369479795 66
100676369487151 91
100676430540083 23
100676430568547 66
100676430576213 91
100676497813235 23
100676497842502 66
100676497850071 23
100676497857516 66
