105494908589407 91
105494975666975 23
105494975703381 66
105494975711177 91
105495042550114 91
105495042583766 23
105495119313271 66
105495119345789 23
105495119353398 66
105495119360388 91
105495176920547 91
105495176969157 23
105495176979739 66
105495243925450 91
105495243959008 23
105495243966553 66
105495321287926 91
105495321320661 23
105495321328254 66
105495321335097 23
105495383891002 66
105495383922662 91
105495456622132 91
105495456656525 23
105495456664160 66
105495456671231 91
105495456678295 23
105495512098880 66
105495512129531 91
105495512136869 23
105495512144024 66
105495588564034 91
105495588598143 23
105495588605706 66
105495658599410 91
105495658629975 23
105495658637357 66
105495713391216 23
105495713425932 66
105495713433381 91
105495780353636 91
105495780384700 23
105495780392613 66
105495780399571 23
105495847460776 66
105495847495550 91
105495925907740 91
105495981613718 23
105495981648318 66
105495981655780 91
105495981662617 23
105496048583028 66
105496048631752 91
105496048639742 23
105496048646889 66
105496048653792 91
105496127781903 23
105496127814781 66
105496127822308 23
105496127829428 66
105496182802607 91
105496182834300 91
105496259133463 23
105496259174552 66
105496259182177 91
105496259189224 23
105496320796292 66
105496320829594 91
105496320837451 23
105496383870450 66
105496383900984 91
105496383908638 23
105496383916517 66
105496450964364 23
105496450995759 66
105496451003332 91
105496518134507 23
105496518168733 66
105496518176075 91
105496597080688 91
105496597116106 23
105496597123664 66
105496597130812 91
105496660025483 23
105496660067056 66
105496660074756 23
105496660081909 66
105496719310164 91
105496790053614 91
105496864226485 23
105496864264772 66
105496864272275 23
105496864279398 66
105496864286303 91
105496920546727 23
105496920581144 66
105496920588657 91
105497060797844 91
105497060837386 23
105497060844903 91
105497060851827 66
105497121719496 23
105497121752704 66
105497121760056 91
105497188790688 23
105497188828064 66
105497188835643 23
105497188842756 66
105497188849892 91
105497267830347 91
105497322993365 23
105497323035910 66
105497323045850 91
105497323055033 23
105497399423221 66
105497399458912 23
105497399466425 23
105497399473868 66
105497457330759 91
105497524103940 91
105497524138189 23
105497524145809 66
105497591072725 23
105497591107069 23
105497591114568 66
105497591121562 91
105497658350113 91
105497658380669 23
105497658388377 66
105497658395444 91
105497658402520 23
105497736716680 66
105497736754339 91
105497792421111 23
105497792457593 66
105497792465299 91
105497792472233 91
105497859481201 23
105497859528669 66
105497859536393 91
105497859543562 23
105497926595009 66
105497926638753 23
105497926648696 66
105497926658381 91
105497993586596 91
105497993623573 23
105497993631750 66
105497993638784 91
105498069895271 23
105498069923493 66
105498069931257 91
105498127620800 23
105498127650668 66
105498127658177 91
105498194797531 23
105498194826973 66
105498194834751 91
105498194841842 23
105498194848842 66
105498261808086 23
105498261843571 66
105498261852234 91
105498328834643 91
105498328865936 23
105498328873636 66
105498407205281 91
105498407237069 23
105498407244688 66
105498463063181 23
105498463094375 66
105498463102202 91
105498530034432 91
105498530069030 23
105498530076506 66
105498530083490 91
105498609267392 23
105498609314069 66
105498609322217 91
105498664251726 23
105498664281556 66
105498664288983 91
105498737680135 23
105498737711991 66
105498737719922 91
105498737726950 23
105498805037625 66
105498805066639 91
105498805074148 23
105498872423783 66
105498872456604 23
105498872464387 66
105498872472006 91
105498955678240 91
105498955716559 23
105499007205156 66
105499007238895 91
105499007246259 23
105499007253446 66
105499074634271 91
105499074667332 23
105499074674925 66
105499142003184 23
105499142036070 66
105499142043581 91
105499200844816 91
105499200878873 23
105499200886838 66
105499267724548 91
105499267763730 23
105499267771472 66
105499334915480 23
105499334961533 66
105499334969406 91
105499401911245 23
105499401940327 66
105499401948166 91
105499401955216 91
105499469489326 23
105499469520608 66
105499535986685 23
105499536020912 66
105499536029121 91
105499603072591 23
105499603103785 66
105499603111406 91
105499676774790 91
105499676803792 23
105499676811534 66
105499744146930 91
105499744178182 23
105499744185653 66
105499811540441 91
105499811573400 23
105499811580905 66
105499811587828 23
105499811594539 66
105499879037761 91
105499879094446 91
105499879102181 23
105499938444709 66
105499938477559 91
105499938485236 23
105499938492210 66
105499938499086 91
105500005529617 23
105500005564155 66
105500005571611 91
105500083503504 23
105500083536907 66
105500083544507 91
105500139606893 23
105500139640159 66
105500139647815 23
105500139654871 66
105500139661901 91
105500206794223 91
105500273711791 23
105500273744109 66
105500273751620 91
105500273758711 23
105500273765813 66
105500340723452 91
105500340754572 23
105500340761942 66
105500340768771 91
105500407939367 23
105500407970727 66
105500407978298 23
105500407985272 66
105500407992161 91
105500552696666 91
105500552727243 23
105500552734870 23
105500552741780 66
105500552748695 91
105500609018135 23
105500609051258 66
105500609058669 23
105500609065620 66
105500609072449 91
105500676094482 91
105500676170668 23
105500743152923 66
105500743185081 91
105500743192600 23
105500743199411 66
105500743206218 91
105500810333056 23
105500810364236 66
105500810371685 91
105500877490503 23
105500877543031 66
105500877550856 91
105500877558133 23
105500955971930 66
105500956004969 91
105500956013137 23
105500956020164 66
105501011446254 91
105501011478223 23
105501011485726 66
105501087867350 91
105501087899176 23
105501087906673 66
105501152883986 91
105501152915431 23
105501152923413 91
105501152949394 66
105501223368899 23
105501223415505 66
105501223423040 91
105501279692138 23
105501279721387 66
105501279728793 91
105501279736031 23
105501346871641 23
105501346906218 66
105501346913979 91
105501346921125 23
105501346928117 66
105501425308389 91
105501425341228 23
105501425348828 66
105501425356109 91
105501481050575 23
105501481093340 66
105501481248520 23
105501548397690 66
105501548455376 91
105501615478646 23
105501615579492 66
105501615587924 91
105501692559697 23
105501692591493 66
105501692599126 91
105501749177491 23
105501749212320 66
105501749219714 91
105501816357620 91
105501816389009 23
105501894418435 66
105501894457229 91
105501894464784 23
105501894471684 66
105501956589241 23
105501956621994 66
105501956629471 91
105502017538247 91
105502017570477 23
105502017578029 66
105502017585200 91
105502095683799 23
105502095712777 66
105502095720827 91
105502151605619 23
105502151640602 66
105502151648658 23
105502151655751 66
105502151662681 91
105502218595584 91
105502218622084 23
105502297684642 66
105502297715464 91
105502297723083 23
105502352824760 66
105502352855476 23
105502352863045 66
105502352870011 91
105502419853043 23
105502419884706 66
105502419892239 91
105502499057556 91
105502499091037 23
105502554161966 66
105502554196413 91
105502554203886 23
105502554210932 66
105502630863000 91
105502630899420 23
105502630907173 66
105502630914352 91
105502688114992 23
105502688145491 66
105502688152816 23
105502755180012 66
105502755213264 91
105502755221636 23
105502822325348 66
105502822359726 91
105502889305556 23
105502889336995 23
105502889344549 66
105502889351573 91
105502956306482 91
105503034107332 23
105503034144344 66
105503034151909 91
105503090568679 23
105503090607396 66
105503090615044 91
105503090622170 23
105503157565610 66
105503157601467 91
105503157609000 23
105503157616099 66
105503233040844 23
105503233092807 66
105503233100182 91
105503291804161 91
105503291836391 23
105503368924553 66
105503368961158 23
105503368968906 66
105503368975914 91
105503437415846 23
105503437455096 66
105503437462836 91
105503492941548 23
105503492977140 66
105503492984850 91
105503569287722 23
105503569319212 66
105503569326787 91
105503633483234 91
105503633514587 23
105503633521870 66
105503694322786 91
105503694358285 23
105503694365872 66
105503694372810 23
105503694379613 66
105503761423372 91
105503828208359 23
105503828238290 66
105503828245728 91
105503828252591 91
105503895277855 23
105503895308494 66
105503895315993 91
105503962318977 23
105503962357497 66
105503962365179 23
105503962372054 66
105503962378978 91
105504029514812 23
105504029547897 66
105504029556078 91
105504096511651 91
105504096544785 23
105504096552660 66
105504163522448 23
105504163554552 66
105504230596257 91
105504230629809 23
105504230637525 66
105504305590419 91
105504305624570 91
105504375799838 23
105504375837984 66
105504375845434 91
105504375852557 23
105504431950949 66
105504431993185 91
105504432000889 23
105504432007935 66
105504504543991 23
105504504577585 66
105504504585120 91
105504566048308 23
105504566080256 66
105504566087832 91
105504643063123 91
105504700042171 23
105504700074108 66
105504700081635 91
105504700088448 23
105504767246200 66
105504767280562 91
105504767288132 23
105504767295104 66
105504845020987 91
105504845056412 23
105504845063937 66
105504845071108 91
105504901255097 23
105504901291741 66
105504968265741 91
105504968299727 23
105504968307504 66
105504968314828 91
105505046351304 23
105505046383661 66
105505046391082 91
105505046398044 23
105505102497345 66
105505102527256 23
105505102535026 66
105505102542081 91
105505169508029 91
105505169544355 23
105505169552198 66
105505248224598 23
105505248260071 66
105505248267938 91
105505303740059 23
105505303767436 66
105505303775737 91
105505370806981 23
105505370839483 91
105505370847299 23
105505370854515 66
105505448364766 23
105505448392891 66
105505448400726 91
105505504917676 23
105505504950735 91
105505504958187 23
105505504965270 66
105505572249923 91
105505572283604 23
105505649687222 66
105505649744129 91
105505649752505 23
105505649759604 66
105505706282413 23
105505706329607 66
105505706340129 91
105505780643224 91
105505780677066 23
105505780684752 66
105505840704176 23
105505840761149 66
105505840769712 91
105505907316723 23
105505907345771 66
105505907353231 91
105505974342501 91
105505974376594 23
105505974383815 66
105506052825811 91
105506052858400 23
105506052866023 66
105506052873240 91
105506052880281 23
105506108976243 23
105506109008626 66
105506183615388 23
105506183651114 66
105506242536179 91
105506242567097 91
105506309914803 23
105506309947389 23
105506309954983 66
105506309962005 91
105506309968846 23
105506376809987 66
105506376840291 91
105506376848069 23
105506456122876 66
105506456157470 91
105506456165172 23
105506456172331 66
105506510788262 23
105506510838575 23
105506510846565 66
105506578118369 91
105506645065355 23
105506645101460 66
105506645108906 91
105506723255908 23
105506723287998 66
105506723295380 91
105506779047982 91
105506779079681 23
105506779087434 66
105506846229971 23
105506846260399 66
105506846267977 91
105506925283912 91
105506925326477 23
105506925334051 66
105506980317558 91
105506980350583 23
105506980357879 66
105506980364907 91
105506980371681 23
105507047479523 66
105507047514426 91
105507047521951 23
105507047528939 66
105507114459612 91
105507114490583 23
105507114498295 66
105507114505333 91
105507181572923 23
105507181617323 66
105507181625789 91
105507248499810 23
105507248531787 66
105507248539384 23
105507248546312 66
105507248553316 91
105507315704569 23
105507315741269 66
105507315748820 91
105507382933961 23
105507382965494 66
105507456779510 91
105507456812782 91
105507534506939 23
105507534547645 66
105507534555768 91
105507534562955 23
105507591620222 66
105507591652547 91
105507591659901 23
105507658951901 66
105507658985611 91
105507658993098 23
105507659000344 66
105507659007305 91
105507726456415 23
105507726491851 66
105507726499360 91
105507726507133 23
105507796809623 66
105507796848322 91
105507796855652 23
105507796862690 66
105507852332251 23
105507852370069 66
105507852377546 91
105507919253173 23
105507919283023 91
105507919290512 23
105507986415648 66
105507986447345 91
105507986454910 23
105507986462128 66
105508053494349 91
105508053528665 23
105508053536930 66
105508120421701 23
105508120456952 66
105508120464349 91
105508187573484 91
105508187620344 23
105508187627777 23
105508187634767 66
105508254523940 23
105508254587805 66
105508254599500 91
105508328494960 23
105508328526919 66
105508328534560 91
105508395840822 23
105508395873671 91
105508463359107 23
105508463396964 66
105508463404808 91
105508530621948 23
105508530653724 66
105508530661404 91
105508598053099 23
105508598086130 66
105508598093643 91
105508657005750 23
105508657044988 66
105508657054669 91
105508657063055 23
105508657071831 66
105508741117362 23
105508741152688 66
105508741160193 91
105508802855224 23
105508802890759 66
105508802898017 91
105508858169882 23
105508858200432 66
105508858208157 91
105508934646630 91
105508934676424 23
105508934683820 66
105509004812233 91
105509004850500 23
105509004858252 66
105509004866006 91
105509059287508 23
105509059323279 66
105509059330852 91
105509126479973 23
105509126513622 66
105509126521149 91
105509193681908 23
105509193725624 66
105509193733129 91
105509193740139 23
105509260579671 66
105509260613979 23
105509260621327 66
105509260628333 91
105509327568808 23
105509327597329 66
105509327604866 91
105509394637271 91
105509473967164 23
105509473999811 66
105509474007161 91
105509528953066 23
105509528997200 66
105509529004946 91
105509596002652 23
105509596032312 66
105509596039879 91
105509596047008 23
105509675202718 66
105509675237070 91
105509675244792 23
105509675251971 66
105509730055677 91
105509730085506 23
105509730092781 66
105509730099820 23
105509807125774 66
105509807155397 91
105509864249765 91
105509864283300 23
105509864290880 66
105509939365305 23
105509939400910 66
105509998566268 91
105509998597126 23
105509998604826 66
105510065332163 91
105510065360857 91
105510132379984 23
105510132415859 66
105510132423454 91
105510210446683 23
105510210480082 66
105510210487516 91
105510210494544 23
105510210501462 66
105510266577583 91
105510266613424 23
105510266620832 66
105510266628007 23
105510333613188 66
