81962792955561 91
81962860325152 91
81962937832328 23
81962937863621 66
81962937871269 91
81962994056284 23
81962994088919 66
81962994096343 91
81963061295554 23
81963061328561 66
81963061335877 91
81963139797769 23
81963139829659 66
81963139836854 91
81963195296878 23
81963195325969 66
81963262513550 91
81963262580015 23
81963329546664 66
81963329577492 91
81963407064950 23
81963407096343 66
81963407104250 91
81963463776017 23
81963463810218 66
81963463817522 91
81963530861092 23
81963530898552 66
81963530905924 91
81963603160453 23
81963603194069 66
81963664727642 91
81963664760268 23
81963731876781 66
81963731907131 91
81963731914790 23
81963810297958 66
81963810331814 91
81963866121608 23
81963866157254 66
81963933294938 91
81963933326452 23
81963933333987 66
81964012268057 91
81964067192843 23
81964067226366 23
81964067233459 66
81964067240304 91
81964134524751 23
81964134572091 66
81964217409558 23
81964217484937 66
81964217492731 91
81964268304183 91
81964345539234 23
81964345572110 66
81964345580841 91
81964402573691 23
81964402605963 66
81964476196028 91
81964476225539 23
81964536573792 66
81964536606919 91
81964536614547 23
81964603743149 66
81964603773293 91
81964603780498 23
81964671101144 66
81964671164801 91
81964748722147 23
81964748759561 66
81964748767186 91
81964804819431 23
81964804852910 66
81964872017202 91
81964950004806 23
81964950036412 66
81964950043788 91
81965006074549 23
81965006112834 66
81965073153815 91
81965073187584 23
81965161403592 66
81965161441297 91
81965207357960 23
81965207388555 66
81965207396241 91
81965291531425 23
81965291569513 66
81965353279664 91
81965353311899 23
81965408502319 66
81965408528544 91
81965408535939 23
81965485221920 66
81965485266513 91
81965551027820 23
81965551065332 66
81965551072799 91
81965609664350 23
81965609699489 66
81965687195921 91
81965687231758 23
81965744000553 66
81965744037480 91
81965744045617 23
81965810892994 66
81965810936531 91
81965810946687 23
81965888439545 66
81965888470170 91
81965945197689 23
81965945230690 66
81965945238036 91
81966012299381 23
81966012332521 66
81966012339905 91
81966090379494 23
81966090426019 66
81966146198123 91
81966146230902 23
81966214226225 66
81966214253493 91
81966280425123 23
81966280455106 66
81966280462611 91
81966357625419 23
81966357656096 66
81966357663664 91
81966414509117 23
81966414539768 66
81966481642335 91
81966548637698 23
81966548670952 66
81966548678944 91
81966615720444 23
81966615760915 66
81966615769788 91
81966682702627 23
81966682739842 66
81966760879019 91
81966760911614 23
81966816924624 66
81966816961247 91
81966816968535 23
81966884147291 66
81966884190822 91
81966884198182 23
81966958939536 66
81966958974498 91
81967018405875 23
81967018458921 66
81967018466425 91
81967085498439 23
81967085570829 66
81967085579861 91
81967164452864 23
81967164496455 66
81967164504018 91
81967219307919 23
81967219345619 66
81967296107443 91
81967296148076 23
81967353408510 66
81967353439572 91
81967353446994 23
81967420621124 66
81967420672564 91
81967487868384 23
81967487904342 66
81967487911605 91
81967554617993 23
81967554650710 66
81967554658675 91
81967633505319 23
81967633534737 66
81967633542150 91
81967688829160 23
81967688862719 66
81967765349147 91
81967765389012 23
81967822926504 66
81967822963007 23
81967822971051 66
81967889957118 91
81967956907373 91
81967956943610 23
81968024245368 66
81968024280486 91
81968024287814 23
81968091316008 66
81968091352113 91
81968158207202 23
81968158274750 66
81968158282782 91
81968232197427 23
81968232227441 66
81968299604231 23
81968299643157 66
81968366940771 91
81968434931057 91
81968501678358 23
81968501710862 66
81968501718339 91
81968560594067 23
81968560623705 66
81968560631185 91
81968627737532 91
81968694792801 23
81968694825846 66
81968694833514 91
81968761857770 23
81968761896380 66
81968761903760 91
81968828814228 23
81968828844095 66
81968828851769 91
81968896003420 23
81968896042966 66
81968896050256 91
81968963020370 23
81968963057036 66
81969030070266 91
81969103913977 23
81969103944944 66
81969103952422 91
81969171388366 23
81969171418523 66
81969171425889 91
81969238659680 23
81969238695535 66
81969306024981 91
81969306055648 23
81969306062775 66
81969373404698 91
81969373439024 23
81969440790654 66
81969440820175 91
81969440827609 23
81969499716733 66
81969499755709 91
81969566535514 23
81969566573815 66
81969566581382 91
81969633738990 23
81969633772699 66
81969633780558 91
81969700746096 23
81969700778702 66
81969767919902 91
81969767957477 23
81969834890562 66
81969834923870 91
81969901956053 91
81969901991421 23
81969901998650 14
81969969020889 66
81969969106071 91
81969969115638 23
81970043014185 66
81970043043873 91
81970110502423 23
81970110540383 66
81970110547832 91
81970177769685 23
81970177806272 66
81970177813980 91
81970245173204 23
81970245203425 66
81970312509392 91
81970312539074 23
81970312546587 66
81970373103206 91
81970373132596 23
81970438493837 66
81970438530225 91
81970505499819 23
81970505531164 23
81970505539191 66
81970505546346 91
81970572502155 23
81970572533243 66
81970572540550 91
81970639701377 23
81970639730441 66
81970639737881 91
81970706747362 23
81970706787329 66
81970706795039 91
81970782488584 23
81970782556978 66
81970840753140 91
81970840820404 23
81970907966832 66
81970907999157 91
81970908007000 23
81970975039641 66
81970975072324 91
81971042198265 23
81971042252891 66
81971042260356 91
81971109004241 23
81971109036359 66
81971176269442 91
81971176304661 23
81971243245762 66
81971243279533 91
81971243287162 23
81971310313470 66
81971310347737 91
81971377348905 23
81971377383143 66
81971377420746 91
81971455965642 23
81971455996979 66
81971456004590 91
81971511501713 23
81971511535834 66
81971511542979 91
81971587925237 23
81971587962162 66
81971587969747 91
81971645687511 23
81971723245419 66
81971723282718 91
81971723290344 23
81971779742067 66
81971779775743 91
81971846837103 23
81971846871385 66
81971846878817 91
81971925186305 23
81971925215922 66
81971980969089 91
81971981000650 23
81972047984169 66
81972048017926 23
81972048025535 91
81972115011939 23
81972115047196 66
81972182096479 23
81972182130039 66
81972249310233 91
81972328562978 91
81972328596098 23
81972383411756 66
81972383456980 91
81972383464332 23
81972460340032 66
81972460368929 91
81972460376941 23
81972517529987 66
81972517572870 91
81972584604250 23
81972584642344 66
81972584649994 91
81972651529148 23
81972651566451 66
81972718714706 91
81972718750138 23
81972797722601 66
81972797759122 91
81972853215612 23
81972853247993 66
81972853255448 91
81972919798117 23
81972919865409 66
81972919873377 91
81972986983616 23
81972987014181 66
81972987021573 91
81973065081590 23
81973065124789 66
81973065132372 91
81973121009172 23
81973121042575 66
81973188071405 91
81973188102151 23
81973266829141 66
81973266861019 91
81973266868528 23
81973322247618 66
81973322283439 91
81973322290704 23
81973389381207 66
81973389421320 91
81973456362334 23
81973456393711 66
81973456401260 91
81973534073433 23
81973534106768 66
81973534114496 91
81973590481912 23
81973590513060 66
81973657535264 91
81973657570231 23
81973730055948 66
81973730091728 91
81973791725871 23
81973791758823 66
81973791766147 91
81973858744426 23
81973858808698 66
81973858817405 91
81973937350860 23
81973937385568 66
81974001272185 91
81974001308695 23
81974069225666 66
81974069262247 91
81974139846586 23
81974139888293 66
81974139895476 91
81974193995605 23
81974194028445 66
81974261316400 23
81974261366880 66
81974261374717 91
81974340624883 91
81974395718423 23
81974395766500 66
81974395774572 91
81974472584250 23
81974472617694 66
81974472625118 91
81974529448336 23
81974529476668 66
81974529483944 91
81974603287571 23
81974603324158 66
81974670610710 23
81974670643815 66
81974738055284 91
81974805431163 91
81974805460265 23
81974872804364 66
81974872838660 91
81974940243282 23
81974940277638 66
81974940285197 91
81974998863623 23
81974998933816 66
81974998941709 91
81975065877015 23
81975065905103 66
81975133116243 91
81975133147477 23
81975200165127 66
81975200198987 91
81975274929991 23
81975274960053 66
81975274967473 91
81975342326717 23
81975342356622 66
81975409701577 23
81975409733736 66
81975409741106 91
81975535328420 91
81975535364315 23
81975602535328 66
81975602567946 91
81975669540193 23
81975669571435 66
81975669578884 91
81975736673940 23
81975736714186 66
81975803588173 23
81975803618122 66
81975803625653 91
81975877195436 91
81975944605177 23
81975944635971 66
81976012013752 91
81976012048964 23
81976079315277 66
81976079348985 91
81976079356552 23
81976146665726 66
81976146697810 91
81976214060336 23
81976214091150 66
81976214098850 91
81976281434809 23
81976281466175 66
81976281473565 91
81976341049670 23
81976341078953 66
81976341086492 91
81976407638282 23
81976407668479 66
81976407676030 91
81976474561647 23
81976474595412 66
81976541320245 91
81976541354943 23
81976608517771 66
81976608545019 91
81976675606966 23
81976675638480 66
81976675646051 91
81976742543721 23
81976742577679 66
81976742585665 91
81976810635871 23
81976810670439 66
81976883648486 91
81976883682529 23
81976951011866 66
81976951048157 91
81977018439074 23
81977018468762 66
81977018476062 91
81977085887820 23
81977085931497 66
81977153123248 91
81977212036039 23
81977212069405 66
81977212077043 91
81977279297659 23
81977279336939 66
81977346462273 91
81977346495354 23
81977346502887 66
81977422641378 91
81977422675545 23
81977492615081 66
81977492646187 91
81977547458245 23
81977547491917 66
81977547499376 91
81977626359873 23
81977626384748 66
81977626392035 91
81977688714558 23
81977688750447 66
81977748564642 91
81977825878166 23
81977825914552 66
81977825921968 91
81977883808649 23
81977883834225 66
81977883841875 91
81977949729166 23
81977949762583 66
81978030562141 91
81978030591070 23
81978030598575 66
81978083979859 91
81978084014205 23
81978084021728 91
81978156964464 23
81978156996977 66
81978224333045 91
81978224372927 23
81978291662235 66
81978291691796 91
81978359060816 23
81978359108428 66
81978359115989 91
81978426511500 23
81978426563343 66
81978493802004 91
81978493836589 23
81978561160618 66
81978561194459 91
81978628546599 23
81978628586165 66
81978628593696 91
81978695927174 23
81978695959713 66
81978695967452 91
81978754577981 23
81978754608499 66
81978821684746 91
81978821717393 23
81978888690673 66
81978888723511 91
81978888730969 23
81978955732041 66
81978955769412 91
81979022931337 23
81979022966335 66
81979022974310 91
81979089927383 23
81979089963982 66
81979089971540 91
81979156959683 23
81979156993229 66
81979157000504 91
81979230716690 23
81979230754574 66
81979298130292 91
81979365521929 23
81979365558589 66
81979365566438 91
81979432924887 23
81979432970717 66
81979432977884 91
81979500254339 23
81979500288572 66
81979579288466 91
81979579324184 23
81979626478570 66
81979626513753 91
81979626521324 23
81979693454272 66
81979693480444 91
81979760556620 23
81979760591828 66
81979760599238 91
81979827777496 23
81979827811158 66
81979827818309 91
81979894623410 23
81979894656936 66
81979894664328 91
81979961747038 23
81979961780356 66
81980028887242 91
81980028922982 23
81980096010009 66
81980096044938 23
81980096052554 66
81980096059435 91
81980169901232 23
81980169941653 66
81980237275065 91
81980304576474 23
81980304608894 66
81980304616467 91
81980371991016 23
81980372019244 66
81980439359404 91
81980439394203 23
81980498266221 66
81980498298942 91
81980565495892 23
81980565529114 66
81980565536414 23
81980632534512 66
81980632565369 91
81980699711016 91
81980766661814 23
81980766697510 66
81980766704934 91
81980833602373 23
81980833637357 66
81980900746484 91
81980900778861 23
81980900786503 66
81980967736768 91
81980967770368 23
81981041656560 66
81981041705219 91
81981041712826 23
81981108932086 66
81981108965062 91
81981176335239 23
81981176369796 66
81981176377209 91
81981243674587 23
81981243706489 66
81981243714029 91
81981311048706 23
81981311082051 66
81981311089572 91
81981378440289 23
81981378473283 66
81981437218621 91
81981437248558 23
81981504243373 66
81981504278634 91
81981571406171 23
81981571441016 66
81981571448567 91
81981645800135 23
81981645838893 66
81981645846384 91
81981705434930 23
81981705466554 66
81981772519964 91
81981772556517 23
81981839525082 66
81981839560106 91
81981913311290 23
81981913340384 66
81981913348030 91
81981980675554 23
81981980713125 66
81982048281496 91
81982048312976 23
81982115444774 66
81982115479766 91
81982115487217 23
81982182768244 66
81982182802260 91
81982250179247 23
81982250214515 66
81982250221855 91
81982317550400 23
81982317580217 66
81982317587746 91
81982376163352 23
81982376198245 66
81982376205679 91
81982443147156 23
81982443182939 66
81982443192019 91
81982510303865 23
81982510339700 66
81982577339190 91
81982577371844 23
81982644325885 66
81982644358781 91
81982644366250 23
81982711511324 66
81982711543600 91
81982778712378 23
81982778745658 66
81982778753080 91
81982845578896 23
81982845610851 66
81982919732050 91
81982919763007 23
81982987117118 66
81982987149129 91
81983054499977 23
81983054531724 66
81983121874035 91
81983121904335 23
81983121911827 66
81983180850411 91
81983180881740 23
81983247922426 66
81983247954129 91
81983247961578 23
81983315049546 66
81983315080247 91
81983315087907 23
81983382159475 66
81983382210239 91
81983382217808 23
81983449083703 66
81983449119936 91
81983516276723 23
81983516307809 66
81983583424285 91
81983583453810 23
81983650379291 66
81983650410305 91
81983717410066 23
81983717443514 66
81983717450858 91
81983791453365 23
81983791490296 66
81983791497694 91
81983859138352 23
81983859167223 66
81983926235275 23
81983926267946 66
