101094451808275 91
101094528689461 23
101094585857401 66
101094585891582 91
101094652982549 91
101094653014248 23
101094653021743 66
101094653028699 91
101094728730806 23
101094728764893 66
101094728772681 91
101094787148361 23
101094787179664 66
101094787187263 91
101094787194348 23
101094787201422 66
101094859784418 91
101094859818458 23
101094859826060 66
101094931958308 23
101094931992477 66
101094932000202 91
101094988511411 91
101094988543657 23
101094988551212 66
101094988558230 91
101095055353618 23
101095055390919 66
101095055398796 23
101095133846521 66
101095133879222 91
101095199840717 91
101095199874948 23
101095199882242 66
101095199889475 91
101095256861359 23
101095256894247 66
101095256901671 91
101095323941967 23
101095323972662 66
101095323980338 91
101095323987294 23
101095401153759 66
101095401186731 91
101095401194244 23
101095401201325 66
101095457792773 91
101095457822106 23
101095457829710 66
101095524926228 23
101095524961944 91
101095524969767 23
101095524976743 66
101095597738012 91
101095597775407 23
101095597782924 66
101095597789964 91
101095659151039 23
101095659207653 66
101095659217921 23
101095659227241 66
101095726168841 91
101095804616505 91
101095804667720 23
101095804676351 66
101095804683392 91
101095860171207 23
101095860205151 66
101095927257409 23
101095927303267 91
101095927312904 23
101095927321507 66
101095927329865 91
101095994349146 23
101095994382635 66
101095994389973 23
101096061534250 66
101096061581580 91
101096128397719 91
101096128430422 23
101096128437874 66
101096128445138 91
101096195414464 23
101096195445716 66
101096195453175 91
101096195460302 23
101096273591711 66
101096273625160 23
101096273632804 66
101096273639703 91
101096329695749 91
101096396676289 23
101096396718762 66
101096396726422 91
101096463911762 23
101096463957292 66
101096463965058 91
101096463972099 23
101096531008359 66
101096531047885 91
101096531055633 23
101096597893880 66
101096597935512 91
101096597943252 23
101096597950369 66
101096676980598 23
101096677020679 66
101096677028393 91
101096732137635 91
101096732174301 23
101096732182125 66
101096732189409 91
101096810457867 23
101096810496464 23
101096810503898 66
101096810510778 91
101096873760947 23
101096873796820 91
101096873804176 23
101096941209045 66
101096941243118 91
101096941250433 23
101097008624275 66
101097008656935 91
101097008665150 23
101097008672128 66
101097067503325 91
101097067552844 23
101097067560582 66
101097134522914 23
101097134552247 66
101097134559543 91
101097134566525 23
101097201453200 66
101097201487223 23
101097201494617 91
101097268512955 23
101097268547160 66
101097268554589 91
101097335853076 23
101097335885585 66
101097335893131 91
101097402920410 23
101097402948267 66
101097402955679 91
101097469701134 23
101097469735542 66
101097469742892 23
101097469749880 66
101097469756693 91
101097536772056 23
101097536836012 66
101097536843569 91
101097610736239 91
101097678085956 23
101097678116678 23
101097678124239 66
101097678131348 91
101097745487242 23
101097745518793 66
101097745526412 91
101097745533658 23
101097812843006 23
101097812877946 66
101097812885469 91
101097812892334 23
101097880201683 66
101097880235681 23
101097880243235 66
101097880250715 91
101097939254089 91
101098006391126 23
101098006423018 66
101098006430644 91
101098073362634 23
101098073394062 66
101098073401826 91
101098140377597 23
101098140411732 66
101098140419156 91
101098140426265 23
101098215023473 66
101098215056678 91
101098215064449 23
101098215072060 66
101098282412754 91
101098282446416 23
101098282454042 66
101098349780338 91
101098349810623 23
101098408780994 66
101098408823071 91
101098408830688 23
101098488695827 66
101098488733870 91
101098488741238 23
101098542764126 66
101098542795473 91
101098542803087 23
101098542810898 66
101098609937997 91
101098609965919 23
101098676887775 66
101098676925825 91
101098676933494 23
101098676940346 66
101098744115940 91
101098744149954 23
101098744157288 66
101098744164170 91
101098811113930 23
101098811153401 66
101098811160930 91
101098878796198 23
101098878826004 66
101098878833551 91
101098951996972 23
101098952024803 66
101098952032637 91
101099019501166 23
101099019538230 66
101099019545672 91
101099086737351 23
101099086772268 66
101099086780115 23
101099086786932 66
101099086793996 91
101099154191388 91
101099221488067 23
101099221518786 66
101099221526368 91
101099288892893 23
101099288932453 66
101099288942227 91
101099288949205 23
101099347508471 66
101099347537336 91
101099347544867 23
101099347551920 66
101099347558700 91
101099415013947 23
101099415062358 66
101099415069987 91
101099491460231 23
101099491495762 66
101099491503589 91
101099549042790 23
101099549076259 66
101099549083722 91
101099549090688 23
101099549097521 66
101099615890211 91
101099615930290 23
101099615939344 66
101099693423881 23
101099693456250 91
101099693463821 23
101099693470654 66
101099750125293 91
101099750166653 23
101099750174255 66
101099750181297 91
101099817064652 23
101099817098960 91
101099817107016 66
101099817114233 23
101099884159879 66
101099884194454 91
101099884202074 23
101099960691645 66
101099960724356 91
101099960732127 23
101100018291904 66
101100018322957 91
101100018330981 23
101100085285456 66
101100085315568 91
101100085323236 23
101100085330433 66
101100085337399 91
101100152287193 23
101100152319713 66
101100152327061 23
101100152334019 66
101100219483892 91
101100219518329 91
101100286509182 23
101100286547255 66
101100286554901 91
101100353556264 23
101100353588864 66
101100353596464 91
101100353603413 23
101100429986731 66
101100430013826 91
101100430021367 23
101100499929177 66
101100499963207 91
101100499970887 23
101100499977867 66
101100555158740 23
101100555188200 66
101100555195945 91
101100621803964 91
101100621838680 23
101100695640304 66
101100695671832 91
101100695679357 23
101100762898219 66
101100762928397 91
101100762935739 23
101100830337786 66
101100830380128 91
101100830388403 23
101100830395423 66
101100830402453 91
101100897657363 23
101100897692260 66
101100897700049 91
101100965023794 23
101100965057831 66
101100965065392 23
101100965072506 66
101101032394471 91
101101032420760 91
101101091369912 23
101101091404664 66
101101091412535 91
101101158444541 23
101101158478586 66
101101158486131 91
101101158493153 23
101101158559076 66
101101225598800 91
101101225634424 23
101101225641981 66
101101225648965 91
101101292490844 23
101101292520735 66
101101292528375 91
101101359643339 23
101101359677458 66
101101359685085 23
101101359692140 66
101101426743519 91
101101426776509 23
101101426784324 66
101101493849578 91
101101493882838 91
101101560933152 23
101101560963586 66
101101560971109 91
101101628229950 23
101101628261343 66
101101628268880 91
101101628276107 23
101101701988686 66
101101702019569 91
101101769484796 23
101101769527627 66
101101769535383 91
101101836744077 23
101101836771051 66
101101836778677 23
101101836786218 66
101101836793175 91
101101904131691 23
101101963189695 66
101101963233421 91
101101963241232 23
101102030488544 66
101102030536490 91
101102097490764 91
101102097531322 23
101102164365369 23
101102164399803 66
101102164407696 91
101102164414735 23
101102164421936 66
101102231400012 91
101102231439031 23
101102231446546 66
101102231453445 91
101102298667383 23
101102298699019 66
101102365580803 23
101102365610527 66
101102365618209 91
101102432621913 91
101102432652989 23
101102432660296 66
101102506323404 23
101102506355339 66
101102573709260 91
101102641072725 91
101102641107198 23
101102641114938 66
101102708444965 91
101102708476046 23
101102708483658 66
101102775881726 91
101102775920914 23
101102775928217 66
101102843248038 91
101102843285174 23
101102843292731 66
101102843299772 91
101102902273231 23
101102902308531 66
101102902316752 91
101102969196194 23
101102969232377 66
101102969241129 23
101102969248877 66
101103036133989 91
101103103309542 23
101103103341619 66
101103103349243 91
101103103356186 23
101103170341077 66
101103170374052 91
101103237437998 23
101103237473666 66
101103237481364 91
101103304583422 91
101103304610213 23
101103304617656 66
101103304624670 91
101103371601867 23
101103371637464 66
101103371644917 91
101103445455990 23
101103445489627 66
101103445497131 91
101103512822999 23
101103512858051 66
101103512865709 91
101103512872725 23
101103512879723 66
101103580249461 91
101103580282864 23
101103580290481 66
101103647624161 91
101103647661722 23
101103647669410 66
101103647676277 91
101103714944261 23
101103714975572 66
101103714983260 91
101103773902496 23
101103773935613 66
101103773943035 91
101103841140392 23
101103841173222 66
101103841181439 91
101103841188600 23
101103841195821 66
101103908088676 23
101103908121326 66
101103908128940 91
101103975095679 91
101103975125753 23
101103975133356 66
101104042196727 23
101104042236139 66
101104042243851 91
101104109582083 91
101104109613492 23
101104176398646 66
101104176437085 91
101104176444884 23
101104176452129 66
101104176459252 91
101104243371192 23
101104243406487 66
101104243414946 23
101104243423320 66
101104243431068 91
101104317166552 91
101104384505158 23
101104384532574 66
101104384540075 23
101104384547176 66
101104384554164 91
101104451981064 91
101104519291385 23
101104519327254 66
101104519334831 91
101104586658693 23
101104586691241 66
101104654066508 23
101104654100947 66
101104654108546 91
101104712837605 23
101104712868103 66
101104712875618 91
101104779859793 23
101104779889873 66
101104779897450 91
101104846938254 23
101104846969066 66
101104924400506 91
101104981092502 23
101104981127860 66
101105048258637 91
101105048322401 91
101105137365145 23
101105137403566 66
101105137411075 23
101105137418047 66
101105182295968 91
101105182321490 91
101105249329944 23
101105249359203 66
101105249367327 91
101105327766675 23
101105327804640 66
101105327813101 91
101105327820153 23
101105383461421 66
101105383490027 91
101105383497638 23
101105383504672 66
101105450506407 91
101105450538243 91
101105517778487 23
101105517807843 66
101105517815348 91
101105517822273 23
101105517829587 66
101105594907281 23
101105594953898 66
101105594961875 91
101105594968992 23
101105594976042 66
101105651780217 91
101105718915642 23
101105718948015 66
101105718955756 91
101105796991446 91
101105797034003 23
101105852902872 66
101105852931284 23
101105852938636 66
101105852946191 91
101105987116611 91
101105987156459 23
101105987164081 66
101106054215306 91
101106054263311 23
101106054271035 66
101106054278230 23
101106121306670 66
101106121338656 91
101106200180510 91
101106200222484 23
101106200230043 66
101106255331654 23
101106255363554 91
101106255371568 23
101106255378723 66
101106322393177 91
101106322425814 23
101106322433250 66
101106389540599 91
101106389571119 23
101106389578576 66
101106389585514 91
101106456605980 23
101106456637218 66
101106456644536 91
101106533416219 23
101106533455780 66
101106590904693 91
101106590940538 23
101106590948266 66
101106590955198 91
101106657802534 23
101106657834360 66
101106657841750 23
101106657848837 23
101106724865379 23
101106724899602 91
101106724907212 23
101106724914282 66
101106724921409 91
101106791848626 23
101106791882433 66
101106791889858 91
101106791897308 23
101106858871663 66
101106858906098 91
101106858914017 23
101106858921133 66
101106948281862 91
101106948319041 23
101106948326411 66
101106948333574 91
101106993077254 23
101106993109520 66
101106993116989 91
101107060256881 23
101107060314056 66
101107060324210 91
101107060335328 23
101107060351818 66
101107134766306 91
101107134796011 23
101107134803410 66
101107194340807 91
101107194369397 23
101107194377083 66
101107194384030 91
101107261357441 23
101107261394658 66
101107344123037 91
101107344154607 23
101107344162227 66
101107395537347 91
101107395568314 23
101107395575917 66
101107462618840 91
101107462657241 23
101107462664728 66
101107541886441 91
101107541931245 23
101107541938764 23
101107602848179 66
101107602881294 91
101107602888713 23
101107602895630 66
101107663789039 91
101107663818101 23
101107663825575 66
101107740885188 23
101107740923672 66
101107740931273 91
101107813085978 91
101107813125619 23
101107813132989 66
101107865273504 91
101107865311757 23
101107865322078 66
101107865331158 91
101107932029749 23
101107932065046 66
101107932072690 91
101108005695317 23
101108005725175 66
101108005733145 23
101108066255250 66
101108066289620 91
101108066296966 91
101108133260221 23
101108133290029 66
101108133297571 91
101108212309081 23
101108212339563 66
101108212347042 91
101108212353921 23
101108267510580 66
101108267544435 91
101108267552208 23
101108344491340 66
101108344536953 91
101108344547658 23
101108344556708 66
101108344567344 91
101108401565440 91
101108468464412 23
101108468494310 66
101108468501825 91
101108535669887 91
101108535701588 23
101108535709163 14
101108535716346 66
101108535723350 91
101108602681957 23
101108602713950 66
101108602721811 91
101108681701817 23
101108681740420 23
101108681748075 66
101108681755041 91
101108681762572 23
101108736977394 66
101108737026892 91
101108737034206 23
101108811520432 66
101108811552358 91
101108811559941 23
101108811566769 66
101108882839409 91
101108882870496 23
101108938006476 66
101108938042729 91
101109014732285 23
101109014766803 66
101109014774458 23
101109014781659 66
101109014788531 91
101109072110509 23
101109072140247 66
101109139168263 23
101109139203215 91
101109139210907 23
101109139218172 66
101109139225086 91
101109216716904 23
101109216759831 66
101109216767660 23
101109279674904 66
101109279703912 91
101109279711644 91
101109352139095 23
101109352175706 66
101109352183640 91
101109352190919 23
101109407463615 66
101109407500128 23
101109407507603 66
101109407514792 91
101109483936584 23
101109483969035 66
101109608654143 91
101109675754444 23
101109675787788 91
101109675795289 23
101109675802329 66
101109742860785 91
101109742894093 23
101109742901437 66
101109742908475 91
101109821257260 23
101109821289257 66
101109821296975 91
101109876940140 23
101109876983416 66
101109876991812 23
101109877000212 66
101109877008018 91
101109944356239 23
101109944398531 66
101109944406327 91
101110011308771 23
101110011338668 91
101110078118561 23
101110078149198 66
101110145131221 91
101110145165358 23
101110145172998 66
101110224612504 91
101110224655362 23
101110224665714 66
101110224675339 91
101110279436427 23
101110279474947 66
101110356468679 23
101110356504162 66
101110356511633 91
101110413514673 91
101110413551764 23
101110413559247 66
101110413566287 91
101110480599989 23
101110480626267 66
101110480633706 23
101110480640750 66
