107236216561660 91
107236272490588 23
107236272519771 66
107236272527823 91
107236348374102 91
107236348416418 23
107236348424271 66
107236412804929 91
107236412840671 23
107236412848443 66
107236473823695 23
107236473874107 66
107236473882055 91
107236540648690 91
107236540681474 23
107236607649639 66
107236607685433 91
107236607692912 23
107236607700481 66
107236685803814 23
107236685841761 91
107236685849258 23
107236685856340 66
107236741934897 91
107236741970227 23
107236741978050 66
107236741985293 23
107236808890825 66
107236808919806 91
107236876061980 23
107236876093486 66
107236876101208 91
107236943086561 23
107236943120855 66
107236943128724 91
107237010172938 23
107237010206950 66
107237010214797 91
107237089011653 23
107237089041246 66
107237144341383 91
107237144368301 23
107237144375856 66
107237144382868 91
107237221081731 23
107237285895166 66
107237285926362 91
107237356226400 23
107237356258250 66
107237356265969 91
107237421291841 23
107237421326958 66
107237421334835 91
107237479572276 91
107237479602768 23
107237479610160 66
107237558415798 91
107237558459257 23
107237558466768 23
107237558473824 66
107237613969552 23
107237613997219 66
107237614005116 91
107237680997666 23
107237681030830 66
107237681038765 91
107237747881202 23
107237747912714 66
107237825643317 91
107237825687487 23
107237825695073 66
107237882026846 91
107237949053773 23
107237949083405 66
107237949091193 91
107238027415287 23
107238027453800 66
107238027461103 91
107238089683045 23
107238150294798 66
107238150326712 91
107238150334197 23
107238228750173 66
107238284492267 91
107238284525074 23
107238284532485 66
107238284539426 91
107238430711489 23
107238430750299 66
107238430758214 91
107238485542972 23
107238485574623 66
107238485582343 91
107238552717448 23
107238552750010 66
107238552757298 91
107238631972257 23
107238632005541 66
107238632013058 91
107238686835262 23
107238686864945 66
107238686872480 91
107238763905483 23
107238763940513 23
107238763948199 66
107238763955328 91
107238820919626 23
107238820960749 66
107238887943664 91
107238954958508 23
107238954989691 66
107238954997075 91
107239022159635 23
107239022192865 66
107239022200490 91
107239089199265 23
107239089232806 66
107239089258624 91
107239167142591 23
107239167176287 66
107239223258004 91
107239223290064 91
107239290436886 23
107239290470162 66
107239290478174 91
107239290485518 23
107239365817550 66
107239365851997 91
107239365859534 23
107239365866448 66
107239365873896 91
107239424583307 23
107239424616718 66
107239424624331 91
107239424631470 23
107239491454560 66
107239491491155 91
107239491498791 23
107239491507372 91
107239570486236 23
107239570524068 66
107239570531716 23
107239570538802 66
107239570545671 91
107239625850390 23
107239625882238 66
107239625889876 23
107239625896747 66
107239625904214 91
107239702308787 91
107239702340672 23
107239774829274 66
107239774870508 91
107239774878359 23
107239826927553 66
107239826961509 91
107239826968893 23
107239826976020 66
107239903701282 91
107239903735332 23
107239903743187 66
107239960988815 23
107239961021212 66
107239961028775 91
107240038919789 23
107240038954161 66
107240038961896 91
107240105532358 91
107240105567531 23
107240162565993 66
107240162611871 91
107240162619414 23
107240162626378 66
107240234776076 23
107240234814706 91
107240234822356 23
107240296383112 66
107240296419285 91
107240296426838 23
107240296433733 66
107240296440618 91
107240363376706 91
107240363409166 23
107240363417475 66
107240430671945 23
107240430711611 66
107240430719293 91
107240508898993 23
107240508935019 66
107240508942731 91
107240564616386 23
107240564647969 66
107240564655578 91
107240637573516 23
107240637610081 66
107240637617566 91
107240637624717 23
107240637631817 66
107240637639127 91
107240698880609 23
107240698910787 66
107240776079846 23
107240776112780 66
107240776120531 91
107240832930624 23
107240832964037 66
107240832971690 91
107240899969392 91
107240900007257 23
107240900014683 66
107240900021619 91
107240978032877 23
107240978067266 66
107240978076889 23
107240978084040 66
107240978091120 91
107241034123751 23
107241034151813 66
107241034159712 91
107241101202534 91
107241101239787 23
107241101247404 66
107241101254302 23
107241168399314 66
107241245270258 91
107241302564492 23
107241302596800 66
107241302604480 91
107241369402000 23
107241369433901 66
107241369441603 91
107241436449340 23
107241436481317 66
107241436488804 91
107241503634578 23
107241503668701 66
107241582671395 91
107241637661170 23
107241637693853 66
107241637701563 91
107241714670678 91
107241714702625 23
107241714710309 66
107241714717985 23
107241771988541 66
107241772036320 91
107241839142787 23
107241839177733 66
107241839185413 91
107241905991577 23
107241906033880 66
107241906043781 91
107241972982027 23
107241973017842 91
107242051798569 23
107242051826622 66
107242051834219 23
107242051841074 66
107242051848652 91
107242119106595 23
107242119143508 66
107242183717377 91
107242183759635 23
107242241370413 66
107242241402856 91
107242241410643 91
107242316572228 23
107242316602084 66
107242316609752 91
107242316616963 23
107242316623987 66
107242375579589 23
107242375625038 66
107242442601463 91
107242442641001 91
107242509608243 23
107242509640467 66
107242509648358 91
107242509655483 23
107242576578677 66
107242576609018 23
107242576616557 66
107242576623594 91
107242643629366 91
107242643660896 23
107242643668483 66
107242710858607 91
107242710898400 23
107242710906392 66
107242778033914 91
107242778064806 23
107242778072571 23
107242778079731 66
107242844904783 23
107242844937536 66
107242844944868 91
107242918787055 23
107242918817771 66
107242918825354 91
107242986176936 23
107242986210671 66
107242986218295 91
107242986225349 91
107243053609405 23
107243053638690 66
107243053646183 91
107243053653191 23
107243120902119 66
107243120932623 91
107243120940470 23
107243120947610 66
107243188293289 91
107243188326491 23
107243188334255 66
107243255677717 23
107243255708915 66
107243255716287 91
107243314342214 23
107243314374596 66
107243314382125 91
107243381338118 91
107243381367170 23
107243381374623 66
107243448522227 23
107243448554096 66
107243448561651 91
107243515435551 23
107243515466343 66
107243515473729 91
107243593512264 91
107243593546990 23
107243649739784 66
107243649772457 91
107243649780366 23
107243649787386 66
107243723853437 23
107243723891444 66
107243723899242 91
107243783728922 23
107243783763804 66
107243850910185 91
107243850944071 23
107243850951781 66
107243918114478 91
107243918150419 23
107243918157910 66
107243996809240 91
107244051999547 23
107244052032852 66
107244052040276 91
107244126905280 91
107244126951086 23
107244126958758 66
107244198159234 91
107244198193286 23
107244198201050 66
107244198208018 23
107244253287373 66
107244253317294 91
107244253324819 23
107244253331912 66
107244334618173 91
107244387412780 91
107244387537028 23
107244387545076 66
107244387552171 23
107244461889526 66
107244461958178 91
107244531944415 23
107244531982107 66
107244531989954 91
107244594933099 91
107244594967875 23
107244594992001 66
107244594999518 23
107244667382200 66
107244667417043 91
107244724096236 23
107244724127297 66
107244724134782 91
107244799166203 23
107244799199680 66
107244799207139 91
107244856881428 23
107244856915278 66
107244856922545 91
107244923865559 23
107244923902969 66
107244923910797 91
107244991065134 23
107244991099513 66
107244991107663 91
107245057976915 23
107245058015423 66
107245142542519 91
107245142578507 23
107245192059556 66
107245192088016 91
107245192095411 23
107245259259844 66
107245259293526 91
107245326333693 23
107245326367633 66
107245326374981 91
107245326381870 23
107245326388796 66
107245393362315 91
107245460319631 91
107245460349996 23
107245460357696 66
107245539739852 23
107245539771375 66
107245539778883 91
107245594620820 23
107245594651853 66
107245594659610 91
107245671727180 23
107245671763628 66
107245671770914 91
107245728749005 23
107245728779891 66
107245728787396 91
107245795735527 91
107245795768004 23
107245795775918 66
107245872944873 23
107245872977940 66
107245872985344 91
107245929960366 23
107245929995430 91
107245930002776 23
107245997102678 66
107245997133253 91
107245997140953 23
107245997148050 66
107246074925727 91
107246074958215 23
107246074965845 66
107246131408263 91
107246131472128 23
107246131483965 66
107246131492385 91
107246198303081 23
107246198386582 66
107246198394350 91
107246265210966 23
107246265247955 66
107246265287493 91
107246265295273 23
107246265302364 23
107246342171303 66
107246342201683 23
107246342209274 66
107246342216910 91
107246399365610 23
107246399396347 66
107246399403888 91
107246466527331 23
107246544111889 66
107246544146606 91
107246600506526 23
107246600542142 66
107246600549979 91
107246667661555 23
107246667694689 66
107246667702157 91
107246734676450 91
107246734711160 23
107246811420195 66
107246811457708 91
107246811465202 23
107246811472247 66
107246868926076 23
107246868968161 66
107246868975947 91
107246935991097 23
107246936025272 66
107246936032761 91
107247013373031 23
107247013401683 66
107247013409140 91
107247075584312 23
107247075620463 66
107247137013325 91
107247137046509 23
107247137054008 66
107247214723715 91
107247271179377 23
107247271210555 91
107247271218072 23
107247271225142 66
107247338298372 91
107247338337113 23
107247338344771 66
107247416617250 23
107247416649462 66
107247416656907 91
107247472496345 91
107247472539932 23
107247472547417 66
107247539412137 91
107247539440236 23
107247539448016 66
107247539455052 91
107247606426702 23
107247606458560 91
107247606466316 23
107247606473314 66
107247673629423 91
107247673662408 23
107247673670108 66
107247673677083 23
107247740813009 66
107247740845692 91
107247740853497 23
107247740860507 66
107247807680103 23
107247807713281 66
107247807720633 91
107247807727922 91
107247874859900 91
107247874890919 23
107247874898571 66
107247941883409 23
107247941913940 66
107247941921885 91
107248008936127 23
107248008973266 66
107248008981296 91
107248008988332 23
107248008995330 66
107248082713488 23
107248082746698 66
107248082754362 91
107248150099982 91
107248150130621 23
107248150138112 66
107248150145219 23
107248217491525 66
107248293143994 91
107248352238867 23
107248352271275 66
107248352278721 91
107248419621618 91
107248419653256 23
107248419660691 66
107248478380483 23
107248478412765 66
107248478420063 91
107248545528902 91
107248545564330 23
107248545571996 66
107248545579069 91
107248545586004 23
107248612549855 66
107248612578360 23
107248612585921 91
107248679592143 23
107248679629266 66
107248679637034 91
107248746583139 23
107248746615556 66
107248746623309 23
107248746630275 66
107248746637273 91
107248813829933 23
107248880811426 66
107248880843447 91
107248880850926 23
107248947834688 66
107248947865685 91
107249025563233 23
107249025593575 66
107249082168952 91
107249082210114 23
107249082217492 66
107249149133889 91
107249149160791 23
107249149168209 66
107249216106667 91
107249283320950 91
107249283351318 23
107249283358668 66
107249283365656 23
107249350311011 66
107249350338373 91
107249417400713 23
107249417442897 66
107249417451061 91
107249492180370 23
107249492214921 66
107249559478514 91
107249626868185 23
107249626901168 66
107249626908798 91
107249685632689 23
107249685663921 66
107249685671685 91
107249752706232 91
107249752738885 23
107249752746295 66
107249752753227 91
107249752760094 23
107249819817543 66
107249819850204 91
107249819857693 23
107249819864759 66
107249886712908 91
107249886745515 23
107249886753211 66
107249953776911 23
107249953821925 66
107249953830815 91
107250020875269 91
107250020912785 23
107250020923631 66
107250088099187 23
107250088148225 66
107250088158033 91
107250155153646 23
107250155184343 66
107250155192107 91
107250229091996 23
107250229130146 91
107250296424254 23
107250296456889 66
107250296464442 23
107250296471430 66
107250363816660 91
107250363870904 23
107250363879285 66
107250431209288 91
107250498574647 23
107250498605339 66
107250498613025 91
107250557486667 23
107250557517337 66
107250557524725 91
107250635376635 23
107250635412423 66
107250635420144 91
107250691524539 23
107250691558099 66
107250691565767 91
107250758663894 23
107250758704360 66
107250825723005 91
107250892787490 91
107250892822744 23
107250892830385 66
107250959766491 91
107250959799397 23
107250959807043 66
107251026785847 91
107251026818109 23
107251026825608 66
107251026832516 23
107251100765466 66
107251100797133 91
107251100805002 23
107251168233558 66
107251168285734 91
107251235539412 23
107251235571168 66
107251235578834 91
107251302919954 23
107251302956801 66
107251302964265 91
107251370281280 23
107251370309256 66
107251370316990 91
107251429263149 23
107251429295937 66
107251429303510 91
107251496271396 23
107251496300279 66
107251496307894 91
107251563489056 91
107251563520673 23
107251563528305 66
107251630569755 23
107251630608772 66
107251630617465 91
107251697499519 23
107251697528434 66
107251697536132 91
107251764582009 23
107251764616705 66
107251764624458 91
107251831802528 23
107251831834445 66
107251898818839 91
107251972500996 91
107251972530025 23
107251972537874 66
107251972544941 91
107252039861479 23
107252039894268 66
107252039902171 91
107252039909264 23
107252039916085 66
107252107247041 91
107252107283956 23
107252107291610 66
107252107298863 91
107252174876914 23
107252174913192 23
107252174920964 66
107252174928346 23
107252234117502 66
107252234147105 91
107252234154485 23
107252234161616 66
107252301305075 91
107252368076959 23
107252368111936 66
107252368119280 91
107252435423160 23
107252435507868 66
107252435516829 91
107252502311742 23
107252502347109 66
107252502354833 91
107252577518252 23
107252577548382 66
107252577556263 91
107252636517637 91
107252636550077 23
107252636557833 66
107252703514636 91
107252703547589 23
107252703555367 66
107252703562540 23
107252780745290 66
107252780779979 91
107252780787447 23
107252837807617 66
107252837860742 91
107252904788179 23
107252904824911 66
107252904832474 91
107252904839651 23
107252904846597 66
107252982867864 91
107253045717473 23
107253045750347 66
107253045757826 91
107253118087442 91
107253118119769 23
107253118127523 23
107253118134768 91
107253173100420 23
107253173130272 66
107253250007364 23
107253250041352 66
107253250048988 23
107253250055931 66
