82078414266938 91
82078481347567 91
82078548580662 23
82078548615179 66
82078622262376 91
82078622293564 23
82078689638977 66
82078689668651 91
82078689676246 23
82078757030005 66
82078757059900 91
82078757067634 23
82078824486119 66
82078824528221 91
82078891817761 23
82078891853831 66
82078891861291 91
82078959189312 91
82078959223572 23
82078959231089 23
82079018034448 66
82079018064186 91
82079085084306 23
82079085119221 66
82079085126690 91
82079152053471 23
82079152094658 66
82079152102077 91
82079219111718 23
82079219146955 66
82079219154380 91
82079286354418 23
82079286391184 66
82079353632202 91
82079353672706 23
82079353682530 66
82079420300820 91
82079420338867 23
82079487401317 66
82079487476274 91
82079487484724 23
82079561425853 66
82079561466052 91
82079628751650 23
82079628784481 66
82079628791894 91
82079696147730 23
82079696182388 66
82079696189690 91
82079763553377 23
82079763588898 66
82079763596268 91
82079830924280 23
82079830957483 66
82079889808036 91
82079889838969 23
82079889846400 66
82079956768856 91
82079956801353 23
82080024073797 66
82080024120689 91
82080024128240 23
82080090968314 23
82080091000343 66
82080091007817 91
82080158013296 23
82080158043547 66
82080158050961 91
82080225035870 23
82080225067209 66
82080225074565 91
82080292290993 23
82080292324625 66
82080359263151 91
82080359299545 23
82080433087635 66
82080433123152 91
82080433133668 23
82080500465222 66
82080500496587 91
82080569383996 23
82080569413585 66
82080569420961 91
82080635234076 23
82080635271075 66
82080635278546 91
82080702649119 23
82080702683264 66
82080702690769 91
82080770039150 23
82080770078503 66
82080828824022 91
82080907096807 23
82080907133714 66
82080907140987 23
82080907148090 91
82080962837431 23
82080962873970 66
82081029919710 91
82081029948519 23
82081029955981 66
82081097036348 23
82081097074964 23
82081097082610 66
82081164003330 23
82081164041987 66
82081164051220 91
82081237428348 91
82081304899809 23
82081304930925 66
82081372232501 91
82081372269181 23
82081439599624 66
82081439635972 91
82081506963028 23
82081507002111 66
82081507011626 23
82081574421626 66
82081641704847 91
82081700519622 91
82081700549269 23
82081767506765 66
82081767537513 91
82081841733432 23
82081841769699 66
82081909113807 91
82081909152130 23
82081909159746 66
82081976503811 91
82081976552409 23
82082043848170 66
82082043883150 91
82082043890514 23
82082111296814 66
82082111340568 91
82082170017672 91
82082170051610 23
82082237003226 66
82082237032751 91
82082237040135 23
82082304218465 66
82082304256853 91
82082371377725 23
82082371414392 66
82082371421885 91
82082438230776 23
82082438264923 66
82082438272299 91
82082505251109 23
82082505284428 66
82082505291804 91
82082572333469 23
82082572366462 66
82082646121402 91
82082646158148 23
82082646165685 66
82082713470162 91
82082713507409 23
82082780841537 66
82082780879586 91
82082850308251 23
82082850341280 66
82082850348948 91
82082915687464 23
82082915722566 23
82082915729953 66
82082915736943 91
82082983053362 23
82082983091166 66
82082983098796 91
82083050384308 23
82083050419282 66
82083050426863 91
82083117757911 23
82083117795641 66
82083175891386 91
82083175919455 23
82083243204733 66
82083243241272 91
82083310013097 23
82083310044861 66
82083310052691 91
82083377205393 23
82083377239351 66
82083377246921 91
82083444306687 23
82083444339931 66
82083444347597 91
82083511662835 23
82083511696079 66
82083578379389 91
82083578413094 23
82083578420663 23
82083652630046 66
82083652659277 91
82083719932552 23
82083719963376 66
82083719970927 91
82083801886979 23
82083801923966 66
82083801931485 91
82083854651837 23
82083854683349 66
82083913757399 91
82083913793990 23
82083980897976 66
82083980932025 91
82083980939684 23
82084047994950 66
82084048047038 91
82084114878929 23
82084114916111 66
82084114923799 91
82084181943971 23
82084181979235 66
82084181986860 91
82084249009348 23
82084249043700 66
82084316605800 91
82084316682168 23
82084316690952 66
82084383291215 91
82084383336246 23
82084456993921 66
82084457030096 91
82084524431020 23
82084524469983 66
82084524477271 91
82084592082038 23
82084592120871 66
82084659019688 23
82084659052152 91
82084659059884 23
82084659066836 66
82084726403102 91
82084726433279 23
82084793849126 66
82084793881021 91
82084865231821 23
82084865268227 66
82084865275881 91
82084919579723 23
82084919613351 66
82084919620848 91
82084986786775 23
82084986819677 66
82084986827427 91
82085053823383 23
82085053856332 66
82085053863571 91
82085120829912 23
82085120863836 66
82085120871304 91
82085188007518 91
82085255211953 23
82085255247696 66
82085322164340 91
82085322200891 23
82085396110960 66
82085396163714 91
82085463475378 23
82085463509598 66
82085463516891 91
82085530748142 23
82085530788000 66
82085530795659 91
82085600285518 23
82085600315622 66
82085657393622 91
82085657429574 23
82085657436958 66
82085724567942 91
82085724603615 23
82085791557378 66
82085791627861 91
82085791635575 23
82085865590059 66
82085865628253 91
82085932966936 23
82085933005028 66
82085933012705 91
82086010442427 23
82086010481319 66
82086010488894 91
82086067722218 23
82086135194595 66
82086135232220 91
82086193970531 23
82086194008558 66
82086194016572 91
82086260981457 23
82086261011285 66
82086327999058 91
82086328036591 23
82086328044031 66
82086395335777 91
82086395384109 23
82086462302628 66
82086462345234 91
82086462355659 23
82086529237642 66
82086529273463 91
82086596280647 23
82086596318391 66
82086596325704 91
82086664507491 23
82086664535344 66
82086664542802 91
82086737267667 23
82086737304367 66
82086737311842 91
82086804617649 23
82086804650704 66
82086872060217 91
82086939441563 23
82086939477274 66
82086939484887 23
82086939491728 91
82087006766650 23
82087006804989 66
82087065731812 91
82087065767434 23
82087065775148 66
82087133007305 91
82087133039534 23
82087200038073 66
82087200075554 91
82087278497517 23
82087278543516 66
82087278551079 91
82087334144317 23
82087334182571 66
82087334189887 91
82087401493288 23
82087401547065 66
82087401554596 91
82087468350115 23
82087468396756 66
82087535385153 91
82087535422589 23
82087535430165 66
82087602313586 91
82087602351671 23
82087676354732 66
82087676387747 91
82087676395229 23
82087743849630 66
82087743898153 91
82087811098819 23
82087811134962 66
82087811142340 91
82087878485439 23
82087878521403 66
82087945871543 91
82087945903934 23
82087945911626 66
82088004753602 91
82088004784307 23
82088071713365 66
82088071749574 91
82088138906838 23
82088138940615 23
82088138947993 66
82088138954981 91
82088205937995 23
82088205973590 66
82088272999272 91
82088273035867 23
82088340053829 66
82088340092027 91
82088340099558 23
82088407268944 66
82088407308140 91
82088474270095 91
82088548117844 23
82088548153772 66
82088548161168 91
82088615536942 23
82088615572198 66
82088682880702 91
82088750270199 23
82088750314089 66
82088750321478 91
82088817621378 23
82088817657753 66
82088817686274 91
82088885010965 23
82088885042419 66
82088885049954 91
82088943881995 23
82089010856350 66
82089010905871 91
82089010913632 23
82089092878527 66
82089092918453 91
82089092925915 23
82089144872575 66
82089144904693 23
82089144912127 91
82089212019226 23
82089212054067 66
82089278946768 91
82089278982134 23
82089278989518 66
82089352450292 91
82089419770346 23
82089419806074 66
82089419813754 91
82089487206459 23
82089487239003 66
82089487246554 91
82089554674399 23
82089554711588 66
82089621939584 23
82089621969142 66
82089621976909 91
82089689379772 91
82089756696234 23
82089756730057 66
82089824147167 91
82089824181260 23
82089882536591 66
82089882571255 23
82089949597991 66
82089949636157 91
82090016700569 91
82090016737494 23
82090083770547 66
82090083809234 91
82090150955285 23
82090150989459 66
82090150997195 91
82090218000867 23
82090218045259 66
82090218055079 91
82090285010113 23
82090285045525 66
82090285053077 91
82090358988623 23
82090359023450 66
82090359030975 91
82090426459797 23
82090426512430 66
82090493837183 91
82090493872889 23
82090561063805 66
82090561101512 91
82090628477291 23
82090628511862 66
82090628519612 91
82090696067454 23
82090696118371 66
82090696125862 91
82090754462372 23
82090754541667 66
82090754551138 91
82090821455542 23
82090821490692 66
82090888528810 91
82090888568700 23
82090955563543 66
82090955596091 91
82090955603753 23
82091022764344 66
82091022802902 91
82091022810914 23
82091089694166 66
82091089732969 91
82091165236774 23
82091165274455 66
82091165282036 91
82091230650627 23
82091230684923 66
82091298025414 91
82091298074291 23
82091298081985 66
82091365392346 91
82091432813489 23
82091432846729 66
82091432854112 91
82091500208423 23
82091500244735 66
82091500252304 91
82091567572071 23
82091567606827 66
82091626363602 91
82091626403548 23
82091694915467 66
82091694943541 91
82091694951278 23
82091760400690 66
82091760434345 91
82091760441988 23
82091827742754 66
82091827791239 91
82091894818265 23
82091894858364 66
82091894866410 91
82091961690234 23
82091961744046 66
82091961754067 91
82092028646405 23
82092028689125 66
82092102418633 91
82092102458094 23
82092169755825 66
82092169794602 91
82092237076033 23
82092237106998 66
82092237115022 91
82092304486595 23
82092304519728 66
82092304527243 91
82092371902625 23
82092371936364 66
82092439256460 91
82092439290464 23
82092498109737 66
82092498146302 91
82092498153975 23
82092565094455 66
82092565131183 91
82092565138740 23
82092632300294 66
82092632332568 91
82092699419486 23
82092699468347 66
82092699475806 91
82092766317534 23
82092766353042 66
82092766360463 91
82092833376008 23
82092833413689 66
82092900496626 91
82092900532900 23
82092900540509 66
82092967610900 91
82092967649079 23
82093041443992 66
82093041478728 91
82093115143381 23
82093115205098 66
82093115212480 91
82093176342146 23
82093176390688 66
82093176398873 91
82093243671005 23
82093243707483 66
82093243715276 91
82093311038647 23
82093311078565 66
82093378365318 91
82093378401121 23
82093437120593 66
82093437167147 91
82093504282795 23
82093504332083 66
82093571435537 91
82093571478957 23
82093571486637 66
82093639019843 23
82093639049887 66
82093639057540 91
82093705472691 91
82093772330792 23
82093772368252 66
82093839502293 91
82093839546371 23
82093906546489 66
82093906644173 91
82093973745815 23
82093973779658 66
82093973787060 91
82094041815344 23
82094041850820 66
82094107709125 91
82094107744729 23
82094174743529 66
82094174774321 91
82094241778430 91
82094241813387 23
82094241820770 66
82094241827750 91
82094308982734 23
82094309013711 66
82094382707591 91
82094382746970 23
82094450390366 66
82094450430998 91
82094517498511 23
82094517534010 66
82094517541444 91
82094517548324 23
82094585469839 66
82094585504487 23
82094652291716 66
82094652331463 91
82094719611585 91
82094719650831 23
82094778510665 66
82094778548010 91
82094778555093 23
82094845533760 66
82094845571872 91
82094912468259 23
82094912510953 66
82094912518599 91
82094979491594 23
82094979530427 66
82094979538504 91
82095046670712 23
82095046708208 66
82095046715392 91
82095113686391 23
82095113719892 66
82095180706364 91
82095180733399 23
82095247733348 66
82095247763252 91
82095321891921 23
82095321928116 66
82095321935735 91
82095389222372 23
82095389262009 66
82095457533385 91
82095457562387 23
82095457569976 66
82095523913808 91
82095523946895 23
82095591307062 66
82095591340565 91
82095650233035 23
82095650269903 66
82095650277332 91
82095650284227 23
82095717631272 66
82095717680022 91
82095851522597 91
82095851567246 23
82095918518372 66
82095918553416 91
82095918578071 23
82095985831696 66
82095985882891 91
82095985890398 23
82096052884518 66
82096052944714 91
82096119971501 23
82096120009546 66
82096120017051 23
82096186751038 66
82096186789634 91
82096261017388 23
82096328337764 66
82096328382148 91
82096395637677 23
82096395676185 66
82096463344648 91
82096530589625 91
82096530630042 23
82096589177432 66
82096589222969 91
82096656166986 23
82096656200155 66
82096656207582 91
82096723230126 23
82096723265204 66
82096723272775 91
82096797829365 23
82096797866676 66
82096797874075 91
82096865202812 23
82096865236392 66
82096932566821 91
82096932599569 23
82096991517054 66
82096991548467 91
82096991555803 23
82097058610083 66
82097058646231 91
82097132580981 23
82097132615171 66
82097132622644 91
82097192653270 23
82097192687511 66
82097192695161 91
82097259846994 23
82097259880727 66
82097326858905 91
82097326894967 23
82097394014485 66
82097394054009 91
82097394061427 23
82097467394689 66
82097467432716 91
82097467440110 23
82097534789504 66
82097534820718 91
82097534828201 91
82097602191170 23
82097602230408 23
82097669636009 66
82097669677096 91
82097669684720 23
82097736925068 66
82097736963717 91
82097804358357 23
82097804397244 66
82097804405092 91
82097871718344 23
82097871754993 66
82097930612202 23
82097930649471 23
82097930656935 66
82097930663722 91
82097997478469 23
82097997514656 66
82098066105819 91
82098066145275 23
82098131809410 66
82098131845424 91
82098198901443 23
82098198930008 66
82098198937306 91
82098265714084 23
82098265754149 66
82098334404814 23
82098334435902 66
82098334443151 91
82098399871538 91
82098473866629 23
82098473897260 66
82098473904799 91
82098541244916 23
82098541280722 66
82098541288235 91
82098617914642 23
82098617948405 66
82098675984498 91
82098676017535 23
82098743371668 66
82098743408707 91
82098802403030 23
82098802438621 66
82098802446154 91
82098869371911 23
82098869406730 66
82098869414466 91
82098936615239 23
82098936645345 66
82098936652940 91
82099003475218 23
82099003510252 66
82099078169412 91
82099078225657 23
82099137675066 66
82099137713248 23
82099204662656 66
