86740903720174 91
86740963709557 23
86741030895678 66
86741030930756 91
86741109948860 91
86741109982344 23
86741109989869 66
86741164932012 91
86741164961717 23
86741241796580 66
86741241828208 23
86741304508622 66
86741377171426 91
86741433317282 91
86741433347344 23
86741433354788 66
86741500509322 91
86741500540203 23
86741579134915 66
86741579165118 23
86741579172770 66
86741579179858 91
86741701555339 91
86741701593923 23
86741780462302 66
86741780499424 91
86741780507073 23
86741835562757 66
86741835594209 91
86741912351412 23
86741912384965 66
86741970142627 91
86741970181511 23
86741970189223 66
86742036730924 91
86742112385445 23
86742112418444 66
86742112426045 91
86742170777498 23
86742170809109 66
86742170816431 23
86742238201569 66
86742238246121 91
86742315593078 23
86742315625073 66
86742372031742 91
86742439047011 91
86742517546795 23
86742517582199 66
86742517589589 91
86742580534979 23
86742580568133 66
86742640262240 91
86742640324128 23
86742640333986 66
86742707456449 91
86742707486955 23
86742784798180 66
86742784832146 91
86742841473283 23
86742841501086 66
86742841508561 91
86742908508343 23
86742908541299 66
86742981400312 23
86742981438746 66
86742981446299 91
86743042732774 91
86743109831058 23
86743109867318 66
86743109874933 91
86743188072072 23
86743188109361 66
86743188117150 91
86743244116258 23
86743244154262 66
86743244161797 91
86743310943639 23
86743310973397 66
86743384167417 91
86743384201892 23
86743384209403 66
86743384216338 91
86743445110129 23
86743445143019 66
86743445150644 91
86743579209398 91
86743579241518 23
86743657255627 66
86743657286397 91
86743713408412 23
86743713441423 66
86743713448845 91
86743781589717 23
86743781621380 66
86743847424876 91
86743914559668 23
86743914590699 66
86743914598848 23
86743981627008 66
86743981659578 91
86743981667095 91
86744060524269 23
86744060553651 66
86744115846538 91
86744115873941 23
86744192440496 66
86744192469112 91
86744257545197 23
86744257578626 66
86744257586254 91
86744327809117 23
86744327841963 66
86744327849991 91
86744384062175 23
86744384093295 66
86744384100850 91
86744451122658 23
86744451150825 66
86744451158440 91
86744529756140 23
86744529788181 66
86744585200937 91
86744585231450 23
86744585239212 66
86744658234058 91
86744658265704 23
86744731116495 66
86744731154017 91
86744786367760 23
86744786397647 66
86744786405065 91
86744862952145 23
86744862988075 66
86744862995869 91
86744920584843 23
86744920617928 66
86744920625511 91
86744987639442 23
86744987681567 66
86744987689118 91
86745062437554 23
86745062465512 66
86745062473554 91
86745128492994 23
86745128526769 66
86745128534428 91
86745195984495 23
86745196024470 66
86745263232968 91
86745263270555 23
86745263278440 66
86745330829120 91
86745330863050 23
86745398029554 66
86745398061775 23
86745398069235 66
86745398076406 91
86745465392220 91
86745524151632 23
86745524194614 66
86745591342514 91
86745591369474 23
86745591377146 66
86745658537525 23
86745658570160 66
86745725357721 91
86745792334453 91
86745859577377 23
86745859620801 66
86745859628269 91
86745926661006 23
86745926698379 66
86745926707940 23
86745926715058 91
86745994530803 23
86745994560983 66
86746067634362 91
86746067665081 23
86746134979606 66
86746135012783 91
86746202353517 23
86746202385329 66
86746202393001 91
86746269740705 23
86746269771473 66
86746269778958 91
86746337104131 23
86746337136355 66
86746408580477 91
86746408614948 23
86746463031703 66
86746463066876 91
86746530218443 23
86746530251233 66
86746530258975 91
86746597248245 23
86746597280567 66
86746597287929 91
86746664298525 23
86746664334678 66
86746731308113 91
86746731346215 23
86746731354623 66
86746798477311 23
86746798524253 66
86746798567893 91
86746876578449 23
86746932527564 66
86746932558393 91
86746999674513 91
86747078411706 23
86747078441428 66
86747078449178 91
86747133721808 23
86747133755625 66
86747133763522 91
86747200853160 23
86747200932754 66
86747267926667 23
86747267956572 91
86747267964229 23
86747267971177 66
86747345723200 91
86747345757394 23
86747402041242 66
86747402069284 91
86747469125519 23
86747469158952 66
86747469166706 91
86747548880057 23
86747548910020 66
86747603113422 91
86747603145994 23
86747670351393 66
86747670422390 91
86747737505477 23
86747737542416 66
86747737550307 91
86747814893396 23
86747814923763 66
86747814931524 91
86747871419011 23
86747871451616 66
86747938558789 91
86747938599870 23
86747938607467 66
86747938614518 91
86748017680978 23
86748017719768 66
86748072698065 91
86748072728389 23
86748139732811 66
86748139770315 91
86748139777897 23
86748218186891 66
86748218220984 91
86748218229183 23
86748273920513 66
86748273953683 91
86748341011305 23
86748341044350 66
86748341051921 23
86748341059144 66
86748416166320 91
86748475303093 23
86748475339392 66
86748475349619 91
86748609219847 91
86748609250150 23
86748609257991 23
86748687376710 66
86748687408421 23
86748687416157 66
86748743260844 91
86748810449372 91
86748884360407 23
86748884390109 66
86748951786827 91
86749019097827 23
86749019131202 66
86749019138813 91
86749086472318 23
86749086503824 66
86749086511400 91
86749153894083 23
86749153929116 66
86749153936562 91
86749212909058 23
86749212947785 66
86749212955248 91
86749279935119 23
86749280004984 66
86749280013702 91
86749347023948 23
86749347052467 66
86749347060074 91
86749414140219 23
86749414176434 66
86749414184301 91
86749481308462 23
86749481347722 66
86749548169094 91
86749548207547 23
86749615257882 66
86749615293220 91
86749682247347 23
86749682284095 66
86749756095462 91
86749756127292 23
86749823438876 66
86749823474409 23
86749823481948 66
86749823489129 91
86749958256725 23
86749958295869 66
86749958303587 91
86750025658062 91
86750092955933 23
86750092987238 66
86750151735152 91
86750151773375 23
86750151781057 66
86750218744541 91
86750218780346 23
86750285891703 66
86750285923229 91
86750352921589 23
86750352949708 66
86750419950308 23
86750419983695 66
86750419991478 91
86750486965426 23
86750554213400 66
86750554248577 91
86750621195964 91
86750621261448 23
86750695165925 66
86750695201221 23
86750695208834 91
86750762531690 23
86750762561316 66
86750762568863 91
86750830021613 23
86750830055368 66
86750830063100 91
86750897310829 23
86750897348526 66
86750897356198 91
86750964713811 23
86750964755730 66
86751024067505 23
86751024108304 66
86751024116312 91
86751090670807 91
86751157886670 23
86751157918254 66
86751224793802 91
86751224824409 23
86751224831978 66
86751291934019 91
86751291966033 23
86751291973424 66
86751358913229 23
86751358947905 66
86751358955346 91
86751425928061 91
86751493055569 23
86751493091534 66
86751493099316 91
86751567011218 23
86751567053252 23
86751567060850 66
86751567067898 91
86751634238345 23
86751634272623 66
86751634280530 91
86751702532141 23
86751702568012 66
86751769025395 23
86751769060781 91
86751769068453 23
86751769075485 23
86751839429408 66
86751839459443 91
86751903865830 23
86751903905299 66
86751963964913 91
86751963994289 23
86751964001623 66
86752029595038 91
86752029632259 23
86752029639748 66
86752029646694 91
86752106206719 23
86752106239760 66
86752163779686 91
86752163826362 23
86752163836177 66
86752230836892 23
86752230867185 66
86752230874961 91
86752297724998 91
86752364820573 23
86752364851930 66
86752431866547 91
86752431899740 23
86752431907225 66
86752499065432 91
86752566076762 23
86752566114383 66
86752566122017 91
86752633295847 23
86752633323727 66
86752633331368 91
86752700123960 23
86752700154915 66
86752700162567 91
86752774156628 23
86752774198171 66
86752774205757 91
86752908909144 23
86752908941441 66
86752908949348 91
86752968362343 91
86752968394477 23
86753045420061 66
86753045449139 23
86753045457157 66
86753045464261 91
86753169805943 23
86753169860690 66
86753169868185 91
86753259820812 23
86753259857433 66
86753303770093 91
86753438024499 91
86753438057942 23
86753438065604 66
86753505013931 91
86753505043398 23
86753505051078 66
86753572032607 91
86753572064471 23
86753639233786 66
86753639259417 91
86753706101602 23
86753706139227 66
86753706146802 91
86753778381954 23
86753778416116 66
86753840294756 91
86753840333254 23
86753911677099 66
86753911707396 91
86753911717206 23
86753981364072 66
86753981392985 91
86753981401351 23
86754041966371 66
86754042000683 23
86754042008256 66
86754108511509 91
86754179366533 23
86754242775132 66
86754242810631 91
86754309769742 91
86754309804768 23
86754309812245 66
86754383565019 91
86754383601321 23
86754383608900 66
86754450922775 91
86754450955130 23
86754518310568 66
86754518342207 91
86754518349995 23
86754585696852 66
86754585727626 91
86754585735189 23
86754653066558 66
86754653100806 91
86754720421349 23
86754720455566 66
86754720463093 91
86754779242960 23
86754779274997 66
86754779282597 91
86754846221893 23
86754846252075 66
86754846259761 91
86754913441809 23
86754913475403 66
86754980705845 23
86754980733239 66
86754980740722 91
86755114470132 91
86755114499621 23
86755114507164 66
86755181680902 91
86755181719231 23
86755248676717 66
86755248762652 91
86755248775980 23
86755322615886 66
86755322651325 91
86755322658810 23
86755390000863 66
86755390033011 91
86755457408526 23
86755457443178 66
86755457450729 91
86755524869797 23
86755524918658 66
86755524926125 91
86755592227134 23
86755592271731 66
86755659553683 91
86755659592258 23
86755659599901 66
86755718215270 23
86755718308079 91
86755785244730 23
86755785280741 66
86755785288502 91
86755852336767 23
86755852365738 66
86755919315018 91
86755919354632 23
86755986794046 66
86755986820354 91
86756053519082 23
86756053551523 66
86756053559690 91
86756120797673 23
86756120833325 66
86756187942146 23
86756187976118 66
86756187983770 91
86756261724403 91
86756329105817 23
86756329136497 66
86756396485713 91
86756396516198 23
86756396523590 66
86756463902931 91
86756463940250 23
86756463948006 66
86756531247800 91
86756531279131 23
86756531286793 66
86756589987232 91
86756590021112 23
86756657214041 66
86756657242715 91
86756724191367 23
86756724221894 66
86756724229722 91
86756791210019 23
86756791242388 66
86756858295403 91
86756858341941 23
86756858349800 66
86756858356969 91
86756925447532 23
86756925482983 66
86756925490520 91
86757001759760 23
86757001797047 66
86757071860347 91
86757071898408 23
86757126498205 66
86757126530808 91
86757203750843 23
86757203786088 66
86757203793619 91
86757260706882 23
86757260744354 66
86757260752432 91
86757339211781 23
86757339253065 66
86757339260737 91
86757394893312 23
86757394929396 66
86757394936871 91
86757461856472 23
86757461889211 66
86757529012137 91
86757529048352 23
86757607062455 66
86757607106134 23
86757607115765 66
86757663210652 91
86757730175999 91
86757730211648 23
86757730219320 66
86757808402391 91
86757808437373 23
86757864400476 66
86757864437296 91
86757931344596 23
86757931373869 66
86757931381468 91
86758010216307 23
86758010251748 66
86758010259538 91
86758065496940 23
86758065538800 66
86758065550619 91
86758132549707 91
86758199897133 23
86758199938478 66
86758199948364 23
86758199957400 66
86758277489702 91
86758277530181 23
86758277538010 66
86758333740028 91
86758400804240 23
86758400872717 66
86758400880910 23
86758473451431 66
86758473483416 91
86758540814040 23
86758540850084 66
86758540857760 91
86758608280808 23
86758675611463 66
86758675643164 91
86758742981631 23
86758743016899 66
86758743024486 91
86758877772539 91
86758877807668 23
86758945100062 66
86758945130305 91
86758945138043 23
86759012466728 66
86759012497739 91
86759071409691 23
86759071444824 66
86759071452371 91
86759138412010 23
86759138443300 66
86759205665904 91
86759205703390 23
86759272827623 66
86759272871695 23
86759272879531 66
86759339677088 91
86759406801112 91
86759406834032 23
86759406841641 66
86759473865571 91
86759473900112 23
86759540870229 66
86759540903060 91
86759540910750 23
86759614650450 66
86759614681401 91
86759682200621 23
86759682233962 66
86759758814273 91
86759758852502 23
86759816801169 66
86759816835451 91
86759884313582 23
86759884351714 66
86759884359911 91
86759951573607 23
86759951607612 66
86759951615396 91
86760016757939 23
86760016792593 66
86760016800468 91
86760077382167 23
86760077415387 66
86760077423111 91
86760144533031 23
86760144579090 66
86760211514452 91
86760211549096 23
86760211556655 66
86760278845456 91
86760278878457 23
86760345592080 66
86760345629579 91
86760345637424 23
86760421162879 66
86760421197136 91
86760479953549 23
86760479984210 66
86760479991814 91
86760546879463 23
86760546913489 66
86760546921127 91
86760629595178 23
86760629633274 66
86760629640700 91
86760691997390 23
86760692030451 66
86760692038288 91
86760748111458 23
86760748141598 66
86760748148989 91
86760815049081 23
86760815082307 66
86760882280742 91
86760882319419 23
86760953006340 66
86760953037971 91
86760953045763 23
86761016303548 66
86761016336519 91
86761095300671 23
86761095340377 66
86761095348073 91
86761150534114 23
86761150571928 66
86761227443474 91
86761227482021 23
86761227489771 66
86761292164919 91
86761359549281 23
86761359583430 66
86761359590971 91
86761426944074 23
86761426976903 66
86761426984953 91
86761485902776 23
86761485951035 66
86761485958906 23
86761552875121 66
86761552910032 91
86761620087507 91
86761620129192 23
86761686984375 66
86761687016245 91
86761687023690 23
86761754148649 66
86761754194222 91
86761821173007 23
86761821203950 66
86761821211970 91
86761888219019 23
86761888253484 66
86761888261124 91
86761955271257 23
86761955304926 23
86761955312467 66
86762029125714 23
86762029159024 66
