91695113655234 91
91695180748480 91
91695247742010 23
91695247774608 66
91695247782268 91
91695314749486 23
91695314775712 66
91695314783098 91
91695381802637 23
91695381840041 66
91695381847922 91
91695448994273 23
91695449022631 66
91695449030164 91
91695516067388 23
91695516091615 66
91695595291238 91
91695595319622 23
91695595327125 66
91695595334081 91
91695657246265 23
91695657272939 66
91695724598627 91
91695724618774 23
91695792009160 66
91695792029959 91
91695792037597 23
91695859829404 66
91695859849463 91
91695859857012 23
91695859864121 66
91695926719280 91
91695926736467 23
91695985546906 66
91695985602065 23
91695985610069 66
91695985617202 91
91696052634252 91
91696119722602 23
91696119777878 66
91696119789181 91
91696186724468 23
91696186754894 66
91696186762465 91
91696253756321 23
91696253784012 66
91696253791327 91
91696320959337 23
91696320987449 66
91696320995397 91
91696387875010 23
91696387908270 66
91696387915606 91
91696461617186 23
91696461647968 66
91696461655648 91
91696461662750 23
91696528983194 66
91696529008227 91
91696529015843 23
91696596372979 66
91696596399515 91
91696596407394 23
91696596414353 66
91696663716765 91
91696663738489 23
91696731064911 66
91696731082011 91
91696731089805 23
91696798453302 66
91696798472312 91
91696798479827 23
91696857326214 66
91696857346355 91
91696924335782 23
91696924354966 66
91696924362392 91
91696991380364 23
91696991399898 66
91696991407583 91
91697058432986 23
91697058451775 66
91697058459242 91
91697125514378 23
91697125531629 66
91697192581269 23
91697192606335 66
91697192613896 91
91697259556527 91
91697259576095 23
91697326805913 66
91697326825819 91
91697326835120 23
91697400655296 66
91697400673196 91
91697400680836 23
91697468051881 66
91697468070494 91
91697468077958 23
91697468085149 66
91697535438679 91
91697602793509 23
91697602814103 66
91697602821710 23
91697602828700 66
91697670303839 91
91697670335960 91
91697729199813 23
91697729229485 66
91697729237032 91
91697796161260 23
91697796192398 66
91697863244054 91
91697863273416 23
91697863281094 66
91697863288142 91
91697930320062 23
91697930348824 66
91697997311965 91
91697997335960 23
91697997343720 66
91698064491194 91
91698064513544 23
91698064521022 66
91698131499740 91
91698131520327 23
91698131527732 66
91698198531700 91
91698198549306 23
91698198556950 66
91698272369017 23
91698272387690 66
91698272395293 91
91698339727841 91
91698407139876 23
91698407161751 66
91698407169363 91
91698474497775 23
91698474515407 66
91698474523039 91
91698541914839 91
91698541939763 23
91698541947198 23
91698609325573 66
91698609350781 91
91698609358642 23
91698668111605 66
91698668136608 91
91698668144344 23
91698668151451 66
91698735224924 91
91698735244188 23
91698735252079 66
91698802428215 91
91698802448123 23
91698802455388 66
91698869206270 91
91698869224307 23
91698936240605 66
91698936259117 23
91698936267042 66
91699003245090 91
91699070729746 91
91699070747783 23
91699070755154 66
91699070762168 91
91699137404119 23
91699137420265 66
91699211460957 91
91699211478634 23
91699279164744 66
91699279182937 91
91699279190235 23
91699346217402 66
91699346236344 91
91699346244120 23
91699413595346 66
91699413613291 91
91699413620597 23
91699413627633 66
91699480989538 91
91699481007408 23
91699539902005 66
91699539919229 91
91699606906660 23
91699606924432 66
91699606931889 91
91699673950096 23
91699673972842 66
91699673980383 91
91699741160441 23
91699741179769 66
91699741187709 91
91699808344995 23
91699808379387 66
91699875273143 91
91699875308499 23
91699875316871 66
91699942288870 91
91699942316685 23
91699942324218 66
91700009467110 91
91700009499529 23
91700009507197 66
91700009514018 91
91700083234872 23
91700083259839 66
91700150670301 23
91700150701127 66
91700150708461 91
91700218002300 23
91700218029549 66
91700218037221 91
91700352780744 91
91700352815491 23
91700352823227 66
91700352830333 91
91700420127167 23
91700420159244 66
91700479022284 23
91700479047134 66
91700479054740 91
91700546151472 91
91700613092196 23
91700613124819 66
91700613132261 91
91700679994147 23
91700680023098 66
91700680030591 91
91700747096805 23
91700747123749 66
91700747131378 91
91700814265958 23
91700814293081 66
91700814300685 91
91700881451126 23
91700881477338 66
91700954941782 91
91700954968344 23
91700954975976 66
91700954982956 91
91701022303160 23
91701022325317 66
91701022333009 91
91701089686792 23
91701089708301 66
91701089715830 23
91701089722985 91
91701157029849 23
91701157048367 66
91701157055981 91
91701224420185 23
91701224437178 66
91701224444615 91
91701291804645 23
91701291824201 66
91701350639213 91
91701350656729 23
91701350664976 66
91701417639037 91
91701417658094 23
91701417665661 66
91701417672759 91
91701484844802 23
91701484861817 66
91701551871139 91
91701551890488 23
91701551898292 66
91701618872953 91
91701618890859 23
91701618898567 66
91701685887817 91
91701685905156 23
91701685912536 66
91701753084613 91
91701753102937 23
91701753110460 66
91701820188252 23
91701820211650 66
91701820219241 91
91701894002067 91
91701961374782 23
91701961392984 66
91702028743617 23
91702028760358 66
91702028767789 91
91702096256332 91
91702096273309 23
91702096280787 66
91702163512298 91
91702163529172 23
91702163536586 66
91702230959042 91
91702230993482 23
91702289712793 66
91702289756056 91
91702289766498 23
91702356662700 23
91702356687200 91
91702356694604 23
91702356701779 91
91702423618541 23
91702423636047 14
91702423643600 66
91702423650787 91
91702490799094 23
91702490817024 91
91702557895345 14
91702557911932 23
91702557919698 91
91702625096964 23
91702625114338 14
91702625121973 23
91702625128977 23
91702625135832 91
91702692028925 23
91702692046813 14
91702692054847 66
91702692061963 91
91702765776409 23
91702765804946 91
91702833121409 23
91702833145624 14
91702833153215 23
91702833160217 66
91702833167161 91
91702900506909 23
91702967912546 66
91702967935017 91
91703035228020 23
91703035244547 66
91703035252490 91
91703102621938 23
91703102639561 66
91703102647066 91
91703161431811 23
91703161449542 66
91703161456969 91
91703228592486 23
91703295598494 66
91703295614606 91
91703362626044 23
91703362642259 66
91703362649894 91
91703429634385 23
91703429649940 66
91703429657288 91
91703496842612 23
91703496861051 66
91703563826535 91
91703630874893 91
91703630892612 23
91703630900143 14
91703704797765 23
91703704814048 66
91703704821551 91
91703772233856 23
91703772249892 66
91703772257694 91
91703839585428 23
91703839606314 23
91703839614020 66
91703839621197 91
91703907176479 23
91703907210423 23
91703907218036 91
91703974473558 23
91703974506224 23
91703974514025 66
91704041788048 23
91704041813793 91
91704041821501 23
91704041828541 66
91704100485645 23
91704100542113 91
91704100550192 23
91704167400873 66
91704167427323 23
91704167434819 66
91704167442033 91
91704234651475 23
91704234681327 66
91704234689005 91
91704301620026 23
91704301646666 66
91704301654095 91
91704368648725 23
91704368675283 66
91704435673301 23
91704435697290 66
91704435704781 91
91704502888049 91
91704569864353 23
91704569888215 66
91704569895599 91
91704643943468 23
91704643967841 66
91704643975346 91
91704711323499 23
91704711345090 66
91704778675674 91
91704778695079 23
91704778702433 66
91704846057163 91
91704846074112 23
91704846081470 66
91704913449207 91
91704913467873 23
91704972320152 66
91704972341484 23
91704972349198 91
91704972356315 23
91705039430283 66
91705039450657 91
91705106276690 23
91705106292979 66
91705106300355 91
91705106307494 23
91705173478462 66
91705173495296 91
91705240561005 23
91705240582389 66
91705240590429 91
91705307529756 23
91705307548199 66
91705307555925 91
91705374530903 23
91705374548226 66
91705374555470 91
91705448256995 23
91705448274405 66
91705448281924 91
91705515641131 23
91705515658819 66
91705583023313 91
91705650388675 23
91705650408843 66
91705650416696 91
91705785153158 23
91705785175271 66
91705785183073 91
91705844014430 91
91705911211449 23
91705911228762 66
91705911236193 91
91705978215988 23
91705978232831 66
91705978240219 91
91706045297407 23
91706045318594 66
91706112275308 91
91706112294554 23
91706112302410 66
91706179470633 91
91706179488141 23
91706179495789 66
91706246365171 23
91706246382551 66
91706246389943 91
91706313455557 23
91706313472983 66
91706313480590 91
91706454803449 23
91706454837015 66
91706454844472 91
91706522135104 91
91706522158614 23
91706589538244 66
91706589572017 91
91706589579933 23
91706656923839 66
91706656954776 91
91706656962411 23
91706724316067 66
91706724350866 91
91706783616925 23
91706783647902 66
91706783655444 91
91706783662371 23
91706850434949 66
91706850462027 91
91706917357533 23
91706917393545 66
91706917401352 23
91706984301601 66
91706984339461 91
91707051308272 91
91707051339058 23
91707051346815 66
91707118479775 91
91707118504686 23
91707118512323 66
91707185616208 91
91707185634040 23
91707252415505 66
91707252432862 91
91707252440429 23
91707326440400 66
91707326457449 91
91707393816464 23
91707393834708 66
91707393842517 91
91707393849640 23
91707461196521 66
91707461213880 91
91707461221357 23
91707528590357 66
91707528607028 91
91707528614436 23
91707596237926 66
91707596252978 91
91707596260433 23
91707654849556 66
91707654866295 91
91707654873667 23
91707722020775 66
91707722052547 91
91707722060084 23
91707789220134 66
91707789256332 23
91707789264179 66
91707789271091 91
91707856131736 23
91707856160882 66
91707923152604 91
91707990197005 91
91708057418582 23
91708057448006 23
91708057455469 66
91708057462602 91
91708124901326 23
91708124925456 66
91708124933194 91
91708211860694 23
91708211892601 66
91708211900116 91
91708266598882 23
91708266624959 66
91708332943454 91
91708332972892 23
91708332980516 66
91708400368948 91
91708400400867 23
91708400408625 66
91708467730598 91
91708467762249 23
91708467769673 66
91708535104747 91
91708535131872 23
91708535139574 66
91708593897602 91
91708593926049 23
91708593933745 23
91708593940830 66
91708661096010 23
91708661143942 66
91708661153939 91
91708727916288 91
91708795091016 23
91708795119756 66
91708795127410 91
91708862146868 23
91708862168838 66
91708862176512 91
91708929023165 23
91708929047757 66
91708929055306 91
91708996293543 23
91708996327686 66
91708996335102 91
91709069960815 23
91709069990774 66
91709070000069 91
91709137308259 23
91709137338496 66
91709204697788 91
91709204727242 23
91709204734816 66
91709272076347 91
91709272105320 23
91709272112915 66
91709272119954 91
91709339807699 23
91709339826333 66
91709339833947 91
91709406839027 23
91709406863712 66
91709406871756 91
91709465621889 23
91709465646015 66
91709465653608 91
91709532756544 23
91709532773163 66
91709532780452 91
91709599776712 23
91709599794073 66
91709599801532 91
91709666802183 23
91709666820435 66
91709734109210 23
91709734126360 66
91709734133757 91
91709801067159 23
91709801089255 66
91709801096758 91
91709868040832 91
91709935063118 23
91709935082360 66
91709935089795 91
91710008989845 23
91710009007425 66
91710076391316 91
91710076410874 23
91710076418596 23
91710076425727 66
91710143751340 91
91710143770086 23
91710143778001 66
91710211108114 91
91710211124749 23
91710211132315 66
91710278522135 91
91710278544672 23
91710278552366 66
91710345896290 91
91710345916476 23
91710404567177 66
91710404585524 91
91710471548067 23
91710471566934 66
91710471574325 91
91710538739395 23
91710538757464 66
91710538764975 91
91710605753022 23
91710605770303 66
91710605777894 91
91710672783946 23
91710672803260 66
91710672810813 91
91710739814689 23
91710739835550 66
91710739843155 91
91710807018171 23
91710807037127 66
91710807044594 91
91710874007115 23
91710874025803 66
91710874033401 91
91710948071124 23
91710948089159 66
91710948096792 91
91711015464478 23
91711015481514 66
91711015489157 91
91711083007720 23
91711083024093 66
91711083031618 91
91711150245486 23
91711150273339 66
91711150280681 91
91711150287542 23
91711217604782 66
91711217624237 91
91711276461067 23
91711276477932 66
91711276485187 91
91711276492397 23
91711343701380 66
91711343723832 23
91711343731361 66
91711343738472 91
91711410833697 91
91711477699763 23
91711477729024 66
91711477736648 91
91711544658897 23
91711544686826 66
91711544694297 91
91711611853190 23
91711611879094 66
91711678849460 91
91711678875847 23
91711678883468 23
91711678890492 66
91711746572822 23
91711746593637 66
91711746601213 91
91711819834521 91
91711887205504 23
91711887225788 66
91711954587007 23
91711954612786 66
91711954620376 91
91712022000000 91
91712022034324 23
91712089381644 66
91712089412474 91
91712089419925 23
91712156775385 66
91712156801128 91
91712156808756 23
91712215380715 66
91712215404074 91
91712282377650 23
91712282405978 66
91712282413567 91
91712349625353 23
91712349654300 66
91712349661974 91
91712416616928 23
91712416642470 66
91712483648431 23
91712483679450 66
91712483687070 91
91712550613155 91
91712550637498 23
91712617795124 66
91712617818459 91
91712617825909 23
91712691536899 66
91712691561852 91
91712691569741 23
91712758938732 66
91712758959849 91
91712758967360 23
91712826272286 66
91712826291021 91
91712826298604 23
91712826305542 66
91712893767719 91
91712893807516 23
91712961110121 66
91712961140593 91
91713028432669 23
91713028454992 66
91713028462670 91
91713087156218 23
91713087175444 66
91713087182957 91
91713087190027 23
91713154205985 66
91713154225079 91
91713221250101 23
91713221268759 66
91713221276421 91
91713288331133 23
91713288350731 66
91713355428008 91
91713355445791 23
91713422656593 66
91713422678836 91
91713422686610 23
91713489510515 23
91713489531668 66
91713489539239 91
91713489546093 23
91713563224772 66
91713563244317 91
91713563251901 23
91713630642470 66
91713630660658 23
91713630668394 66
91713630675346 91
91713698023866 91
91713767470653 23
91713767490066 66
91713767498134 91
91713832760566 23
91713832778285 66
91713900144411 23
91713900164817 23
91713900172600 66
