94336700649515 91
94336767854133 23
94336767879969 66
94336834635559 91
94336901642077 23
94336901671230 66
94336901679059 91
94336975368592 23
94336975395234 66
94337042748777 91
94337110189069 91
94337110214355 23
94337110222353 23
94337177515895 66
94337177548512 23
94337177555938 66
94337244906050 91
94337312269554 23
94337312301006 66
94337312308772 91
94337438640279 23
94337438703671 66
94337438715510 91
94337505330335 91
94337572387800 23
94337572416478 66
94337572424140 23
94337572431858 66
94337639383408 91
94337706667891 23
94337706691345 66
94337706698872 91
94337773604397 91
94337841503705 23
94337841558947 66
94337916611155 23
94337916644777 66
94337916652604 91
94337981875071 23
94337981901295 66
94338049247402 91
94338116613381 23
94338116642879 66
94338116650710 91
94338183984243 23
94338184015469 66
94338184023248 91
94338251371101 23
94338310094026 66
94338310155256 91
94338377190979 23
94338377222783 66
94338377230282 91
94338444411732 23
94338511262842 66
94338511296744 91
94338578275685 91
94338645472772 23
94338645498286 66
94338645505719 23
94338645512835 66
94338645519843 91
94338712587149 23
94338779660700 66
94338847103864 91
94338847138317 23
94338921058399 66
94338921091657 91
94338988357520 23
94338988389885 66
94338988397472 91
94339055722500 23
94339055753443 66
94339123097388 91
94339181954343 23
94339181988842 66
94339181996339 91
94339249067489 23
94339316113030 66
94339316140342 91
94339394595365 23
94339394630192 66
94339394637765 91
94339450282394 23
94339517313572 66
94339517339208 91
94339584357303 23
94339584384882 66
94339584392472 91
94339725298008 23
94339725324783 66
94339725332395 91
94339792648438 23
94339860037237 66
94339927398945 91
94340062239554 23
94340062270292 66
94340062277881 91
94340121819521 23
94340188668908 66
94340188690940 91
94340255004981 23
94340255031259 66
94340322432127 91
94340389029457 23
94340389049069 66
94340389056693 91
94340456218487 91
94340523309562 23
94340523326626 66
94340523334125 23
94340590231393 66
94340590248271 91
94340664355235 23
94340664372824 66
94340731720482 91
94340799089003 23
94340799104885 91
94340799112545 23
94340866473290 66
94340866489480 23
94340866496969 66
94340866503903 91
94340992955873 23
94340992999115 66
94340993006418 91
94341059826783 23
94341059864177 66
94341126992036 91
94341193992725 91
94341194019993 23
94341194027635 66
94341260966963 23
94341260991341 66
94341260998817 91
94341328036514 23
94341395201834 66
94341395231859 91
94341462199298 23
94341462250960 66
94341462258589 91
94341536135085 23
94341536167218 66
94341603523964 91
94341670891286 91
94341670927493 23
94341738759010 66
94341738785054 23
94341738792708 66
94341806860024 91
94341872984126 23
94341873006595 66
94341998688992 91
94342066033831 23
94342066072120 66
94342066079752 91
94342199872918 23
94342199905287 91
94342199912862 23
94342199919846 66
94342266884777 23
94342266907531 66
94342266915623 91
94342334048450 23
94342408032206 66
94342475177566 91
94342609918524 23
94342609939462 91
94342609947212 23
94342609954361 66
94342677642042 23
94342677660525 66
94342677668066 91
94342744695223 23
94342803371236 66
94342803387535 91
94342871078197 23
94342871095265 66
94342871102926 91
94342937583906 23
94343004792219 66
94343004809787 91
94343071994118 23
94343072012276 66
94343138849326 91
94343205824107 23
94343205843367 66
94343273004294 91
94343347006759 23
94343347039222 66
94343414316055 91
94343481700890 91
94343481732273 23
94343549062334 66
94343549087965 23
94343549095306 66
94343616466460 91
94343675357404 91
94343675385969 23
94343743464978 66
94343743491460 23
94343743499033 66
94343809566276 91
94343876589001 23
94343876620497 66
94343876628088 91
94343943609515 23
94343943641229 66
94343943648691 91
94344077861021 23
94344077902747 66
94344077910429 91
94344144797771 23
94344144823815 66
94344218634115 91
94344286010329 23
94344286032536 66
94344353379836 91
94344488118336 23
94344488140994 66
94344488148637 91
94344555516660 91
94344614226074 23
94344614244556 66
94344681291646 23
94344681307502 66
94344681314810 91
94344748496423 23
94344748513060 66
94344748520529 91
94344882408455 23
94344882431726 66
94344949480662 91
94345016582640 23
94345016598849 66
94345016606123 91
94345090318033 23
94345157689576 66
94345157706402 91
94345225064385 23
94345225080203 66
94345292506799 91
94345359886687 23
94345427196659 66
94345427213717 91
94345494653756 91
94345494671244 23
94345494678759 66
94345553329259 23
94345553364124 66
94345553371591 91
94345687286368 23
94345687315503 66
94345687323311 91
94345754495695 23
94345821555480 66
94345888565519 91
94345955614846 23
94345955644610 66
94346029472477 91
94346097012919 91
94346097059060 23
94346097066449 66
94346164282715 23
94346164319128 66
94346164326960 91
94346231698661 91
94346299032753 23
94346299076082 66
94346299083776 23
94346366405806 66
94346366436346 91
94346425289546 91
94346492264331 23
94346492292263 66
94346492299764 23
94346559323245 66
94346559356688 91
94346693287195 23
94346693316776 66
94346693324500 91
94346760435091 23
94346760454452 91
94346827350117 23
94346827373587 66
94346905462039 23
94346905482136 66
94346905489590 91
94346961648103 23
94347028630867 66
94347028648184 91
94347104022420 23
94347162862319 23
94347162878928 66
94347162886543 91
94347230208779 91
94347308753160 23
94347308786896 66
94347363986877 23
94347364016526 66
94347364024301 91
94347440678813 23
94347440710067 66
94347504816868 91
94347565240281 91
94347565264709 23
94347641980486 66
94347642008170 23
94347642015596 66
94347699290285 91
94347766492785 23
94347766517387 66
94347766525278 91
94347843915297 23
94347843942098 66
94347901126255 91
94347973092096 23
94347973123787 66
94347973131352 91
94348034849146 23
94348034877827 66
94348102497705 91
94348168864389 23
94348168893873 66
94348168901479 91
94348247206239 23
94348303030965 66
94348303058937 91
94348375940531 23
94348375970858 66
94348375978544 91
94348443318599 23
94348510754883 66
94348510786743 91
94348578099621 91
94348578132549 23
94348645465819 66
94348645495911 91
94348713043398 23
94348713071746 66
94348713079362 23
94348780270618 66
94348780294707 91
94348847593454 23
94348847616469 66
94348847624101 91
94348974580584 23
94348974604960 66
94349040762119 91
94349107677001 23
94349107703463 66
94349174765965 91
94349241960657 91
94349241995140 23
94349309081561 66
94349309106495 23
94349309113984 66
94349375964587 91
94349449765776 23
94349449792294 66
94349449799859 91
94349517150339 23
94349517175109 66
94349584536060 91
94349651899810 23
94349651923182 66
94349719307191 91
94349719331751 23
94349786692437 66
94349786720429 91
94349845456358 91
94349912834454 23
94349912860121 66
94349912867785 23
94349979977943 66
94349980001783 91
94350046684632 23
94350046711975 66
94350046719572 91
94350113674196 23
94350113701679 66
94350180692592 91
94350247914206 23
94350247945529 66
94350247953132 91
94350388908513 91
94350388942021 23
94350388950141 66
94350456321531 23
94350456357633 66
94350456365494 91
94350523664423 91
94350591041773 23
94350591073884 66
94350658374396 23
94350658401544 66
94350658408861 91
94350717439617 23
94350784404202 66
94350784437154 91
94350851385743 23
94350918585047 66
94350918619440 91
94350985601873 23
94350985627220 66
94351052791421 91
94351119551006 23
94351119569870 66
94351186774828 91
94351260574708 23
94351260598249 91
94351260606307 23
94351260613443 66
94351327904463 23
94351327922995 66
94351327930440 91
94351395296312 23
94351462751627 66
94351462783855 91
94351530131533 91
94351530169484 23
94351597493496 66
94351597521925 23
94351597529335 66
94351656222030 91
94351723272843 23
94351723295539 66
94351723302786 91
94351857439305 23
94351857466130 66
94351857473748 91
94351991468253 23
94351991497359 66
94351991504934 91
94352132282994 23
94352132310115 66
94352132317721 91
94352199725236 23
94352267098372 66
94352267131535 91
94352334467617 23
94352334495965 66
94352334503572 91
94352401803393 23
94352401835152 66
94352469275399 91
94352528087732 23
94352528121853 66
94352528129363 91
94352595190351 23
94352595218303 66
94352662222474 91
94352729216115 91
94352729241453 23
94352796343586 66
94352796374690 23
94352796382076 66
94352863517350 91
94352930517132 23
94352930552156 66
94352997537214 91
94353071436033 23
94353071467809 66
94353138779569 91
94353209170843 23
94353209198660 66
94353209206203 91
94353273574703 23
94353273609142 66
94353340911694 91
94353399917144 23
94353467099137 66
94353467122655 91
94353467130068 91
94353467137009 12
94353534264574 23
94353534288828 66
94353534297085 91
94353668144288 23
94353668172978 66
94353668180676 91
94353735262475 91
94353802262122 23
94353802289617 66
94353802296971 91
94353869397161 23
94353869417493 66
94353936418214 23
94353936439916 66
94353936447411 91
94354010531509 23
94354010563480 66
94354010571429 91
94354077929766 23
94354145260650 66
94354145288008 91
94354212651273 23
94354212680888 66
94354280041265 91
94354338859042 23
94354338889969 66
94354338897375 91
94354405994427 23
94354406022015 66
94354406029614 91
94354539976284 23
94354540006148 66
94354540014094 91
94354607030108 23
94354607064595 66
94354674179570 91
94354741350499 23
94354741397765 66
94354741405377 91
94354808196358 91
94354882197843 23
94354882223168 66
94354882230723 23
94354882237717 66
94354949634013 91
94355017215253 91
94355084379580 23
94355084413165 66
94355151775610 23
94355151803773 66
94355151811280 91
94355219129024 91
94355278068815 23
94355278099853 66
94355344907187 91
94355344933672 23
94355344941171 66
94355411893928 23
94355411925386 66
94355411933066 91
94355478858706 23
94355546055518 66
94355546078891 91
94355613281901 91
94355680525486 23
94355680559347 66
94355680567033 23
94355680574284 66
94355747230857 91
94355821339638 23
94355821365900 66
94355888695515 91
94355956078983 91
94355956108731 23
94355956116292 66
94356046530990 23
94356046567890 66
94356046576107 91
94356090902922 23
94356149759630 66
94356149791441 91
94356216737154 23
94356216765589 66
94356350761705 91
94356417941387 23
94356417972324 66
94356484927191 91
94356551977399 23
94356552001933 66
94356619091206 91
94356693097234 23
94356693132695 66
94356760438376 91
94356827775753 23
94356827803963 66
94356827811482 91
94356962566784 23
94356962602158 66
94356962609689 91
94357021491734 91
94357088464703 23
94357088492622 66
94357088500310 23
94357155681128 66
94357155707517 91
94357222670008 23
94357222697867 66
94357222705722 91
94357289754932 23
94357356952177 66
94357356977751 91
94357424004672 23
94357424045934 66
94357424053819 91
94357490989854 23
94357564748788 66
94357564780463 91
94357632122016 23
94357701589141 66
94357701614544 91
94357834329246 23
94357834361249 66
94357834369168 91
94357901659442 23
94357901684491 66
94357960453206 91
94358027661735 23
94358027688916 66
94358161656819 91
94358228616236 23
94358228639553 66
94358228646948 91
94358295830757 91
94358362852744 23
94358362888939 23
94358362896518 66
94358362903500 23
94358430290541 66
94358430322731 91
94358496866189 23
94358496893443 66
94358572095736 91
94358638632313 23
94358638660895 66
94358638668576 91
94358705997809 91
94358773504111 23
94358773545926 66
94358832322500 23
94358832344611 66
94358832352109 91
94358899265030 23
94358966324062 66
94358966349912 91
94359033375954 23
94359033400468 66
94359033407915 91
94359100567196 23
94359100602126 66
94359167583000 91
94359234634306 23
94359234662404 66
94359301778765 91
94359375549506 23
94359442984078 66
94359443019885 91
94359510411419 23
94359510439361 23
94359510446803 66
94359577705756 91
94359577733867 23
94359645090920 66
94359645117562 91
94359712439367 23
94359712459222 91
94359771379803 23
94359771414002 66
94359838508142 23
94359838542759 66
94359838550441 91
94359905309043 23
94359972338593 66
94360039468213 91
94360106575032 23
94360106606212 66
94360106613844 91
94360247282157 23
94360247311853 66
94360314829403 91
94360382146949 91
94360449467952 23
94360449499656 66
94360516770702 23
94360516792685 66
94360516800184 91
94360584202361 23
94360642968490 66
94360642992294 91
94360710005539 23
94360710032505 66
94360710040100 91
94360844977571 91
94360845002967 23
94360845010582 66
94360911251860 23
94360911285870 66
94360911293409 91
94361045462121 23
94361045498352 66
94361045505656 91
94361112504668 23
94361112538342 66
94361186385659 91
94361253744448 23
94361321574086 66
94361321607831 91
94361455902119 91
94361455930535 23
94361455938119 66
94361523265591 23
94361523292225 66
94361523299640 91
94361581859662 23
94361581884259 66
94361649087725 91
94361715988642 23
94361716016000 66
94361716024080 91
94361783037582 23
94361783061087 66
94361850265130 91
94361917461467 23
94361917483042 66
94361917490573 91
94361984336956 23
94362058143198 66
94362058180125 91
94362125594776 23
94362125626922 66
94362192919740 91
94362260238937 23
94362260265067 66
94362327633113 91
94362394990890 23
94362395019279 66
94362453678719 91
94362520905623 91
94362520928353 23
94362587954751 66
94362587988508 23
94362587996154 66
94362655383518 91
94362721967166 23
94362721997059 66
94362722004483 91
94362789171332 23
94362856157552 66
94362856184901 91
94362923207024 91
94362923234608 23
94362923242207 66
94362997370946 23
94362997402679 66
94363064997837 91
94363131998494 23
94363132034160 66
94363132041554 91
94363199372432 23
94363199405600 66
94363266720862 91
94363325668782 91
94363325696436 23
94363325704357 66
94363392788555 91
94363392821067 23
94363392828431 66
94363459726703 23
94363459757519 23
94363459765229 66
