82221002957189 91
82221070403168 91
82221070435332 23
82221137698457 66
82221137728150 91
82221205075016 23
82221205111589 66
82221205118864 91
82221272450400 23
82221272487723 66
82221272495296 91
82221398698638 23
82221398738677 66
82221398746089 91
82221465677489 91
82221532762216 23
82221532796610 66
82221532804069 91
82221599832734 23
82221599862717 66
82221599870152 91
82221666713635 23
82221666751181 66
82221666758692 91
82221733719527 23
82221733750971 66
82221733758319 91
82221800788082 23
82221800821230 66
82221874650266 91
82221874683781 23
82221951533847 66
82221951568796 91
82221951576627 23
82222009421789 66
82222009452734 91
82222076900276 23
82222076938899 66
82222076946494 91
82222144313736 23
82222144350261 66
82222144357468 91
82222211748773 23
82222211783600 66
82222211791230 91
82222270387288 23
82222270426661 66
82222270434659 91
82222337391399 23
82222337424822 66
82222404366242 91
82222404405275 23
82222404412947 66
82222471717807 91
82222471753507 23
82222538642890 66
82222538683098 91
82222605858241 23
82222605912264 66
82222605920010 91
82222691800462 23
82222691849204 66
82222691856979 91
82222746699718 23
82222746735148 66
82222746742645 91
82222813789715 23
82222813833875 66
82222881269823 91
82222881310320 23
82222948631469 66
82222948681000 91
82223016040983 23
82223016075846 66
82223016083632 23
82223083446326 66
82223083490738 91
82223142125230 91
82223209417638 23
82223209459672 66
82223209467591 91
82223276653429 23
82223276686846 66
82223276694356 91
82223343330706 23
82223343362360 66
82223410339388 91
82223410372385 23
82223477565455 66
82223477601674 91
82223477609026 23
82223544625081 66
82223544677026 91
82223611920854 91
82223611962593 23
82223611970798 23
82223611977876 66
82223685486962 91
82223685523316 23
82223753053813 66
82223753097587 91
82223820258161 23
82223820291552 66
82223820299482 91
82223887643762 23
82223887674204 66
82223887681540 91
82223955038648 23
82223955078781 66
82223955086350 91
82224035566591 23
82224035610436 66
82224081418114 91
82224081457356 23
82224149615304 66
82224149644948 91
82224215381750 23
82224215431018 66
82224215438644 91
82224282412139 23
82224282450758 66
82224357321650 91
82224357369589 23
82224425837141 66
82224425866034 91
82224425873649 23
82224491915743 66
82224491954627 91
82224491962275 23
82224551271205 66
82224551328194 91
82224617573336 23
82224617609782 66
82224617617323 91
82224684582023 23
82224684612111 66
82224684619537 91
82224759297768 23
82224759334866 66
82224759342489 91
82224818826903 23
82224885789097 66
82224885823763 91
82224885831656 23
82224952841920 66
82224952872152 91
82224952879526 23
82225043513013 66
82225043574426 91
82225043585672 23
82225094271717 66
82225094309690 91
82225161503006 23
82225161537909 66
82225161545432 91
82225228880802 23
82225228916073 66
82225228923471 91
82225296272344 23
82225296307205 66
82225296314785 91
82225363791216 23
82225363838985 66
82225363846456 91
82225422331679 23
82225489496120 66
82225489529169 91
82225556525863 23
82225556558065 66
82225556565572 91
82225623535982 91
82225623573283 23
82225690629795 14
82225690671482 66
82225690679320 91
82225757728416 23
82225757764860 66
82225757772586 91
82225824981459 23
82225825013325 66
82225825020738 91
82225892082616 23
82225892167658 66
82225976826561 91
82225976863565 23
82225976871030 66
82226033229872 91
82226033266503 23
82226100858626 66
82226100913536 91
82226100923022 23
82226168068648 66
82226168108482 91
82226235536638 23
82226235585863 66
82226235593223 91
82226294226388 23
82226294260553 23
82226294268017 66
82226294274832 91
82226361424008 23
82226361506477 66
82226361516309 91
82226428463838 23
82226428506737 91
82226495393933 23
82226495429016 14
82226495437076 66
82226562432789 91
82226562468193 23
82226562475951 66
82226629776363 91
82226696733071 23
82226696778376 66
82226696785800 91
82226763695642 23
82226763726297 66
82226763733760 91
82226837572075 23
82226837611108 66
82226837618649 91
82226904963945 23
82226904995000 66
82226905003203 91
82226972323492 23
82226972353936 66
82226972361363 91
82227039699355 23
82227039735813 66
82227107079406 91
82227107115832 23
82227107123317 66
82227174465090 91
82227174499953 23
82227233255618 66
82227233293728 91
82227233301464 23
82227300216156 66
82227300251105 91
82227367328125 91
82227367374727 23
82227367382280 23
82227367389348 14
82227441923138 66
82227441959801 91
82227441967214 23
82227509271473 66
82227509310189 91
82227576734380 23
82227576775609 66
82227576783056 91
82227635524544 23
82227635557602 66
82227635565047 91
82227702789812 23
82227702840766 66
82227769675432 91
82227769717478 23
82227836693828 66
82227836726654 91
82227836734205 23
82227904003012 66
82227904035439 91
82227970888095 23
82227970920273 66
82227970928057 91
82228037920827 91
82228104955225 23
82228104994342 14
82228105001594 23
82228105008781 66
82228105015929 91
82228178893590 23
82228178928911 66
82228178936754 91
82228246252602 23
82228246289012 66
82228313674001 91
82228313708030 23
82228313715555 66
82228380959339 91
82228380997795 23
82228448355019 66
82228448388279 91
82228448395913 23
82228515769231 66
82228515800011 91
82228515807763 23
82228574494896 23
82228574531467 66
82228574538950 91
82228641482231 23
82228641520866 66
82228641528429 91
82228708547014 23
82228708582316 66
82228708589891 91
82228775741358 23
82228775776097 23
82228845181396 66
82228845222922 91
82228845232277 23
82228909809157 66
82228909847281 91
82228909855071 23
82228976906788 66
82228976942902 91
82229050657739 23
82229050691806 66
82229050699321 91
82229118009006 23
82229118046919 66
82229118054261 91
82229185419908 23
82229185459171 66
82229252948593 91
82229253014248 23
82229320081974 66
82229320116765 91
82229320124628 23
82229387514082 66
82229387566542 91
82229446305005 23
82229446338024 66
82229446345797 91
82229513334049 23
82229513366631 66
82229513374170 91
82229580526616 23
82229580558267 66
82229647527894 91
82229647561252 23
82229714555496 66
82229714588467 91
82229714596072 23
82229781728625 66
82229781760756 91
82229848733492 23
82229848766675 66
82229848774470 91
82229915852318 23
82229915884765 66
82229915892556 91
82230000097923 23
82230000136289 66
82230000143952 91
82230057078173 23
82230057122070 66
82230124509485 91
82230124548212 23
82230191821921 66
82230191858862 91
82230191866460 23
82230259291817 66
82230259329481 91
82230326534626 23
82230326574031 66
82230326581530 91
82230394080681 23
82230394117669 66
82230394125196 91
82230452854256 23
82230452895472 66
82230452903194 91
82230519665117 23
82230519724902 66
82230586686048 91
82230656012901 23
82230656047565 66
82230656054961 91
82230720638050 23
82230720673703 66
82230787754776 23
82230787785922 66
82230787793433 91
82230854728811 23
82230854763461 66
82230854770869 91
82230928758188 23
82230928790905 66
82230996276913 91
82230996310207 23
82230996317947 66
82231063633775 91
82231063695518 23
82231130903120 66
82231130941701 91
82231198291055 91
82231198325233 23
82231198332802 66
82231257108348 91
82231257144199 23
82231324465424 66
82231324510399 91
82231391265673 23
82231391302150 66
82231391309898 91
82231458305515 23
82231458345940 66
82231458353763 91
82231525412625 23
82231525458308 66
82231525466807 91
82231592484781 23
82231592521227 66
82231669926679 91
82231669962832 23
82231726567069 66
82231726608233 91
82231800570633 23
82231800602813 66
82231800610499 91
82231867857656 23
82231867888688 66
82231867896283 91
82231943705647 23
82231943749021 66
82231943757007 91
82232002675977 23
82232002788425 66
82232002797087 91
82232070112162 23
82232070160933 66
82232137527060 91
82232137566906 23
82232217253872 66
82232217295826 91
82232263044501 23
82232263074492 66
82232263082170 91
82232330400080 23
82232330497410 66
82232397384017 91
82232397421529 23
82232397429328 66
82232464554681 91
82232464587738 23
82232531430495 66
82232531482874 23
82232531490482 91
82232598454873 23
82232598489461 66
82232598496988 91
82232672251878 23
82232672291172 66
82232672298647 91
82232739694550 23
82232739743039 66
82232806977306 91
82232807021239 23
82232874336715 66
82232874370331 91
82232874378079 23
82232941710456 66
82232941746934 91
82233009109299 23
82233009144486 66
82233009152216 91
82233068032783 23
82233068072087 66
82233068079618 91
82233135003721 23
82233135038691 66
82233135046855 91
82233202094239 23
82233202134505 66
82233202142334 91
82233269067033 23
82233269104069 66
82233336447373 91
82233336492491 23
82233403327866 66
82233403360571 91
82233403368260 23
82233470841589 66
82233470897841 91
82233537519048 23
82233537565963 66
82233537575280 91
82233611328410 23
82233611367761 66
82233611375316 91
82233679104518 23
82233679176747 66
82233679188082 91
82233762836831 23
82233762885619 91
82233813578044 23
82233813629014 66
82233880907355 91
82233880942812 23
82233880950429 66
82233948228910 91
82233948264087 23
82234014735701 66
82234014778443 91
82234074012063 23
82234074050038 66
82234074057617 91
82234141138579 23
82234141184105 66
82234141193790 91
82234207991423 23
82234208036358 66
82234275162823 91
82234275199146 23
82234275206567 66
82234342200196 91
82234342249562 23
82234409223076 66
82234409260484 91
82234483103516 23
82234483144500 66
82234483151985 91
82234550457076 23
82234550494397 66
82234617836304 91
82234617877938 23
82234685198650 66
82234685239913 91
82234752820357 23
82234752863604 66
82234752872827 91
82234820168665 23
82234820207159 66
82234820214790 91
82234879063684 23
82234879099669 66
82234879107383 91
82234946102845 23
82234946146166 66
82234946155850 91
82235012817688 23
82235080456385 66
82235080517247 91
82235147164408 23
82235147209057 66
82235147216705 91
82235213977359 23
82235214014103 66
82235214021892 91
82235281195301 23
82235281232765 66
82235281241173 91
82235348177965 23
82235348215260 66
82235348223137 91
82235422132526 23
82235489530315 66
82235489565785 91
82235556886654 23
82235556920811 66
82235556928638 91
82235624284440 23
82235624329178 66
82235624339615 91
82235705326994 23
82235705368065 66
82235705375904 91
82235750578580 23
82235750614863 66
82235817586264 91
82235817617525 23
82235884660857 66
82235884696169 91
82235884703662 23
82235963545656 66
82235963601947 91
82235963612735 23
82236018843373 66
82236018891039 91
82236085943484 23
82236085984510 66
82236085992180 91
82236152868673 23
82236152909004 66
82236152916927 91
82236220316932 23
82236220351982 66
82236293860489 91
82236293906560 23
82236361285703 66
82236361317937 91
82236361325319 23
82236428647749 66
82236428688864 91
82236499282580 23
82236499311343 66
82236499318970 91
82236563431454 23
82236563473173 66
82236563481521 91
82236630740843 23
82236630771102 66
82236630778519 91
82236698191908 23
82236698232233 66
82236698239744 91
82236756573300 23
82236756606504 66
82236756613956 91
82236823544436 23
82236823575882 66
82236890559956 91
82236890591613 23
82236957784495 66
82236957818463 91
82236957826717 23
82237024868184 66
82237024913871 91
82237091818117 23
82237091856744 66
82237091864355 91
82237165554452 23
82237165589921 66
82237232979653 91
82237233015846 23
82237300298818 66
82237300331416 91
82237300339132 23
82237368310087 66
82237368364687 91
82237435101922 23
82237435137575 66
82237435145074 91
82237502443529 23
82237502478750 66
82237502486156 91
82237561360470 23
82237561400979 66
82237561408635 91
82237628501923 23
82237628566535 66
82237628574078 91
82237695855680 23
82237696014890 66
82237696025506 91
82237762480534 23
82237762517043 66
82237762524856 91
82237829566749 23
82237829600573 66
82237896789863 91
82237963989027 23
82237964028068 66
82237964035933 91
82238031207351 23
82238031262032 66
82238031269358 91
82238104661469 23
82238104707856 66
82238104715981 91
82238182472880 23
82238182512993 66
82238182520486 91
82238239470804 23
82238239505565 66
82238239513178 91
82238307143906 23
82238307185704 66
82238307193093 91
82238374369210 23
82238374409933 66
82238441787407 91
82238441852970 23
82238500193450 66
82238500369361 91
82238567359528 23
82238567396590 66
82238567404384 91
82238634329689 23
82238634367340 66
82238634377053 91
82238704898692 23
82238704936788 66
82238704947107 91
82238768752329 23
82238768790065 66
82238768797628 91
82238835513749 23
82238835548300 66
82238902651706 91
82238902684518 23
82238976376181 66
82238976408673 91
82238976416139 23
82239043776090 66
82239043834587 91
82239111155399 23
82239111186519 66
82239111194098 91
82239178622747 23
82239178667271 66
82239178675092 91
82239245943287 23
82239245981413 66
82239245988920 91
82239313292585 23
82239313331453 66
82239313339141 91
82239372244579 23
82239439242475 66
82239439281120 91
82239506308816 23
82239506350621 66
82239506358273 91
82239573287313 23
82239573336794 66
82239573347543 91
82239640549458 23
82239640597621 66
82239707623651 91
82239707678879 23
82239707688318 66
82239774616626 91
82239774671958 23
82239841479304 66
82239841564395 91
82239841574989 23
82239915648162 66
82239915718070 91
82239982936280 23
82239982966485 66
82239982974124 91
82240050313680 23
82240050351846 66
82240050359582 91
82240117608039 91
82240117655550 23
82240185009070 66
82240185042106 91
82240252468088 23
82240252504787 66
82240252512520 91
82240310958324 23
82240310998594 66
82240311006129 23
82240311012914 91
82240378188092 23
82240378218761 66
82240445062560 91
82240445099877 23
82240512214610 66
82240512262680 91
82240512270288 23
82240579298464 66
82240579332285 91
82240646343444 23
82240646378388 66
82240646385842 91
82240713367456 23
82240713409088 66
82240713416839 91
82240787167541 23
82240787197545 66
82240787205058 91
82240854544402 23
82240854584579 66
82240854592165 91
82240921913359 23
82240921947675 66
82240989437560 23
82240989472946 66
82241056667886 23
82241124044842 66
