87689553616010 91
87689609321681 91
87689609350584 23
87689676558363 66
87689676598215 23
87689676605786 66
87689676612897 91
87689810611647 91
87689810646639 23
87689810654087 66
87689877759209 91
87689877790753 23
87689877798600 66
87689956900282 23
87689956928690 91
87690011719780 23
87690011753147 66
87690011760764 91
87690079082256 23
87690079132914 66
87690079143933 91
87690146167873 23
87690146197550 66
87690224242170 91
87690224276355 23
87690224284007 66
87690279992537 23
87690280025642 66
87690280033364 91
87690347114497 23
87690420135396 66
87690420166322 91
87690481301560 23
87690481329655 66
87690548368653 91
87690627439108 23
87690682419242 66
87690682452710 91
87690759340237 23
87690759375344 66
87690816590856 91
87690890461719 23
87690890495047 91
87690950629766 23
87690950659464 66
87690950666997 91
87691017895347 23
87691017927488 66
87691084846849 91
87691084880336 23
87691162678628 66
87691162733292 91
87691162743931 23
87691162751892 66
87691218876360 23
87691218904166 91
87691218912251 23
87691293334596 66
87691293363906 91
87691353042605 23
87691353079180 66
87691420201419 91
87691420246066 23
87691420253681 66
87691487317284 91
87691487353736 23
87691565848391 66
87691565876644 91
87691621359461 23
87691621390402 66
87691621398019 91
87691696237864 23
87691696271351 66
87691696278568 23
87691767122845 66
87691767158410 91
87691822695814 23
87691822728771 66
87691822736521 91
87691969107239 23
87691969142151 66
87691969149895 91
87692097133178 23
87692097176904 66
87692097184622 91
87692225205011 23
87692225239808 66
87692225247623 91
87692291988467 23
87692359103535 66
87692359136912 91
87692359144437 91
87692438293962 23
87692438325333 66
87692493230069 91
87692493263590 23
87692560224933 66
87692560255680 91
87692627561809 23
87692627598162 66
87692627605868 23
87692705590925 66
87692705622548 91
87692761668893 91
87692761714654 23
87692828462603 66
87692828491100 91
87692907569414 23
87692907600317 66
87692907607969 91
87692970846594 23
87692970872645 23
87692970880244 66
87693038688174 91
87693038733455 23
87693038741330 66
87693096805682 23
87693096833936 66
87693096841485 91
87693174761782 91
87693231094308 23
87693231128344 66
87693231135873 91
87693297965602 23
87693297997755 66
87693365141208 23
87693365178385 66
87693365186223 91
87693432083463 91
87693432113370 23
87693499212351 66
87693499247540 23
87693499255325 66
87693499262665 91
87693577987937 91
87693633554827 23
87693633593118 66
87693709890913 23
87693709924377 66
87693709931823 91
87693767771992 91
87693834419431 23
87693834449131 66
87693834456833 23
87693901626027 66
87693968828418 91
87694047266262 91
87694047302802 23
87694102774166 66
87694102812800 91
87694102820468 23
87694179135488 66
87694179175344 91
87694236911957 23
87694236942814 66
87694312276094 23
87694312310484 66
87694312318216 91
87694371309515 91
87694371339489 23
87694371347004 66
87694450457988 23
87694450489846 66
87694450497575 91
87694582327191 23
87694582360326 66
87694582367925 91
87694658236426 23
87694658273471 66
87694717770384 91
87694773619137 23
87694773660289 66
87694773667679 91
87694840540348 91
87694922373939 23
87694922403594 66
87694974571074 23
87694974605449 66
87694974613137 91
87695041914005 91
87695041944019 23
87695108932240 66
87695108975837 91
87695183047456 23
87695183077441 66
87695250034740 23
87695250070306 66
87695250077625 91
87695317436047 91
87695317469900 23
87695317477560 66
87695384796972 91
87695384829176 23
87695452268222 66
87695452301720 23
87695452309410 66
87695452316540 91
87695511128294 91
87695578259034 23
87695578321913 66
87695645254443 91
87695645284647 23
87695712337016 66
87695712367122 23
87695712374717 66
87695712381820 91
87695779535324 91
87695846590080 23
87695846619044 66
87695846626577 23
87695913519751 66
87695913550175 91
87695980656331 23
87695980690872 66
87695980698550 91
87696054373069 91
87696121862887 23
87696121909534 66
87696121917033 91
87696189127818 23
87696189156712 66
87696189164870 91
87696256505031 23
87696256533023 66
87696323891036 23
87696323920951 91
87696391321282 23
87696391359033 66
87696391366778 91
87696458649790 23
87696458687972 66
87696458695620 91
87696517112658 23
87696517146414 66
87696584196504 23
87696584234081 66
87696584244164 91
87696651269003 91
87696651301990 23
87696718264931 66
87696718296898 23
87696785523371 66
87696785555611 91
87696852544704 91
87696852575729 23
87696919577509 66
87696919616292 91
87697001826976 23
87697001868197 66
87697001875632 91
87697060910015 23
87697060958432 66
87697060968777 23
87697060976869 91
87697128350986 23
87697128390822 66
87697128398715 23
87697208574363 66
87697208613956 91
87697263019046 91
87697330395416 23
87697330431908 66
87697330439473 91
87697389250864 23
87697389284774 66
87697389292567 23
87697456081546 66
87697456116942 91
87697523133373 91
87697523162502 23
87697523170009 66
87697590178446 91
87697657511866 23
87697657562337 66
87697657572378 91
87697724309447 23
87697724353483 66
87697791491744 23
87697791520631 66
87697791528568 91
87697865195730 23
87697932533382 66
87697932560728 91
87697999953767 23
87697999986352 66
87698067345239 91
87698134717651 91
87698134759124 23
87698202117227 66
87698202149701 91
87698202157266 23
87698260922906 66
87698260956797 91
87698327944995 23
87698327975503 66
87698327983390 91
87698395037171 23
87698395069011 66
87698395076600 91
87698462153129 23
87698462192139 66
87698529315321 91
87698529351405 23
87698602920727 66
87698602959378 23
87698602966993 66
87698602973895 91
87698730262858 91
87698730296406 23
87698797266033 66
87698797296725 91
87698797304813 23
87698875436641 66
87698875470842 91
87698931590472 23
87698931618631 66
87698931626266 23
87699005784886 66
87699005815812 91
87699005823454 91
87699065552986 23
87699132741058 66
87699132773501 91
87699132781159 23
87699199868764 66
87699199905756 91
87699278803151 23
87699278843711 66
87699333869755 91
87699333905021 23
87699333912578 23
87699333919580 66
87699408685615 91
87699408718591 23
87699480024786 66
87699480057042 91
87699480064976 23
87699535061558 66
87699535093348 23
87699535100575 66
87699535107537 91
87699669160736 91
87699669198558 23
87699669206214 66
87699736251803 91
87699736281608 23
87699736289145 66
87699813898145 91
87699876856994 23
87699876884935 66
87699876892571 91
87699949187428 23
87699949220777 66
87700008965245 23
87700009016017 66
87700009023717 91
87700081122540 23
87700081153362 91
87700138767225 23
87700138800153 66
87700138807712 91
87700205817650 23
87700205850568 66
87700205858244 91
87700272952144 23
87700272986319 66
87700339943819 91
87700339988158 23
87700418423917 66
87700418457285 91
87700418464949 23
87700418472591 66
87700474005983 23
87700474035944 66
87700474043656 91
87700620381802 91
87700620414338 23
87700620422004 66
87700620428901 91
87700680576882 23
87700680603942 66
87700742435560 23
87700742469864 66
87700742477381 91
87700821689449 91
87700876419364 23
87700876451296 66
87700953631128 91
87700953663028 23
87700953670611 66
87701010686034 91
87701077654660 23
87701077691472 66
87701077700516 91
87701162372713 23
87701162408835 66
87701162416553 23
87701162423626 66
87701211694421 91
87701278926158 23
87701278956681 66
87701345799814 91
87701420302373 91
87701420340348 23
87701479974253 66
87701480017425 91
87701547088798 23
87701547119152 66
87701614091412 23
87701614125163 66
87701614132741 91
87701681202597 91
87701755125622 23
87701755163736 66
87701755171619 91
87701822592383 23
87701822628616 66
87701822636412 91
87701890061454 23
87701890108569 66
87701957311299 91
87701957342129 23
87701957349680 66
87702024644200 23
87702024681246 66
87702024688789 91
87702083667995 91
87702150615098 23
87702150649525 66
87702150657412 91
87702217626331 23
87702217658906 66
87702284857771 91
87702284895342 23
87702351950017 23
87702351987910 66
87702351995465 23
87702418909233 66
87702418940707 91
87702486067964 23
87702486096889 66
87702486104539 91
87702626904250 23
87702626943378 66
87702626950929 91
87702694410897 91
87702761624179 23
87702761658225 66
87702829029289 91
87702829064250 23
87702829071952 66
87702896410031 91
87702896449881 23
87702896457515 66
87702963757679 91
87702963798675 23
87703022649709 66
87703022690154 23
87703022697810 66
87703089548687 91
87703156701274 91
87703156739241 23
87703156747172 66
87703223713706 91
87703223744711 23
87703290756546 66
87703290787402 23
87703290795014 66
87703290801984 91
87703357762131 91
87703424989908 23
87703425022987 66
87703492068816 23
87703492095146 66
87703492102977 91
87703566051140 91
87703566092621 23
87703635608998 66
87703635640415 91
87703700897794 23
87703700955100 66
87703700962563 23
87703768148639 66
87703768184079 91
87703835485382 23
87703835520996 66
87703894496487 91
87703961566043 91
87704028513995 23
87704028544326 66
87704028551890 23
87704095556529 66
87704095593112 91
87704162697602 91
87704162731738 23
87704229726406 66
87704229760471 91
87704296725396 23
87704296755059 66
87704296762504 91
87704363836498 23
87704363878144 66
87704363885514 91
87704437794462 23
87704437829328 66
87704505089045 91
87704505126722 23
87704505134195 66
87704572517651 23
87704572558287 66
87704572586738 91
87704639871430 91
87704707330993 23
87704707381005 66
87704774574091 23
87704774604445 66
87704774611924 91
87704833513961 91
87704900358835 23
87704900390961 66
87704900398416 91
87704967474280 23
87704967508979 66
87704967516707 91
87705034461549 23
87705034492164 66
87705101541444 91
87705101570199 23
87705101577961 66
87705168709918 91
87705235699618 23
87705235734172 66
87705235741836 91
87705314904858 23
87705314940317 66
87705314948431 91
87705369736013 23
87705369769812 66
87705369777697 91
87705446816113 23
87705446849721 66
87705504011656 23
87705504047547 91
87705504055454 23
87705583458965 66
87705583496093 23
87705583503966 66
87705638087096 91
87705705294566 91
87705705329250 23
87705705336737 66
87705772228993 91
87705849987895 23
87705850021793 66
87705850029493 91
87705850036495 23
87705906298011 66
87705906334379 91
87705973534940 23
87705973569462 66
87706050180720 23
87706050248393 66
87706108609159 91
87706174737980 23
87706241713560 66
87706241741525 91
87706319218431 23
87706319256317 91
87706375731124 23
87706375761468 66
87706443019232 23
87706443062650 66
87706443070233 91
87706510017268 91
87706576920098 23
87706576950672 66
87706644135733 91
87706644166694 23
87706644174420 66
87706722558760 91
87706722599932 23
87706778136349 66
87706778168156 91
87706778176017 23
87706845304215 66
87706845334160 91
87706912538843 23
87706912575436 66
87706912583233 91
87706989689608 23
87706989723333 66
87707046383413 91
87707046418141 23
87707046425960 66
87707113473346 23
87707113505140 91
87707191695619 23
87707191731431 66
87707191739121 23
87707247708794 66
87707247737250 91
87707314749592 91
87707314783663 23
87707391442220 66
87707391479481 91
87707391487346 23
87707448764129 66
87707448800817 91
87707516029835 23
87707516062737 66
87707516070465 91
87707594923530 23
87707594956484 66
87707650084612 23
87707650118140 66
87707650125741 91
87707784214495 23
87707784249825 66
87707784257593 91
87707918262364 91
87707918297035 23
87707918304809 66
87707985453942 91
87707985485973 23
87707985493394 66
87708064307788 23
87708064347662 66
87708064355752 91
87708119443131 91
87708186500021 23
87708186528592 66
87708186535987 91
87708253659833 23
87708253692126 66
87708331416268 91
87708331444883 23
87708387713086 66
87708387741889 23
87708387749623 66
87708387756737 91
87708533413209 23
87708533450609 66
87708590736038 91
87708656041367 91
87708723170193 23
87708723203063 66
87708723210905 91
87708800582730 23
87708800610269 66
87708800617756 91
87708857232411 23
87708857266081 66
87708924292262 91
87708924322450 23
87708924329937 66
87708991587677 91
87708991628766 23
87708991636578 66
87709058400940 23
87709058434629 91
87709125388186 23
87709125430210 66
87709125439353 23
87709125447773 66
87709192602589 91
87709259615246 91
87709259648599 23
87709333572073 66
87709333604075 91
87709333611747 23
87709400981809 66
87709401021934 23
87709401032006 66
87709401040804 91
87709468275675 91
87709535643486 23
87709535681031 66
87709603026426 91
87709603058427 23
87709670385873 66
87709670417797 23
87709670425280 66
87709670432218 91
87709806253668 91
87709806289032 23
87709806296626 66
87709863160056 91
87709863190576 23
87709863198159 66
87709930245646 91
87709930275541 23
87709930283361 66
87709997386614 23
87709997417079 66
87710064351056 91
87710131559462 23
87710131589196 66
87710131597071 91
87710205205887 23
87710272688637 66
87710272734219 91
87710340212298 23
87710407410313 66
87710407447880 91
87710474716962 91
87710474750391 23
87710542102529 66
87710542137786 23
87710542145390 66
87710542152462 91
87710668138768 23
87710668179609 66
87710668187468 91
87710802086073 23
87710802119416 66
87710802127254 91
87710869131538 23
87710936286971 66
87710936328605 91
87711003396400 91
87711070549926 23
87711070585880 66
87711144380206 23
87711144413238 66
87711144420689 91
87711271653950 23
87711271687053 66
87711271694753 91
87711338761922 91
87711405761149 23
87711405793542 66
87711472740285 23
87711472771097 66
87711472779042 91
87711546528890 91
87711613868230 23
87711613907312 66
87711613915154 91
87711682124715 23
87711682154162 66
87711748617993 23
87711748647401 66
87711748655224 91
87711816001898 91
87711816032364 23
87711883582493 66
87711883615383 23
87711883623050 66
87711883630121 91
87711943813198 91
87712009229057 23
87712009260279 66
87712076433291 91
87712076464085 23
87712143445852 66
87712143482413 91
87712210471490 23
87712210501292 66
87712210508819 91
87712277588878 23
87712277617723 66
87712344654202 23
87712344686068 66
87712344693603 91
87712411802967 23
87712411836318 66
87712485603549 91
87712552960619 23
87712552991050 66
87712620349659 91
87712687692513 23
87712687732164 66
87712687742279 91
87712755169789 91
87712755203496 23
87712828702380 66
87712828741658 23
87712881106474 66
