82589739409718 91
82589865938397 23
82589865981213 66
82589865989153 91
82589933394385 91
82590008570996 23
82590008612079 66
82590058955463 91
82590058994080 23
82590126075247 66
82590126117317 91
82590126124693 23
82590193115993 66
82590193151419 23
82590260088211 66
82590260126856 91
82590327123488 91
82590327162835 23
82590394360367 66
82590394402966 91
82590468227841 23
82590468280337 66
82590535491967 91
82590535528739 23
82590602788016 66
82590602817026 91
82590602824470 23
82590678650212 66
82590678691160 91
82590678698629 23
82590737576723 66
82590737612862 23
82590805086662 66
82590805124382 91
82590863836932 91
82590942249520 23
82590942286855 66
82590998009879 91
82590998047610 23
82590998055214 66
82591065106464 91
82591065146943 23
82591132051716 66
82591132092791 23
82591132100557 91
82591199290743 23
82591199337102 66
82591199348014 91
82591266339444 23
82591266378337 66
82591333398606 91
82591333438393 23
82591407220284 66
82591407267252 91
82591474507325 23
82591474537524 66
82591474545258 91
82591541942853 23
82591541980735 66
82591609331972 23
82591609367929 66
82591609378393 91
82591735595013 23
82591735624938 66
82591735632857 91
82591869813669 23
82591869848741 66
82591869856576 91
82591936948027 91
82592003868094 23
82592003907744 66
82592071028731 23
82592071072640 66
82592138079981 91
82592205085928 91
82592205123815 23
82592278987897 66
82592346236306 91
82592413758002 91
82592413805354 23
82592481105261 66
82592481174968 23
82592481183291 66
82592548388358 91
82592627486868 91
82592627528940 23
82592627536465 66
82592674757210 23
82592674806916 66
82592741881004 91
82592808616064 91
82592895242532 23
82592895279682 66
82592942976882 91
82593010140856 23
82593010184163 66
82593010191793 91
82593077126529 23
82593077170018 66
82593144075621 91
82593144111169 23
82593218072956 66
82593218119748 23
82593285439619 66
82593285484195 91
82593420176838 91
82593420221678 23
82593420229388 66
82593487470736 91
82593546453919 23
82593546509951 66
82593546518874 91
82593613506427 23
82593613547154 66
82593680828549 23
82593680878690 66
82593680886058 91
82593747531641 91
82593814588319 23
82593814630811 66
82593814641138 91
82593881756380 23
82593881794464 66
82593948776847 23
82593948810417 66
82593948817898 91
82594015996856 23
82594089764860 66
82594089803567 91
82594224460610 23
82594224502427 66
82594224510398 91
82594359398097 23
82594359449006 91
82594359459212 23
82594426691905 66
82594426743794 91
82594426754199 23
82594485400030 66
82594485446629 23
82594485457209 66
82594485466285 91
82594619621486 23
82594619665387 66
82594619673234 91
82594686607059 23
82594753523858 66
82594753561443 91
82594820650435 23
82594894028317 66
82594894059135 91
82594961502080 23
82594961540299 66
82594961547904 91
82595096151250 23
82595096187363 66
82595163513035 91
82595231046900 23
82595231084824 66
82595231092542 91
82595298313687 91
82595360833065 23
82595360867675 66
82595424349212 23
82595424420564 91
82595424428190 23
82595491363087 66
82595491397177 91
82595558548789 23
82595558596041 66
82595558606650 91
82595625463635 23
82595625501693 66
82595692588003 91
82595692634555 23
82595692642157 66
82595759865029 91
82595759924966 23
82595826810762 66
82595826857232 91
82595900569175 23
82595900607462 66
82595900614876 91
82595968054003 23
82595968099664 66
82596035335581 23
82596102677765 66
82596102714698 91
82596170058480 23
82596170095127 66
82596170102719 91
82596296127615 23
82596296161223 66
82596296168690 91
82596363198871 91
82596430154344 23
82596430183181 66
82596497244150 23
82596497277175 66
82596497284509 91
82596564371300 91
82596631299056 23
82596631333817 66
82596698379493 91
82596772288531 23
82596772322871 66
82596772330323 91
82596839618743 23
82596839658429 66
82596906962741 91
82596906993501 23
82596907000960 66
82596974353135 91
82596974387266 23
82597041739557 66
82597041773157 91
82597109088345 23
82597109120694 66
82597109127949 91
82597167946829 23
82597167987079 66
82597234985254 91
82597235021968 23
82597235029833 66
82597301993466 23
82597302030067 66
82597369167769 91
82597436139613 23
82597436174758 66
82597503428053 91
82597570562739 91
82597637412426 23
82597637452963 66
82597637460193 91
82597711372672 23
82597711407462 66
82597778870548 91
82597778913387 23
82597778922527 66
82597846131657 23
82597846171670 66
82597846180132 91
82597980820542 91
82597980848415 23
82598039852039 66
82598039890615 91
82598106798236 23
82598106825641 66
82598173800436 91
82598173833734 23
82598173841139 66
82598241065773 91
82598241104141 23
82598308016117 66
82598308049902 23
82598308057463 66
82598308064294 91
82598442226694 91
82598442266333 23
82598442273773 66
82598509284898 91
82598509318052 23
82598509325450 66
82598583030673 91
82598650405433 23
82598650441819 66
82598650449296 23
82598726159043 66
82598726194882 91
82598785150348 91
82598785183457 23
82598785191039 66
82598852717870 23
82598852772545 66
82598852781077 91
82598920051896 23
82598994009714 66
82598994050021 91
82599045785397 91
82599045825993 23
82599112955593 66
82599112992037 23
82599112999693 91
82599180063786 23
82599180101848 66
82599180109393 91
82599247091956 23
82599247127494 66
82599313953776 91
82599381281500 23
82599381317815 66
82599381325352 91
82599448359736 23
82599448404747 66
82599522168667 23
82599522197599 66
82599522205063 91
82599589524244 23
82599656880377 66
82599656909732 91
82599724374405 23
82599791631996 66
82599791662050 91
82599850485049 91
82599917660326 23
82599917693220 66
82599987405383 91
82599987442332 23
82599987449837 66
82600051721640 91
82600051751221 23
82600118757299 66
82600118792245 91
82600185991320 23
82600186027603 66
82600253016987 91
82600253052004 23
82600253059500 66
82600320162305 23
82600320208495 66
82600461288337 91
82600530659872 91
82600530710848 23
82600596119602 66
82600596160083 91
82600663390769 23
82600663421347 66
82600663428721 91
82600730761341 23
82600730798864 66
82600789575681 91
82600789605141 23
82600856494830 66
82600856531013 91
82600923646444 23
82600923674613 66
82600990665094 91
82600990698883 23
82601058434809 66
82601058463278 23
82601058470907 66
82601058477849 91
82601192006409 23
82601192045792 66
82601192053519 91
82601332972385 23
82601333001188 66
82601333008558 91
82601467704209 23
82601467738890 66
82601467746688 91
82601602507371 23
82601602541076 66
82601602585644 91
82601661615146 91
82601728634285 23
82601728671341 66
82601728678979 91
82601795876468 23
82601795957292 66
82601862610703 23
82601862651106 66
82601862658926 91
82601929500504 91
82601996841397 23
82601996895818 66
82602063779068 91
82602063816667 23
82602130972314 66
82602131023480 91
82602131034555 23
82602204725026 66
82602204757461 23
82602204764876 66
82602204771874 91
82602339434914 91
82602406883900 23
82602406927419 66
82602406934831 91
82602474198576 23
82602474232447 66
82602541560064 23
82602541594566 66
82602541602219 91
82602667225625 23
82602667258819 66
82602667266879 91
82602801509439 91
82602801544277 23
82602868461623 66
82602868498031 91
82602868505438 23
82602935474186 66
82602935510182 23
82602935517818 66
82603002625818 91
82603076640964 91
82603076697849 23
82603076708075 23
82603143849549 66
82603143886371 91
82603211260816 23
82603211300947 66
82603211431105 23
82603278725462 66
82603278763041 91
82603346037681 23
82603413556220 66
82603413593466 91
82603539538142 91
82603539577618 23
82603539585048 66
82603606271118 91
82603606304110 23
82603673575158 66
82603673632526 91
82603740383418 23
82603740424909 66
82603740432904 23
82603807526613 66
82603807562323 91
82603874395598 91
82603941600898 23
82603941631983 66
82603941639432 91
82604015456582 23
82604015492844 66
82604082875294 91
82604082908216 23
82604082915747 66
82604150236063 91
82604217620835 23
82604217652172 66
82604217659729 91
82604284979793 23
82604285013286 66
82604343866255 23
82604343896610 66
82604343904379 91
82604411016529 91
82604487243606 23
82604487280060 66
82604487287549 91
82604545084310 23
82604545116116 66
82604545123768 91
82604612121021 23
82604612157021 66
82604679328894 91
82604679363156 23
82604746339552 66
82604746377031 91
82604813434126 23
82604813470960 23
82604813478264 66
82604887208619 23
82604887247203 66
82604957974861 91
82605022088402 91
82605089517258 23
82605089559584 66
82605156832673 91
82605156877214 23
82605224469168 66
82605224509933 91
82605282870341 23
82605349904101 23
82605349939340 66
82605349946785 91
82605417008790 91
82605417043301 23
82605417050780 23
82605484099944 66
82605484131669 91
82605551209811 23
82605551238891 66
82605618239490 91
82605618271100 23
82605618278654 66
82605685280008 23
82605685317821 66
82605685325323 91
82605752328422 23
82605752388912 66
82605826286033 23
82605826323322 66
82605893690707 91
82605961035520 91
82606034597490 23
82606034632836 66
82606034640599 91
82606095810632 23
82606095847500 23
82606154836810 66
82606154873433 91
82606222024075 23
82606222058784 66
82606222066112 91
82606304121302 23
82606304160784 66
82606304168373 91
82606355868965 23
82606355905715 66
82606422939252 91
82606422976686 23
82606422984304 66
82606490006548 23
82606490040633 66
82606490047866 91
82606624255473 91
82606624297263 23
82606698038655 66
82606698075833 91
82606765411480 23
82606765446235 66
82606765453655 91
82606832867598 23
82606832907900 66
82606908658931 91
82606908694848 23
82606967554773 66
82606967590133 91
82606967597525 23
82607026499958 66
82607026530873 23
82607026538491 66
82607093582482 91
82607170737548 23
82607227722342 66
82607227755708 91
82607295005808 23
82607295056151 66
82607369728207 91
82607437077112 91
82607437111910 23
82607495994667 66
82607496031695 91
82607563322094 23
82607563353889 66
82607630265131 91
82607630298747 23
82607697653081 66
82607697704591 91
82607764385449 23
82607764422545 66
82607764430243 91
82607831394277 23
82607831426821 23
82607831434519 66
82607831441506 91
82607898422390 23
82607898455636 66
82607965619588 23
82607965654812 66
82607965662212 91
82608039338546 91
82608106754389 23
82608106789669 66
82608174091645 91
82608174125728 23
82608241430394 66
82608241465448 91
82608308823039 23
82608308861833 23
82608308869327 66
82608308876132 91
82608376236169 23
82608376272663 66
82608434929627 91
82608434964404 23
82608501947043 66
82608501980528 91
82608569139180 23
82608569171879 66
82608569179735 91
82608636155854 23
82608636187748 66
82608703174047 91
82608770231217 23
82608770264976 66
82608770272505 91
82608837380059 23
82608837419066 66
82608837426373 23
82608837433198 23
82608904446300 66
82608904486667 91
82608978418631 91
82609045827081 23
82609045877432 66
82609045885066 91
82609113193071 23
82609113229745 66
82609113236938 23
82609180518713 66
82609180556630 91
82609248962782 23
82609315260878 66
82609315298264 91
82609440954823 91
82609441037685 23
82609441045658 66
82609508071950 23
82609508112135 66
82609508119801 91
82609575199118 91
82609642162029 23
82609642190837 66
82609642198342 91
82609709246008 23
82609776473927 66
82609776509044 91
82609850135688 23
82609850171593 66
82609850179265 91
82609917488793 23
82609917525810 66
82609984919282 91
82610052522045 23
82610052560012 66
82610119617864 23
82610119652528 66
82610119660057 91
82610245716200 23
82610245749965 66
82610245757522 91
82610312765921 91
82610379861209 23
82610379892986 66
82610452188273 91
82610452227451 23
82610452234678 23
82610513900442 66
82610513934153 91
82610513941609 23
82610581103632 66
82610581135635 23
82610581143184 66
82610648125603 91
82610648162745 91
82610715151600 23
82610715183679 66
82610789195721 23
82610789227959 91
82610856586894 23
82610856623565 66
82610856630973 91
82610924032978 23
82610924070872 66
82611003433262 23
82611003475891 66
82611003483440 91
82611058887835 91
82611117682887 23
82611117726146 66
82611184740183 91
82611184781214 23
82611251699013 66
82611251738149 91
82611318980762 23
82611319026769 66
82611319034700 91
82611385921732 23
82611385954950 66
82611460953945 23
82611461003103 66
82611461010715 91
82611519914513 23
82611587094525 66
82611587127757 91
82611728309727 91
82611728344715 23
82611728352248 66
82611795843072 91
82611863022044 23
82611863057317 66
82611863064860 91
82611930445472 23
82611930474740 66
82611930482238 91
82611989361065 23
82611989392446 66
82612056422728 23
82612056457457 66
82612056464630 91
82612123517664 91
82612190701443 23
82612190737360 66
82612257591673 91
82612257621353 23
82612324803165 66
82612324834536 91
82612391842400 23
82612391874041 66
82612458903788 91
82612458947152 23
82612458954431 66
82612532680302 91
82612532716571 23
82612600071370 66
82612600103805 91
82612667518172 23
82612667570789 66
82612667578469 91
82612734811065 23
82612734853268 66
82612802262128 23
82612802305359 66
82612802312839 91
82612869560528 91
82612928352648 23
82612928391333 66
82612995343489 91
82612995378123 23
82612995385368 66
82613062497349 91
82613129547622 23
82613129584432 66
82613129591675 91
82613202266896 23
82613202302586 23
82613202310176 66
82613202317763 91
82613275793282 23
82613275832261 66
82613336983114 91
82613337019935 23
82613404478375 66
82613404515111 23
82613404522522 91
82613471724306 23
82613471759628 66
82613539195673 23
82613539230626 66
82613539237880 91
82613606495736 91
82613677671577 23
82613677703333 66
82613677728603 91
82613741244769 23
82613741280885 66
82613800177783 91
82613800214816 23
82613867238978 66
82613867275136 23
82613867282456 66
82613867289309 91
82613934404145 91
82614001751145 23
82614001807959 66
82614068544648 91
82614068580362 23
82614135461810 66
82614135504986 23
82614135515221 91
82614202533875 23
82614202565638 66
82614202573203 91
82614269768144 23
82614269809342 66
82614343473269 91
82614410877242 23
82614410914217 66
82614410921730 91
82614478284512 23
82614478320496 66
82614478327798 23
82614545718926 66
