103509089709584 91
103509166734355 23
103509166770399 66
103509223924745 91
103509223957901 23
103509290978445 66
103509368854308 91
103509425188538 23
103509425221378 66
103509425228987 91
103509499824445 23
103509499857075 66
103509499864614 91
103509559211992 23
103509559244067 66
103509627342896 91
103509693406814 23
103509693435817 66
103509693443427 91
103509771905606 23
103509771936909 66
103509827636782 91
103509902892827 23
103509902930041 66
103509902937617 91
103509961619844 23
103509961650310 66
103510028668563 91
103510028698973 23
103510105064449 66
103510105098294 91
103510175362231 23
103510175403408 66
103510229911302 91
103510297042684 23
103510297071824 66
103510297079424 91
103510376479757 23
103510376518894 66
103510376526287 91
103510431197477 23
103510431231391 66
103510508430742 91
103510565366954 23
103510565396809 66
103510565404553 91
103510632546713 23
103510632602628 66
103510706563313 91
103510773757401 23
103510773796293 66
103510773803941 91
103510908468352 23
103510908503122 66
103510908510549 91
103510975896908 23
103510975930369 66
103510975937821 91
103511034777355 23
103511101764515 66
103511101802681 91
103511168947321 23
103511168975431 66
103511168983164 91
103511236051791 23
103511236083247 66
103511236090850 91
103511312132975 23
103511312169276 66
103511370086184 91
103511437103075 91
103511437152023 23
103511504271195 66
103511504308002 23
103511504318067 66
103511578084872 91
103511645534080 23
103511645577860 66
103511645585421 91
103511712974771 23
103511713020782 66
103511780221371 91
103511847608664 23
103511847640779 66
103511847648413 91
103511906642578 23
103511906673197 66
103511973634105 91
103511973677998 23
103512040661225 66
103512040694716 91
103512107793301 23
103512107825817 66
103512174755337 91
103512242062872 23
103512242098509 66
103512376083230 91
103512376116601 23
103512376124144 66
103512449827265 91
103512517203156 23
103512517234419 66
103512517242046 91
103512584588656 23
103512584627464 66
103512652131189 91
103512719377635 23
103512719416020 66
103512719423680 91
103512786693714 23
103512786724896 66
103512845515901 91
103512845546946 23
103512845554391 66
103512912697954 91
103512912728833 23
103512979654274 66
103513046710196 91
103513113707235 23
103513113738990 66
103513180967591 91
103513247961091 23
103513247992179 66
103513247999662 91
103513315068985 23
103513315101326 66
103513400786934 91
103513456272689 23
103513456309285 66
103513456316747 91
103513523655598 23
103513523687576 66
103513591081006 91
103513658430335 23
103513658465671 66
103513658473274 91
103513725802274 23
103513725839538 66
103513784716006 91
103513851476968 23
103513851510564 66
103513851518276 91
103513918741929 23
103513918780560 66
103513985835082 91
103514052806208 23
103514052846215 66
103514052854102 91
103514119673282 23
103514186918126 66
103514186950375 91
103514186958115 23
103514260611986 66
103514260644387 91
103514328023810 23
103514328056459 66
103514396613457 91
103514462743680 23
103514462774555 66
103514462782389 91
103514530125417 23
103514597535475 66
103514597566907 91
103514656264164 23
103514656297136 66
103514656304860 91
103514723414838 23
103514723445163 66
103514790523914 91
103514857723920 23
103514857757404 66
103514857764916 91
103514924589005 23
103514924627234 66
103514991613106 91
103515058649172 23
103515058683007 66
103515058690703 91
103515137492149 23
103515137526489 66
103515192869233 91
103515259899769 23
103515259931331 66
103515259938726 91
103515338829904 23
103515394020720 66
103515394054773 91
103515482215030 23
103515482250064 66
103515482257400 91
103515528125109 23
103515528183119 66
103515595230831 91
103515662245740 23
103515662276636 66
103515662284165 91
103515738064273 23
103515738099492 66
103515808017053 91
103515863837800 23
103515863872458 66
103515863880096 91
103516009966401 23
103516009996225 66
103516010003847 91
103516064659012 23
103516064685988 66
103516064693417 91
103516138935787 23
103516138966358 66
103516198755971 91
103516265983437 23
103516266015796 66
103516266023438 91
103516343165761 23
103516343201848 66
103516399953881 91
103516467194233 23
103516467226170 66
103516467233850 91
103516539765396 23
103516539804640 66
103516607104352 91
103516676576972 23
103516676605161 66
103516676613002 91
103516735407440 23
103516735436295 66
103516802434573 91
103516869434218 23
103516869469181 66
103516869476710 91
103516936471116 23
103516936503110 66
103517003742721 91
103517070627924 23
103517070658189 66
103517070665740 91
103517137689073 23
103517137725901 66
103517211478301 91
103517278765538 23
103517278797778 66
103517278805219 91
103517346150167 23
103517413548995 66
103517413579934 91
103517480875439 23
103517480910343 66
103517480920107 91
103517548391930 23
103517607152507 66
103517607185027 91
103517675481862 23
103517675517196 66
103517675524739 91
103517741204530 23
103517741237877 66
103517808368788 91
103517875521536 23
103517875554325 66
103517875561931 91
103517942808292 23
103517942840510 66
103518009662753 91
103518076626682 23
103518076657488 66
103518076665178 91
103518210930224 23
103518211005971 23
103518211014572 66
103518211021558 91
103518277794618 23
103518277825670 66
103518277833589 91
103518355498056 23
103518355533545 66
103518412048644 91
103518492733893 23
103518492770053 23
103518492777677 66
103518492784647 91
103518556756074 23
103518613127788 66
103518613161919 91
103518680449137 23
103518680482661 66
103518680490105 91
103518758775833 23
103518758823874 66
103518814308364 91
103518881428890 23
103518881459479 66
103518881499011 91
103518960007700 23
103519015525221 66
103519015558459 91
103519098387554 23
103519098423904 66
103519098431481 91
103519162070012 23
103519162102660 66
103519216996546 91
103519293282920 23
103519293333177 66
103519293340724 91
103519361117540 23
103519361153427 66
103519417999802 91
103519485274468 23
103519485324313 66
103519485331812 91
103519552095384 23
103519625250359 66
103519625281460 91
103519692651615 23
103519692683356 66
103519692690704 91
103519827366995 23
103519827397386 66
103519827404994 91
103519894797094 23
103519894829853 66
103519894837505 91
103519962148225 23
103519962182302 66
103520039965282 91
103520096897119 23
103520096928565 66
103520096935900 91
103520155750538 23
103520155780731 66
103520222741640 91
103520289996317 23
103520290039463 66
103520356951468 91
103520423921522 23
103520423955353 23
103520423963063 66
103520558242190 91
103520625188308 23
103520625225074 66
103520699077180 91
103520699108169 23
103520699115619 66
103520766492434 91
103520833866205 23
103520833896194 66
103520833904071 91
103520968597530 23
103520968630663 66
103521036018350 91
103521094661284 23
103521094692981 66
103521094731481 91
103521161714298 23
103521161743322 66
103521228665577 91
103521228701673 23
103521295893823 66
103521295925033 91
103521362860099 23
103521362890050 66
103521430005682 91
103521430040183 23
103521430047734 66
103521497028178 91
103521570893829 23
103521570927045 66
103521638275029 91
103521638337496 23
103521638345940 23
103521638353119 66
103521705624042 91
103521772960196 23
103521772990362 66
103521840389189 91
103521840422368 23
103521840430044 66
103521907683487 91
103521966490516 23
103521966530564 66
103522033524857 91
103522100821785 23
103522100857915 66
103522100865460 91
103522167923531 23
103522167954261 66
103522234692778 91
103522234724604 23
103522301772211 66
103522301802178 91
103522368869001 23
103522368903424 66
103522435887015 91
103522509885305 23
103522509916686 66
103522509924551 91
103522577268876 23
103522577301150 66
103522644697836 91
103522644737961 23
103522712056635 66
103522712092412 91
103522790754709 23
103522790794383 66
103522838427899 91
103522838465079 23
103522838472397 66
103522905602353 91
103522972409428 23
103522972444744 66
103523039612513 91
103523106660629 23
103523106691856 66
103523106699383 91
103523173620469 23
103523173651205 66
103523240775953 91
103523240815151 23
103523240824585 66
103523307749479 91
103523381740881 23
103523381772588 66
103523449008555 91
103523516452473 23
103523516484041 66
103523583797001 91
103523651247372 23
103523651283391 66
103523651290904 91
103523718524858 23
103523777371829 66
103523777402325 91
103523844239003 23
103523844275389 66
103523844283248 91
103523911446184 23
103523911495427 66
103523911503425 91
103523978502917 23
103523978533916 66
103524045425770 91
103524112535789 23
103524112567193 66
103524112574851 91
103524179790385 23
103524246923411 23
103524246956381 66
103524246963922 91
103524320733450 23
103524320768082 66
103524320775692 91
103524388111600 23
103524455554213 66
103524455588040 91
103524455595625 23
103524455602808 66
103524522934380 91
103524590257462 23
103524590293980 66
103524590301564 91
103524649140593 23
103524649173302 66
103524716130679 91
103524783157854 23
103524783193314 66
103524783200896 91
103524850347446 23
103524850380610 66
103524917372344 91
103524984402893 23
103524984435532 66
103525051421147 91
103525118626803 23
103525118658699 66
103525118666222 91
103525192437577 23
103525192465693 66
103525192473343 91
103525259801831 23
103525259832139 66
103525327165155 91
103525394589931 23
103525394628276 66
103525462042201 91
103525520869396 23
103525520901717 66
103525520909433 91
103525655093992 23
103525655129816 66
103525722178934 91
103525789148425 23
103525789182081 66
103525923453398 91
103525923492226 23
103525923499705 66
103525990476714 91
103526057648942 23
103526057693557 66
103526057704214 91
103526124622924 23
103526124657669 66
103526191514899 91
103526269995637 23
103526270046546 66
103526270054719 91
103526325921737 23
103526392784021 66
103526392816459 91
103526471135619 23
103526471169340 66
103526471176909 91
103526527015402 91
103526594013402 23
103526594045014 66
103526594052435 23
103526672974516 66
103526673005227 91
103526728140506 23
103526728172501 66
103526728180048 91
103526804875633 23
103526804910152 66
103526867844957 91
103526935227046 23
103526935259113 66
103526935266819 91
103527002619926 23
103527002651160 66
103527070000389 91
103527137425457 23
103527137464766 66
103527137472573 91
103527204782205 23
103527272118743 66
103527272156441 91
103527406915058 23
103527406948539 66
103527406956227 91
103527465889649 23
103527465927577 66
103527465935665 91
103527533044925 23
103527533110850 66
103527612238820 91
103527667044276 23
103527667073708 66
103527667081273 91
103527744135857 23
103527744173689 66
103527801326722 91
103527868247238 23
103527868284006 66
103527868291710 91
103528002477550 23
103528002512767 66
103528002520502 91
103528070615910 23
103528070651270 66
103528070658870 91
103528147375593 23
103528147412709 66
103528203587550 91
103528270888167 23
103528270942634 66
103528270950362 91
103528337753961 23
103528337789229 66
103528414629375 91
103528472243938 23
103528472275942 66
103528538963200 91
103528538993914 23
103528539002549 66
103528616581512 91
103528678764970 23
103528678801591 66
103528740240846 91
103528817914516 23
103528817949900 66
103528817957723 91
103528874274485 23
103528941410049 66
103528941443208 91
103528941450824 23
103528941457735 66
103529019842790 91
103529075473308 23
103529075515538 66
103529075523165 91
103529142685957 23
103529142724762 66
103529221130399 91
103529276618383 23
103529276652625 66
103529363325536 91
103529423122179 23
103529477924007 66
103529477957727 91
103529544861384 23
103529544892707 66
103529612010242 91
103529679128571 23
103529679165162 66
103529679172723 91
103529746162140 23
103529746193777 66
103529813108511 91
103529892330779 23
103529892364371 23
103529892371882 66
103529892378758 91
103529947328786 23
103530014347944 66
103530014380265 91
103530093606064 23
103530093637689 66
103530093645369 91
103530148478352 23
103530148512817 66
103530148520404 91
103530225633632 23
103530225670640 66
103530282852611 91
103530357733276 23
103530357781031 66
103530357789542 91
103530416913346 23
103530416967127 66
103530483959935 91
103530483999240 23
103530484006823 66
103530551238026 91
103530628947019 23
103530628987283 66
103530628995076 91
103530685017317 23
103530685050647 66
103530752347706 91
103530819149048 23
103530819182521 66
103530886301609 91
103530886328350 23
103530886335750 66
103530953351079 91
103531020371531 23
103531020403230 66
103531098039880 91
103531154541860 23
103531154568744 66
103531154576383 91
103531225561859 23
103531225596728 66
103531225604281 91
103531299288357 23
103531363033244 66
103531363067552 91
103531422810128 91
103531422840503 23
103531501229521 66
103531501263744 23
103531501271277 66
103531556842151 91
103531623866875 23
103531623904603 66
103531623912271 91
103531702674042 23
103531702725703 66
103531758113565 91
103531825235797 91
103531825275709 23
103531825283566 66
103531825290504 23
103531825297586 66
103531892287568 91
103531970421739 23
103531970456735 66
103532034669240 91
103532093442036 23
103532093475256 66
103532093482618 91
103532171794750 23
103532171829911 66
103532171837625 91
103532227636375 23
103532294638540 66
103532294675783 91
103532361795866 23
103532361827268 66
103532361834885 91
103532439755613 23
103532439790311 66
103532504906296 91
103532562915622 23
103532562951338 91
103532562958928 23
103532640962000 66
103532640994469 23
103532641002223 66
103532697327689 91
103532697354404 23
103532697361977 66
103532765330219 91
103532843000761 23
103532843033725 66
103532898278892 91
103532898312498 23
103532965320519 66
103532965349764 91
103533044244034 23
103533044276572 66
103533099368755 91
103533176226448 91
103533176264091 23
103533176271696 66
103533233552308 23
103533233614010 66
103533300558529 91
103533377424855 23
103533377455685 66
103533377463401 91
103533444117530 23
103533444153509 66
103533444161594 91
103533501804264 23
103533501836221 66
103533579398834 91
103533635886253 23
103533635923588 23
103533635931355 66
103533635938403 91
103533703152001 23
103533703191808 66
103533770122608 91
103533846789253 23
103533904307369 66
103533904341426 91
103533971312601 23
103533971348711 66
103533971356246 91
103534038308585 23
103534114641340 66
103534114686257 91
103534172698109 23
103534172730842 66
103534172738557 91
103534239542926 23
103534239579402 66
103534316008461 91
103534385909330 23
103534385944954 66
103534385952656 91
103534517811818 23
103534517848936 66
103534517856664 91
103534574910112 23
103534574948942 66
103534574956346 91
103534641928765 23
103534641968289 66
103534709222087 91
103534776017161 23
103534776051435 66
103534776059207 91
103534855132193 23
103534855167905 66
103534910217484 91
103534910254946 91
103534985537409 23
103534985567149 91
103534985574733 66
103534985581729 23
103535056447238 66
103535056484946 23
103535056492495 66
