99208158439167 91
99208235228647 23
99208235264027 66
99208292720616 91
99208359775193 23
99208359810181 66
99208426690935 91
99208426721526 23
99208493943680 66
99208493978087 91
99208570105257 23
99208570139915 66
99208570147662 91
99208638411251 23
99208695136065 66
99208695181058 91
99208762157893 91
99208762189592 23
99208838366306 66
99208838398864 23
99208838406719 66
99208896230470 91
99208963302992 23
99208963335859 66
99208963343427 91
99209030553657 23
99209030607907 66
99209097453421 91
99209164469790 23
99209164507204 66
99209164514894 91
99209243612894 91
99209298672340 23
99209298705157 66
99209298712469 23
99209298719489 66
99209365663939 91
99209432696208 23
99209432732091 66
99209499916597 91
99209576893972 23
99209576926928 66
99209576934509 91
99209633984455 23
99209634017053 66
99209701030401 91
99209768181081 23
99209768210833 66
99209835110585 91
99209902168905 91
99209902202374 23
99209902210058 66
99209980094427 23
99209980131777 66
99210036377046 91
99210103553622 23
99210103588520 66
99210103596061 91
99210170393473 91
99210170423405 23
99210170430968 66
99210237505493 23
99210237542905 66
99210237550506 91
99210383338971 23
99210383372931 66
99210383380619 91
99210438666520 91
99210438692686 23
99210515267414 66
99210515296287 91
99210572859097 23
99210572893990 66
99210662458435 23
99210662496209 66
99210662503961 91
99210707067840 23
99210707095363 66
99210707103019 91
99210774125682 23
99210774163983 66
99210774171610 91
99210908317548 23
99210908348962 66
99210908356525 91
99210975296578 23
99210975326654 66
99211052136736 91
99211116097339 23
99211116128137 66
99211116135763 91
99211185552806 23
99211185583666 66
99211250840864 91
99211318245464 23
99211318275149 66
99211385707887 91
99211385745939 23
99211454362507 66
99211454392617 91
99211511789938 23
99211511866051 66
99211590398952 91
99211646106737 91
99211646137420 23
99211646145046 66
99211713022365 23
99211713054561 66
99211786374651 91
99211847184163 23
99211847212195 66
99211847219937 91
99211933759823 23
99211933798650 66
99211993654592 91
99212048345892 23
99212048381306 66
99212048388703 91
99212125518661 23
99212182603770 66
99212182637833 91
99212256631107 23
99212256660700 23
99212256668254 66
99212256675312 91
99212316526374 23
99212383698786 66
99212383731202 91
99212450826566 23
99212450857854 66
99212450865170 91
99212528766782 23
99212528793935 66
99212584743015 91
99212659554219 23
99212659587576 66
99212727014514 91
99212727055336 23
99212794298080 66
99212794330119 91
99212853200010 23
99212853232770 66
99212853240371 91
99212920248726 91
99212987356672 23
99212987397739 23
99212987405221 66
99213054215772 23
99213054243718 66
99213054251492 91
99213126934226 23
99213126973901 66
99213188434548 91
99213188468436 23
99213188475802 66
99213257431462 91
99213322698895 91
99213322729997 23
99213322737606 66
99213396506382 23
99213396544265 66
99213396554244 91
99213463880877 23
99213545855810 66
99213545891041 91
99213598647303 91
99213598678759 23
99213657937179 66
99213657973011 23
99213657980810 66
99213657987995 91
99213724924222 23
99213724959906 66
99213799124405 91
99213799151055 23
99213866106654 66
99213866135956 91
99213933432409 91
99214000806842 23
99214000843453 66
99214068472510 23
99214068511213 66
99214068519118 91
99214127351090 91
99214194419363 23
99214194448319 66
99214194456063 23
99214261502501 66
99214261537580 91
99214339218464 23
99214339265407 66
99214339273066 91
99214395912179 23
99214395943148 66
99214462686019 91
99214529640706 91
99214529673175 23
99214529681203 66
99214529688261 23
99214596966999 66
99214597012616 91
99214663864396 23
99214663894052 23
99214742373628 66
99214742406733 91
99214797913368 23
99214797942762 66
99214865120543 91
99214932137216 23
99214932168917 66
99214932176643 91
99215006634438 23
99215006667073 66
99215006674754 91
99215141466771 23
99215141495533 66
99215141503418 91
99215208811594 23
99215208845828 66
99215208853413 91
99215267418161 23
99215334713787 66
99215334748890 91
99215401627292 23
99215401685975 66
99215535744665 91
99215612230065 23
99215612276683 66
99215612284580 91
99215682398563 23
99215682473608 66
99215744466159 91
99215811761325 23
99215811801058 66
99215811808905 91
99215879184215 23
99215946486883 66
99215946530072 91
99216006795615 23
99216072232009 66
99216072267242 91
99216139363659 91
99216139405046 23
99216139415413 66
99216206377571 91
99216206416164 23
99216273432389 66
99216273463475 23
99216273471002 66
99216340531062 91
99216407759660 23
99216407790104 91
99216407797540 23
99216407804746 66
99216474930117 23
99216474963979 66
99216548695918 91
99216616088414 23
99216616127616 66
99216616135050 91
99216683434987 23
99216683462794 66
99216683470468 91
99216750835912 23
99216750868019 66
99216818212131 91
99216877122735 23
99216877159462 66
99216877167138 91
99216944218529 91
99216944260746 23
99217011135598 66
99217011166606 23
99217011174360 66
99217078154399 91
99217145510022 91
99217145540708 23
99217145548212 66
99217212400319 91
99217212434393 23
99217279401293 66
99217279431089 23
99217279438558 66
99217346410419 91
99217420490159 23
99217420522888 66
99217420530838 91
99217487785442 23
99217487820033 66
99217622544739 91
99217622579439 23
99217689988697 66
99217690022878 91
99217748885508 91
99217815895175 23
99217815924418 66
99217815931949 23
99217883078515 23
99217883107931 66
99217883115772 91
99217950296679 91
99218017134304 23
99218017168753 66
99218017176431 23
99218017183526 66
99218017190401 91
99218084240593 23
99218084275390 66
99218152056436 91
99218218419498 23
99218218452365 66
99218218459900 91
99218292241878 23
99218292295388 66
99218292303200 91
99218359517228 23
99218426890730 66
99218426926693 91
99218494257744 91
99218561649798 23
99218561681173 66
99218561688847 23
99218561695897 66
99218629011202 91
99218687839246 23
99218687874658 66
99218687882085 91
99218755028161 23
99218755060449 66
99218755068163 91
99218822014884 23
99218822046070 66
99218889053172 91
99218956059491 23
99218956091363 66
99218956098949 91
99219023234669 91
99219090244410 23
99219090273215 66
99219163895091 23
99219163922566 66
99219163930063 91
99219231268468 23
99219231302504 66
99219231310158 91
99219365971940 23
99219366008565 66
99219366016607 91
99219433338625 23
99219433367156 66
99219433374757 91
99219500737471 23
99219500769956 91
99219559666715 23
99219559701044 66
99219626783057 91
99219626818713 23
99219626861049 66
99219693773381 23
99219693804933 66
99219693812527 91
99219760907072 23
99219760934161 66
99219827956100 91
99219904178128 23
99219904211893 66
99219904219549 91
99219961986272 91
99219962017133 23
99220029304926 66
99220029344402 23
99220029351887 66
99220102927619 91
99220102961008 23
99220170316094 66
99220170349608 91
99220237694337 23
99220237731586 66
99220237739316 91
99220305141445 23
99220305183996 66
99220372462917 91
99220439837816 23
99220439867468 66
99220439875172 91
99220498724932 91
99220498765657 23
99220565968735 66
99220566022242 23
99220566029985 66
99220632901425 91
99220700179169 23
99220700212405 66
99220700220300 91
99220766924314 23
99220766963132 66
99220766970830 91
99220833949704 91
99220900963082 23
99220900993838 66
99220968171086 23
99220968200552 66
99220968208045 91
99221042050407 23
99221042087700 66
99221042095288 91
99221109428529 23
99221109459758 66
99221169410212 91
99221236343514 91
99221236373157 23
99221314108233 66
99221314141125 23
99221314148751 66
99221370472048 91
99221437654170 23
99221437688014 91
99221437695597 23
99221437702657 66
99221510237633 23
99221510272138 66
99221510279631 91
99221571666577 23
99221571698719 66
99221638669173 91
99221719650653 23
99221719680210 66
99221719687773 91
99221772897215 23
99221772928632 66
99221772936417 91
99221849333061 23
99221849365317 91
99221917350434 23
99221917381358 66
99221976940545 23
99221976970206 66
99221976978246 91
99222041098540 23
99222041130140 66
99222041137655 91
99222108184812 23
99222108213007 66
99222175297626 91
99222252566373 23
99222252595894 66
99222252603660 91
99222309428532 91
99222376436324 23
99222376465199 66
99222376472621 23
99222376479694 66
99222453906406 91
99222510558387 23
99222510595025 66
99222577616684 91
99222656076423 91
99222656130965 23
99222656142621 66
99222711924495 23
99222711953883 66
99222711961436 91
99222779109366 23
99222779137723 66
99222857114717 91
99222857151168 23
99222913009919 66
99222913050796 91
99222980052268 23
99222980080700 66
99222980088195 91
99223059064552 23
99223059094952 66
99223059102996 91
99223181368780 23
99223181406073 66
99223181413670 91
99223248336040 23
99223248367333 66
99223248374994 91
99223326299871 91
99223382394601 23
99223382426362 66
99223382433992 23
99223382440925 66
99223449625049 91
99223528639478 23
99223528677668 66
99223528685106 91
99223583608368 23
99223583638852 23
99223583646477 66
99223583653479 91
99223717774250 23
99223717806979 66
99223717814540 91
99223795546473 23
99223795575987 91
99223851884303 23
99223851922853 66
99223919023811 23
99223919059660 66
99223919067107 91
99223997687319 23
99223997737590 66
99223997746737 91
99224055135625 91
99224120095165 23
99224120133319 66
99224120140685 23
99224198787676 66
99224198814743 91
99224254410855 23
99224254459382 66
99224254467110 91
99224330718772 23
99224400736894 66
99224400774506 91
99224455480921 23
99224455509586 66
99224531984781 91
99224532017732 23
99224532025466 66
99224602041208 91
99224656620669 23
99224656655733 66
99224734031800 91
99224734065987 23
99224790935773 66
99224790971908 91
99224858125283 23
99224858158875 66
99224924967553 91
99224925003710 23
99224925011368 66
99224992009689 91
99225059063999 23
99225059094684 66
99225137251631 91
99225193292644 91
99225193323136 23
99225260397934 66
99225260442994 23
99225260450507 66
99225260457505 91
99225327317431 23
99225327347743 66
99225394331602 91
99225461531583 23
99225461562068 23
99225528549982 23
99225528584626 66
99225606662630 91
99225662619835 23
99225662654908 66
99225662662495 91
99225737266687 23
99225737301276 66
99225796847567 91
99225863926690 23
99225863962561 66
99226009745404 91
99226065062934 23
99226065097453 66
99226140093337 91
99226211026437 23
99226211061025 66
99226211068797 91
99226266318944 23
99226266348904 66
99226266356547 91
99226342853975 23
99226400412944 66
99226400452574 91
99226467546721 23
99226467583302 66
99226540894817 91
99226601542063 91
99226601576480 23
99226601584017 66
99226668881966 23
99226668925807 66
99226668935893 91
99226746148441 23
99226746188375 66
99226802720383 91
99226870044184 91
99226870098146 23
99226870105903 66
99226948098611 23
99226948136510 66
99226948144031 91
99227003997466 23
99227004037940 66
99227004045821 91
99227149407981 23
99227149443156 66
99227149450746 91
99227205212311 23
99227205238863 66
99227205246672 91
99227272377360 23
99227272411563 66
99227351356976 91
99227411947264 91
99227411983734 23
99227411991652 66
99227473483894 23
99227473511560 66
99227473519220 91
99227540489948 23
99227618597036 66
99227674736213 91
99227741754710 23
99227741792375 66
99227741800125 91
99227808745014 23
99227875908362 66
99227875940804 91
99227942950772 23
99227942981282 66
99227942989008 91
99228010063143 91
99228077162558 23
99228077205097 66
99228155562526 23
99228155594712 66
99228155602358 91
99228211289210 23
99228211325540 66
99228211333187 91
99228278185100 23
99228278214171 66
99228352536908 91
99228419895070 23
99228419934911 66
99228419945315 91
99228487510644 23
99228487547332 66
99228487554982 91
99228613724244 23
99228613756963 66
99228613764828 91
99228680869077 91
99228680903715 23
99228680911316 66
99228754708721 23
99228754742831 66
99228754750642 91
99228889453167 91
99228889487161 23
99228889494843 66
99228956880647 23
99228956919342 66
99228956927046 91
99229024224292 23
99229024257103 66
99229091574166 91
99229150132859 23
99229150162629 66
99229150170027 91
99229217141608 23
99229217175283 91
99229217182936 23
99229217190029 66
99229284191217 23
99229284224467 66
99229284232249 91
99229351379460 23
99229351417829 66
99229418418637 91
99229485422307 23
99229485456082 66
99229485463683 91
99229552625779 23
99229639358766 66
99229639394794 91
99229693810828 91
99229693842467 23
99229693849946 23
99229693856942 66
99229761254547 23
99229761290858 66
99229761298643 91
99229828542194 23
99229828576572 66
99229896031203 91
99229954861943 23
99229954896183 66
99229954903710 91
99230022070822 23
99230022102640 66
99230022110794 91
99230089032275 23
99230156103155 66
99230156139794 91
99230223092205 23
99230223124711 66
99230357290332 91
99230357321896 23
99230424316171 66
99230424346476 91
99230498101632 23
99230498135387 66
99230498142582 91
99230565788812 23
99230565825121 66
99230632937261 91
99230700287029 23
99230700323598 66
99230700331493 91
99230759856838 23
99230759891421 66
99230838900506 91
99230894301052 23
99230894363324 66
99230894373378 91
99231027970019 23
99231028009593 66
99231028017215 91
99231095219946 23
99231095251485 66
99231095259402 91
99231170554343 23
99231170584642 66
99231229079744 91
99231296156065 23
99231296194156 66
99231296201708 91
99231363258694 23
99231363288863 66
99231430277736 91
99231497475797 23
99231497504531 66
99231497512020 91
99231564504116 23
99231564542085 66
99231631627010 91
99231717205699 23
99231717241642 66
99231772724895 91
99231840216584 91
99231840250944 23
99231840258711 66
99231907562689 23
99231907602460 66
99231907610070 91
99231977921887 23
99231977951762 66
99232042288100 91
99232101182828 91
99232101216886 23
99232101225127 66
99232168111291 23
99232168158557 66
99232168166410 91
99232302162251 91
99232302201185 23
99232302209020 66
99232369249257 23
99232369278699 66
99232369286341 91
99232436270058 91
99232436304422 23
99232503463132 66
99232503494807 23
99232503502475 66
