101680204698091 91
101680271939364 23
101680271976681 66
101680339053777 91
101680417382807 23
101680417419167 66
101680473027382 91
101680473057869 91
101680540156041 23
101680540187303 66
101680540195764 23
101680615422617 66
101680615455425 91
101680674418967 23
101680674451660 66
101680674459419 91
101680741282201 91
101680820619944 23
101680820648304 66
101680820655806 23
101680820662644 66
101680875702006 91
101680952566257 23
101680952607130 66
101680952617180 91
101681009752740 23
101681009786636 66
101681009794063 91
101681076968587 23
101681076999982 66
101681143881205 91
101681211395604 91
101681211451896 23
101681211461404 66
101681211470295 23
101681289871938 66
101681289907958 91
101681344943855 91
101681344973490 23
101681421825923 66
101681421858660 23
101681421866487 66
101681484366078 91
101681557373283 23
101681557438706 91
101681557447917 23
101681557456229 66
101681557464769 23
101681613166848 66
101681613200812 91
101681680185315 23
101681680216276 66
101681680223925 91
101681759268298 23
101681814495963 66
101681814543487 91
101681881391680 23
101681881425888 66
101681881433236 91
101681960416076 91
101681960453190 23
101681960460945 66
101682015694501 23
101682015727059 66
101682015734624 91
101682092240994 23
101682159987838 66
101682160023492 91
101682216763000 23
101682216793796 66
101682216801938 91
101682292392412 91
101682292427694 23
101682292435408 23
101682350907494 66
101682350936500 23
101682418019147 66
101682418054380 91
101682485032165 23
101682485071141 66
101682485078409 91
101682561585017 23
101682561633740 66
101682561641564 91
101682631507539 23
101682631540215 66
101682686256297 91
101682760447895 23
101682760481690 66
101682760489072 91
101682820710068 23
101682820770411 66
101682887545545 91
101682954396750 23
101682954427888 66
101682954435592 91
101683021524964 91
101683021555305 23
101683100752889 66
101683100785491 23
101683100793716 66
101683163346166 91
101683229577692 91
101683229616347 23
101683229624142 66
101683289778183 23
101683289810832 66
101683289818188 91
101683367980809 23
101683423878680 66
101683423910270 91
101683423917636 23
101683491079776 66
101683491110455 91
101683558100618 23
101683558131724 23
101683558139418 66
101683558146714 91
101683625121700 91
101683625154194 23
101683625161906 66
101683692190373 23
101683692231903 66
101683759326716 91
101683837921304 23
101683837949535 66
101683837957342 91
101683893386960 23
101683893421099 66
101683893428520 91
101683960381402 23
101683960413684 66
101684027604228 91
101684027636400 23
101684027644044 66
101684094616061 91
101684161730926 23
101684161779568 66
101684161787160 91
101684240457875 23
101684240488290 66
101684240495878 91
101684295821536 23
101684295856215 66
101684295863573 91
101684372755139 23
101684372795592 66
101684372803503 91
101684437326098 23
101684507728403 66
101684507759038 91
101684564109533 91
101684564148521 23
101684631326526 66
101684631371368 91
101684709654756 23
101684709687137 66
101684709694666 23
101684765568185 66
101684765605846 91
101684832282908 91
101684832314273 23
101684832322054 66
101684899385719 23
101684899418908 66
101684899426494 91
101684977000321 23
101684977034747 66
101684977042405 91
101685033559854 23
101685100528564 66
101685100564896 91
101685178872470 23
101685178906949 91
101685178914639 23
101685178922065 66
101685243115237 23
101685243145669 66
101685243153250 91
101685302116670 23
101685302147104 66
101685368783940 91
101685368815169 91
101685446267586 23
101685446300369 66
101685446307814 23
101685446314946 66
101685503070580 91
101685570069646 23
101685570101528 66
101685570109810 91
101685646028139 23
101685646060807 66
101685646068181 91
101685704129931 91
101685783398902 23
101685783435504 66
101685838352384 23
101685838385053 66
101685838392489 91
101685915316093 23
101685915345310 66
101685915352891 91
101685972385751 23
101686039598925 66
101686039633524 91
101686106636396 91
101686106671818 23
101686106679426 66
101686173709442 23
101686173749312 66
101686173757040 91
101686240655069 23
101686240690891 66
101686240698441 91
101686319600805 23
101686319636942 66
101686374765343 91
101686449119522 91
101686449163761 23
101686449171875 66
101686516399777 23
101686516430392 66
101686516438076 91
101686583792697 23
101686651134542 66
101686651170576 91
101686651178034 91
101686718569810 23
101686718598343 66
101686718605760 23
101686718612786 66
101686777353972 91
101686844350280 23
101686844381900 66
101686844390272 91
101686911407361 23
101686911439909 66
101686911447287 91
101686978496600 23
101686978529723 66
101687045526387 91
101687112595188 91
101687112630160 23
101687112637837 66
101687179610754 23
101687179644289 66
101687179651925 91
101687253365077 23
101687253397708 66
101687253405814 91
101687388063185 23
101687388095288 66
101687388102891 91
101687455488102 23
101687455523848 66
101687455531033 91
101687522987485 23
101687523035660 66
101687590260802 91
101687590294219 23
101687649100259 66
101687649132835 91
101687716140041 23
101687716172014 66
101687716180354 91
101687783261108 23
101687850327793 66
101687850372058 91
101687917258094 23
101687917291136 66
101687917298826 91
101687984458051 23
101687984490056 66
101687984497275 91
101688118548364 23
101688118581799 66
101688118589404 91
101688192425450 23
101688192459797 66
101688259985472 91
101688327200292 23
101688327234735 66
101688394680091 91
101688394716435 23
101688394724276 66
101688461951198 91
101688521109386 23
101688521148544 66
101688521156335 91
101688588102667 23
101688655258072 66
101688655291801 91
101688655299336 23
101688722210480 66
101688789397757 91
101688856214915 23
101688856249495 66
101688856257181 91
101688935437803 91
101688935473338 23
101688990440826 66
101688990475050 23
101688990482806 66
101688990489772 91
101689067319227 23
101689067348597 66
101689124547440 91
101689197542211 23
101689197572104 66
101689197580025 91
101689258698334 23
101689258740747 66
101689258748863 91
101689325745340 91
101689325775352 23
101689392954593 66
101689392983951 23
101689392991767 66
101689392998991 91
101689470553632 23
101689470586343 66
101689526906691 91
101689594020620 91
101689594055288 23
101689594063448 66
101689661140397 23
101689661173700 66
101689661181307 91
101689728150243 23
101689728181648 66
101689795165376 91
101689873847947 23
101689873879779 66
101689873887366 91
101689929457049 23
101689929493423 66
101689929501262 91
101690005785618 91
101690005824977 23
101690070788946 66
101690070822222 23
101690070829791 66
101690141120348 91
101690197589464 91
101690197621405 23
101690197628924 66
101690264647799 23
101690264680834 66
101690264688423 91
101690343058118 23
101690343093935 66
101690343101401 91
101690466124376 91
101690466161409 23
101690466169588 66
101690532888087 23
101690532924396 66
101690532932108 91
101690610623264 23
101690667115774 66
101690667146600 91
101690734283146 23
101690734312598 66
101690734320159 91
101690812295889 23
101690891197980 66
101690891234519 91
101690941854248 23
101690941892646 66
101690941904362 91
101691009178880 23
101691009213900 66
101691076555170 91
101691143992878 23
101691144026094 66
101691144033526 91
101691211316362 91
101691211348457 23
101691278681590 66
101691278712778 23
101691278720164 66
101691337611671 91
101691337643286 23
101691404831533 66
101691404864439 91
101691471899494 23
101691471930445 66
101691471938278 91
101691539249867 23
101691539282083 66
101691539289886 91
101691605881872 91
101691673700157 23
101691673735125 66
101691740062031 23
101691740092765 66
101691740100242 91
101691807094997 91
101691807128557 23
101691807136876 66
101691880972301 23
101691881006052 66
101691881013438 91
101691948255863 91
101691948293688 23
101692015665608 23
101692015694887 66
101692015702531 23
101692015709575 66
101692083112358 91
101692150440874 23
101692150473555 66
101692150481064 91
101692217897610 23
101692217941684 66
101692276653366 91
101692343811537 23
101692343847830 66
101692343855395 91
101692410805568 23
101692410835688 66
101692410843515 91
101692477981943 23
101692544957925 66
101692544996270 91
101692545003875 23
101692612054811 66
101692612092219 91
101692679025704 23
101692679060463 66
101692679068012 91
101692746033828 23
101692820029651 66
101692820067894 91
101692887399204 23
101692887437396 66
101692887445070 91
101692973638277 23
101692973702166 66
101692973709970 91
101693089531918 23
101693089568507 66
101693089576038 91
101693156892703 23
101693156929111 66
101693215763232 91
101693282641889 91
101693282675956 23
101693282683348 66
101693349716374 23
101693349747025 66
101693349754744 91
101693416729462 23
101693416764456 66
101693483982684 91
101693618131419 23
101693618165027 66
101693618172712 91
101693685440530 91
101693685477928 23
101693685485549 66
101693763819898 91
101693763860774 23
101693763868433 23
101693819087302 66
101693819121222 23
101693819128686 66
101693886337517 91
101693953276296 23
101693953340137 66
101694027269053 91
101694094714686 23
101694094745259 66
101694094752849 91
101694162062040 23
101694162101144 66
101694162108584 91
101694229577943 23
101694229615805 66
101694296775034 91
101694296806295 23
101694296813812 66
101694355588783 91
101694422774386 23
101694422805180 23
101694422812806 66
101694422819812 91
101694489934573 23
101694556835454 66
101694556869651 91
101694623893519 23
101694623928993 66
101694691042211 91
101694691078078 23
101694758098470 66
101694758130477 91
101694825073356 91
101694825123025 23
101694825131138 66
101694898953063 23
101694898983310 66
101694898990799 91
101694966360631 23
101695033823425 66
101695033858164 91
101695033865994 23
101695101101465 23
101695101132082 66
101695101139832 91
101695168487048 91
101695168518270 23
101695168525630 66
101695235840623 23
101695235873441 66
101695235880913 91
101695294649470 91
101695361674264 23
101695361709816 66
101695361717176 23
101695361724827 66
101695428802446 91
101695495743539 23
101695495783827 66
101695562841689 91
101695629936721 23
101695629970908 66
101695629978616 91
101695697116694 23
101695697151590 66
101695697159237 91
101695763987471 23
101695764023658 66
101695838207453 91
101695905430598 91
101695905460420 23
101695972806710 23
101695972836094 66
101695972843659 23
101695972850546 66
101696040264308 91
101696040296683 23
101696107576714 66
101696107609910 91
101696166441287 23
101696166470910 66
101696166478317 91
101696233479611 23
101696233514082 66
101696233521591 91
101696367692267 23
101696367730252 66
101696367737992 91
101696434702329 23
101696434741747 66
101696434749272 91
101696501726404 23
101696501759928 66
101696501767610 91
101696580700469 23
101696580727913 66
101696635928224 91
101696718928453 91
101696718966872 23
101696718974560 66
101696781991000 23
101696782029482 66
101696782037075 91
101696837199111 91
101696913836684 23
101696913868490 23
101696913875848 66
101696913882767 23
101696913889679 66
101696971280903 91
101696971358949 23
101696971373248 66
101697038382257 91
101697181077270 23
101697181131375 66
101697181139441 91
101697251184298 23
101697251217952 66
101697251225338 91
101697306547955 23
101697306585327 66
101697383128631 91
101697453110156 91
101697453140240 23
101697453147851 66
101697508043046 23
101697508073820 66
101697508081568 91
101697581661412 23
101697641960126 66
101697641991980 91
101697641999703 23
101697708896041 66
101697708926501 91
101697786293798 23
101697786323299 66
101697786330794 91
101697843363290 23
101697843394695 66
101697910157400 91
101697910191022 91
101697977347582 23
101697977385795 66
101697977393169 23
101697977400124 66
101698053567876 91
101698123617773 23
101698123655028 66
101698123662931 91
101698178483314 23
101698178521201 66
101698178528675 91
101698255503638 23
101698255535462 66
101698312538417 91
101698312570523 23
101698379581702 66
101698379615435 91
101698446754742 91
101698446789659 23
101698513740027 66
101698513774987 23
101698513782351 66
101698513789256 91
101698580794578 23
101698580824469 66
101698659007758 91
101698715091312 91
101698715122309 23
101698715129787 66
101698796823286 23
101698796865036 66
101698796872905 91
101698849085066 23
101698849120648 66
101698849128380 91
101698983278261 23
101698983308214 66
101698983315934 91
101699050467340 91
101699050501968 23
101699050509425 66
101699128077511 23
101699128109725 66
101699184564409 91
101699251541194 23
101699251570336 66
101699251577748 91
101699329273152 23
101699329303329 66
101699385553599 91
101699452850683 23
101699452898718 66
101699452906088 91
101699531254990 91
101699586879237 23
101699586909753 66
101699586917023 23
101699586924103 66
101699653917038 91
101699721235561 23
101699721278241 66
101699721287068 91
101699788054596 23
101699788087989 66
101699788096488 91
101699864425870 23
101699864457064 66
101699934491823 91
101699994638514 91
101699994673285 23
101699994680677 66
101699994687592 23
101700066401814 66
101700066434887 91
101700123261673 23
101700123292634 66
101700201773959 91
101700257666754 23
101700257707429 66
101700257715101 91
101700324491910 23
101700324523022 66
101700403719844 91
101700458898124 23
101700458944248 66
101700458954740 91
101700525768122 23
101700525804265 66
101700525811874 91
101700592768123 23
101700592800691 66
101700670997494 91
101700726971641 23
101700727002964 66
101700727010814 91
101700794117330 23
101700794163454 66
101700794171053 91
101700873127191 23
101700928054600 66
101700928087504 91
101700928094844 23
101700928101818 66
101700995244319 91
101701062265367 23
101701062301789 66
101701062309328 91
101701140187146 23
101701140221931 66
101701196446639 91
101701263545602 23
101701263614710 66
101701336171929 91
101701397574958 91
101701397607864 23
101701397615509 66
101701464718676 23
101701464750295 66
101701464757975 91
101701543472566 23
101701543516962 66
101701543524286 91
101701598811181 23
101701598839718 66
101701675498904 91
101701733013829 91
101701733045498 23
101701733053013 66
101701800076969 23
101701800124696 66
101701800132173 91
101701867028485 91
101701867057702 23
101701934134400 66
101701934163904 23
101701934171485 66
101702001325712 91
101702078585040 23
101702078619708 66
101702078627681 91
101702135342609 23
101702135376233 66
101702209346144 91
101702209377986 23
101702276737409 66
101702276770744 91
101702344240517 23
101702344284321 66
101702344316202 91
101702411492314 23
101702411521420 66
101702478869354 91
101702478901501 23
101702537858219 66
101702537889675 91
101702604788417 23
101702604823598 66
101702604831314 91
101702671743369 23
101702671774939 66
101702738977397 91
101702806097569 23
101702806129105 66
101702806136693 91
101702873015600 91
101702873048293 23
101702940017226 66
101702940049517 91
101702940057124 23
101702940065319 66
101703007268566 23
101703007303324 66
