92496817694620 91
92496892739069 23
92496892768618 66
92496951781355 91
92497018833066 23
92497018864773 66
92497086957752 91
92497165019911 23
92497165051224 66
92497165058552 91
92497220021766 23
92497287160481 66
92497287193800 91
92497354257443 91
92497421239306 23
92497421269957 66
92497488312636 23
92497488349073 66
92497555441359 91
92497634100641 91
92497689532480 23
92497689561439 66
92497756727272 23
92497756753359 91
92497756761307 23
92497756768407 66
92497823710391 91
92497823741599 23
92497823749156 66
92497890701829 91
92497890729592 23
92497967263820 66
92497967287103 91
92497967294477 23
92498024824423 66
92498024847823 91
92498091833722 23
92498091854495 66
92498091862471 23
92498159010992 66
92498159029365 91
92498226213018 91
92498226232469 23
92498293086896 66
92498293120118 23
92498293127778 66
92498360154134 91
92498436511380 23
92498436540802 66
92498436548701 91
92498506526723 23
92498567492850 66
92498567511948 91
92498628430442 23
92498628449523 66
92498695427817 91
92498773733866 23
92498773751620 66
92498773759145 91
92498896697369 91
92498896723020 23
92498970413437 66
92498970434077 23
92498970442016 66
92498970448885 91
92499097904802 23
92499097925335 66
92499097932991 91
92499177036622 91
92499177057907 23
92499177066154 66
92499231972045 23
92499231990515 66
92499231998221 91
92499308915413 23
92499366073246 66
92499366090070 91
92499433145477 23
92499433164107 66
92499433171771 91
92499500179732 23
92499567364106 66
92499567381468 91
92499646213064 23
92499646232085 23
92499701440476 66
92499701458849 91
92499776189649 23
92499776209342 66
92499776217022 91
92499847504080 91
92499847527271 23
92499847534977 66
92499902772949 91
92499979420459 23
92499979456173 66
92500037025316 91
92500103867109 23
92500103895612 66
92500103903137 91
92500181365088 23
92500181394245 23
92500181401796 66
92500181408951 91
92500244432568 91
92500316732083 23
92500316763151 66
92500316770692 91
92500372534400 23
92500372560438 66
92500439152444 91
92500439180957 23
92500506240070 66
92500506271938 91
92500506279455 23
92500506286431 66
92500573420752 23
92500573447098 66
92500573454822 91
92500640430103 91
92500707463383 23
92500707489269 66
92500707497126 91
92500785935854 23
92500785961037 66
92500841679480 23
92500841700502 66
92500841708109 91
92500908676947 23
92500908697052 66
92500908704448 91
92501048076299 23
92501048107109 66
92501048114839 91
92501109907071 23
92501109928644 66
92501189195925 91
92501243931937 23
92501243950077 66
92501243957437 91
92501321066379 23
92501321085134 66
92501321092577 91
92501378167722 23
92501445180532 66
92501445200894 91
92501522368420 23
92501522388164 91
92501579375272 23
92501579392126 66
92501579399494 91
92501646375958 23
92501646393012 66
92501646400593 23
92501724312202 66
92501724330462 91
92501780435449 23
92501780452573 66
92501780460100 91
92501914640112 23
92501914658165 66
92501914665596 91
92501991535679 23
92501991551886 66
92501991559485 91
92502115871399 23
92502115904724 66
92502115912387 91
92502249970334 23
92502250001502 66
92502250009138 91
92502384250434 23
92502384280642 66
92502384288373 91
92502460868389 91
92502518396501 23
92502518432293 66
92502518440116 91
92502585697114 23
92502585726665 66
92502662739942 23
92502662770869 66
92502662779323 91
92502724960836 91
92502724994336 23
92502786550762 66
92502786584243 23
92502786592009 91
92502864058703 23
92502864086530 66
92502864094248 91
92502920551523 23
92502920572869 66
92502987745600 91
92502987763039 23
92502987770574 66
92503065988387 91
92503066009798 23
92503066017671 66
92503121875588 23
92503121900476 66
92503121907991 91
92503188850901 23
92503188868576 66
92503267283752 91
92503323336792 23
92503323357362 66
92503323364660 91
92503390007879 91
92503390027258 23
92503390034980 66
92503469216721 23
92503469234408 91
92503469242078 23
92503524241383 66
92503524259011 23
92503524266647 66
92503524273589 91
92503670517972 91
92503670546565 23
92503670554448 23
92503670561531 66
92503725510893 91
92503725534418 23
92503802407432 66
92503802425739 91
92503802434072 23
92503859520022 66
92503859537771 91
92503859545290 23
92503926519429 66
92503926539741 23
92503926547236 66
92504000973350 91
92504060806574 23
92504060829895 66
92504060837547 91
92504127918075 91
92504205700637 23
92504205726221 66
92504205733782 91
92504262028951 23
92504262053215 66
92504262060773 91
92504329046675 23
92504329072432 66
92504329080092 23
92504401774808 66
92504401806371 91
92504463296527 91
92504463323471 23
92504530536045 66
92504530564878 91
92504609006640 23
92504609034737 66
92504664383695 91
92504664422315 23
92504664430092 66
92504740885345 23
92504740915495 66
92504740922759 91
92504872103030 23
92504872134542 66
92504872142114 91
92504942211932 23
92504942243067 66
92504942250836 91
92505066768613 91
92505066803657 23
92505133939143 66
92505133968088 23
92505200954339 66
92505200983270 91
92505267929631 23
92505267953044 66
92505267960473 91
92505402121875 91
92505402151273 23
92505469139270 66
92505469159785 23
92505469167535 91
92505547373380 23
92505547396882 66
92505547404570 91
92505603241985 23
92505603269360 66
92505670464148 23
92505670494789 66
92505670502014 91
92505748646719 91
92505804510543 23
92505804541484 66
92505804549226 91
92505871764622 23
92505871796014 66
92505950690021 91
92505950723685 23
92506005742919 66
92506005770780 91
92506005778297 23
92506072739456 66
92506072768389 91
92506140052637 23
92506140088844 66
92506217881543 91
92506217914868 23
92506217922463 66
92506273969552 23
92506274003267 66
92506274011021 91
92506341082839 23
92506419844877 66
92506419874450 91
92506475359226 23
92506475386762 66
92506475394250 91
92506542299021 23
92506616322209 66
92506616352200 91
92506683846454 23
92506683894651 66
92506683902635 91
92506818494775 23
92506818534570 66
92506885863626 91
92506944681262 91
92506944714631 23
92506944722462 66
92507011680230 91
92507011713462 23
92507011721469 66
92507078695369 91
92507145999585 23
92507146046606 66
92507146054066 23
92507146061038 66
92507212933036 91
92507212964041 91
92507279951985 23
92507279982594 66
92507347005146 23
92507347040375 66
92507347048106 91
92507426292963 91
92507481332535 23
92507481366733 66
92507481374911 23
92507481382018 66
92507481388921 91
92507558220473 23
92507615240972 66
92507615271951 91
92507682810148 91
92507756240649 23
92507756279386 66
92507756286971 91
92507756294144 23
92507816572349 66
92507816612155 91
92507883644410 23
92507883681490 66
92507961477814 91
92507961509123 23
92507961517035 23
92508017670378 66
92508017697312 91
92508017705249 23
92508084677364 66
92508084703988 23
92508084711398 66
92508084718318 91
92508163374886 91
92508224365056 23
92508224390964 66
92508286281591 23
92508286303683 66
92508286311277 91
92508352987511 91
92508353017687 23
92508430610859 66
92508430644684 23
92508430652141 66
92508430659225 91
92508554164713 91
92508554193600 23
92508554201117 66
92508627311056 91
92508627344897 23
92508688555965 66
92508688583921 91
92508688591460 23
92508755776412 66
92508755812902 23
92508833889713 66
92508833914219 91
92508889455996 91
92508889481486 23
92508889489242 66
92508956592834 91
92508956613134 23
92508956620931 66
92509030158891 23
92509030184343 91
92509030191932 23
92509090755674 66
92509090774958 23
92509090782690 66
92509090789811 91
92509157816208 23
92509224831856 66
92509224849574 91
92509303030188 91
92509303047157 23
92509358893965 66
92509358911241 91
92509358918865 23
92509426105023 66
92509426126274 23
92509493127000 66
92509493149816 91
92509493157321 91
92509560118830 23
92509560140444 66
92509560148007 23
92509627135303 66
92509627155899 91
92509706334474 91
92509706355052 23
92509761378931 66
92509761398350 23
92509761405995 66
92509761412983 91
92509901193564 91
92509901215478 23
92509973679612 66
92509973700661 91
92509973708783 23
92510029605447 66
92510029625499 91
92510096764515 23
92510096797393 66
92510096804932 23
92510175580154 66
92510175607120 91
92510230910860 91
92510230938060 23
92510230945667 66
92510297854571 91
92510297875122 23
92510297882756 66
92510364927629 23
92510364951347 66
92510364958940 91
92510442788994 91
92510499124802 23
92510499152819 23
92510499160398 66
92510566129794 91
92510566161727 23
92510566169489 66
92510644765042 91
92510644797663 23
92510644805485 66
92510700314566 91
92510700342287 23
92510776015143 66
92510776042640 23
92510776050461 66
92510846301986 91
92510901622243 23
92510901661254 66
92510901669030 91
92511035650167 23
92511035689437 66
92511035697262 91
92511102773302 23
92511102799068 66
92511169700168 91
92511236851741 23
92511236882867 66
92511315244246 91
92511371012353 23
92511371038315 66
92511371045866 91
92511438026632 91
92511517372489 23
92511517408689 23
92511517416080 66
92511580260002 91
92511580287793 23
92511580295462 66
92511639274178 91
92511639300762 23
92511639308114 66
92511706353375 23
92511706382498 66
92511706390856 91
92511840453112 91
92511840480653 23
92511840488572 66
92511907564763 23
92511907596104 66
92511907603609 91
92511981047858 91
92511981076405 23
92512041793146 66
92512041834173 23
92512041841774 66
92512041848796 91
92512187764993 23
92512187799313 66
92512242793330 91
92512319617604 91
92512319646011 23
92512377017480 66
92512377047891 23
92512377055541 66
92512377062541 91
92512444059147 91
92512511178569 23
92512511205166 66
92512578666826 91
92512578698571 23
92512657549944 66
92512657584170 23
92512657591544 91
92512712381224 23
92512712409679 66
92512712417290 91
92512786835819 23
92512786866341 66
92512786873713 91
92512858344299 23
92512858379794 66
92512858387622 23
92512913770482 66
92512913803148 91
92512990109221 23
92512990132794 66
92513047715488 91
92513114684876 91
92513192106936 23
92513192139208 66
92513257127796 23
92513257161703 66
92513257169526 91
92513315889281 91
92513315914898 23
92513382912214 66
92513382944212 91
92513449974235 23
92513450005969 66
92513450013751 23
92513517144276 66
92513584120262 91
92513651245497 23
92513651278185 66
92513718216500 91
92513718251259 91
92513785422768 23
92513785453200 66
92513852383434 91
92513852416666 23
92513852424189 66
92513920779425 91
92513920815503 23
92513986965322 66
92513986997962 91
92514053638123 23
92514053669096 66
92514130962641 23
92514130992770 66
92514131000375 91
92514187826281 23
92514187861787 66
92514254758541 91
92514328956346 23
92514328989568 91
92514328997175 23
92514396198467 66
92514396228555 23
92514396236227 66
92514396243371 91
92514530995552 91
92514531028212 23
92514531035838 66
92514603108446 91
92514603144622 23
92514603152288 66
92514657235620 91
92514724384367 23
92514724416062 66
92514724423537 91
92514791263600 23
92514791297055 66
92514791305153 91
92514863654297 23
92514863685757 23
92514863693487 66
92514931042480 23
92514931073858 66
92514931081612 91
92514998418281 23
92514998448483 66
92514998455944 91
92515065834466 91
92515133240272 23
92515133274261 66
92515133281870 23
92515200569627 66
92515200601138 91
92515267923346 23
92515267954082 66
92515267961856 91
92515335312680 91
92515402697452 23
92515402729137 66
92515402736638 23
92515402743664 66
92515470096620 91
92515537462960 23
92515537493802 66
92515537501289 91
92515596259965 91
92515663210393 23
92515663243377 66
92515663250919 91
92515730316832 23
92515730348250 66
92515730355586 91
92515797340563 23
92515797372186 66
92515864352030 23
92515864383590 66
92515864391059 91
92515931382002 23
92515931414651 66
92515931422355 91
92516010267221 91
92516065615902 23
92516065642452 66
92516065650057 91
92516142141462 23
92516142169414 66
92516199727722 91
92516199756949 23
92516199764786 66
92516266805349 23
92516266835443 66
92516266842918 91
92516333838862 91
92516400847219 23
92516400875309 66
92516400883146 23
92516400890387 66
92516479676904 91
92516535082366 23
92516535112877 66
92516535120376 91
92516602078990 91
92516602108483 23
92516681399975 66
92516681430994 23
92516681438427 66
92516681445441 91
92516736196190 91
92516812633410 23
92516812662485 66
92516812670050 23
92516870383258 66
92516870412217 91
92516937565997 23
92516937595586 66
92516937603107 91
92517004898225 23
92517004933566 91
92517071725967 23
92517071757323 66
92517071764811 91
92517139648086 23
92517139683575 66
92517139691202 23
92517139698224 66
92517213591654 91
92517272826944 23
92517272857537 66
92517272865046 91
92517417864842 23
92517417896362 66
92517417903994 91
92517474026115 23
92517474060779 66
92517541144479 91
92517616772443 23
92517616804098 66
92517616811691 91
92517675188698 23
92517675218255 66
92517675225848 91
92517809398394 91
92517809430331 23
92517809437840 66
92517876543716 91
92517876574558 23
92517876582170 66
92517943369047 91
92517943400734 23
92518010583357 23
92518010611936 66
92518010619624 23
92518010626749 66
92518010633745 91
92518144610762 91
92518144641558 23
92518144648871 66
92518221638208 23
92518221671139 66
92518221678742 91
92518278726560 23
92518345810740 66
92518345839910 91
92518421577619 91
92518479846197 23
92518479872137 66
92518479879756 23
92518558968476 66
92518558998622 91
92518614081538 91
92518614109602 23
92518614117027 66
92518690855766 23
92518690886210 66
92518690893672 91
92518815216157 23
92518815249188 66
92518815256910 91
92518882364332 23
92518882394746 66
92518949578322 91
92519016373463 91
92519094177469 23
92519094212841 66
92519150851223 91
92519150882079 23
92519150889854 66
92519218804357 23
92519218832520 66
92519218839930 91
92519292685444 91
92519351812425 23
92519351840232 66
92519351848215 23
92519351855260 91
92519418798140 23
92519418833366 66
92519497500239 91
92519497533440 23
92519497540917 66
92519553030448 23
92519553061212 66
92519553068735 91
92519620030946 91
92519687332394 23
92519687363381 66
92519687370815 91
92519764613633 23
92519764644318 66
92519821245876 23
92519821276338 66
