89935307161069 91
89935441524714 23
89935441545567 66
89935441553022 91
89935508357227 23
89935508377736 66
89935575393224 91
89935654571694 91
89935709639299 23
89935709657789 23
89935709665334 66
89935709672338 91
89935784972711 23
89935785004040 66
89935785012365 23
89935855927800 66
89935855955267 91
89935910857670 23
89935910878483 91
89935987777469 23
89935987803196 66
89935987811300 91
89936044899103 23
89936044919856 66
89936112084425 23
89936112105970 23
89936112113744 66
89936185784007 91
89936246638097 91
89936313454746 23
89936313496627 66
89936391061930 91
89936447336077 23
89936447361746 66
89936514509484 23
89936514529000 66
89936592951458 91
89936715598373 91
89936715626399 23
89936715634091 23
89936782897446 66
89936782926470 23
89936860294497 23
89936860330641 23
89936916849239 66
89936916881354 91
89937056891268 23
89937056922884 66
89937056930528 91
89937118040130 23
89937185066881 66
89937185089273 91
89937263448687 91
89937319281434 23
89937319304263 66
89937386265497 23
89937386284083 66
89937386291781 91
89937453341861 23
89937520337797 66
89937520354227 91
89937587395572 91
89937654413783 23
89937654430034 66
89937654437464 23
89937732663233 66
89937732681956 91
89937788641435 23
89937855804453 66
89937855820778 91
89937933941973 91
89937933959179 23
89937933966875 66
89937989839368 91
89937989861363 23
89938056911681 66
89938056929608 91
89938123978243 23
89938123997241 66
89938201869576 23
89938201887428 66
89938201895450 91
89938258200707 23
89938258215178 66
89938258222538 91
89938325218712 23
89938325239223 66
89938392217947 91
89938469124501 23
89938469145626 66
89938469153141 91
89938526461126 91
89938593479203 23
89938593498121 66
89938593505884 23
89938593513115 66
89938593520461 91
89938733684633 91
89938733704676 23
89938806379368 66
89938806396918 91
89938861747299 23
89938861764688 66
89938861772253 91
89938938300501 23
89938938318829 66
89938995779330 23
89938995795497 66
89938995802692 91
89939062870624 23
89939062887689 66
89939062896001 91
89939196957694 23
89939196977060 66
89939196984716 91
89939275626560 91
89939275645915 23
89939331311890 66
89939331338695 91
89939398316512 23
89939398345302 66
89939398352825 91
89939477610297 23
89939477637118 66
89939532491559 23
89939532514874 66
89939532523089 91
89939608823251 23
89939608843962 66
89939666460339 91
89939733620995 23
89939733649212 66
89939733658532 91
89939800624024 91
89939867621038 23
89939867638015 66
89939867645922 91
89939946802365 23
89939946819993 66
89939946827440 91
89940013743842 23
89940013763044 66
89940069304363 23
89940069329680 66
89940069337263 91
89940135929978 23
89940135954289 66
89940135961966 91
89940270246924 91
89940270277177 23
89940270284845 66
89940337208199 23
89940337228563 66
89940337236191 91
89940471496384 91
89940471537978 23
89940471546444 66
89940538515496 91
89940538548354 23
89940617278261 66
89940617302279 91
89940672526692 23
89940672549999 66
89940749159519 91
89940749181076 23
89940749188939 66
89940806710951 91
89940806728250 23
89940806735942 66
89940873726395 91
89940940734682 23
89940940753322 66
89940940761171 23
89941007731819 66
89941007749083 91
89941086462564 91
89941142164166 23
89941142181664 66
89941142189187 91
89941216364682 23
89941216383371 66
89941216390904 23
89941216397812 66
89941287774789 91
89941343177625 23
89941343191343 66
89941343198908 91
89941477262114 23
89941477278163 66
89941477285606 91
89941544521741 23
89941621634280 66
89941621655267 91
89941686629896 23
89941756959634 66
89941756976833 91
89941812662357 23
89941812677499 66
89941879761154 91
89941958970821 23
89941959003063 66
89941959011043 91
89942087483675 91
89942087517410 23
89942087525299 66
89942160418554 23
89942160458987 66
89942160468554 91
89942215125120 23
89942292120410 66
89942292141209 91
89942349150845 91
89942349169924 23
89942349177534 66
89942416226878 23
89942416254705 66
89942483299544 91
89942550358864 23
89942550380655 66
89942617347879 91
89942695344727 23
89942695362171 66
89942751635169 91
89942818602944 23
89942895307288 66
89942895324305 91
89942952728553 23
89943019848126 66
89943019866883 91
89943086901325 23
89943086925344 66
89943164626461 91
89943221105646 23
89943288000875 66
89943288053993 91
89943355087448 23
89943355107473 66
89943355115311 91
89943422257731 23
89943422275004 66
89943489279616 91
89943567809946 91
89943567826901 23
89943567834464 66
89943623353875 91
89943690564702 23
89943690588808 66
89943690596484 91
89943757559650 23
89943757578084 66
89943757585786 23
89943757593053 66
89943835143100 91
89943891598711 23
89943891617092 66
89943891624846 91
89943958750110 91
89944037029050 23
89944037047940 66
89944037055548 23
89944092863614 66
89944092882572 91
89944160004173 91
89944160021683 23
89944227266533 66
89944227289160 23
89944227296945 66
89944294369799 91
89944361214648 91
89944361251766 23
89944428324533 66
89944428356702 91
89944506312816 23
89944506340794 66
89944506348041 23
89944562362581 66
89944562389509 91
89944562397119 91
89944635347944 23
89944635368923 66
89944696674309 91
89944696713495 23
89944763537771 66
89944763566386 23
89944763574219 66
89944763581247 91
89944909487314 91
89944909511539 23
89944909519206 66
89944964721930 23
89944964741823 66
89944964750187 91
89945031756252 23
89945098893081 66
89945098913677 91
89945176742140 91
89945233063051 23
89945233081579 66
89945233088786 91
89945299989618 23
89945300010863 66
89945378695626 23
89945378716485 66
89945378723893 91
89945434213209 23
89945434232294 66
89945501214816 91
89945568230891 91
89945645905210 23
89945645923290 66
89945645930714 23
89945702462151 66
89945702483131 91
89945769459742 23
89945769479918 66
89945769487491 91
89945841920742 23
89945903724486 66
89945903740158 91
89945970607919 91
89945970628943 23
89946049181785 66
89946049198889 23
89946049206673 66
89946049213720 91
89946181083068 91
89946181102742 23
89946181111373 23
89946181119031 66
89946251123730 91
89946251140749 23
89946306223195 66
89946373449036 91
89946373473451 23
89946373481093 66
89946452487723 91
89946452507675 23
89946452515166 66
89946507201595 23
89946507221249 66
89946584377202 91
89946641399160 23
89946641415170 66
89946715095992 91
89946775487284 23
89946775506951 66
89946775514276 91
89946842630394 23
89946909733951 66
89946909768440 91
89946909775969 91
89946987670318 23
89947043841390 66
89947043865788 23
89947043873202 66
89947043880337 91
89947110919460 91
89947188899086 23
89947188927368 66
89947244957853 23
89947244976677 66
89947311956491 91
89947390829774 91
89947446172479 23
89947446188153 66
89947518781213 91
89947518801396 23
89947518808994 66
89947592117274 23
89947592136154 66
89947592143774 91
89947647372242 23
89947724014483 66
89947724031411 91
89947781468339 91
89947781484075 23
89947781491506 66
89947848630931 23
89947848650734 66
89947848658373 91
89947925983962 23
89947926002460 66
89947926010150 91
89947982763739 23
89948049931982 66
89948049949448 91
89948127281886 91
89948183835999 23
89948183852174 66
89948250945931 23
89948250963371 66
89948250970948 91
89948329228323 91
89948385228393 23
89948385244688 66
89948385252332 91
89948452492520 23
89948452519726 66
89948519214726 91
89948519235545 23
89948519242969 23
89948519249772 66
89948596477906 23
89948596501145 66
89948596508833 91
89948653424210 91
89948720407855 23
89948720427069 66
89948787404425 91
89948787420891 23
89948854761034 66
89948854804667 91
89948854815054 23
89948921718630 66
89948921778643 23
89948921787444 91
89948999767586 23
89948999795693 66
89949055730721 23
89949055755066 66
89949055762907 91
89949122899851 91
89949197749238 23
89949197769407 66
89949197777055 91
89949256945411 23
89949256966208 66
89949323936351 23
89949323954911 66
89949323962410 91
89949403070778 23
89949403105885 66
89949403113633 91
89949458234501 91
89949534905487 23
89949534933093 66
89949592356124 23
89949592418586 66
89949592426862 91
89949659386646 23
89949659436716 66
89949659446470 91
89949726399191 91
89949793415546 23
89949793433514 66
89949872202648 23
89949872223382 66
89949872230987 91
89949927673626 91
89950004130113 23
89950004158199 66
89950004165885 23
89950004172944 66
89950004179839 91
89950128926322 23
89950128946694 66
89950128955094 91
89950195786025 91
89950262827683 23
89950262845454 66
89950262853064 91
89950341374755 23
89950341392263 66
89950341400092 23
89950397142873 66
89950397159900 91
89950471678015 23
89950471695087 66
89950531103122 91
89950598320593 23
89950598342394 66
89950598350781 91
89950744658771 23
89950744680371 66
89950744687891 91
89950799372084 23
89950799391334 66
89950799399190 91
89950945946115 23
89950945964912 66
89950945972690 91
89951000582393 91
89951077846254 23
89951077865365 66
89951134801807 23
89951134817237 66
89951134825158 91
89951201780318 91
89951201797146 23
89951279822174 23
89951279840454 66
89951279848200 91
89951342760354 23
89951342777629 66
89951415112986 23
89951415131940 66
89951415139494 91
89951470083625 91
89951547021889 23
89951547039232 66
89951547046804 91
89951604291409 23
89951604308538 66
89951671287225 23
89951671306008 66
89951671313956 91
89951743566879 23
89951743585397 91
89951805483735 23
89951805500040 66
89951805507607 91
89951872479990 23
89951872497868 66
89951950340944 23
89951950374067 66
89951950381972 91
89952006789549 91
89952073806937 23
89952073835746 66
89952073843398 91
89952140808584 23
89952140835248 66
89952208011957 23
89952208040498 66
89952208047955 91
89952275021758 23
89952275087494 66
89952275095639 91
89952419471097 91
89952419492043 23
89952419499719 66
89952476049210 91
89952476070256 23
89952543236945 66
89952543255028 23
89952543262969 66
89952610463271 91
89952677281275 23
89952677303295 66
89952744426918 91
89952822777457 23
89952822805185 66
89952822813071 91
89952945496772 23
89952945519709 66
89952945527224 91
89953012560389 91
89953090131015 23
89953090162633 66
89953090170269 91
89953146751259 23
89953146783636 66
89953213899593 23
89953213923471 66
89953213931207 91
89953291939354 91
89953291961247 23
89953348107792 66
89953348126792 23
89953348134038 66
89953414914994 91
89953482135829 23
89953482153325 66
89953482161013 91
89953559175966 23
89953559193485 66
89953616188845 91
89953761250567 91
89953761287175 23
89953761294778 66
89953823377534 23
89953823401092 66
89953823408833 91
89953884424571 23
89953884446269 66
89953962463330 91
89954018604727 23
89954018620877 66
89954018628245 91
89954085612443 91
89954164429826 23
89954164454463 66
89954219865647 91
89954219883972 23
89954219891312 66
89954286925837 91
89954286944699 23
89954365691523 66
89954365709019 91
89954421026009 23
89954421042728 66
89954421050356 23
89954497698297 66
89954497734770 91
89954555137622 23
89954555167287 66
89954555174943 91
89954622287596 91
89954689449140 23
89954689468079 66
89954689475650 91
89954768977502 23
89954769000459 66
89954823363124 91
89954823390867 23
89954823398540 66
89954900838494 23
89954900859152 66
89954957588659 91
89955024603490 91
89955024621058 23
89955024628692 66
89955099376889 23
89955099394244 66
89955158650146 91
89955158666739 91
89955225850519 23
89955225873806 66
89955304074584 23
89955304091414 66
89955304098649 91
89955426889624 23
89955426908757 66
89955426916329 91
89955500250193 23
89955500268357 66
89955561126766 91
89955628130458 23
89955628148223 66
89955628155698 91
89955707347275 91
89955762360252 23
89955762376859 66
89955839269722 23
89955839288726 66
89955839296776 91
89955896383376 23
89955896401858 66
89955896409194 91
89955963578733 91
89956040551459 23
89956040573964 66
89956097615500 91
89956097633767 23
89956097641177 66
89956164621056 23
89956164638562 66
89956298848553 91
89956371289267 91
89956371312040 23
89956433159503 66
89956433180605 23
89956509715078 66
89956509733491 91
89956567044966 91
89956567060853 23
89956567068139 66
89956634119414 23
89956634136487 66
89956634144324 91
89956711696785 91
89956768446026 23
89956768461711 66
89956768468940 23
89956768475866 66
89956835641056 91
89956913047567 23
89956913075800 66
89956913083372 91
89957036685998 91
89957036716157 23
89957036723812 66
89957114981338 91
89957115011175 23
89957115018736 66
89957170700328 23
89957170725610 66
89957237861555 91
89957316477777 23
89957316513786 66
89957371915774 91
89957438899316 23
89957438918550 66
89957438926027 91
89957518222872 91
89957573148578 23
89957573168733 66
89957640115976 91
89957640134876 23
89957640142745 66
89957707129581 23
89957707148161 66
89957707155766 91
89957841393995 23
89957841419074 66
89957841426780 91
89957908563346 91
89957987494546 23
89957987522182 66
89957987529695 91
89958042601496 23
89958042622944 66
89958109570620 23
89958109590123 66
89958188693923 91
89958243823275 23
89958243841296 66
89958320605869 91
89958377918053 91
89958377946789 23
89958377954430 66
89958444945803 23
89958444965152 66
89958521891722 91
89958579040377 23
89958579058704 66
89958646054142 91
89958723838439 23
89958723855702 91
89958723863523 23
89958780230430 66
89958780247013 23
89958847420993 66
89958847438298 91
89958914276640 91
89958914293927 23
89958991154005 66
89958991182013 23
89958991189802 66
89958991196894 91
89959048523453 23
89959115538504 66
89959115558317 91
89959193007230 91
89959193024322 23
89959193031565 66
89959249659237 91
89959249676308 23
89959324166574 66
89959383779611 23
89959383795647 66
89959450982450 91
89959518084943 23
89959518119862 66
89959518127371 91
89959652156590 91
89959652190159 23
89959652197882 66
89959727136165 91
89959727158766 23
89959786287110 66
89959853296656 91
89959853321169 23
89959853328808 66
89959920472635 23
89959920493335 66
89959920501257 91
89959999556396 91
89959999573271 23
89960054507341 66
89960054525364 91
89960129979115 23
89960129997319 66
89960200848201 23
89960200868761 66
