99431957036533 91
99432035901467 23
99432035944053 66
99432035951541 91
99432091340956 23
99432091371430 66
99432158319821 91
99432158356132 23
99432158364422 66
99432237297342 91
99432292611469 23
99432292639863 66
99432292647512 91
99432426597861 23
99432426631936 66
99432426639769 91
99432493884117 23
99432493942442 66
99432569063958 91
99432628127627 23
99432628168808 66
99432628176594 91
99432761929467 23
99432761958010 66
99432761965613 91
99432838190594 23
99432838221378 23
99432838228630 66
99432908279657 91
99432963100974 23
99432963133424 66
99432963140934 91
99433037284549 91
99433037325721 23
99433109573929 66
99433164362895 23
99433164393548 66
99433164401337 91
99433241515767 91
99433241557566 23
99433241565075 66
99433298501164 23
99433298535315 66
99433298543023 91
99433365608556 91
99433438016746 23
99433438048805 66
99433499644530 91
99433499678708 23
99433499686128 66
99433566659797 91
99433566694507 23
99433566702211 66
99433644722976 23
99433644756572 66
99433644763870 91
99433700838754 91
99433767862740 23
99433767894779 66
99433835077070 23
99433835115342 66
99433835122871 91
99433902057966 91
99433902095114 23
99433902102748 66
99433969086832 23
99433969118018 66
99433969125686 91
99434036106638 91
99434114056333 23
99434114087004 66
99434170352123 23
99434170389032 66
99434170396531 91
99434237331963 91
99434237399618 23
99434237407615 66
99434304418983 23
99434304450825 66
99434304458095 91
99434371476296 91
99434371509999 23
99434438517682 66
99434438550071 23
99434438557582 66
99434517189716 91
99434572614529 91
99434572646957 23
99434572654562 66
99434649114625 23
99434649148420 66
99434649156005 91
99434714175819 23
99434714211899 66
99434781496889 91
99434781531893 23
99434848930787 66
99434848962374 91
99434916227231 91
99434916260971 23
99434916268561 66
99434985168889 23
99434985204333 66
99434985212068 91
99435042094540 91
99435109405452 23
99435109440869 66
99435109448591 23
99435109455617 91
99435176444704 23
99435176495737 66
99435243412265 23
99435243450055 66
99435243458463 91
99435310351775 23
99435310389961 66
99435310397581 91
99435377545654 23
99435377581263 66
99435444565913 91
99435444599752 23
99435444607599 66
99435518458625 91
99435585902621 23
99435585938613 66
99435653252825 91
99435720582667 23
99435720613737 66
99435720621865 91
99435787961556 23
99435787992392 66
99435788000152 91
99435913955089 23
99435913989457 66
99435913997173 91
99435981206995 23
99435981242593 66
99436048090362 91
99436115263677 91
99436115295228 23
99436115302902 66
99436115309996 23
99436193136547 66
99436193176795 91
99436249288894 23
99436249323918 66
99436249331463 91
99436390215273 91
99436390255702 23
99436390263237 66
99436457643554 91
99436457690251 23
99436457697945 66
99436533253332 23
99436533287785 66
99436533295394 91
99436592300673 23
99436592335023 66
99436659902067 91
99436727090827 23
99436727126344 66
99436727133887 91
99436786090125 23
99436786132282 66
99436853136542 91
99436920078624 23
99436920111759 66
99436920119188 91
99436987039610 23
99436987076018 66
99437054151819 91
99437121220214 23
99437121255293 66
99437121263234 91
99437188265253 23
99437188296813 66
99437255253053 91
99437255284757 91
99437322465428 23
99437322500521 66
99437389513287 23
99437389546082 66
99437389553430 91
99437456732338 91
99437523497143 23
99437523528335 66
99437523535955 23
99437523542856 91
99437523550029 23
99437590708226 66
99437590736409 23
99437590743970 66
99437590751023 91
99437731497298 91
99437731533004 23
99437731540591 66
99437798801347 23
99437798830879 66
99437798838839 91
99437866226702 23
99437866269944 66
99437933534824 91
99437933565316 23
99438000956795 66
99438000991899 91
99438060080743 23
99438060116340 66
99438060123950 91
99438127149557 23
99438127183065 66
99438200968315 91
99438268376349 23
99438268409308 66
99438268416857 91
99438335722782 23
99438335753500 66
99438335760980 91
99438470678168 23
99438470723038 66
99438470730877 91
99438537862986 23
99438537890803 66
99438596838231 91
99438663720546 23
99438663757739 66
99438730718073 91
99438797888943 23
99438797921686 66
99438797932220 91
99438864909556 23
99438864944131 66
99438864951650 91
99438932109431 23
99438999394948 23
99438999428294 66
99438999435835 91
99439066125531 23
99439066187584 66
99439066195666 91
99439152024309 23
99439152061498 66
99439152069178 91
99439207461904 23
99439207498072 66
99439274871531 91
99439342257683 23
99439342291418 66
99439342299092 91
99439409638341 23
99439409672189 66
99439468567037 91
99439535635055 23
99439535667959 66
99439535675685 91
99439602575685 23
99439602608983 66
99439670029300 91
99439736799904 91
99439736835809 23
99439736843153 66
99439803826358 23
99439803859049 66
99439803866918 91
99439870838624 23
99439870870793 66
99439938047422 91
99440012042038 91
99440012073878 23
99440012081492 66
99440012088532 23
99440093823427 66
99440093864282 91
99440146548370 91
99440213922320 23
99440213951294 66
99440213959040 23
99440213966249 66
99440281308973 91
99440281341927 23
99440348701897 66
99440348734314 91
99440407628040 91
99440407659598 23
99440474516918 66
99440474550331 23
99440474559539 66
99440474567081 91
99440541544356 23
99440541582279 66
99440608628198 91
99440675615633 23
99440675645532 66
99440675653285 91
99440809839867 23
99440809872966 66
99440883614318 91
99440960448698 23
99440960484919 66
99440960492585 91
99441018378206 23
99441085890854 66
99441085939154 91
99441153178375 23
99441153222387 66
99441153230131 91
99441220545788 23
99441220581496 66
99441220589244 91
99441346683600 23
99441346718990 66
99441346726294 91
99441413533541 23
99441413587697 66
99441480607750 91
99441547527308 23
99441547560556 66
99441547568055 91
99441614970614 23
99441614997968 66
99441615005506 91
99441681530551 23
99441681566219 66
99441748795639 91
99441822593921 91
99441822628131 23
99441822635798 66
99441889992721 91
99441890020007 23
99441890027399 66
99441957372219 23
99441957403373 66
99441957411220 91
99442024723908 91
99442092119777 23
99442092157012 66
99442151038147 23
99442151067235 66
99442151075098 91
99442218129128 23
99442218158554 66
99442285233912 91
99442352285450 91
99442419441430 23
99442419486755 66
99442419494389 23
99442486480575 66
99442486511796 91
99442553492663 23
99442553523624 66
99442626967546 91
99442694435499 23
99442694471744 66
99442694479289 91
99442761714438 23
99442761746598 66
99442761754227 91
99442829094666 23
99442829130935 66
99442897564961 91
99442963921616 23
99442963954564 66
99442963962212 91
99443031358584 23
99443090125477 66
99443090154410 91
99443158722719 23
99443158748462 66
99443158756118 91
99443224059343 23
99443224091135 66
99443291256690 91
99443358282663 23
99443358318291 66
99443358326013 91
99443425424079 23
99443425466656 66
99443425474436 91
99443492479923 23
99443492514102 66
99443492521798 91
99443559629167 23
99443559667363 66
99443559675152 91
99443626533531 23
99443626570959 66
99443693597154 91
99443771347856 23
99443771379569 66
99443771387309 91
99443827775986 23
99443827807768 66
99443901559800 91
99443901593310 23
99443901601068 66
99443961871370 91
99444029032731 91
99444029067144 23
99444029074669 66
99444096066704 23
99444096102728 66
99444096110776 91
99444174597960 91
99444230177755 23
99444230207555 66
99444230215167 23
99444230222358 66
99444304440144 91
99444371975160 23
99444372014092 66
99444372021788 91
99444439272665 23
99444439306818 66
99444439314293 91
99444565504973 23
99444565537283 91
99444565545186 23
99444565552239 66
99444632605128 91
99444632643222 23
99444632650865 66
99444699535669 23
99444699573485 66
99444699581445 91
99444766783986 91
99444833806200 23
99444833836976 23
99444833844556 66
99444833851564 23
99444833858918 66
99444967920466 91
99445035176862 91
99445035262057 23
99445035273283 66
99445108865263 91
99445108900757 23
99445176210915 66
99445176247468 23
99445176254920 66
99445244088211 91
99445244116792 91
99445310951121 23
99445310984874 66
99445310992539 23
99445378353059 23
99445378389073 66
99445378396589 91
99445445722591 23
99445504556755 66
99445504586967 91
99445571461105 23
99445571495240 66
99445571502647 91
99445638607178 91
99445638637355 12
99445638645139 23
99445705667965 66
99445772765948 91
99445839719393 23
99445839749344 66
99445839756970 91
99445906837095 23
99445906870930 66
99445980529013 91
99446048078321 23
99446048129862 66
99446048137513 91
99446115292955 23
99446115323865 66
99446115331326 91
99446182650940 23
99446182679758 66
99446250033859 91
99446317492234 23
99446317529469 66
99446317537233 91
99446376311434 23
99446376340255 66
99446376347810 91
99446443347469 23
99446510383050 66
99446510416475 91
99446577380245 23
99446577413108 66
99446577420814 91
99446644563221 23
99446644597246 66
99446711500923 91
99446778611574 23
99446778645178 66
99446778652910 91
99446845634522 91
99446931356569 23
99446931392737 66
99446931400419 23
99446987018700 66
99446987053804 91
99447054506959 23
99447054542919 66
99447054550667 91
99447121757592 91
99447189278050 23
99447189312203 66
99447189319869 91
99447256515920 23
99447256548910 66
99447256556584 23
99447256563606 66
99447315604260 91
99447382796719 23
99447382838369 66
99447382846034 91
99447449459100 23
99447449493491 66
99447449501336 91
99447516343392 23
99447516377411 66
99447516385083 91
99447650550287 23
99447650580570 66
99447650589119 91
99447717680337 91
99447717711954 23
99447791404255 66
99447791442765 23
99447858758510 66
99447858787250 91
99447858824373 23
99447926102895 66
99447926136737 91
99447926144493 23
99447993454813 66
99447993483534 91
99448061017550 91
99448061050030 23
99448061057456 66
99448128247523 23
99448128279086 66
99448128286550 91
99448187031492 23
99448187069288 66
99448254025802 91
99448321230033 23
99448321263094 66
99448321270526 91
99448388255771 23
99448388290336 66
99448388297914 91
99448455292357 23
99448455325734 66
99448455333635 91
99448522299877 23
99448522331687 66
99448589460985 91
99448589493915 23
99448656590665 66
99448656627934 91
99448730458423 23
99448730498087 66
99448730505556 91
99448797858524 23
99448797894481 66
99448797901966 91
99448865323569 91
99448932605686 23
99448932638417 66
99448932645914 23
99448932652841 66
99449000140465 91
99449058885756 91
99449058918988 23
99449125977369 66
99449126005793 91
99449126013185 23
99449192931856 66
99449192969181 23
99449260297541 66
99449260345760 91
99449327133411 91
99449327174715 23
99449327182536 66
99449394361984 23
99449394396797 91
99449461508119 23
99449461542188 23
99449461549739 66
99449461556808 91
99449529029067 23
99449529060296 66
99449529067992 91
99449602169205 23
99449602203773 66
99449602211189 23
99449669582645 66
99449669618343 91
99449736956641 91
99449736987849 23
99449804298783 66
99449804328481 23
99449804336024 66
99449871684354 91
99449997750319 91
99449997816899 23
99449997825146 66
99450064938073 23
99450064968553 66
99450064976094 91
99450131948618 91
99450199017577 23
99450199053299 66
99450199061739 23
99450199070005 66
99450199081004 91
99450333272685 23
99450333309986 66
99450333317996 91
99450400248569 91
99450400280708 23
99450400288199 66
99450467421619 23
99450467453575 66
99450541280819 91
99450541314043 91
99450608670475 23
99450608707257 66
99450676073899 23
99450676106282 66
99450676113960 91
99450743395597 23
99450743426155 66
99450743433936 91
99450820797401 23
99450820838284 66
99450869683178 91
99450869711842 91
99450936716771 23
99450936745666 66
99450936753062 23
99450936760028 66
99451003791338 91
99451003837685 23
99451079661667 66
99451079695412 91
99451137834149 23
99451137869278 66
99451137876900 91
99451205048340 91
99451272115696 23
99451272152175 66
99451272159973 23
99451339305325 66
99451339338963 91
99451412955544 91
99451412987729 23
99451412996079 66
99451480342858 23
99451480374692 66
99451480382211 91
99451547744729 23
99451547773184 66
99451615099154 91
99451682503844 23
99451682535440 66
99451682543050 91
99451749896277 23
99451749929155 66
99451808481184 91
99451882516608 23
99451882551288 66
99451882559615 91
99452017494558 23
99452017545700 66
99452017557884 91
99452085614382 23
99452085644975 66
99452085652478 91
99452155708643 23
99452210970052 66
99452210999680 91
99452287572973 91
99452287607080 23
99452287614654 66
99452287621555 23
99452345219052 66
99452345249832 91
99452418080042 23
99452418110285 66
99452418117943 91
99452552834113 23
99452552869542 66
99452552877099 91
99452620216821 23
99452620248344 66
99452687596571 91
99452754958389 23
99452754990032 66
99452754997573 91
99452822354848 23
99452822388892 66
99452881680349 91
99452959635692 23
99453015733253 23
99453015762985 66
99453082988304 91
99453163280712 23
99453163309733 66
99453163317446 91
99453217027977 23
99453217064144 66
99453293573695 91
99453351209714 23
99453351258213 66
99453351265953 91
99453418257693 23
99453418297514 66
99453494687873 91
99453564777058 23
99453564813537 66
99453564821492 91
99453619562597 23
99453619604524 66
99453686384309 91
99453753543116 23
99453753586069 66
99453753593650 91
99453832010310 23
99453832043360 66
99453832050996 91
99453887834714 91
99453887863903 23
99453954654013 66
99453954684155 23
99454021753951 66
99454021787806 91
99454021795265 23
99454088858405 66
99454088892377 91
99454155821425 23
99454155851460 91
99454155859169 23
99454222860399 66
99454222893874 23
99454290023435 66
99454290054256 91
99454367537925 23
99454367584083 66
99454367591815 91
99454424207369 23
99454424237173 66
99454424244837 91
99454491313222 23
99454569401906 66
99454569434663 91
99454625460859 23
99454625496392 66
99454625503917 91
99454692335580 23
99454692368822 66
99454692376152 91
99454759609291 91
99454759642412 23
99454759650348 66
99454826506447 23
99454826536392 23
99454826543959 66
