99369116473956 91
99369190949119 23
99369190984889 66
99369190992565 91
99369250632495 23
99369250663067 66
99369250670659 91
99369317681363 23
99369317721074 66
99369384767287 91
99369455856340 23
99369455912043 66
99369455922947 91
99369529066098 23
99369529104932 66
99369585921522 91
99369653942039 23
99369653997938 23
99369654005879 66
99369654013240 91
99369731151282 23
99369731181443 66
99369787464048 91
99369787496366 23
99369854237235 66
99369854270988 91
99369933189265 23
99369933225766 66
99369933233254 91
99369988290678 23
99369988320066 66
99369988327456 91
99370055357439 23
99370055387491 66
99370122510217 91
99370189620931 91
99370189650299 23
99370189657842 66
99370256475217 23
99370256506031 66
99370256513689 91
99370390700718 91
99370390733825 23
99370390741344 66
99370463974811 91
99370464008341 23
99370464015788 66
99370531571878 23
99370531608628 91
99370531615900 23
99370598866994 66
99370598896615 23
99370598904204 66
99370666227042 91
99370733688293 23
99370733724037 66
99370733731725 91
99370801028565 23
99370801063462 66
99370801071128 91
99370868411534 23
99370868448584 66
99370927263727 91
99371061377400 23
99371061411350 66
99371061418825 91
99371195438188 23
99371195470796 66
99371195478142 91
99371262509324 23
99371262543207 66
99371262550903 91
99371329648774 23
99371403240303 66
99371403275246 91
99371470656261 23
99371470690158 66
99371537993855 91
99371605383770 23
99371605417640 66
99371605425084 91
99371672727308 23
99371672760434 66
99371672767721 91
99371807489010 23
99371807522001 66
99371807529530 91
99371866271122 23
99371866306426 66
99371866313909 91
99371933158154 23
99372000349497 66
99372000383622 91
99372134458617 23
99372134490449 66
99372201460698 91
99372268668909 23
99372268714407 66
99372268722099 91
99372342310235 23
99372409691207 66
99372409720744 91
99372477102086 23
99372477134248 66
99372544499693 91
99372611835014 91
99372679222007 23
99372679255486 66
99372738169101 23
99372738210824 66
99372738218077 91
99372805132387 23
99372805163293 66
99372805170931 91
99372872050580 23
99372872081390 66
99372939153852 91
99373006250465 23
99373006283962 66
99373006291556 91
99373073281425 23
99373073314224 66
99373073321753 91
99373140322314 23
99373140353254 66
99373140360444 91
99373214013826 23
99373214045352 23
99373214053074 66
99373281414438 91
99373348786785 23
99373348820277 66
99373348827800 91
99373425780099 91
99373483556055 23
99373483589756 66
99373483597416 23
99373483604512 66
99373483611528 91
99373551099600 23
99373618376785 66
99373690246801 91
99373743937206 23
99373743975603 66
99373743983721 91
99373811433887 23
99373811474328 66
99373811482080 91
99373878404693 23
99373945220347 66
99373945256457 91
99374012351333 91
99374012386339 23
99374012394077 66
99374080829014 23
99374080857844 66
99374080865349 91
99374153131943 91
99374220528732 23
99374220563866 66
99374220571522 23
99374220578778 66
99374287952360 91
99374355363592 23
99374355395721 66
99374355403433 91
99374414576357 23
99374414607737 66
99374481735840 91
99374548758034 91
99374548791708 23
99374548799310 66
99374627815074 23
99374627859154 66
99374627867182 91
99374682800549 23
99374682828658 66
99374682836229 91
99374758155147 23
99374828949625 66
99374828980797 91
99374884207228 91
99374884246644 23
99374884254060 66
99374960858111 23
99374960887049 66
99375018141246 91
99375085494159 23
99375085527699 66
99375085535834 91
99375152256446 23
99375152291317 66
99375219440960 91
99375298201894 23
99375298235764 66
99375353493894 91
99375430064843 23
99375430098509 66
99375430106080 91
99375487743911 23
99375487777779 66
99375487785491 91
99375554816298 91
99375622001302 23
99375622030355 66
99375688906512 91
99375688945525 23
99375688952951 66
99375766111055 23
99375766145606 66
99375766153109 91
99375833512090 91
99375833550447 23
99375890266625 66
99375890310981 23
99375890318588 66
99375890325550 91
99375957323906 23
99375957359419 66
99376026570384 91
99376091185066 23
99376091219008 66
99376091226503 91
99376158423285 23
99376158455750 66
99376158463368 91
99376225673659 23
99376225719251 66
99376225727000 91
99376359534401 23
99376359572517 66
99376359580167 91
99376426549835 91
99376503831029 23
99376503863976 66
99376503871589 91
99376560768681 23
99376560798826 66
99376560806423 23
99376560813395 66
99376627756915 91
99376705866367 23
99376762010426 66
99376762041075 91
99376829013600 23
99376829044689 66
99376829052375 91
99376896033985 23
99376896066746 66
99376973096854 91
99377030241820 23
99377030274581 66
99377030282126 91
99377097252770 23
99377175109676 66
99377175147215 91
99377231764552 23
99377231827073 23
99377306148704 66
99377306183006 91
99377376340908 23
99377376374160 66
99377432577989 91
99377499757013 91
99377499791822 23
99377499799325 66
99377586611947 23
99377586646754 66
99377700800952 91
99377768074989 91
99377768122919 23
99377768130884 66
99377850114472 23
99377850154120 66
99377850161814 91
99377902041276 23
99377902081721 66
99377902089399 91
99377980990066 91
99378036372976 23
99378036408412 23
99378036416024 66
99378036423100 23
99378112903004 66
99378112938095 91
99378170459722 23
99378170499690 66
99378170507348 91
99378237399063 91
99378309850360 23
99378309883658 66
99378309891115 23
99378371544246 66
99378371572530 91
99378438553034 23
99378438589096 66
99378438596452 91
99378516188276 91
99378516218927 23
99378572805782 66
99378572838938 23
99378572846710 66
99378572853678 91
99378712753735 23
99378712790980 91
99378712798505 23
99378712805390 66
99378780155745 23
99378780189058 66
99378780197275 91
99378840908184 23
99378840948076 66
99378908186695 91
99378908216787 91
99378975223627 23
99378975266425 66
99378975273729 23
99379053183283 66
99379053230197 91
99379109163972 23
99379109194631 66
99379109202388 91
99379176359255 23
99379176389454 66
99379250426422 91
99379317798648 23
99379317831868 66
99379317839476 91
99379385164683 91
99379385195447 23
99379452543412 66
99379452574583 23
99379452582317 66
99379519936069 91
99379519968314 91
99379578615285 23
99379578675658 66
99379578685869 23
99379645822014 66
99379645856450 91
99379712847921 23
99379712884021 66
99379712891812 91
99379780016914 23
99379780050264 66
99379780057795 91
99379846858848 23
99379914073101 66
99379914101115 91
99379914108666 23
99379981088029 66
99379981131413 91
99380048554494 23
99380048579312 66
99380122179309 91
99380189632502 23
99380189668516 66
99380189676220 91
99380256896864 23
99380256933145 66
99380324528931 91
99380391660725 23
99380391691093 66
99380391698855 91
99380451355120 23
99380451382142 66
99380517565419 91
99380584691715 23
99380584724812 66
99380584732677 91
99380718763821 91
99380718799619 23
99380718807444 66
99380785972064 23
99380786010676 66
99380786018996 91
99380859006763 23
99380859057945 66
99380859065452 91
99380919968761 23
99380919999129 66
99380993836690 91
99381061237032 23
99381061270572 66
99381061278863 91
99381132081481 91
99381188360242 23
99381188398068 66
99381188405402 91
99381255274479 23
99381255306452 66
99381255314146 23
99381333986731 66
99381334018975 91
99381389693007 23
99381389726904 66
99381389734510 91
99381456604331 23
99381456649596 91
99381523757739 23
99381523801079 66
99381523810667 23
99381523819258 66
99381523827827 91
99381595697889 23
99381595735456 66
99381657738865 91
99381731568604 91
99381731597386 23
99381731605018 66
99381798996745 23
99381799034579 66
99381876312308 91
99381925899161 23
99381925928816 66
99381925936667 91
99381993132043 23
99381993160087 66
99382060267759 91
99382140798419 23
99382140828088 66
99382261576448 91
99382328697507 23
99382328729339 66
99382328737282 91
99382395489632 91
99382462516833 23
99382462560194 66
99382529782606 23
99382529818896 66
99382529826694 91
99382606971912 23
99382607005601 66
99382607013154 91
99382663748985 23
99382663779264 66
99382663786698 91
99382810255931 23
99382810283790 91
99382810291331 23
99382810298412 66
99382864942572 23
99382864972079 66
99382864979656 91
99382931971368 91
99382932002542 23
99382932010166 66
99383010228226 23
99383010259207 66
99383010266603 91
99383066291013 91
99383133198541 23
99383133230472 66
99383200224531 23
99383200258686 66
99383200266505 91
99383277479792 23
99383277514955 66
99383277522367 91
99383334482946 23
99383334520619 66
99383401630374 91
99383479499408 91
99383479542482 23
99383479550409 66
99383479557443 23
99383535701969 66
99383535735905 91
99383610551951 91
99383669683536 23
99383669714145 66
99383669721716 23
99383669728861 66
99383736703352 91
99383803906195 23
99383803938467 66
99383803946089 91
99383882800823 23
99383882854200 66
99383882861969 91
99383938009827 23
99383938040050 66
99383938047720 91
99384005005194 23
99384072089348 66
99384072121067 91
99384139246571 23
99384139291094 23
99384139298613 23
99384139306011 66
99384215941257 91
99384215975030 91
99384273316912 23
99384273377520 66
99384340503044 23
99384340536528 66
99384340544234 91
99384407711603 23
99384474494236 66
99384474526424 91
99384541498564 23
99384541532744 66
99384541540572 91
99384619198924 23
99384619231726 66
99384675694347 91
99384754559218 23
99384754595312 66
99384754602795 91
99384817222829 23
99384817254905 66
99384817262480 91
99384884631679 23
99384884664106 66
99384951940700 91
99385019426954 23
99385019457472 66
99385019465174 91
99385078172631 91
99385078206227 23
99385145342660 66
99385145394060 23
99385145401560 66
99385212272643 91
99385279239539 23
99385279267732 66
99385279275339 91
99385346427856 23
99385346462452 66
99385346469973 91
99385488874157 23
99385488904877 91
99385488912408 23
99385488919325 23
99385488926611 66
99385547504059 23
99385547533716 66
99385547541312 91
99385614644750 91
99385614677067 23
99385614684437 66
99385681679576 23
99385681707444 66
99385681714989 91
99385748678157 23
99385815718557 66
99385815747706 91
99385882912505 23
99385882944212 66
99385882952123 91
99385956326099 23
99385956355718 66
99385956363535 91
99386091063143 23
99386091094653 66
99386091102228 91
99386158450158 23
99386158485733 66
99386158493387 91
99386293247887 23
99386293288071 66
99386293295640 91
99386360587010 23
99386360623756 66
99386419608890 91
99386487525111 23
99386487572811 66
99386487580393 91
99386553675937 23
99386553706668 66
99386553714264 91
99386620582800 91
99386687658688 23
99386687693356 66
99386754653548 23
99386754685819 66
99386754693549 91
99386822014478 23
99386822064246 66
99386822072208 91
99386888841814 91
99386962797872 23
99386962828270 66
99386962835676 23
99386962842922 66
99387030165293 91
99387097557334 23
99387097587740 66
99387097595014 91
99387164914796 23
99387164946037 66
99387164953614 91
99387299694228 23
99387299726473 66
99387299734830 91
99387361230854 91
99387361259055 23
99387425646131 66
99387425676710 91
99387425684127 23
99387492350362 66
99387492380217 91
99387559579350 23
99387559611550 66
99387559618952 23
99387626580536 66
99387626614554 91
99387693564107 23
99387693601459 66
99387693609825 91
99387760794843 23
99387760830106 66
99387901920299 91
99387969284232 23
99387969316864 66
99387969324403 91
99388036656028 23
99388036690090 66
99388036697684 91
99388104044514 91
99388171892424 23
99388171943496 66
99388171951214 23
99388249293492 66
99388249333088 91
99388297324000 23
99388297355303 66
99388297363015 91
99388364194483 91
99388431311426 23
99388431344887 66
99388431352493 91
99388508682648 23
99388508721260 66
99388508728791 23
99388565705655 66
99388565736276 91
99388632620260 91
99388632655995 23
99388699572410 66
99388699605908 23
99388773618424 66
99388840965203 91
99388908354426 23
99388975739787 66
99388975768125 91
99388975775868 23
99389045279309 66
99389045315136 91
99389101975101 23
99389102013949 66
99389102021392 91
99389177714839 23
99389243152784 66
99389243184668 91
99389310602702 23
99389310635678 66
99389310643201 91
99389378004197 23
99389445303368 66
99389445331991 91
99389512722064 23
99389512776100 66
99389571447803 91
99389638478999 91
99389638511297 23
99389638518605 66
99389705704899 23
99389705734717 66
99389705742610 91
99389772709496 23
99389772743446 66
99389772750917 91
99389839664225 23
99389839694135 66
99389914853236 91
99389982229454 23
99389982264929 66
99389982272564 91
99390040989709 23
99390041018155 66
99390041025626 91
99390107908882 23
99390107940479 66
99390175133555 91
99390242160237 91
99390242192326 23
99390242199749 66
99390316911153 23
99390316947879 66
99390316956709 91
99390376282041 23
99390376316936 66
99390376324443 91
99390443549661 23
99390510532420 66
99390510578944 91
99390584627858 91
99390584667023 23
99390651967380 66
99390652013489 23
99390652023410 66
99390719207069 91
99390786674197 23
99390786710597 66
99390786718178 91
99390853990436 23
99390854026862 66
99390912902790 91
99390979980852 23
99390980012881 66
99390980020267 91
99391113983287 23
99391114019142 66
99391114026781 91
99391181100713 23
99391181130246 66
99391181137849 91
99391248136639 23
99391248167186 66
99391248174691 91
99391315131040 91
99391382395546 23
99391382446099 66
99391456148841 91
99391456181739 23
99391456189389 66
99391523484294 23
99391523515552 66
99391523523536 91
99391590928276 23
99391658340267 66
99391658373628 91
99391725662950 23
99391725699976 66
99391725707418 91
99391793044514 23
99391793077031 66
99391793084830 91
99391851747071 23
99391851818909 66
99391851826625 91
99391985871247 23
99391985907293 66
99391985915343 91
99392052940331 23
99392052979516 66
99392052987237 91
99392120164816 23
99392120196172 91
99392187106557 23
99392187138920 66
99392187146616 91
99392187153827 23
99392264598403 66
99392264636248 23
99392264643781 66
