82454528768135 91
82454586157384 23
82454653136526 66
82454653172891 91
82454787335818 91
82454787371528 23
82454787378922 66
82454854513303 91
82454921698042 23
82454921728216 66
82454921735572 91
82454988507044 23
82454988538789 66
82454988546270 23
82455055807640 66
82455055869962 91
82455189778054 23
82455189814669 66
82455264262177 91
82455323919039 91
82455390901257 23
82455390928692 66
82455465928919 91
82455465964612 23
82455465972260 66
82455537116869 91
82455537151340 23
82455602343295 66
82455602377959 91
82455667104489 23
82455667134249 66
82455738414863 91
82455738445281 23
82455793246796 66
82455793283798 91
82455793291230 23
82455870319061 66
82455870351406 23
82455927460731 66
82455927493309 91
82455994489404 91
82456072336316 23
82456072374989 66
82456072382518 91
82456135307823 23
82456135341656 66
82456207616169 23
82456207650558 66
82456207657817 91
82456262811564 91
82456339488522 23
82456339521526 66
82456339529053 91
82456397114867 23
82456397159651 66
82456463972686 23
82456464003220 66
82456464010922 91
82456531044960 91
82456598072050 23
82456598104865 66
82456676811463 91
82456676845627 23
82456732159956 66
82456732190758 91
82456808721121 23
82456808751138 66
82456866311390 23
82456866339225 66
82456866346752 91
82457000757978 23
82457000795002 66
82457000802360 91
82457134565362 23
82457134601927 66
82457134609412 91
82457211975101 91
82457268664458 23
82457268695725 23
82457268703407 66
82457268710242 23
82457335878563 66
82457335910671 91
82457402898762 91
82457469923967 23
82457469958116 66
82457549447718 91
82457549482071 23
82457604193368 66
82457604224040 91
82457683084312 23
82457683112125 66
82457683119505 91
82457738182108 23
82457738210306 66
82457805295431 23
82457805329751 66
82457805337210 91
82457882500133 91
82457941216551 23
82457941246183 66
82457941253643 23
82458006432240 66
82458006464756 91
82458084542678 91
82458084587848 23
82458140556475 66
82458140587188 91
82458207670469 23
82458207701521 66
82458274653441 23
82458274689394 66
82458351694789 91
82458475900544 91
82458553647100 23
82458553679292 66
82458553686669 91
82458615841891 23
82458615876594 66
82458615883785 91
82458677211543 23
82458677250749 66
82458754951214 23
82458754984964 66
82458754992367 91
82458878326179 91
82458878410228 23
82458878420498 66
82458967674940 91
82458967711609 23
82459012521232 66
82459012553523 91
82459079739356 23
82459079768028 66
82459158272716 91
82459158305648 23
82459213673888 66
82459213700884 91
82459290117732 23
82459290152825 66
82459290160283 91
82459360328388 23
82459360362921 66
82459414892505 23
82459414927635 91
82459414934901 23
82459481997383 66
82459482031295 91
82459548925841 23
82459548960765 66
82459616185034 23
82459616216477 66
82459616224039 91
82459693398449 91
82459750189532 23
82459750224753 66
82459750232216 23
82459828580426 66
82459828619123 91
82459891929494 23
82459951417858 66
82459951446375 91
82460096642551 91
82460096675162 23
82460096682733 66
82460152698028 23
82460152728372 66
82460152736214 91
82460219531689 91
82460292831997 23
82460292874031 23
82460292881492 66
82460353858478 91
82460420907755 23
82460420941750 66
82460420949749 23
82460499900160 66
82460499932395 91
82460554918698 91
82460554949494 23
82460631773838 66
82460631807253 91
82460689274160 23
82460689335558 66
82460756219064 23
82460756253712 91
82460833095407 23
82460833133075 66
82460833140638 91
82460890326315 23
82460890356594 66
82460957423671 91
82460957452624 23
82461035171164 66
82461035208495 23
82461035215877 66
82461035222640 91
82461158797585 91
82461158827833 23
82461236421299 66
82461236451455 23
82461236459254 66
82461292599199 91
82461359806105 23
82461438498103 66
82461438531074 91
82461493840837 91
82461569181669 23
82461569208733 66
82461569216367 23
82461636211275 66
82461636247399 91
82461762212675 23
82461762246522 66
82461762253919 91
82461829349379 23
82461896276081 66
82461896310484 91
82461963377305 23
82462030531189 66
82462030572029 91
82462097535694 91
82462097570614 23
82462164587592 66
82462164624499 23
82462164631968 66
82462164638901 91
82462306024483 23
82462306059274 66
82462306066954 91
82462373144230 23
82462440536684 66
82462440567663 91
82462575245837 23
82462575279473 66
82462575286905 91
82462634029942 91
82462701070002 23
82462701111062 66
82462768241125 91
82462768277804 23
82462835223171 66
82462835256502 91
82462835264127 23
82462902216416 66
82462902247451 91
82462969254835 23
82462969287067 66
82463036571544 91
82463036618488 23
82463103467579 66
82463103500567 91
82463177481119 23
82463177513985 66
82463244858961 23
82463244887048 91
82463244894426 23
82463244901337 66
82463312256675 23
82463312287296 66
82463312294706 91
82463379696280 91
82463447061985 23
82463447097058 66
82463507204326 23
82463507233390 66
82463507240941 91
82463585014883 91
82463640102858 23
82463640145065 66
82463716906649 23
82463716942757 66
82463716950262 91
82463774247710 91
82463841162569 23
82463841197818 66
82463841205556 91
82463911364959 23
82463911393190 66
82463975430413 23
82463975477390 66
82463975484941 91
82464109448465 23
82464109485500 66
82464186121583 91
82464243706129 23
82464243742771 66
82464243750616 91
82464387610394 91
82464387658018 23
82464387665519 66
82464444776825 23
82464444807864 66
82464511934138 91
82464591959686 23
82464591996027 66
82464646018624 91
82464713107014 91
82464788383765 23
82464788417441 66
82464847208358 23
82464847241795 66
82464847249179 91
82464914370231 91
82464992670372 23
82464992701522 66
82465061447506 91
82465061483601 23
82465115568598 66
82465115606116 91
82465189257200 23
82465189292741 66
82465249573032 91
82465249603820 23
82465249611223 66
82465316812842 91
82465316848494 23
82465383952117 66
82465383988531 23
82465383996599 66
82465461926748 91
82465592087277 23
82465592115850 66
82465592123371 91
82465659470835 91
82465737280677 23
82465737317823 66
82465794230008 23
82465794265221 91
82465794272334 23
82465853128450 66
82465853160174 91
82465920379635 23
82465920417749 66
82465987534610 91
82465987577044 23
82465987584666 66
82466054399342 91
82466129054722 23
82466129090154 23
82466129097607 66
82466129104599 91
82466196398103 23
82466196432289 66
82466263833681 91
82466263868175 23
82466322669192 66
82466322702591 23
82466322709929 66
82466389634364 91
82466456875246 91
82466528992690 23
82466529027442 66
82466529034975 91
82466590893623 23
82466590929152 66
82466590936352 91
82466657880616 23
82466657915170 66
82466725099617 91
82466792119391 23
82466792154343 66
82466866104956 23
82466866148148 66
82466866155704 91
82466933354625 23
82467000755944 66
82467000790823 91
82467135506300 91
82467135551488 23
82467135559590 66
82467202907146 23
82467202943902 66
82467202951241 91
82467328624734 91
82467328659519 23
82467328666915 66
82467408531989 91
82467408578484 23
82467462924944 66
82467462959256 91
82467530178689 23
82467530210768 66
82467596789866 91
82467596819135 23
82467664018419 66
82467664052812 91
82467737704470 23
82467737740347 66
82467737747951 91
82467805075216 23
82467805109196 66
82467872458967 23
82467872493571 66
82467872501130 91
82467939825895 91
82468007223675 23
82468007256096 66
82468074698776 91
82468074740669 23
82468133391789 66
82468133425598 91
82468206550802 23
82468206594037 66
82468267593924 91
82468267634870 23
82468334671637 66
82468334721571 23
82468334729164 91
82468401622630 23
82468401655858 66
82468401663273 91
82468478737191 23
82468478770702 66
82468535905312 23
82468535939626 66
82468602841565 91
82468680745850 91
82468680787635 23
82468744927223 66
82468744961670 91
82468804066679 23
82468804096899 66
82468804104294 91
82468882009038 23
82468882044060 66
82468938096916 91
82468938125950 23
82469005295286 23
82469005327917 66
82469005335561 91
82469085089912 23
82469085125596 66
82469085133253 23
82469085140509 91
82469139408373 23
82469139440859 66
82469206703072 23
82469206738412 66
82469280462881 91
82469415220639 23
82469415251129 66
82469415258632 91
82469482643175 91
82469550018315 23
82469550051230 66
82469608851656 91
82469608885705 23
82469608893300 66
82469675890690 23
82469675922369 66
82469675929860 91
82469810000600 91
82469810031988 23
82469877050881 66
82469877088021 91
82469877095693 23
82469944119041 23
82469944150379 66
82469944157847 91
82470011244091 23
82470011275513 66
82470084825068 23
82470084873802 66
82470084881945 91
82470152274807 91
82470219573219 23
82470219602704 66
82470219610038 23
82470286940946 66
82470286968741 91
82470354315700 23
82470354348433 66
82470354355938 91
82470421698292 91
82470489083806 23
82470489113747 66
82470547843238 23
82470547872996 66
82470547880895 91
82470614845697 23
82470682072983 66
82470748868464 91
82470815929357 23
82470883145762 66
82470883176977 91
82471023894817 91
82471023927148 23
82471091312076 66
82471091346189 91
82471158664187 23
82471158692556 66
82471226043398 91
82471293399530 23
82471293431649 66
82471293439679 91
82471360816411 23
82471360850785 66
82471360858339 23
82471419705154 66
82471419736157 91
82471486596979 91
82471553742860 23
82471553769625 66
82471553777019 91
82471620896752 23
82471620928977 66
82471688198512 91
82471688232255 23
82471754895673 66
82471754928725 23
82471754936882 23
82471822059896 66
82471822094331 91
82471889163173 91
82471889201344 23
82471963055618 66
82471963087031 91
82472030395807 23
82472030427454 66
82472030435075 91
82472097755496 23
82472097785117 66
82472165177931 91
82472232612733 23
82472232647767 66
82472299886084 23
82472299916953 66
82472299924315 91
82472426996546 23
82472427036923 66
82472427044458 91
82472570905596 23
82472570940156 66
82472570947759 91
82472626897763 91
82472693850683 23
82472693882366 66
82472772854224 91
82472772889541 23
82472772896958 66
82472827966980 91
82472902906855 23
82472902946966 66
82472974191244 23
82472974222665 66
82472974230331 91
82473029427067 23
82473029469906 66
82473106055820 91
82473163428552 91
82473230378644 23
82473230411536 66
82473308011369 91
82473370992091 23
82473371027520 66
82473443364882 91
82473443395917 23
82473443403525 66
82473498762743 91
82473498793439 23
82473575251313 66
82473575281535 91
82473632754024 23
82473632794419 66
82473632801728 91
82473699965584 23
82473699999127 66
82473767186656 91
82473834367068 23
82473834398001 66
82473834405456 91
82473918725150 23
82473918761287 66
82473968084013 91
82473968116682 23
82474035294575 23
82474035323505 66
82474035330921 91
82474102339149 23
82474102376016 66
82474179828741 91
82474244185299 23
82474244219261 66
82474244226603 91
82474311642645 23
82474311684040 66
82474311691669 91
82474379002661 23
82474379039272 66
82474437864617 23
82474437898152 66
82474504612481 91
82474571816611 23
82474571846843 66
82474638817625 91
82474705818843 91
82474772846142 23
82474772884996 66
82474772892217 91
82474840037595 23
82474840067124 66
82474913752628 23
82474913784522 66
82474913792135 91
82474981114917 91
82475048531249 23
82475048563771 66
82475115884620 91
82475115918497 23
82475183264950 66
82475183299526 91
82475250654938 23
82475250686013 66
82475309525805 91
82475309558234 23
82475309565407 66
82475376618135 23
82475376653687 66
82475376661010 91
82475510639846 91
82475510672358 23
82475577735441 66
82475577766835 91
82475650670571 23
82475650723091 66
82475711827962 91
82475711859307 23
82475711866991 66
82475778970279 23
82475779004041 66
82475779011623 91
82475920217011 23
82475920251498 66
82475920259097 91
82476054988809 91
82476122478042 23
82476122504087 66
82476122511459 91
82476181280166 23
82476181314496 66
82476254940647 91
82476315322816 23
82476315353642 66
82476315361071 91
82476382579583 23
82476382608242 66
82476382615910 23
82476449599777 66
82476449630722 91
82476516699812 23
82476583583440 66
82476583618681 91
82476650811140 23
82476650846142 66
82476724627617 91
82476791956632 23
82476791990687 66
82476859326452 91
82476926708040 91
82476994098802 23
82476994129059 66
82476994136564 91
82477054795187 23
82477054824993 66
82477120317389 91
82477120355789 23
82477120363034 66
82477187288268 91
82477187318163 23
82477254323034 66
82477254353512 23
82477321315763 66
82477321347165 91
82477455498596 23
82477455530237 66
82477522615286 91
82477589646612 23
82477663664639 66
82477663697092 91
82477798434810 91
82477798467947 23
82477798475527 66
82477866418190 91
82477866453440 23
82477925124278 66
82477925156206 23
82477925163860 66
82477992118335 91
82478078928992 91
82478078964639 23
82478133230669 66
82478133265870 23
82478200681110 66
82478200714044 91
82478200721702 91
82478267995503 23
82478335433974 66
82478335473459 91
82478402749413 23
82478402788078 66
82478402795297 23
82478461589086 66
82478461623625 91
82478535407983 91
82478606156122 23
82478606186580 66
82478606194208 91
82478670207633 23
82478670246481 66
82478737539156 91
82478737568814 23
82478804924478 66
82478804959082 91
82478872311996 23
82478872346809 66
82478930966993 91
82478931030547 23
82478998074919 66
82478998146341 91
82479065205660 23
82479065237098 66
82479132198855 91
82479132233181 23
82479132240714 66
82479199163317 91
82479266420781 23
82479266452169 66
82479266459472 91
82479333368252 23
82479333399123 66
82479407108537 91
82479407138675 23
82479474495043 66
82479474528019 91
82479541857411 23
82479541893203 66
82479541900563 91
82479609237635 23
82479609268992 66
82479676624961 23
82479676653617 66
82479676660912 91
82479802942874 23
82479802977767 66
82479869902967 91
82479936918746 23
82479936952503 66
82479936960066 91
82480071306776 23
82480071339591 66
82480071347547 91
82480138177442 91
82480205323954 23
82480205355782 66
82480205363263 91
82480272395458 23
82480272427328 66
82480346208273 23
82480346240266 66
82480346247765 91
82480413676299 91
82480480973856 23
82480481006789 66
82480481014326 23
82480548459724 66
