97174254219294 91
97174331351819 23
97174331384518 66
97174388224928 91
97174455254490 91
97174455289611 23
97174455297029 66
97174522343389 23
97174522376392 66
97174522383915 91
97174589317714 23
97174589345400 66
97174676871123 91
97174676905761 23
97174723534437 66
97174723568950 91
97174800479090 91
97174800512443 23
97174800520201 66
97174857617904 23
97174857648579 66
97174857656175 91
97174991781531 23
97174991814518 66
97174991821898 91
97175058819441 23
97175058851971 66
97175137827192 91
97175193064576 23
97175193098208 66
97175193105810 91
97175269677245 23
97175269710147 66
97175269717983 91
97175400467027 91
97175400497509 23
97175400505046 23
97175400511980 66
97175461281943 91
97175461311922 23
97175461319505 66
97175528256197 23
97175528290330 66
97175528298014 91
97175595386410 23
97175595432010 66
97175595439628 91
97175672969264 23
97175729522242 66
97175729552582 91
97175729560282 23
97175796502464 66
97175796531243 91
97175872690883 23
97175872724356 66
97175872731889 91
97175930611777 91
97175997712750 23
97175997744875 66
97175997752434 91
97176064702631 23
97176064742092 66
97176131833345 23
97176131866710 66
97176131874200 91
97176205548152 23
97176205582454 66
97176205589831 91
97176340247473 91
97176340281298 23
97176340288896 66
97176340296032 91
97176407675446 23
97176407710222 66
97176481270501 91
97176481307287 23
97176481314786 66
97176481322106 23
97176542438595 66
97176542473438 91
97176603220033 23
97176603302066 66
97176668332665 91
97176745979246 91
97176746013808 23
97176746021516 66
97176802512612 91
97176802545924 23
97176802553383 66
97176869687364 23
97176869730589 66
97176869738178 91
97176936557901 23
97176936592257 66
97176936599937 91
97177003831182 23
97177070896459 66
97177070938626 91
97177144678155 91
97177144709757 23
97177144717367 66
97177212027846 23
97177212061800 66
97177279412077 91
97177346799011 23
97177414176933 66
97177414212484 91
97177481534966 23
97177481568785 66
97177481576284 91
97177540281468 91
97177540312994 23
97177540320771 66
97177607300037 23
97177607337761 66
97177607345366 91
97177674342155 23
97177674378682 66
97177741486839 91
97177741519542 23
97177808534963 66
97177808567352 91
97177875523867 23
97177875555292 66
97177875562707 91
97177942650337 23
97177942681354 66
97178016358416 91
97178083733009 91
97178083767514 23
97178083775146 66
97178151128376 91
97178151160926 23
97178151168622 66
97178218551296 91
97178218598314 23
97178285831120 66
97178285864281 91
97178285871698 23
97178285878671 66
97178353251545 23
97178353284685 66
97178421801409 91
97178479224851 23
97178479259989 66
97178479267325 91
97178546587078 23
97178546613998 66
97178613225356 91
97178680437805 23
97178680463313 66
97178747450211 91
97178814562391 23
97178814595191 66
97178814602838 91
97178881737109 23
97178881771445 66
97178955448024 91
97179022818929 23
97179022846884 66
97179022854222 91
97179090200979 23
97179157578027 66
97179157612343 91
97179225135000 91
97179225179921 23
97179225187539 66
97179292365030 23
97179292397282 66
97179292405145 91
97179418149344 91
97179418183597 23
97179418190770 66
97179485239118 23
97179485273774 66
97179485281351 91
97179552158613 23
97179552187124 66
97179552194705 91
97179619274011 23
97179619302832 66
97179686426512 91
97179753455937 23
97179753489925 66
97179753497384 91
97179827162095 23
97179827196041 66
97179894537453 91
97179961921121 23
97179961950837 91
97179961958323 23
97180029288143 66
97180029320760 23
97180029328248 66
97180096680183 91
97180096712558 91
97180164059823 23
97180164095264 66
97180222942749 23
97180222974553 66
97180222982088 91
97180289919141 91
97180357240374 23
97180357268635 66
97180357276245 91
97180424144350 23
97180424177073 66
97180491401551 23
97180491430573 66
97180491438012 91
97180569912539 23
97180569958398 66
97180625455122 91
97180701732987 23
97180701767106 66
97180759444194 91
97180826554171 23
97180826588980 66
97180893516153 91
97180960546594 23
97180960581188 66
97181034418960 91
97181101796581 91
97181101828093 23
97181101835620 66
97181169192267 23
97181169223610 66
97181169231256 91
97181236696554 23
97181236759598 66
97181236770323 91
97181303987362 23
97181304026099 66
97181371301518 91
97181371333642 91
97181430063752 23
97181430095912 66
97181430103469 23
97181497047247 66
97181497083394 91
97181564241677 23
97181564271041 91
97181631258527 23
97181631287227 66
97181631294633 91
97181631301536 23
97181698279488 66
97181698308682 23
97181765299491 66
97181765335416 91
97181765343203 91
97181832685439 23
97181832726853 66
97181832734465 23
97181899486235 66
97181899514040 91
97181973488612 23
97181973521416 66
97181973529275 91
97182040870361 23
97182040900378 66
97182108300122 91
97182167806868 23
97182167836695 66
97182167844222 91
97182246489942 23
97182301928447 66
97182301957519 91
97182378447943 23
97182378482012 66
97182378489614 91
97182444229162 23
97182444266202 66
97182511154595 91
97182570848757 91
97182570881029 23
97182570888464 66
97182649743385 23
97182649775557 66
97182649783233 91
97182704396424 91
97182781764860 23
97182781816004 66
97182839452914 91
97182839483305 23
97182839490897 66
97182911977405 23
97182912010450 66
97182912018066 91
97182972513498 91
97183039694298 23
97183039728691 66
97183039736268 23
97183106959440 66
97183106991421 91
97183184902236 23
97183184932994 66
97183240767888 91
97183386201320 23
97183386234719 66
97183386242196 91
97183509198920 23
97183509231979 66
97183509239735 91
97183588256356 23
97183588291916 66
97183588299370 91
97183643254608 23
97183643290417 66
97183643297924 91
97183732432253 91
97183783050830 23
97183783082953 66
97183855506971 23
97183855540621 66
97183855548104 91
97183911469106 23
97183911503811 66
97183990304957 91
97184057381164 91
97184057418372 23
97184112802481 66
97184112833486 23
97184112841168 66
97184179788657 91
97184247017969 91
97184247053057 23
97184247060441 66
97184324639593 91
97184324678248 23
97184324685855 66
97184381284134 91
97184381317112 23
97184448142363 66
97184448173294 91
97184526695309 23
97184526724459 66
97184582122228 23
97184582158381 66
97184582165735 91
97184649378900 91
97184649412987 23
97184716539010 66
97184716569595 91
97184716576951 23
97184793805464 66
97184793837622 23
97184793845926 66
97184850441294 91
97184850471350 23
97184917515332 66
97184917546351 91
97184993877427 23
97184993913766 66
97185051687671 91
97185118717436 91
97185118754623 23
97185197158125 66
97185197203613 23
97185197211232 66
97185252735540 91
97185319970655 23
97185320002694 66
97185320010360 91
97185462144870 23
97185462191176 66
97185462201632 91
97185521047046 23
97185521082919 66
97185588264308 91
97185666432309 91
97185666466417 23
97185666474119 66
97185722262061 23
97185722297684 66
97185722305308 91
97185789432954 23
97185862840371 66
97185862873422 91
97185923507475 91
97185923536325 23
97185923543921 66
97185990480966 91
97185990514785 23
97185990522333 66
97186071491972 23
97186071520389 91
97186124723989 23
97186124755646 66
97186124763229 23
97186202383190 66
97186202412323 91
97186258869785 23
97186258909391 66
97186325986967 91
97186392998016 23
97186393032020 66
97186393039722 91
97186460215286 23
97186460249540 66
97186460256910 91
97186527136610 91
97186594147821 23
97186594189119 66
97186594196920 23
97186671893092 66
97186671926929 91
97186728468621 23
97186728497455 23
97186728505749 66
97186728514957 91
97186795561042 91
97186795595599 23
97186795602907 23
97186873874379 66
97186873903583 23
97186873911322 66
97186873918473 91
97186996751308 23
97186996781141 66
97186996788889 91
97187075171415 91
97187075205671 23
97187075213407 66
97187130675876 23
97187130705352 66
97187130712823 91
97187207055076 91
97187277149397 23
97187277180487 66
97187277188913 91
97187331876139 23
97187331908716 66
97187331916273 23
97187331923321 66
97187398930638 91
97187484755349 23
97187484791972 66
97187484799716 91
97187533083983 23
97187533112687 23
97187610384094 66
97187610417311 91
97187610425007 91
97187667147791 23
97187667175309 66
97187734330386 91
97187734360363 23
97187734367943 66
97187801355044 23
97187801386707 66
97187801394071 91
97187884331664 23
97187935433294 66
97187935461977 91
97188012433328 23
97188012463810 66
97188012471496 91
97188076650125 23
97188076680118 66
97188154936757 91
97188211391105 23
97188211423786 23
97188211431309 66
97188278822952 91
97188278856160 91
97188346164676 23
97188346196538 66
97188405090300 23
97188405124843 66
97188405132423 91
97188472023332 91
97188472057876 23
97188472065568 66
97188539030720 23
97188539061077 66
97188539068675 91
97188606071208 23
97188606102205 66
97188673266803 91
97188740270441 91
97188740300173 23
97188740309812 66
97188807326056 91
97188807356701 23
97188807364475 66
97188881051625 23
97188881092506 66
97188948372839 91
97189008513987 23
97189008545328 66
97189008553077 91
97189142681459 23
97189142712649 66
97189142720343 91
97189209743038 23
97189209771225 66
97189276786791 91
97189350498205 91
97189350533722 23
97189350541502 66
97189417891942 23
97189417925369 66
97189417932671 91
97189485347241 23
97189485383908 66
97189485391926 91
97189562687477 91
97189620092343 23
97189620129479 66
97189620137036 23
97189620144010 66
97189687560509 91
97189687597555 91
97189746248835 23
97189746284245 66
97189820027801 23
97189820063175 66
97189820070708 91
97189880426627 91
97189880461458 23
97189880468983 23
97189947506074 66
97189947540145 23
97189947547561 66
97189947554646 91
97190014490384 23
97190081698780 66
97190148700314 91
97190216543026 91
97190289618742 23
97190289652619 66
97190289660215 23
97190289667209 66
97190289674189 91
97190357039081 23
97190424393525 66
97190424430740 91
97190492023989 91
97190492053480 23
97190492061045 66
97190559215975 91
97190618043947 23
97190618072941 66
97190618080512 23
97190618087524 66
97190685129958 91
97190685165897 23
97190752297500 23
97190752325987 66
97190752333500 91
97190819210543 23
97190819240021 66
97190886290038 91
97190953495658 91
97190953529139 23
97190953536590 23
97191020723495 66
97191020753748 23
97191020761577 66
97191087478138 91
97191161338238 23
97191161369464 66
97191161377056 91
97191228745281 91
97191228776415 23
97191228783691 66
97191296090374 23
97191296123656 66
97191363472453 91
97191363506043 91
97191430879643 23
97191430916091 66
97191499384636 23
97191499409375 66
97191499416938 91
97191556950057 23
97191557019343 66
97191557027196 91
97191624172139 23
97191624200614 66
97191691179756 91
97191769821256 23
97191769855556 66
97191769863147 91
97191901738521 23
97191901773979 66
97191901782339 91
97191959428946 23
97191959465165 66
97192026476119 91
97192093448213 23
97192093478369 66
97192093485916 91
97192160552435 91
97192160581302 23
97192160588844 66
97192227630237 91
97192227665732 23
97192294700938 66
97192294731843 23
97192294739362 66
97192294746603 91
97192361846016 91
97192438968468 23
97192439001513 66
97192495869322 23
97192495901158 66
97192495908612 91
97192562997180 23
97192563034350 66
97192640952046 91
97192697217754 23
97192697244596 66
97192764209482 91
97192842381932 23
97192842429256 66
97192842437932 91
97192898371253 91
97192965324479 23
97192965355973 66
97192965363920 23
97192965370868 66
97192965377683 91
97193044188659 23
97193100495458 66
97193100526393 91
97193166921556 91
97193166981068 23
97193166990216 66
97193245543209 23
97193245577279 66
97193245585559 91
97193300650628 91
97193300679529 23
97193377429458 66
97193377462135 23
97193377469654 66
97193434937031 91
97193434976223 91
97193501887369 23
97193501920942 66
97193578700891 23
97193578738979 66
97193578748970 91
97193636149153 91
97193703131672 23
97193703164526 66
97193703172344 23
97193703179429 66
97193703186369 91
97193780704922 23
97193852774812 66
97193852824827 91
97193904438392 23
97193904475414 66
97193904483160 91
97193971493299 91
97194047903016 23
97194047938452 66
97194047946050 91
97194105594904 23
97194105629743 66
97194172715082 23
97194172765337 66
97194172772846 91
97194249939241 91
97194249974858 23
97194249982492 66
97194306777259 23
97194306809976 66
97194306817417 91
97194381009319 23
97194381039903 66
97194440906874 91
97194507901390 23
97194507931595 66
97194507939844 91
97194574939157 23
97194574975261 66
97194574982688 91
97194653124645 91
97194653152850 23
97194653160548 66
97194709137460 23
97194709168283 66
97194709175711 91
97194783965546 91
97194851266609 23
97194851298759 66
97194918716797 91
97194918753024 23
97194918761468 66
97194977439531 23
97194977470746 66
97194977478220 91
97195044447087 23
97195044478314 91
97195111543644 23
97195111575780 66
97195111583150 23
97195178913990 66
97195178981015 91
97195245591470 91
97195245623187 23
97195312602265 66
97195312631621 91
97195379770596 23
97195379801810 66
97195446858157 23
97195446894145 66
97195446901612 91
97195520856702 23
97195520891179 66
97195588232324 91
97195655630554 23
97195655656179 66
97195722998744 91
97195723028707 23
97195790471683 66
97195790506001 91
97195849227523 23
97195849263764 66
97195916321693 91
97195983294008 91
97195983323191 23
97195983330631 66
97196050534761 23
97196050569668 66
97196050577175 91
97196127515893 23
97196127545446 66
97196127552967 91
97196184692701 23
97196184725420 66
97196251583534 91
97196318757473 23
97196318787559 66
97196318795092 91
97196385678410 91
97196452734351 23
97196452764888 23
97196452772417 66
97196452779409 23
97196452786306 66
97196452793194 91
97196586987186 23
97196587017389 66
97196587024972 91
97196653975251 23
97196654008694 66
97196788205497 91
97196855229833 23
97196855260119 66
97196855267726 91
97196989356443 91
97196989390212 23
97196989397717 66
97197065880574 23
97197065910994 66
97197065918531 91
97197123553314 91
97197123585042 23
97197190642344 66
97197190672396 23
97197190679994 66
97197190687026 91
97197262155408 91
97197324883434 23
97197324914661 66
97197324922232 23
97197391688027 66
