96685679757110 91
96685825073767 23
96685825103877 23
96685825111446 66
96685881060640 91
96685881091999 23
96685948001813 66
96685948040253 91
96686015056881 23
96686015097758 66
96686015105372 91
96686082335166 23
96686149245427 66
96686149282362 91
96686216252460 23
96686216285285 66
96686216292800 91
96686294150759 23
96686350476862 66
96686350509915 91
96686417467295 23
96686417503110 66
96686484477824 91
96686551659013 23
96686551688324 66
96686697384285 91
96686697416907 91
96686752975422 23
96686753020291 66
96686829278148 23
96686829309374 66
96686829316968 91
96686887022934 23
96686887051988 66
96686964623345 91
96687021198365 23
96687021232069 66
96687021239880 91
96687088180094 23
96687088209489 66
96687166627615 91
96687222468327 23
96687222498602 66
96687222507119 91
96687295373108 91
96687356710919 23
96687356741842 66
96687356749407 23
96687433881522 66
96687433912272 91
96687490474893 23
96687490505114 66
96687557681225 91
96687635846504 23
96687635879802 66
96687635887396 91
96687691692152 23
96687691757004 66
96687691764827 91
96687837199110 23
96687837253364 66
96687892969597 91
96687959949270 23
96687959981635 66
96687959989025 91
96688094256586 23
96688094306479 66
96688094313968 91
96688161188979 23
96688240372054 66
96688240407923 91
96688295290743 23
96688295321350 66
96688295329076 91
96688440111711 91
96688440147837 23
96688440155423 66
96688496448864 23
96688496481902 66
96688496489683 91
96688638804074 23
96688638835208 66
96688638842765 91
96688697794542 23
96688697829693 66
96688697837357 91
96688764704155 23
96688832792473 66
96688832819097 91
96688898981331 23
96688899013787 66
96688899021471 91
96689033028485 23
96689033062793 66
96689033070408 91
96689100328645 91
96689100375189 23
96689167154885 66
96689167187116 23
96689167194735 66
96689241045174 91
96689308397623 23
96689308434186 66
96689308441520 91
96689375813124 23
96689375840531 66
96689510535937 91
96689577922380 23
96689577957481 66
96689577964970 91
96689703689202 23
96689703719280 66
96689770705623 91
96689838078040 23
96689904915826 66
96689904950519 91
96689971937369 23
96689971969307 66
96689971977134 91
96690038982819 23
96690112820575 66
96690112851788 91
96690180122987 23
96690180156007 66
96690180163629 91
96690247500507 23
96690247531385 66
96690314878661 91
96690382226262 23
96690382257879 66
96690382265515 91
96690449717225 23
96690449763011 66
96690508539416 91
96690575600385 23
96690575634010 66
96690575641496 91
96690642641916 23
96690642669898 66
96690709671709 91
96690787042486 91
96690787079254 23
96690787086874 66
96690843870109 23
96690843901163 66
96690910940654 91
96690977961490 23
96690977996126 66
96690978003890 91
96691051853989 23
96691119223739 66
96691119258407 91
96691186610564 23
96691186640548 66
96691186648332 91
96691253969213 23
96691253999192 66
96691321351617 91
96691380305840 23
96691447899222 66
96691447945454 91
96691514698802 23
96691514728212 66
96691581587694 91
96691648645492 23
96691648676642 66
96691648684358 91
96691782759596 23
96691782793818 66
96691782801387 91
96691849733154 23
96691849762775 66
96691849770270 91
96691923549983 23
96691923582716 66
96691990950094 91
96692058305500 23
96692058338088 66
96692058345756 91
96692125716180 23
96692125748018 66
96692125755571 91
96692260459212 23
96692260494196 66
96692260501659 91
96692319319957 23
96692319352910 66
96692386330040 91
96692386357954 23
96692453366417 66
96692453397702 91
96692520371284 23
96692520402893 66
96692587569623 91
96692654585535 23
96692654618614 66
96692654626221 91
96692721543306 23
96692721571749 66
96692795332449 91
96692795378954 23
96692862736219 66
96692862771119 91
96692930023689 23
96692930056866 66
96692930064605 91
96692997473500 23
96693064817175 66
96693064847762 91
96693132286303 23
96693132318113 66
96693191065965 91
96693258576467 23
96693258610560 66
96693258618210 91
96693325276852 23
96693325308077 66
96693392288705 91
96693392323164 23
96693459375718 66
96693459414700 91
96693526531489 23
96693526564757 66
96693526572403 91
96693594246057 23
96693594279293 66
96693594286716 91
96693660758923 23
96693660790375 66
96693727698302 91
96693801855867 23
96693801894371 66
96693861745910 91
96693861775398 23
96693928752823 66
96693928781689 91
96694006750302 23
96694006782253 66
96694006789864 91
96694063080268 23
96694129992456 66
96694130036373 91
96694197141209 23
96694264164274 66
96694264197005 91
96694398268587 23
96694398300950 66
96694398308742 91
96694475733228 23
96694475765941 66
96694532424896 91
96694599449036 23
96694599486945 66
96694666469728 91
96694733551277 23
96694733584766 66
96694733592185 91
96694802809035 23
96694802838765 66
96694802846385 91
96694867707116 23
96694867741186 66
96694934950019 91
96695001900250 23
96695001935239 66
96695001942829 91
96695069049924 23
96695136204585 66
96695136252742 91
96695205224824 23
96695205255918 66
96695205263684 91
96695270201646 23
96695348250787 66
96695348282028 91
96695404328321 23
96695404358573 66
96695404365948 91
96695471321028 23
96695549710075 66
96695549741479 91
96695605570584 23
96695605598053 66
96695605605492 91
96695751504032 23
96695751536163 66
96695751543883 91
96695806586235 23
96695806618831 66
96695879461147 91
96695879496891 23
96695946819569 66
96695946851181 91
96696014211539 23
96696014241523 66
96696014248998 91
96696081630917 23
96696081665460 66
96696148925841 91
96696216312579 23
96696216347056 66
96696216354687 91
96696283739793 23
96696283782350 66
96696351113449 91
96696418490491 23
96696418525988 66
96696418533676 91
96696477392906 23
96696477427013 66
96696544412885 91
96696611498230 23
96696611526709 66
96696611534554 91
96696678441640 23
96696678472774 66
96696678480369 91
96696812661386 23
96696812697012 66
96696812704718 91
96696879672581 23
96696879701645 66
96696879709279 91
96696946871493 23
96697020693724 66
96697020722155 91
96697088056128 23
96697088091569 66
96697088099108 91
96697155480698 23
96697155513732 66
96697222783153 91
96697290191085 91
96697357566031 23
96697357598969 66
96697357606667 23
96697416403511 66
96697416448373 91
96697483310637 23
96697483340237 66
96697483348108 91
96697550326767 91
96697617411538 23
96697617443115 66
96697698542920 23
96697698577260 66
96697751677319 91
96697818916676 23
96697818948939 66
96697818956604 91
96697892461472 23
96697892492592 66
96698027176054 91
96698094593448 23
96698094627489 66
96698229278815 91
96698229312401 23
96698288142372 66
96698288178406 91
96698355129632 91
96698422247372 23
96698422289318 66
96698422296833 23
96698489357543 66
96698489394080 91
96698566310086 23
96698566345941 66
96698623386477 91
96698690526271 23
96698690559607 66
96698690567052 91
96698757718293 23
96698757767840 66
96698757775518 91
96698831519888 23
96698898893036 66
96698898931564 91
96698966293600 23
96698966323366 66
96698966330821 91
96699033646075 23
96699033676583 66
96699101013804 91
96699159950969 91
96699159987906 23
96699227167800 66
96699227202373 23
96699227210246 66
96699294140308 91
96699361141791 23
96699361169675 66
96699361177499 91
96699495270004 23
96699495298493 66
96699495306030 91
96699562317702 23
96699562346860 66
96699562354273 91
96699629412263 23
96699629445550 66
96699703197847 91
96699770702062 91
96699770746912 23
96699837968857 66
96699838000257 23
96699838007721 66
96699905374142 91
96699972965909 23
96699972996136 66
96699973003488 91
96700040108964 23
96700040145631 66
96700040153074 91
96700098924126 23
96700166037373 66
96700166069438 91
96700233086410 23
96700233120263 66
96700233128166 91
96700300106371 23
96700300141590 66
96700367059840 91
96700434277554 23
96700434305926 66
96700434313346 91
96700568370229 91
96700568432403 23
96700568440248 66
96700653758830 23
96700653795510 66
96700709694994 91
96700777197999 23
96700777244424 66
96700777252104 91
96700844454222 23
96700844482747 66
96700911942878 91
96700970761476 23
96700970794022 66
96701037856506 91
96701104872418 23
96701104902009 66
96701172051613 91
96701238978678 23
96701239014426 66
96701239022060 91
96701306094112 23
96701373174863 66
96701373204810 91
96701442582166 23
96701442610046 66
96701442618349 91
96701514015446 23
96701514053136 91
96701581424264 23
96701581452799 66
96701648768120 23
96701648797640 66
96701648805101 91
96701716163130 23
96701716194427 66
96701783579634 91
96701850927539 23
96701850963748 66
96701850971535 91
96701909740598 23
96701909773160 66
96701909780486 91
96701976912375 23
96701976941547 66
96702043773114 91
96702110943102 23
96702110976637 66
96702110984172 91
96702177939472 23
96702177968468 66
96702244920619 91
96702312035807 23
96702312069063 66
96702312076859 91
96702385764375 23
96702385798755 66
96702453251081 91
96702520574215 23
96702520615002 91
96702520625938 23
96702597752558 23
96702597788385 66
96702655277560 23
96702655308533 66
96702655316257 91
96702722716717 23
96702722752224 66
96702722759710 91
96702781456020 23
96702851046600 66
96702851087126 91
96702915638557 23
96702915666956 91
96702915674627 23
96702982737246 66
96702982770816 23
96702982778375 66
96703049660244 91
96703116966046 23
96703117000833 66
96703117008380 91
96703183874888 23
96703183906694 66
96703251066313 91
96703324845589 23
96703324877918 66
96703324885562 91
96703392229098 23
96703392258226 66
96703459818139 91
96703527002785 23
96703594352857 66
96703594386815 91
96703661740384 23
96703661772224 66
96703720598339 91
96703787508988 23
96703787542691 66
96703854505982 91
96703921607344 23
96703921639560 66
96703988820371 91
96704123103781 91
96704123139531 23
96704123147146 66
96704189884812 23
96704189916610 66
96704189924163 91
96704263947441 23
96704263981649 66
96704336323559 91
96704391069322 23
96704391105215 66
96704391112795 91
96704468222228 23
96704525182453 66
96704525221671 91
96704592414164 23
96704592447579 66
96704592455466 91
96704677050601 23
96704677095475 66
96704726357157 91
96704793575033 23
96704793607521 66
96704871480284 91
96704871517696 91
96704927636048 23
96704927661127 66
96704994623676 23
96704994656582 66
96704994664234 91
96705061924611 23
96705061965951 66
96705061973504 91
96705137123002 23
96705196977836 66
96705197005987 91
96705262979122 23
96705263015844 66
96705263023687 91
96705397085856 23
96705397116618 66
96705464064377 91
96705531253303 23
96705531287175 66
96705598293750 91
96705665320711 23
96705665355793 66
96705665363731 91
96705806791497 23
96705806823713 66
96705806831194 91
96705874097650 91
96705941487203 23
96705941521684 66
96705941529993 23
96706008875131 66
96706008908833 91
96706067750841 91
96706134910714 23
96706134974895 66
96706205284082 23
96706205314882 66
96706205322220 91
96706268878496 23
96706268908291 66
96706268915771 91
96706335986633 91
96706403215303 23
96706403256275 66
96706470085221 23
96706470116341 66
96706470124015 91
96706537085045 91
96706619382989 23
96706619420019 66
96706619427701 23
96706678583176 66
96706678628676 91
96706746021007 23
96706746055780 66
96706813283267 91
96706880658713 23
96706880692909 66
96706880700367 91
96706948001004 23
96706948033625 66
96707006734969 91
96707073597412 23
96707073630449 66
96707140855102 91
96707275551862 23
96707275581107 66
96707275588445 91
96707341966719 23
96707342002604 66
96707342010045 91
96707409071547 23
96707482822871 66
96707482855200 91
96707550136714 23
96707550167313 66
96707617508057 91
96707684900298 23
96707684938081 66
96707684947634 91
96707752372652 23
96707752415816 66
96707819654870 91
96707878499996 23
96707878539668 66
96707878547143 91
96707945572495 23
96707945603798 66
96707945611200 91
96708079728475 23
96708079772124 66
96708079780011 91
96708146727347 23
96708146763542 66
96708146770995 91
96708213959020 23
96708213991794 66
96708281272700 91
96708348053382 23
96708348080670 66
96708348088014 91
96708421882492 23
96708421917333 66
96708489295827 91
96708556678767 23
96708556709832 66
96708556717361 91
96708624035667 23
96708624068473 66
96708624076092 91
96708758764720 23
96708758798469 23
96708758805907 66
96708758813319 91
96708817527775 23
96708817562577 66
96708884483070 91
96708951559021 23
96708951587669 66
96708951595842 91
96709085728961 23
96709085761108 66
96709085768800 91
96709152835881 23
96709152867542 66
96709152875212 91
96709226239756 23
96709226269576 66
96709360996621 91
96709428343725 91
96709428372264 23
96709495714109 66
96709495743748 23
96709563094248 66
96709563131322 91
96709630475737 91
96709689412370 23
96709689441945 66
96709689449869 23
96709689456856 66
96709756391466 91
96709823405759 23
96709823440332 66
96709823447825 91
96709890423733 23
96709890453692 66
96709957621081 91
96710024835043 91
96710024869627 23
96710091679576 66
96710091712639 23
96710091719967 66
96710158694718 91
96710232678305 23
96710232710680 66
96710232718143 91
96710300089427 23
96710300125994 66
96710300133721 91
96710449626911 23
96710449685194 66
96710449693055 91
96710502173494 91
96710561132693 23
96710561163640 66
96710561171338 23
96710561178400 66
96710628208449 91
96710695540544 23
96710695581200 66
96710773275850 91
96710829311075 91
96710829340646 23
96710829348235 66
96710896639298 91
96710896675766 23
96710963615147 66
96710963651442 23
96711030809121 66
96711030857022 91
96711104393483 23
96711104427344 66
96711171789766 91
96711251692606 23
96711251727322 66
96711306553123 91
96711373892419 23
96711373924293 66
96711373931826 91
96711441303090 23
96711500172271 66
96711500209707 91
96711567158590 91
96711634248140 23
96711634283609 66
96711634291265 23
96711701286849 66
96711701318401 91
96711768329237 91
96711768364056 23
96711768371631 66
96711835408930 23
96711835442266 66
