97559223371684 91
97559355290653 23
97559355325589 66
97559355333372 91
97559412910063 23
97559412946855 66
97559412954280 91
97559486487887 91
97559486530112 23
97559547100110 66
97559547131220 91
97559614078309 23
97559614112778 66
97559614120052 91
97559692730675 23
97559692767214 66
97559692775149 91
97559692782117 23
97559756376049 66
97559756410395 91
97559756418190 23
97559815304606 66
97559815333718 91
97559882351012 23
97559882385306 66
97559882392986 23
97559882400060 66
97559882407054 91
97559949518327 91
97560016659044 23
97560016692574 66
97560016700061 91
97560083645474 23
97560083679329 66
97560083686965 91
97560158989984 23
97560159026819 66
97560159034533 23
97560217705869 66
97560217745164 91
97560291726525 23
97560291759026 66
97560359117275 91
97560359150058 91
97560426509129 23
97560426549908 66
97560493894510 91
97560493929124 23
97560493936595 66
97560561368190 91
97560561404998 23
97560561412471 66
97560620088143 91
97560620116257 23
97560620123867 66
97560696973125 91
97560697007124 23
97560697014711 66
97560765501339 91
97560765538113 23
97560821364469 66
97560821397516 91
97560821404856 23
97560888324958 66
97560888353528 91
97560888361262 23
97560888368358 66
97560962047102 91
97560962076894 23
97560962084473 66
97561022543504 23
97561022578238 66
97561022585636 91
97561168788793 23
97561168820550 66
97561168828182 91
97561223807673 91
97561223837412 23
97561300661906 66
97561300694532 91
97561300701910 23
97561300708938 66
97561357940098 91
97561357971416 23
97561424830442 66
97561424861258 91
97561492035736 23
97561492067572 66
97561492075146 23
97561492081997 66
97561559043794 91
97561559079737 23
97561637990620 66
97561638024395 91
97561767826395 23
97561767857839 66
97561767865510 91
97561835264494 91
97561902617619 23
97561902651766 66
97561902659375 23
97561902666472 66
97561961516956 91
97562028515020 91
97562028545895 23
97562028553808 66
97562028560860 91
97562095606321 23
97562095638129 66
97562095645660 91
97562162623150 23
97562162658977 66
97562229702841 23
97562229731957 66
97562229739621 91
97562296712729 23
97562296750756 66
97562363802094 91
97562363833763 91
97562431018299 23
97562431069821 66
97562431077546 23
97562431084594 66
97562516330385 91
97562572188880 23
97562572221591 66
97562572228939 91
97562639610514 23
97562639645233 66
97562706947986 91
97562774509472 23
97562774552417 66
97562833298340 91
97562900364117 23
97562900398065 66
97562900405747 91
97562967641093 91
97562967671127 23
97563034646958 66
97563034681219 91
97563101536825 23
97563101568243 66
97563168638129 23
97563168671945 66
97563168679484 91
97563235776179 91
97563235810548 23
97563235818177 66
97563302807455 91
97563302836312 23
97563376555615 66
97563376593158 91
97563376600606 23
97563376607643 66
97563444163739 91
97563444227850 23
97563444239046 66
97563511275328 23
97563511309021 66
97563511316542 91
97563578679459 91
97563646043243 23
97563646075779 66
97563646082958 91
97563713456330 23
97563713491226 66
97563713498789 91
97563713505596 23
97563772310315 66
97563772343350 23
97563772350836 66
97563772357871 91
97563839285112 91
97563906326970 23
97563906359862 66
97563973510552 23
97563973545146 66
97563973552957 91
97564040500830 23
97564040531598 66
97564040538934 91
97564107506974 23
97564107536006 66
97564107543736 91
97564174605104 23
97564241764375 66
97564241804125 91
97564315620333 91
97564315653014 23
97564315660286 66
97564383045235 91
97564450420874 23
97564450450095 23
97564450457548 66
97564450464514 91
97564517758605 23
97564517791562 66
97564517799215 23
97564585228598 66
97564585261343 91
97564652537559 91
97564652571748 23
97564652579826 66
97564712718037 23
97564712745102 66
97564712752478 91
97564778353585 23
97564778394330 66
97564778401885 91
97564857415572 91
97564857452672 23
97564912461279 66
97564912489852 91
97564912497078 23
97564912503993 66
97564979415080 23
97564979449513 66
97565046436429 91
97565115779485 23
97565115809119 91
97565115816714 23
97565187365446 66
97565187401701 23
97565187409218 66
97565187416277 91
97565254746430 23
97565254780390 66
97565254787978 91
97565322125111 23
97565389484335 66
97565389513783 91
97565456869881 23
97565456906698 66
97565456914096 91
97565534732308 91
97565583037477 23
97565583107147 66
97565583115676 23
97565650224284 66
97565650256625 91
97565717060861 23
97565717097720 66
97565717105084 91
97565784200329 23
97565784231926 66
97565851253052 91
97565851282337 91
97565918332833 23
97565918363208 66
97565985347162 23
97565985377746 66
97566052612239 91
97566126409832 23
97566126438200 66
97566126445846 91
97566193845289 23
97566193875912 91
97566261177583 23
97566261209287 66
97566261216717 23
97566328588096 66
97566328622847 91
97566400128710 91
97566400171514 23
97566454881489 66
97566454911110 91
97566454918814 23
97566454925963 66
97566521902792 23
97566521938703 66
97566521948646 91
97566588920512 91
97566661220871 23
97566661263949 66
97566661271424 91
97566723305977 23
97566723337974 66
97566723346267 91
97566790194843 23
97566790224147 66
97566867107552 23
97566867141909 66
97566867149585 91
97566924378064 91
97566924411850 23
97566991378826 66
97566991414464 91
97567069585833 23
97567069616364 66
97567069624088 91
97567125469649 23
97567125501354 66
97567125509302 91
97567207773668 23
97567207811514 66
97567207819271 91
97567259724719 23
97567259788441 66
97567259797521 23
97567259804587 66
97567259811521 91
97567326875840 91
97567393812819 23
97567393848396 66
97567393856020 91
97567472320349 23
97567472351566 66
97567472359919 91
97567527824842 23
97567527860013 23
97567527867572 66
97567527874576 23
97567595036022 66
97567595065780 91
97567662087416 23
97567662129915 66
97567662137408 91
97567729071143 23
97567729104250 66
97567805533026 91
97567875582621 91
97567875611983 23
97567875619771 66
97567930303387 91
97567930333672 23
97567930341075 66
97567930348046 91
97568007452445 23
97568007483450 66
97568072121162 91
97568072156221 23
97568072163609 66
97568131509255 91
97568131542268 23
97568131549929 66
97568208755780 23
97568208788191 66
97568208797025 91
97568265629967 23
97568265657215 66
97568265664826 91
97568332734131 91
97568332765521 23
97568410752070 66
97568410787869 91
97568410795557 23
97568477112941 66
97568477147145 91
97568477154843 23
97568477161913 66
97568533904778 23
97568533936431 66
97568533944535 91
97568613210914 91
97568668018404 23
97568668052142 66
97568668059971 91
97568668066877 23
97568735201356 66
97568735235501 23
97568735243266 66
97568735250356 91
97568813987125 91
97568869612783 23
97568869645923 66
97568869653446 91
97568869660335 23
97568936276274 66
97568936309606 23
97568936317276 66
97568936324228 91
97569015310160 91
97569070508968 23
97569070544074 66
97569147288041 91
97569147317864 23
97569147325455 66
97569147332533 91
97569204522988 23
97569204552030 66
97569204559545 91
97569271547914 23
97569271578720 66
97569271586432 91
97569338704487 23
97569338738858 66
97569338746375 23
97569405849535 66
97569472750275 91
97569539795306 23
97569539823449 66
97569539830865 91
97569613528341 23
97569613562919 66
97569680888670 91
97569748259047 91
97569748289805 23
97569748297712 66
97569815615771 23
97569815644159 66
97569815651614 91
97569882997712 23
97569883026710 66
97569950478334 91
97570009237939 23
97570009268224 66
97570076422147 91
97570143457794 91
97570143489575 23
97570143497161 66
97570210489496 23
97570210523084 66
97570210531569 91
97570277500353 91
97570277532668 23
97570344698018 66
97570344728472 91
97570344736005 23
97570411713876 66
97570411746828 91
97570478813247 23
97570478849281 66
97570478856936 91
97570552669014 23
97570552703294 66
97570552710823 91
97570619971996 23
97570620007419 66
97570620015141 91
97570620022104 23
97570688185489 66
97570688214503 23
97570688221998 66
97570688228998 91
97570758792941 91
97570758826350 23
97570814236873 66
97570814273484 91
97570890713854 91
97570960796477 23
97570960829312 66
97570960836765 23
97571015320394 66
97571015353869 91
97571015361277 23
97571092656277 66
97571092686643 91
97571157677594 23
97571157718216 66
97571157725630 91
97571228020527 23
97571283663278 66
97571283691664 91
97571350706212 23
97571350735059 66
97571417721559 91
97571417756322 91
97571495953563 23
97571495982649 66
97571551781180 23
97571551811867 66
97571551819189 91
97571618991433 23
97571619021881 66
97571685998231 91
97571753167944 23
97571753207244 66
97571820023425 91
97571887222408 23
97571887259206 66
97571887266904 91
97571954257673 91
97571954296118 23
97571954303665 66
97572028050117 23
97572028086742 66
97572028094519 91
97572095370639 23
97572095401421 66
97572095409256 91
97572230084956 23
97572230119531 66
97572230127245 91
97572297510293 91
97572373236840 23
97572373272902 66
97572373280492 91
97572373287896 23
97572423793518 66
97572423826993 23
97572423834405 66
97572490745808 91
97572490774450 23
97572557918074 66
97572557948170 91
97572634867746 91
97572634905116 23
97572691951676 66
97572691981915 23
97572691989601 66
97572691996530 91
97572759338071 91
97572759389177 23
97572825994779 66
97572826029563 23
97572826037008 66
97572826044135 91
97572893356885 91
97572967097009 23
97572967131484 66
97572967138762 91
97573034468328 23
97573034498325 66
97573101900167 23
97573101936287 91
97573101943661 23
97573101950551 66
97573101958168 91
97573169250751 23
97573169284514 66
97573236621740 91
97573236659212 23
97573236666741 66
97573303973013 91
97573304001481 23
97573304009004 66
97573362779914 91
97573362811971 23
97573362819434 66
97573362826436 91
97573429694652 23
97573429723328 66
97573496855605 91
97573496892395 23
97573496899711 66
97573564932116 91
97573564960962 23
97573564968550 66
97573630871490 23
97573630902519 66
97573630910260 91
97573697890812 23
97573697922330 66
97573697929957 91
97573765074877 91
97573765107654 23
97573765115100 66
97573838807134 23
97573838841182 66
97573838848581 91
97573906224327 23
97573906263364 66
97573906270996 91
97574040960431 23
97574040992774 66
97574041000418 91
97574108555668 91
97574108608725 23
97574175678449 66
97574175709846 91
97574234492079 23
97574234522917 66
97574234531275 91
97574301678666 23
97574301710043 66
97574301717868 23
97574301724781 91
97574368667759 23
97574368701319 66
97574368709053 91
97574368715902 23
97574435620242 66
97574435646943 91
97574502793377 23
97574502825259 66
97574502832953 23
97574502839917 66
97574570633368 91
97574636817661 23
97574636852973 66
97574636860805 91
97574703946080 23
97574777928163 66
97574777966188 91
97574845374281 23
97574845404876 66
97574912667751 91
97574980052678 23
97574980087527 66
97575047434827 91
97575114951170 23
97575115005736 66
97575115014235 91
97575240505765 23
97575240539295 66
97575240547111 91
97575307540945 23
97575307571924 66
97575374861274 91
97575374910566 23
97575441575744 66
97575441607316 91
97575441615016 23
97575508751069 66
97575508794201 91
97575575737037 91
97575575767844 23
97575575775640 66
97575649692325 23
97575649726659 66
97575649734237 91
97575716985166 23
97575784362032 66
97575784394516 91
97575851743477 23
97575851776001 66
97575851783474 91
97575919123703 91
97575919155991 23
97575919163687 66
97575986515040 23
97575986545655 66
97575986553442 91
97576045398218 91
97576045437784 23
97576045445578 66
97576112349352 23
97576112399120 66
97576112410260 91
97576179484143 91
97576246471663 23
97576246503700 66
97576246511094 23
97576246518142 66
97576246525169 91
97576313537050 23
97576388697969 66
97576388726399 91
97576456133740 91
97576456188390 23
97576514730259 23
97576514769073 66
97576514804900 91
97576581713390 23
97576581750631 66
97576581758365 91
97576648919418 23
97576648953964 66
97576648961571 91
97576715917792 23
97576715951475 66
97576783088070 91
97576783123543 23
97576783131360 66
97576783138346 91
97576850204100 23
97576850234424 66
97576850242085 23
97576850249049 66
97576850255953 91
97576990893922 23
97576990928365 66
97576990936071 91
97577058293644 91
97577058322016 23
97577058329734 66
97577125801507 23
97577125840773 66
97577125848318 91
97577193145331 23
97577193181674 66
97577260419742 91
97577327780975 91
97577327812727 23
97577327820185 66
97577386799882 23
97577386847762 66
97577386855309 91
97577453669571 91
97577453698377 23
97577520687015 66
97577520723196 91
97577520731087 23
97577520738224 66
97577587689010 23
97577587718183 66
97577587725824 91
97577654884733 23
97577654915043 66
97577721907237 91
97577788940480 23
97577788976569 66
97577788984085 91
97577855974661 23
97577856003902 66
97577856011608 91
97577929971395 91
97577997331269 23
97577997362706 66
97577997370248 91
97578064723234 23
97578064754756 66
97578064762180 91
97578132118809 23
97578132152916 66
97578132160463 91
97578199496519 23
97578199526283 66
97578199533836 23
97578199540750 66
97578258441622 91
97578325449647 23
97578325481833 66
97578325489277 91
97578392667358 23
97578392716752 66
97578459637738 91
97578526664989 23
97578526698557 66
97578526706219 91
97578593666660 23
97578593698367 66
97578660874818 91
97578739174024 91
97578739209585 23
97578739217330 66
97578801671722 23
97578801705121 66
97578801712565 91
97578869126246 23
97578869156881 66
97578869164445 91
97578936457315 23
97579003870972 66
97579003900165 91
97579071209134 91
97579071243452 23
97579138626074 66
97579138662249 91
97579138670078 23
97579197505860 66
97579197538801 23
97579197547034 66
97579197554001 91
97579264552114 91
97579264582445 23
97579264590163 66
97579331706238 91
97579331744625 23
97579398526920 66
97579398573289 91
97579465559457 23
97579465589969 66
97579465597313 23
97579465604374 66
97579532647932 91
97579532677078 91
97579599698661 23
97579599736167 66
97579599743431 23
97579599750747 66
