85695686173287 91
85695749200222 23
85695749232591 66
85695821545127 91
85695876918821 91
85695876953448 23
85695876960814 23
85695953527164 66
85696010977458 23
85696011007894 66
85696011015360 91
85696078098507 23
85696078134002 66
85696145117609 91
85696213274117 91
85696290725822 23
85696290753363 23
85696290760892 66
85696346291514 23
85696346318738 66
85696346326522 91
85696492752019 23
85696492785730 66
85696492793714 91
85696614667105 23
85696614701023 66
85696614708677 91
85696681602217 91
85696681639325 23
85696748627278 66
85696748658828 91
85696815811222 91
85696882920451 23
85696882954138 66
85696959988130 23
85696960020517 66
85696960028199 91
85697017046293 91
85697084074962 23
85697084104486 66
85697151096385 91
85697151124633 23
85697229162847 66
85697229193883 23
85697229201526 66
85697285476369 91
85697352212114 23
85697352243839 66
85697419337097 91
85697486359048 23
85697553684169 66
85697553727068 91
85697620634480 91
85697620671980 23
85697687626699 66
85697687659556 91
85697754702988 23
85697754735041 66
85697754742689 23
85697830213860 66
85697830248931 91
85697895607840 91
85697962987054 23
85697963016613 66
85698030390777 23
85698030424169 66
85698030431900 91
85698097781675 91
85698165132960 23
85698165164064 66
85698165171408 91
85698224075519 23
85698224106379 66
85698224113946 91
85698297761062 23
85698297800350 66
85698297808002 91
85698365199277 23
85698365239620 66
85698365247211 91
85698432577749 23
85698432610120 66
85698499956349 91
85698499994676 23
85698567333124 66
85698567365406 91
85698634755149 23
85698634805823 66
85698693624874 91
85698693654481 23
85698693662155 66
85698693669123 91
85698760813656 23
85698760847859 66
85698829307117 23
85698829333799 66
85698829341451 91
85698894833334 23
85698894867133 66
85698961884677 91
85699029018072 23
85699029052058 66
85699029059746 91
85699163148994 91
85699163180433 23
85699163188276 23
85699236880680 66
85699236911353 91
85699236942366 23
85699304449320 66
85699304482297 91
85699304489588 23
85699382581752 66
85699382628725 91
85699439012827 23
85699439043631 66
85699439051225 91
85699506396336 23
85699506426150 66
85699506433724 91
85699573762015 91
85699632537404 23
85699632572819 66
85699632580434 91
85699632587480 23
85699699629630 23
85699699658405 66
85699699665928 91
85699766810688 23
85699766841603 66
85699766849152 91
85699833713725 23
85699833744382 66
85699900838196 91
85699900886948 23
85699900894674 66
85699967811144 23
85699967842668 66
85700034915154 91
85700034948530 23
85700034956085 66
85700102143421 23
85700102176289 66
85700175984667 91
85700176019935 91
85700243363372 23
85700243398145 66
85700310750844 91
85700310783233 23
85700310791045 66
85700378115806 91
85700378144967 23
85700378152498 66
85700445501417 91
85700445531821 23
85700445539694 66
85700525473058 91
85700525513185 23
85700525520949 66
85700571562224 91
85700638532395 23
85700638562702 66
85700638570259 23
85700705539129 66
85700705572861 91
85700773939369 91
85700839747339 23
85700839778390 66
85700839785899 91
85700906870129 23
85700906903832 66
85700906911393 91
85700973807569 23
85700973842802 66
85700973850388 91
85701047711952 23
85701047743446 66
85701047751218 91
85701115074151 23
85701115111414 66
85701115118941 91
85701182524863 23
85701182560726 66
85701182568350 91
85701249830310 23
85701249860430 66
85701317210797 91
85701317240594 23
85701317248483 66
85701384619198 91
85701443534851 23
85701443567377 23
85701443574827 66
85701443581900 91
85701510473586 23
85701510504577 66
85701577533942 91
85701577565539 23
85701644504414 66
85701644539473 23
85701644547362 66
85701711581021 91
85701778724760 91
85701778756839 23
85701778765088 66
85701845667387 91
85701845701078 23
85701919408370 66
85701919443266 91
85701986857319 23
85701986897869 66
85702054154146 91
85702054187639 23
85702054194947 66
85702121532312 91
85702188923748 23
85702188955475 66
85702256344717 23
85702256380447 66
85702256387960 91
85702315218615 91
85702382349818 23
85702382382855 66
85702382390420 91
85702449229646 23
85702449257946 66
85702449265471 91
85702516422727 23
85702516455876 66
85702516463484 91
85702589068395 23
85702589101593 66
85702589109037 91
85702650542262 23
85702650587768 66
85702650597323 91
85702717742055 23
85702717779529 66
85702717787352 91
85702784684268 23
85702784719940 66
85702858540892 91
85702858569527 23
85702858577264 23
85702858584406 66
85702925942836 23
85702925980400 66
85702993361445 91
85703060623797 91
85703060654104 23
85703060661471 66
85703128025946 23
85703187022675 66
85703187056200 91
85703321156994 91
85703321187285 23
85703321194829 66
85703388203298 91
85703388236717 23
85703455260846 66
85703455292722 91
85703455300223 23
85703522376060 66
85703522404277 91
85703522411904 23
85703589359251 66
85703589388289 91
85703656613255 23
85703656643520 66
85703723632026 23
85703723661848 66
85703723669369 91
85703797622583 23
85703864995549 66
85703865026128 91
85703932455356 91
85703999764514 23
85703999797102 66
85703999805112 91
85704067156030 23
85704067189308 66
85704067196902 91
85704125923204 23
85704125974888 66
85704193087971 23
85704193128406 66
85704193138735 91
85704260184747 91
85704327332740 23
85704327362345 66
85704394494906 91
85704394529590 23
85704394537097 66
85704461286003 23
85704461321882 66
85704461329540 91
85704528339667 91
85704595541339 23
85704595572416 66
85704669437561 91
85704669470400 23
85704736727734 66
85704736764118 23
85704736771945 66
85704804176290 91
85704871519183 91
85704938952910 23
85704938985754 66
85704997760094 23
85704997795759 66
85704997803453 91
85705065312968 23
85705131985767 66
85705132014582 91
85705199064667 91
85705266026929 23
85705266059708 66
85705266067265 91
85705333496175 23
85705333528434 66
85705333536085 91
85705400248847 23
85705400277819 66
85705400285957 91
85705467289901 23
85705467319229 66
85705467326808 91
85705541048837 23
85705541080051 66
85705541087664 91
85705608534803 23
85705608590066 66
85705675814679 23
85705675845533 66
85705675853006 91
85705812729060 91
85705812765530 23
85705812773417 66
85705869725490 23
85705943205890 66
85705943236638 91
85706010590225 23
85706010621033 66
85706010628621 91
85706077993295 91
85706145334451 23
85706145366325 66
85706212722592 91
85706212755183 23
85706280129422 23
85706280164336 23
85706280172036 66
85706280178994 91
85706347520746 23
85706347555647 66
85706407663770 91
85706473544073 23
85706473574770 66
85706473582410 23
85706473620852 66
85706540283803 91
85706607458796 91
85706674456572 23
85706674490307 66
85706741503141 23
85706741528877 66
85706741536735 91
85706808536839 91
85706882462856 23
85706882505855 66
85706882513559 91
85706949780440 23
85706949829248 66
85706949837019 91
85707017077076 23
85707017107920 66
85707084463587 23
85707084500054 66
85707084507476 91
85707219228513 23
85707219260749 66
85707219268749 91
85707278145916 91
85707345246485 23
85707345284899 66
85707345292621 91
85707412232306 23
85707412265183 66
85707479278664 91
85707479308442 23
85707479316206 66
85707546271572 23
85707546303133 66
85707546310887 91
85707680471475 91
85707680506175 23
85707747463796 66
85707747526909 23
85707747536498 66
85707821460416 91
85707888801206 23
85707888834352 66
85707888841825 91
85707956231050 91
85708023555620 23
85708023587850 66
85708090929107 91
85708090961074 23
85708149854335 66
85708149886480 91
85708217236940 23
85708217280821 66
85708284109085 91
85708284140685 23
85708284148427 66
85708351007956 91
85708351037219 23
85708418095027 66
85708418126358 91
85708418133967 23
85708485293494 66
85708485325275 91
85708552508272 23
85708552538944 66
85708552546814 91
85708619325338 23
85708619363050 66
85708619370591 91
85708698792609 23
85708698823869 66
85708753495384 23
85708753525822 66
85708753533301 91
85708900042373 23
85708900079435 66
85708954751662 91
85709099300260 91
85709099336668 23
85709155947148 66
85709155979648 23
85709155987581 66
85709233905044 91
85709290002316 91
85709290032024 23
85709369279142 66
85709369307356 23
85709424206889 66
85709424241193 91
85709501672922 91
85709558263266 23
85709558291509 66
85709625451933 23
85709625480699 66
85709625488526 91
85709759488140 23
85709759518254 66
85709759526161 91
85709904398544 23
85709904432918 66
85709904440455 91
85709960743953 91
85710050794627 23
85710050836906 23
85710050844850 66
85710100477382 23
85710100508824 66
85710100516475 91
85710229031390 23
85710229064487 66
85710229072045 91
85710307774696 91
85710363116181 23
85710363145517 66
85710363153774 91
85710439546964 23
85710439580068 66
85710497223825 91
85710497254538 23
85710497262081 66
85710570923375 23
85710570969352 66
85710640893245 91
85710698396617 91
85710698425623 23
85710698433098 66
85710765471414 91
85710765502747 23
85710842849770 66
85710842886345 91
85710842893779 23
85710899585448 66
85710899618157 23
85710966597353 66
85710966630056 91
85711045913872 91
85711045946609 23
85711100943642 66
85711167863618 23
85711167895772 66
85711167903283 91
85711301953486 23
85711301985020 66
85711301992676 91
85711369100432 91
85711369131664 23
85711447393515 66
85711447426926 91
85711503209549 23
85711503247862 66
85711503255311 91
85711570367313 23
85711570415136 66
85711570423156 91
85711649340975 23
85711649374483 66
85711649382267 91
85711704384743 23
85711704416591 66
85711771375739 23
85711771408347 66
85711771416039 91
85711916570020 23
85711916600943 66
85711916608862 91
85711972750775 91
85712039764637 23
85712039799006 66
85712118649319 91
85712118683020 23
85712118690593 66
85712118697545 91
85712173894844 23
85712173926179 66
85712173935752 91
85712242885196 23
85712242913985 66
85712308014277 91
85712308047215 23
85712308054834 66
85712385846044 91
85712385880344 23
85712385888291 66
85712442062315 91
85712442091514 23
85712509285337 66
85712509321109 23
85712587912021 66
85712587945611 91
85712710534287 23
85712710570385 66
85712710578071 91
85712844522313 23
85712844557077 66
85712844564908 91
85712921067411 91
85712990981434 23
85712991014207 66
85712991022084 91
85713045749331 23
85713045779158 66
85713122314243 23
85713122353862 66
85713122361990 91
85713179910607 23
85713246909566 66
85713246941766 91
85713380980788 23
85713381014877 66
85713381022635 91
85713454269420 91
85713515194083 23
85713515226703 66
85713515234419 91
85713582213754 23
85713582248195 66
85713582255762 91
85713661609696 23
85713661650782 66
85713716469339 91
85713716503291 23
85713793473133 66
85713793507296 91
85713850491550 23
85713850525651 66
85713924673922 23
85713924712424 66
85713924719933 91
85713991948043 23
85714059402171 66
85714059449347 91
85714059457085 91
85714126681096 23
85714126715145 66
85714194048760 91
85714194081043 23
85714194088604 66
85714252925048 91
85714252954310 23
85714252962096 66
85714320035394 91
85714320070257 23
85714387005943 66
85714387040418 91
85714387048072 23
85714454080168 66
85714454109944 91
85714454117606 23
85714521097579 66
85714521128856 91
85714588319265 23
85714588352042 66
85714588359533 91
85714588366466 23
85714655188541 66
85714655218263 91
85714722485925 91
85714796257485 23
85714796289617 66
85714796297242 91
85714863631946 23
85714863678967 66
85714863687343 91
85714931079326 23
85714931111998 66
85714931119584 91
85714998407548 23
85714998442106 66
85715065772883 91
85715065803677 23
85715065811260 66
85715124718739 23
85715124749766 66
85715191936826 91
85715259218640 91
85715259332421 23
85715325996341 66
85715326033960 23
85715326041608 66
85715326049260 91
85715460160407 91
85715460198529 23
85715460206165 66
85715527294463 91
85715600609734 23
85715600640449 66
85715600648039 23
85715667971259 66
85715668001906 91
85715735382896 91
85715802746451 23
85715802781859 66
85715802789440 91
85715870183366 23
85715870221150 66
85715870228840 91
85715937488618 23
85715937522007 66
85715937529705 91
85716005078981 23
85716005113192 66
85716005120743 91
85716063715390 23
85716063749185 23
85716063756800 66
85716063763939 91
85716130859197 23
85716130893670 66
85716130901287 91
85716197863917 23
85716197896054 66
85716264923919 23
85716264957034 66
85716264964702 91
85716331891722 23
85716399296750 66
85716399326481 91
85716466129419 23
85716466168138 66
85716533527702 91
85716607153436 23
85716607183948 66
85716674455789 91
85716741836198 23
85716741867127 66
85716741874796 91
85716809252429 91
85716876598206 23
85716876630302 66
85716943973490 91
85716944004775 23
85717002885033 66
85717069602611 23
85717069637293 66
85717069644872 91
85717203858751 23
85717203889987 66
85717270875037 91
85717337935413 91
85717337970685 23
85717404929233 66
85717404960846 91
85717478809508 23
85717478842241 66
85717478849991 23
85717546182398 66
85717546210207 91
85717613602819 23
85717613647100 66
85717613654945 91
85717748313012 23
85717748347752 66
85717748355487 91
85717815743020 91
85717874479246 23
85717874512608 66
85717874520107 23
85717951881337 66
85717951917456 91
85718008647506 23
85718008681683 66
85718008689475 91
85718075705161 91
85718142651888 23
85718142686699 66
85718142694471 91
85718209858797 23
85718209885936 66
85718209893552 91
85718276882850 23
85718276916880 66
85718276924494 91
85718343940194 23
85718344011155 66
85718417903572 91
85718417934175 23
85718417941720 66
85718485340886 91
85718485376294 23
85718485383888 66
85718552661962 91
85718552697479 23
85718620195134 66
85718620238324 91
85718620246348 23
85718687476502 66
85718687510235 91
85718746367346 23
85718746401354 66
85718746408931 91
85718813358991 23
85718813395638 66
85718813403411 23
85718880546902 66
85718880591975 91
85718947487023 91
85718947517445 23
85719020790144 66
85719020821306 91
85719020829125 23
85719081893033 66
85719149080228 23
85719149112818 66
