82974289003236 91
82974345667209 23
82974345696732 66
82974412853366 91
82974479928247 91
82974479960870 23
82974547137475 66
82974547186204 91
82974547193861 23
82974613987507 66
82974614019241 91
82974701795010 23
82974701830944 66
82974701838457 91
82974748220909 23
82974748251886 66
82974748259423 91
82974815368506 23
82974815403001 66
82974815410564 91
82974882456616 23
82974882485646 66
82974882493063 23
82974949279910 66
82975016460485 91
82975083631535 91
82975083661961 23
82975161508847 66
82975161536899 91
82975217797229 23
82975217833347 66
82975217840713 91
82975284906874 23
82975284941822 66
82975284949480 91
82975352035267 23
82975352072425 66
82975418757004 91
82975418787681 23
82975418794907 23
82975485943529 66
82975485971455 91
82975485978577 23
82975564825564 66
82975564858053 91
82975564865226 23
82975619999574 66
82975620030925 91
82975696717733 23
82975696755416 66
82975696763364 91
82975754149362 23
82975754177796 66
82975754185313 91
82975821148470 23
82975821180111 66
82975888292303 91
82975888338153 23
82975961974552 66
82975962006732 23
82976029347728 66
82976029376879 91
82976096734922 91
82976164119637 23
82976164148118 66
82976164156200 91
82976231506493 23
82976231536088 66
82976231543331 91
82976298866069 23
82976298898414 66
82976298905961 91
82976357723251 23
82976424968367 66
82976425005043 91
82976425012942 23
82976491891246 66
82976491922020 91
82976570862888 23
82976570897400 66
82976570904880 91
82976625962964 23
82976625995564 66
82976626003053 91
82976702801342 23
82976702833462 66
82976702841085 91
82976760151494 23
82976760180093 66
82976760187469 91
82976827169841 23
82976827200501 66
82976827208183 91
82976906410121 23
82976906447760 66
82976961450634 91
82976961481575 23
82977040104217 66
82977040134144 91
82977095542598 23
82977095573953 66
82977095581251 91
82977169960202 23
82977169990784 66
82977241401397 91
82977241433702 23
82977241441046 66
82977296805178 91
82977296837816 23
82977373297805 66
82977373331123 91
82977373338206 23
82977443378727 66
82977443410340 91
82977497843406 23
82977497876336 66
82977575282131 23
82977575317895 66
82977640378212 91
82977710649056 91
82977710682521 23
82977766149713 66
82977766188792 23
82977766196033 66
82977842545601 91
82977912538599 23
82977967499163 66
82977967536339 91
82978041023822 91
82978101475408 23
82978101507483 66
82978101514958 91
82978168613242 23
82978168645937 66
82978235735900 91
82978235771313 23
82978302624437 66
82978302658375 91
82978302665938 23
82978381747957 66
82978381782452 91
82978443929019 23
82978443960873 66
82978443968457 91
82978504025427 23
82978504059703 66
82978504067192 23
82978583057137 66
82978583083649 91
82978638045126 23
82978715018454 66
82978715048411 91
82978772080092 91
82978839109075 23
82978839140680 66
82978839148124 91
82978906308532 23
82978906341885 66
82978906349448 91
82978973332172 23
82978973362956 66
82978973370871 91
82979040426454 23
82979040454333 66
82979117299994 91
82979117329160 23
82979117336719 66
82979181703612 91
82979181741285 23
82979249131621 66
82979249172513 23
82979249180100 66
82979249187080 91
82979383797627 23
82979383828759 66
82979451139355 91
82979451171507 91
82979518546619 23
82979518582760 66
82979576890356 91
82979576916866 23
82979576924244 66
82979643979249 91
82979711066447 23
82979711099749 23
82979711106749 66
82979711113681 91
82979778110144 23
82979778142639 66
82979855436993 23
82979855476105 66
82979912334790 91
82979979359765 91
82979979393546 23
82980053343242 66
82980053377371 23
82980120784440 66
82980120820798 91
82980188091164 91
82980255519457 23
82980255562963 66
82980255570472 91
82980322850186 23
82980322883518 66
82980322890914 91
82980381727298 23
82980381758410 66
82980448824181 91
82980448856552 23
82980448864558 66
82980515823110 91
82980515855433 23
82980582882302 66
82980582918317 91
82980650005088 23
82980650038944 66
82980650046594 91
82980717048298 23
82980717079943 23
82980717087442 66
82980717094231 91
82980784075044 23
82980851187418 66
82980851231846 91
82980851239316 23
82980925108152 66
82980925145043 23
82980992424125 66
82980992464222 91
82981059991162 91
82981127275457 23
82981127319174 66
82981127329831 91
82981194684692 23
82981194733676 66
82981253542267 23
82981253578118 66
82981253585583 91
82981387666907 91
82981387708116 23
82981387717757 66
82981454934443 91
82981454985440 23
82981454993488 23
82981521943512 66
82981521980054 91
82981521987670 23
82981591844874 66
82981591874113 91
82981655970387 23
82981656004541 66
82981656011846 91
82981722983343 23
82981723014251 66
82981723021802 91
82981796871941 23
82981796904157 66
82981864159379 91
82981864190024 23
82981864197686 66
82981931592487 91
82981931626276 23
82981998930349 66
82981998961973 91
82981998969541 23
82982066352184 66
82982066383318 91
82982066390741 23
82982133649537 66
82982133681477 91
82982192608165 23
82982192660442 66
82982192667927 91
82982326721187 91
82982326755175 23
82982326762843 66
82982393606052 91
82982393634298 23
82982470166042 66
82982470195579 91
82982527777378 23
82982527809483 66
82982527816881 91
82982594950432 23
82982594984094 66
82982594991456 91
82982661974237 23
82982662005787 66
82982662013385 91
82982728936559 23
82982806087097 66
82982806122135 91
82982806129590 23
82982863163373 66
82982863193075 91
82982863200592 23
82982930155266 66
82983009388552 23
82983009426356 66
82983009433828 91
82983141130259 23
82983141175325 66
82983141182576 91
82983265582089 91
82983265650308 23
82983265660987 66
82983332796883 91
82983332826730 23
82983399725494 66
82983399759237 91
82983399766857 23
82983466664252 66
82983466696701 91
82983544619039 23
82983544652841 66
82983600900188 23
82983600932696 91
82983668119567 23
82983668149842 66
82983754120050 23
82983754169420 66
82983754177217 91
82983802135589 23
82983869153977 66
82983869188536 91
82983947908700 23
82983947942195 66
82984003191331 91
82984070307644 91
82984137409952 23
82984137443441 66
82984137450936 23
82984215132282 66
82984215164397 91
82984271586618 23
82984338638638 66
82984338672691 91
82984417044108 91
82984417079989 23
82984472791874 66
82984472823089 23
82984472830529 66
82984606939064 91
82984673874236 23
82984673907901 66
82984741037118 91
82984807980856 91
82984808015114 23
82984886245891 66
82984886278664 23
82984886285895 66
82984886292843 91
82985009296716 23
82985009326774 66
82985009334281 91
82985143319565 91
82985143349663 23
82985210630376 66
82985289631408 23
82985289672299 66
82985289679927 91
82985344635097 91
82985411820286 23
82985411853506 66
82985411861192 91
82985488701534 23
82985488739618 66
82985488746891 23
82985556741667 66
82985556774736 91
82985612976332 23
82985613011300 66
82985679944200 91
82985752770184 91
82985752799862 23
82985814339060 66
82985814371123 91
82985881312854 23
82985881341505 66
82985881348986 91
82985960025295 23
82985960057594 66
82986015330937 91
82986015363781 23
82986092000169 66
82986092032357 91
82986092039868 23
82986149327423 66
82986149477535 91
82986223132463 23
82986223181990 66
82986223189311 91
82986283547976 23
82986283581039 66
82986283588574 91
82986350558813 23
82986350590239 66
82986417564609 23
82986417599066 66
82986417606543 91
82986551792001 91
82986551822000 23
82986625937170 66
82986625972900 91
82986685849781 23
82986685881672 66
82986753032426 23
82986753061500 66
82986753068903 91
82986820082146 91
82986906596676 23
82986906634175 66
82986906641569 91
82986954149396 23
82986954178593 66
82987026749248 23
82987026780079 66
82987026787919 91
82987088261688 23
82987155277504 66
82987155305821 91
82987222482239 91
82987289600640 23
82987289628465 66
82987289635821 91
82987367627396 23
82987367652911 66
82987431770176 91
82987431800443 23
82987431808006 66
82987490641463 91
82987490676996 23
82987569015672 66
82987569064159 91
82987569071613 23
82987624734974 66
82987624769569 91
82987691896403 23
82987691940105 66
82987770891757 23
82987770923754 66
82987770931307 91
82987893328562 91
82987893361476 23
82987893369772 66
82987962652143 91
82987962681583 23
82988038168616 66
82988038198056 91
82988094273449 23
82988094304162 66
82988094311611 91
82988161277159 23
82988161307519 66
82988161315044 91
82988240114440 23
82988240147660 66
82988295554496 91
82988295588370 23
82988384781728 66
82988384815944 23
82988429517648 66
82988429548156 91
82988496738531 91
82988496772169 23
82988563775302 66
82988563807573 91
82988563815114 23
82988637642788 66
82988637673301 23
82988637680747 66
82988705035815 91
82988772385720 23
82988772418043 66
82988772425670 91
82988910996980 23
82988911035689 66
82988966053394 91
82989033217978 91
82989100304514 23
82989100336997 66
82989167280055 91
82989167313707 23
82989167321204 66
82989234282573 23
82989234312485 66
82989234319912 91
82989368508500 23
82989368539121 91
82989368546724 23
82989435639451 66
82989435676294 91
82989435683648 23
82989509328263 66
82989509363472 91
82989576692254 23
82989576726222 66
82989644172232 23
82989644202129 66
82989644209499 91
82989711500153 91
82989778912064 23
82989778948007 66
82989846250463 91
82989905288446 23
82989905334652 66
82989905344104 91
82989972311275 23
82989972340446 66
82989972347903 91
82990052231325 23
82990052264423 66
82990106177544 91
82990106212322 23
82990106219898 66
82990173472279 91
82990173505358 23
82990251870074 66
82990251901604 91
82990251908975 23
82990307455039 66
82990307488297 91
82990374444347 23
82990374481368 66
82990374488875 91
82990453208455 23
82990453241044 66
82990453248398 91
82990508644969 23
82990508691274 66
82990585045830 91
82990585080794 23
82990585088471 66
82990642720835 91
82990642756503 23
82990709978533 66
82990710015323 91
82990710022937 23
82990710029894 23
82990786377523 66
82990786411865 91
82990843953758 23
82990843984141 66
82990843991942 91
82990910942038 23
82990910975326 66
82990910982809 91
82990988305416 23
82990988338996 66
82990988346463 91
82991045169866 23
82991045202032 66
82991112203174 91
82991112237901 23
82991179275531 66
82991179306619 91
82991246375217 23
82991246410897 66
82991246418317 91
82991313341540 23
82991313372665 66
82991313380709 91
82991391545912 23
82991391577126 66
82991447677232 91
82991447719832 23
82991447727224 66
82991514601766 23
82991581612830 66
82991581645573 91
82991648797698 91
82991648832899 23
82991648840438 66
82991716016244 23
82991716048569 66
82991716055995 91
82991860779889 23
82991860813034 66
82991860820724 91
82991984159692 91
82991984193546 23
82992062114641 66
82992062147625 23
82992062154893 66
82992118131525 91
82992185307353 91
82992264216517 23
82992264260198 66
82992264268858 91
82992319366129 23
82992319394123 66
82992319401892 91
82992386545538 23
82992386579256 66
82992386586880 91
82992453526170 23
82992453557039 66
82992531321843 91
82992587726099 91
82992587756269 23
82992587763648 66
82992654780716 91
82992654818546 23
82992733213007 66
82992733243921 23
82992733251368 66
82992788895768 91
82992856003291 23
82992923008869 66
82992923038178 91
82993000508417 23
82993057091135 66
82993057121241 91
82993124242799 91
82993124272450 23
82993202549628 66
82993202581078 91
82993258377627 23
82993258426945 66
82993258434150 91
82993332682746 23
82993332716388 66
82993332724000 23
82993400139712 66
82993400167471 91
82993467409489 23
82993534847065 66
82993534878816 91
82993593791225 91
82993593819355 23
82993660969519 66
82993661021049 91
82993661031452 23
82993727948585 66
82993727985584 91
82993795063119 23
82993795099303 23
82993795106812 66
82993795113790 91
82993862290539 23
82993862321730 23
82993862329621 66
82993928927255 91
82993928955904 23
82993996038542 66
82993996067439 91
82993996074684 23
82994063277317 66
82994063312742 91
82994136991265 23
82994137027112 66
82994204385076 23
82994204415321 66
82994271743264 91
82994271772457 91
82994339117452 23
82994339149368 66
82994406659923 91
82994406707593 23
82994473879547 66
82994473911362 91
82994532585747 23
82994532654035 66
82994599706934 23
82994599739128 66
82994599746712 91
82994733732742 23
82994733763510 91
82994733771168 23
82994733778045 66
82994800744945 23
82994800776910 66
82994867934292 91
82994934996662 91
82994935034303 23
82995008700621 66
82995008733195 91
82995076092192 23
82995076124446 66
82995076131858 91
82995143451912 23
82995143484205 66
82995143491650 91
82995210878682 23
82995210915531 66
82995210923213 91
82995278241257 23
82995278276245 66
82995278283607 91
82995345603390 23
82995345638909 23
82995404495490 66
82995404530387 91
82995404537872 23
82995471508590 66
82995471544924 91
82995538523374 23
82995538554131 66
82995538561534 91
82995605676178 23
82995605706594 66
82995605714107 91
82995672723556 23
82995672756100 66
82995739717830 91
82995739753080 23
82995739760649 66
82995806798665 23
82995806829950 66
82995806837644 91
82995947860358 23
82995947892112 66
82995947899538 91
82996015180008 91
82996082566872 23
82996082597678 66
82996082605080 23
82996149960691 66
82996149996202 91
82996217315302 91
82996217348964 23
82996217357308 66
82996284696300 91
82996284724841 23
82996284732286 66
82996343279195 91
82996343307368 23
82996410533801 66
82996410570224 91
82996477534115 23
82996477565829 66
82996477573323 23
82996544503596 66
82996544533211 91
82996678769343 91
82996678803639 23
82996678811441 66
82996745765090 91
82996819521022 23
82996819551778 66
82996819559140 91
82996887030179 23
82996887061655 66
82996887069178 91
82996954277914 23
82996954310176 66
82997021662776 23
82997021697040 66
82997089028316 91
82997089059997 91
82997156420593 23
82997156450234 66
82997215248971 91
82997215279346 23
82997282285169 66
82997282320772 91
82997349252781 23
82997349286043 66
82997349293389 91
82997416356762 23
82997416386176 66
82997483461405 23
82997483494887 66
