99731338787231 91
99731418552108 23
99731473124878 66
99731473156807 91
99731550315996 23
99731550350015 66
99731550357823 91
99731607415523 23
99731607463347 66
99731674327421 91
99731751690226 23
99731751720276 66
99731751727680 91
99731808381691 23
99731808414847 66
99731808422243 91
99731953562742 23
99731953593052 66
99731953600665 91
99732010092616 23
99732010123467 66
99732010131360 91
99732076672817 91
99732154883738 23
99732154918569 66
99732154925893 91
99732211070837 23
99732211102506 66
99732211109874 91
99732278014812 23
99732278045045 66
99732356825004 91
99732356856886 23
99732356864582 66
99732412029000 91
99732412062350 23
99732412069757 66
99732479183172 91
99732479210806 23
99732479218620 66
99732479225586 23
99732546045794 66
99732546075033 91
99732624089144 91
99732624122927 23
99732682689229 66
99732682719232 91
99732682727019 23
99732682734119 66
99732747329127 91
99732747360539 23
99732826068410 66
99732826100067 23
99732826107924 66
99732826114962 91
99732881718929 23
99732881750862 66
99732955218390 91
99733015544475 91
99733015580281 23
99733015588062 66
99733015595182 91
99733082730611 23
99733082762282 23
99733082769912 66
99733159274479 91
99733159302256 23
99733216745529 66
99733216774844 23
99733216782297 91
99733283861271 23
99733283888670 66
99733283896430 23
99733350931787 66
99733350967823 91
99733418061771 23
99733418096007 66
99733418103558 91
99733496605030 23
99733496634931 66
99733496643413 91
99733552370423 91
99733619758945 23
99733619798125 66
99733699745275 23
99733699773565 66
99733753225625 91
99733828326972 23
99733828361208 66
99733828369020 91
99733954502471 23
99733954536083 66
99733954543574 91
99734088665619 91
99734088700054 23
99734088708042 23
99734088715094 66
99734155777578 91
99734155814292 23
99734155821614 66
99734222814694 23
99734222850854 66
99734222858572 91
99734289802571 23
99734289832337 66
99734356919718 91
99734423930694 23
99734423966999 66
99734423974550 91
99734497912730 91
99734497942072 23
99734565320642 66
99734565352510 23
99734565360225 66
99734565367241 91
99734632676052 91
99734700072390 23
99734700104055 66
99734700111663 23
99734767426396 66
99734767459234 91
99734767466966 91
99734826308685 23
99734826341480 66
99734826349152 23
99734893517400 66
99734960713321 91
99735027916194 91
99735027951908 23
99735027959346 66
99735094640262 23
99735094681944 66
99735094690551 91
99735161663230 91
99735161694334 23
99735161702098 66
99735228813200 23
99735228843584 66
99735228851371 91
99735295898527 91
99735369759178 23
99735369795300 66
99735369802711 91
99735437001077 23
99735437029896 66
99735437037662 91
99735505072728 23
99735505101921 66
99735505109651 23
99735505116673 66
99735505123573 91
99735571838419 23
99735639198578 23
99735639233606 66
99735639241268 91
99735706566873 91
99735706602366 23
99735706609948 66
99735765459033 23
99735765495614 66
99735765503324 91
99735832396078 23
99735832427715 66
99735832435101 91
99735899409876 91
99735966418392 23
99735966451519 66
99736033665214 91
99736033694855 23
99736033702298 66
99736033710102 91
99736100524113 23
99736100553456 66
99736100561038 23
99736167646230 66
99736167675579 91
99736167683173 23
99736167690231 66
99736241419280 91
99736241449959 23
99736308722206 66
99736308755697 91
99736376107235 23
99736376138335 66
99736376145866 91
99736443512450 91
99736443545181 23
99736443552788 66
99736510982674 91
99736511015791 23
99736511023353 66
99736578269235 23
99736578305633 66
99736578313146 91
99736637214507 23
99736704267690 66
99736704298900 91
99736771289874 23
99736771322080 66
99736771329563 91
99736838313217 23
99736838355573 66
99736838363664 91
99736905387831 23
99736905419860 66
99736972494455 91
99737039715984 91
99737039743403 23
99737106914623 66
99737106948112 91
99737106955669 23
99737106962748 66
99737183917360 23
99737183953348 66
99737183961118 91
99737247841254 91
99737247874932 23
99737315335028 66
99737315367033 23
99737315374697 66
99737382586529 91
99737382615912 91
99737449979885 23
99737450013866 66
99737450021354 91
99737508939423 23
99737508974968 66
99737508982409 91
99737576347279 23
99737576396299 66
99737576404389 23
99737576411554 66
99737643139078 91
99737710168154 23
99737710197894 66
99737710205764 91
99737777345255 91
99737777376725 23
99737777384235 66
99737844380459 91
99737844410466 23
99737844418287 66
99737911391596 23
99737911421223 66
99737911428639 91
99737978447012 23
99737978481330 66
99737978488973 91
99738052181017 91
99738119595185 23
99738119630277 66
99738119637700 91
99738186962469 23
99738186992814 66
99738187000295 91
99738254296054 23
99738254324376 66
99738254331943 23
99738254338887 66
99738391217433 91
99738447887647 91
99738447915982 23
99738447923397 66
99738515080785 91
99738515114055 23
99738515121595 66
99738594202520 23
99738594227969 23
99738594235765 66
99738594242834 91
99738649151039 91
99738649184545 23
99738725929650 66
99738725962598 91
99738725970184 23
99738783426461 66
99738783455529 23
99738850345101 66
99738850374387 91
99738850381843 91
99738917431145 23
99738917479254 66
99738917487061 91
99738984457857 23
99738984493100 66
99738984500621 91
99739051615121 23
99739051664815 66
99739118825184 23
99739118860927 91
99739118869144 23
99739118876335 66
99739185618873 91
99739185658288 23
99739259443473 66
99739259472612 91
99739259480280 23
99739259487408 66
99739326787862 23
99739326820833 66
99739394166115 91
99739461568375 23
99739461601564 66
99739461609170 91
99739528923735 23
99739596329571 66
99739596366305 91
99739655156322 23
99739655184648 66
99739722291117 91
99739789347975 23
99739789386328 66
99739789393974 91
99739856310231 23
99739856342169 66
99739923419247 91
99739991515315 91
99739991550900 23
99739991558435 66
99740057550113 23
99740057579893 66
99740057587333 91
99740124557967 91
99740124658061 23
99740124666308 66
99740198485880 23
99740198516630 66
99740198524458 91
99740265959910 91
99740333266537 23
99740333296565 66
99740333304249 91
99740400642116 23
99740400674986 66
99740400682463 23
99740400690099 91
99740468036863 23
99740468068394 66
99740468075981 23
99740468082939 66
99740526957911 91
99740594292402 91
99740594320643 23
99740594328399 66
99740594335667 23
99740671544247 66
99740671580466 91
99740728196713 23
99740728227668 66
99740728235265 91
99740795330316 23
99740795364085 66
99740795371644 91
99740862390511 23
99740862417374 66
99740862425064 91
99740929526925 91
99740929561493 23
99740996478222 66
99740996509771 91
99740996517511 23
99741081544564 66
99741081584232 23
99741081591691 66
99741137726523 91
99741205008723 23
99741205046292 66
99741205053966 91
99741272381943 23
99741272414465 66
99741272422326 91
99741339809873 23
99741339855039 66
99741407154791 91
99741465999227 23
99741466027304 66
99741466035044 91
99741532936641 91
99741532968123 23
99741599994603 66
99741600028571 23
99741600036328 66
99741600043889 91
99741667056508 23
99741667084713 66
99741667092341 91
99741734133491 23
99741734166073 66
99741734173598 91
99741868537064 91
99741868580952 23
99741868588817 66
99741868595970 23
99741935341990 66
99741935370014 91
99742009311010 23
99742009340583 66
99742009348106 91
99742076691628 23
99742076721859 66
99742144079584 91
99742211444728 23
99742211473299 66
99742211480929 91
99742278860129 23
99742278896835 66
99742337728918 91
99742337759104 91
99742404859308 23
99742404892353 66
99742482729613 23
99742482765595 23
99742482773357 66
99742482780365 91
99742538882535 23
99742538915954 66
99742606141741 91
99742673091884 23
99742673125860 66
99742740260750 91
99742819125550 23
99742819167731 66
99742819175718 91
99742948511184 91
99742948559677 23
99742948567733 66
99742948574800 23
99743015941885 66
99743015982390 91
99743083167308 91
99743083202298 23
99743083209785 66
99743150547473 23
99743150576014 66
99743150583630 91
99743217939710 23
99743276765817 66
99743276799319 91
99743343916250 23
99743343949826 66
99743343957592 91
99743411118573 91
99743411147561 23
99743477898018 66
99743477930059 23
99743477937644 66
99743544851668 91
99743612062498 23
99743612096012 66
99743612103504 91
99743679094114 23
99743679121792 66
99743746090173 91
99743746119667 23
99743820163998 66
99743820197698 91
99743887485948 23
99743887517010 66
99743887524255 91
99743955002948 23
99743955038091 66
99744022261271 91
99744089641054 23
99744089673566 66
99744089681373 91
99744148602266 23
99744148633709 66
99744215676843 91
99744282792968 23
99744282820227 66
99744282828096 91
99744349657392 23
99744349691225 66
99744417126745 91
99744483849522 23
99744483884472 66
99744483891979 91
99744550907074 91
99744550940891 23
99744550948396 66
99744618043563 91
99744618076208 23
99744618083815 23
99744692145992 66
99744692178154 91
99744692186031 23
99744759201506 23
99744759234674 66
99744759241816 91
99744759248650 23
99744759255806 66
99744826602543 91
99744826630533 23
99744826638128 66
99744894065027 23
99744894101960 66
99744894109211 91
99744961437700 23
99744961464438 66
99745028754187 91
99745087437700 23
99745087465871 66
99745087506571 91
99745154508366 23
99745154540317 66
99745154548013 91
99745221613506 23
99745221655551 66
99745288601400 91
99745355687465 23
99745355714230 66
99745355721765 91
99745490124841 23
99745490155933 66
99745490163657 91
99745556866047 23
99745556898857 66
99745556906394 91
99745630981667 91
99745698329200 23
99745698361692 66
99745698369329 23
99745698376255 66
99745765729764 91
99745765765076 91
99745833086785 23
99745833122226 66
99745833129729 23
99745833136703 66
99745833143685 91
99745900472597 91
99745959340240 23
99745959369895 66
99746026346752 23
99746026380175 91
99746026387714 23
99746093354097 23
99746093385382 66
99746093392947 91
99746160562004 23
99746160592919 66
99746160600519 23
99746160607472 66
99746160614271 91
99746227678628 23
99746227719998 66
99746294601237 91
99746361629226 23
99746361655058 66
99746361662424 91
99746428847991 23
99746428879089 66
99746502773686 91
99746570050637 91
99746570082769 23
99746570090479 66
99746637928628 23
99746637957404 66
99746637964897 91
99746704808466 23
99746704842786 66
99746704850454 91
99746772191512 91
99746831084232 23
99746831118222 66
99746831125826 23
99746898364320 66
99746898399937 91
99746965318998 91
99746965356546 23
99746965364464 23
99746965371452 66
99747035271943 91
99747035302880 23
99747099392792 66
99747099428061 23
99747099435723 66
99747099442681 91
99747166589366 23
99747166643107 66
99747166650940 91
99747233548842 23
99747233592745 66
99747300596664 91
99747300630510 23
99747374391254 66
99747374424188 91
99747443873648 23
99747443910488 66
99747443918044 91
99747513886101 23
99747569123912 66
99747569156745 91
99747646110681 23
99747646148626 66
99747646156350 91
99747703074993 91
99747703110074 23
99747703117687 66
99747769998383 91
99747770026602 23
99747770034028 66
99747837094175 23
99747837123280 66
99747837130823 91
99747904140270 91
99747971312724 23
99747971347099 66
99747971354517 91
99748049058753 23
99748049092011 66
99748049099353 91
99748105486506 23
99748105517792 66
99748105525322 23
99748105532424 66
99748105539328 91
99748247583068 91
99748247616700 23
99748247624440 66
99748323322424 23
99748323356970 91
99748323364662 23
99748373762855 66
99748373793221 91
99748373800742 23
99748373807897 66
99748440781493 23
99748440809946 66
99748440817485 91
99748507899466 23
99748507928774 66
99748507936452 91
99748583531236 23
99748641983336 66
99748642018243 91
99748709057128 23
99748709086735 91
99748709094501 23
99748709101489 66
99748776141036 23
99748776171903 66
99748776179353 91
99748849796479 23
99748849826458 66
99748849834017 91
99748917178008 23
99748917212849 66
99748984575649 91
99749051938433 91
99749051974992 23
99749051982622 66
99749119499026 23
99749119528702 66
99749119536361 91
99749186662214 23
99749186694820 66
99749245728475 91
99749312827363 23
99749312857427 66
99749312865033 91
99749379723581 91
99749379753378 23
99749446684262 66
99749446719550 91
99749446730011 23
99749513749876 66
99749513783828 23
99749513791516 66
99749580883919 91
99749648118444 23
99749648148659 66
99749648156156 91
99749714910238 23
99749714941344 66
99749715009081 91
99749803480135 23
99749856245476 91
99749856274391 23
99749856282159 66
99749923626888 91
99749923655206 23
99749923662828 66
99749991024133 91
99749991053785 23
99749991061201 66
99750058393582 23
99750058426818 66
99750058434234 91
99750117347801 23
99750117377857 66
99750117385331 91
99750184392671 23
99750184425536 66
99750251697844 91
99750318616136 91
99750318646439 23
99750318654123 66
99750396253307 91
99750396284089 23
99750396291356 66
99750452821779 23
99750452852941 66
99750452860629 91
99750519880846 23
99750519912794 66
99750519920076 91
99750598197988 23
99750598232168 66
99750653833067 91
99750721032357 23
99750721062278 66
99750721069891 91
99750799611967 23
99750799647096 66
99750855051714 91
99750934354726 91
99750934389102 23
99750934396666 66
99750989318418 91
99750989352302 23
99750989359602 66
99751067497777 91
99751067527821 23
99751067535437 66
99751131616333 23
99751131645061 66
99751131652627 91
99751190605428 91
99751190638143 23
99751268729225 66
99751268762562 23
99751268770222 66
99751324657162 91
99751391621394 23
99751391656855 66
99751391664473 91
99751470724995 23
99751470755019 66
99751525739190 91
99751525774367 91
99751592805816 23
99751592838223 66
99751592845706 23
99751659984542 66
99751660016094 91
99751737896421 23
99751737927289 66
99751737934820 91
99751794386324 91
99751861074560 23
99751861103399 66
99751861111205 91
99751861118129 23
99751861125022 66
99751939897728 91
99751939928120 23
99751995307799 66
99751995338386 23
99751995346955 66
99751995355234 91
99752062262286 91
99752141241969 23
99752141287909 66
99752141295661 91
99752196474022 23
99752196502095 66
99752196509585 91
99752273041121 23
99752273071130 66
99752273079021 91
99752273086202 23
99752330585908 66
99752330617866 23
99752330625301 66
