80573467659316 91
80573535578606 91
80573535616891 23
80573592274026 66
80573592310354 91
80573669738358 23
80573669768876 66
80573669776622 91
80573737696444 91
80573800785460 23
80573800813814 66
80573800821148 91
80573860555980 23
80573860583620 66
80573860591079 91
80573927590923 23
80573927622499 66
80573994614752 91
80573994648205 23
80574072915567 66
80574072945070 91
80574140316580 23
80574140351582 66
80574140359047 91
80574203749884 23
80574203786781 66
80574203794093 91
80574262932645 23
80574262962749 66
80574262970218 91
80574329961990 23
80574329992571 66
80574330000023 91
80574397191692 23
80574397225545 66
80574464246866 91
80574464298375 23
80574542233981 66
80574542267525 91
80574542274858 23
80574598513820 66
80574598541579 91
80574598549041 23
80574680180312 66
80574680210206 91
80574732247796 23
80574732279801 66
80574809374566 91
80574809408275 23
80574866600150 66
80574866630012 91
80574933553261 23
80574933587046 66
80574933594784 91
80575007397070 23
80575007428648 66
80575007436326 91
80575067910018 23
80575067946834 66
80575067954186 91
80575134751558 23
80575134779427 66
80575212700810 91
80575212734426 23
80575269006567 66
80575269039996 91
80575336065270 23
80575336101221 66
80575336108456 91
80575414623443 23
80575414654103 66
80575414661750 91
80575475557013 23
80575475587214 66
80575475594741 91
80575537270279 23
80575537299791 66
80575537307292 91
80575604273313 23
80575604307655 66
80575604315142 91
80575681818519 23
80575681848500 66
80575681855902 91
80575738285461 23
80575738316983 66
80575805488086 91
80575805520137 23
80575889568767 66
80575889605603 91
80575939537567 23
80575939567218 66
80575939574812 91
80576006733184 23
80576006766229 66
80576006773653 91
80576085178983 23
80576085215955 66
80576140808392 91
80576207853054 23
80576207887748 91
80576274876369 23
80576274914748 23
80576274922188 66
80576274929188 91
80576348736989 23
80576416250563 66
80576416307981 23
80576416315394 66
80576493377108 91
80576550913073 23
80576618324799 66
80576618357574 91
80576685969989 91
80576744327297 23
80576744353998 66
80576744395159 91
80576811359911 23
80576811392075 66
80576811399465 91
80576878536777 23
80576878594078 66
80576945493869 91
80576945522126 23
80577012827293 66
80577079731374 23
80577079767213 66
80577079774633 91
80577220492712 23
80577220525230 66
80577220532703 91
80577287844494 91
80577355235286 23
80577355266567 66
80577422592738 23
80577422627645 66
80577422635090 91
80577557375239 23
80577557404971 66
80577616220581 91
80577616253275 91
80577683252281 23
80577683287144 66
80577683294494 91
80577750248971 23
80577750279435 66
80577750286707 91
80577817348195 23
80577884426297 66
80577884459321 91
80577884466963 23
80577951637871 66
80577951682902 91
80578018655147 23
80578018686753 66
80578018694393 91
80578085709193 23
80578085744957 66
80578159556926 23
80578159587651 66
80578159594989 91
80578226931958 91
80578305536863 23
80578305574403 66
80578305581888 91
80578361682690 23
80578361713699 66
80578429114336 91
80578429158229 23
80578496525997 66
80578496563395 23
80578561630986 66
80578561666887 91
80578622117133 91
80578689475213 23
80578689512337 66
80578689519915 91
80578756523301 23
80578756561777 66
80578823906498 23
80578823950652 66
80578823958117 91
80578890362784 91
80578960029335 23
80578960057305 66
80578960065363 91
80579024650582 23
80579024687034 66
80579101107911 91
80579101144488 23
80579158799992 66
80579158840886 91
80579158848063 23
80579225724238 66
80579225757764 91
80579292916168 23
80579292947014 66
80579292954409 91
80579359948216 23
80579359983750 66
80579359991196 91
80579427049066 23
80579427079089 66
80579427086576 91
80579494060082 23
80579494094660 66
80579561173877 91
80579561207053 23
80579628220469 66
80579628252415 23
80579628260005 66
80579706347089 91
80579762261705 91
80579762296214 23
80579837124003 66
80579837155163 91
80579837162469 23
80579896358144 66
80579896385571 91
80579963467190 23
80579963498924 66
80580030480795 23
80580030510668 66
80580030518044 91
80580109554419 91
80580164687810 23
80580240036871 66
80580240065754 91
80580240073176 23
80580310950646 66
80580365935194 23
80580365966162 66
80580365973516 91
80580500071571 91
80580500104777 23
80580567108252 66
80580567137809 23
80580567145340 66
80580567152382 91
80580708244072 23
80580708276047 66
80580708283461 91
80580775542380 91
80580842943443 23
80580842974794 66
80580842982381 91
80580924152195 23
80580924187676 66
80580924194986 91
80580969405912 23
80581036653608 66
80581036686979 91
80581110338416 23
80581110368657 66
80581110376128 91
80581177907584 23
80581177942039 66
80581245100091 91
80581245130744 23
80581312531031 66
80581312560141 91
80581379843336 23
80581379872103 66
80581379879555 91
80581447256185 23
80581447286484 66
80581506087160 91
80581506118805 23
80581573115360 66
80581573146993 91
80581573154343 23
80581640097843 66
80581640128931 91
80581640136524 23
80581707313780 66
80581707344988 91
80581774325233 23
80581774359474 66
80581774366875 91
80581843047710 23
80581843077237 66
80581908364089 23
80581908397522 66
80581908405037 91
80582049583628 23
80582049616892 66
80582049624469 91
80582184189170 91
80582184225339 23
80582184232950 66
80582251568813 91
80582251606233 23
80582318956332 66
80582318989783 91
80582378630972 23
80582378662030 66
80582445046664 23
80582445122315 66
80582445130182 91
80582512041416 91
80582579088621 23
80582579119177 66
80582579126423 91
80582646077321 23
80582646111987 66
80582713255259 91
80582713285122 23
80582713292456 66
80582780270147 23
80582780301740 66
80582780311105 91
80582921289289 91
80582921348715 23
80582996969407 66
80582997013175 91
80582997020859 23
80583055913931 66
80583055944538 91
80583055951894 23
80583123377575 66
80583123411523 23
80583123418813 66
80583123425664 91
80583261176045 23
80583261206775 66
80583261214501 91
80583383937394 23
80583383973505 66
80583383981148 91
80583450912803 23
80583518052790 66
80583518086487 91
80583584972901 91
80583652243591 23
80583652275839 66
80583719230927 91
80583719261166 23
80583786253409 66
80583786283954 91
80583860415241 23
80583860447006 66
80583860454409 91
80583927737075 23
80583927781052 66
80583995005082 23
80583995037859 66
80584062399036 91
80584129758012 23
80584129789931 66
80584129797223 91
80584255743763 91
80584255775056 23
80584322730450 66
80584322759506 23
80584389808902 66
80584389840269 91
80584466250388 91
80584466280681 23
80584523960860 66
80584523991646 91
80584591058869 23
80584591090066 66
80584591097490 91
80584668294403 23
80584668328118 66
80584725110541 91
80584792324243 91
80584859310639 23
80584859350869 66
80584926302996 91
80584926332658 23
80584993538288 66
80584993571978 91
80584993579238 23
80585071641009 66
80585071674822 91
80585071682347 23
80585127513983 66
80585127543723 91
80585194643762 23
80585194674642 66
80585194682268 91
80585261670629 23
80585261700608 66
80585261768721 91
80585328703180 23
80585328735559 66
80585328743110 91
80585395881474 23
80585395916745 66
80585395924121 91
80585462979294 23
80585463015438 66
80585540742459 91
80585540775294 23
80585597178229 66
80585597211992 91
80585597219344 23
80585664152163 66
80585664188790 91
80585664196164 23
80585741967237 66
80585742000056 91
80585742007684 23
80585798210623 66
80585798244531 91
80585865402698 23
80585865431780 66
80585865439122 91
80585943926262 23
80585943958671 66
80585943966271 91
80585999459248 23
80585999489175 66
80585999496710 91
80586066436543 23
80586066466943 66
80586133619741 91
80586133647457 23
80586211158127 66
80586211189271 23
80586211196641 66
80586267656200 91
80586334839691 91
80586334870920 23
80586413150654 66
80586413184371 91
80586468870141 23
80586468899759 66
80586468906986 91
80586542246841 23
80586542281958 66
80586542289426 91
80586609661751 23
80586609689994 66
80586609697244 91
80586676999275 23
80586677032454 66
80586745452273 23
80586811749973 66
80586811785202 91
80586879248750 23
80586879283092 66
80586946529703 91
80587072751796 23
80587072799500 66
80587072807156 91
80587139855077 91
80587206915443 23
80587206949474 66
80587206956816 91
80587273727396 23
80587273762581 66
80587340642800 23
80587340675712 66
80587340683243 91
80587474912268 91
80587474949245 23
80587548732844 66
80587548764774 91
80587616188378 23
80587616220688 66
80587616228030 23
80587683491889 66
80587683526575 91
80587818286633 23
80587818320088 66
80587818327446 91
80587885614475 91
80587944397442 23
80587944427600 66
80587944435115 91
80588011394189 23
80588011427378 66
80588011434503 91
80588078453635 23
80588078484765 66
80588145648281 91
80588212626057 91
80588212658319 23
80588279719134 66
80588279747923 91
80588346688876 23
80588346721796 66
80588420444177 23
80588420475735 66
80588420483142 91
80588487813428 91
80588556146618 23
80588556172727 66
80588622636218 23
80588622673694 66
80588622681099 91
80588690075620 91
80588757346489 23
80588757382416 66
80588817273196 91
80588817299763 23
80588883291058 66
80588883338536 91
80588883346230 23
80588950491062 66
80588950523876 91
80589017340558 23
80589017373562 66
80589017381504 23
80589084518815 66
80589084567524 91
80589151500602 91
80589218760750 23
80589218793483 66
80589285563172 23
80589285596396 66
80589359689799 91
80589426897115 23
80589494293793 66
80589494321758 91
80589561664605 23
80589629058678 66
80589629092276 91
80589696493783 23
80589755143126 66
80589755205853 91
80589822246456 91
80589889432329 23
80589889481605 66
80589889488981 91
80589956274454 23
80589956303436 66
80590023300460 23
80590023331612 66
80590090494029 91
80590224563344 23
80590224596264 66
80590224603925 91
80590298624766 23
80590366032871 66
80590366066937 91
80590500760372 23
80590500792826 66
80590500800302 91
80590568149205 91
80590626999315 23
80590627035409 66
80590694065745 91
80590694101063 23
80590760990028 66
80590761021954 23
80590828198852 66
80590828229465 91
80590962413846 23
80590962445425 66
80590962452833 91
80591102980818 23
80591103010455 66
80591103018079 91
80591170340066 91
80591237804250 23
80591237849842 66
80591307168802 91
80591307209056 23
80591377230585 66
80591377266169 23
80591431699118 66
80591431727923 91
80591431735293 91
80591509112907 23
80591509145465 66
80591566209746 23
80591566236437 66
80591700008633 91
80591767051898 91
80591834162449 23
80591834195996 66
80591834203375 91
80591912350411 23
80591912381169 66
80591912388702 91
80591968351578 23
80591968387543 66
80592035414800 91
80592035443609 23
80592102455071 66
80592102486308 91
80592102493787 23
80592169440258 66
80592169469941 91
80592236779747 23
80592236814996 66
80592236822344 91
80592303615051 23
80592303642258 66
80592303649820 91
80592381586440 23
80592381618215 66
80592437708566 23
80592437739012 91
80592505041387 23
80592505084909 23
80592505092382 66
80592572327708 91
80592572356158 23
80592572363665 66
80592638927025 23
80592638955146 66
80592706153652 91
80592784904388 91
80592784936399 23
80592840130910 66
80592840160728 91
80592840168082 23
80592916727648 66
80592916758757 91
80592974360492 23
80592974390942 66
80593052100133 23
80593052132743 66
80593052140702 91
80593108318295 91
80593175544497 23
80593175583168 66
80593175590727 91
80593254090369 23
80593254128289 66
80593254135752 91
80593309537998 23
80593309571455 66
80593309579051 91
80593376686576 23
80593376714828 66
80593443949614 91
80593443982589 23
80593512310639 66
80593512350662 91
80593512358907 23
80593577773844 66
80593577808130 91
80593644937438 23
80593644971933 66
80593644979263 91
80593711884654 23
80593711917902 66
80593711925459 91
80593779202187 23
80593779237425 66
80593846095734 23
80593846125454 66
80593846133050 91
80593913135529 91
80593987090515 23
80593987125605 66
80594054457905 91
80594054487378 23
80594134350947 66
80594134386140 91
80594134393414 23
80594189246645 66
80594189274936 91
80594256557245 91
80594256591852 23
80594323987412 66
80594324017649 91
80594324025166 23
80594382773879 66
80594382808575 91
80594449630283 23
80594449658947 66
80594449666530 91
80594516831810 23
80594516865388 66
80594593804389 91
80594593838514 23
80594593846071 66
80594650887150 91
80594650921123 23
80594718117653 66
80594718147869 23
80594718155419 66
80594785056742 91
80594852093467 91
80594919163142 23
80594919197854 66
80594919205544 23
80594997032902 66
80594997064058 91
80595053338987 91
80595120609995 23
80595120642957 66
80595195217498 23
80595195264502 66
80595195272230 91
80595254517804 91
80595321544275 23
80595321575871 66
80595388630923 91
80595388663027 23
80595466576895 66
80595466649765 23
80595522960893 66
80595522998944 91
80595590253013 91
80595663261672 23
80595663297124 66
80595663304273 91
80595723948143 23
80595723982476 66
80595723989914 91
80595791257024 23
80595791305243 66
80595869516046 23
80595869543521 66
80595925104685 91
80596001430117 91
80596001462844 23
80596059323741 66
80596059353554 91
80596059361155 23
80596126388873 66
80596126418615 91
80596193678598 23
80596193708955 66
80596193716464 23
80596260402915 66
80596260436779 91
80596338714484 91
80596394827566 23
80596394856797 66
80596394864387 91
80596469024368 23
80596469055900 66
80596469063296 91
80596528646566 23
80596528680353 66
80596595827904 91
80596595858235 23
80596595865404 66
80596662855816 91
80596662885194 23
80596741995716 66
80596742027369 91
80596742035025 23
80596797179335 66
80596797221951 91
80596871959879 23
80596871991061 66
80596871999040 91
80596943360039 23
80596943394504 66
80596998101425 23
80596998131071 66
