97530917135273 91
97530987221641 23
97531044390764 91
97531044425659 23
97531044433250 66
97531044440289 23
97531121824253 66
97531121858169 91
97531178291571 91
97531178324021 23
97531178331618 66
97531245233873 91
97531245341844 23
97531318028196 66
97531318077180 23
97531318086594 66
97531318095672 91
97531446438149 23
97531446473708 66
97531446481322 91
97531525107022 91
97531525136591 23
97531525144106 66
97531582227903 23
97531582256375 66
97531582264079 91
97531657060182 91
97531657100299 23
97531714842046 66
97531714877730 91
97531714885257 23
97531781920714 66
97531781949328 23
97531781957205 66
97531781964153 91
97531858328813 23
97531858360287 66
97531858367987 91
97531915960962 91
97531983204520 23
97531983229995 66
97532050297142 91
97532050325009 23
97532050332701 66
97532050339629 91
97532117412333 23
97532117449435 66
97532117456950 91
97532184402466 23
97532184436897 66
97532251340700 23
97532251374399 66
97532251381976 91
97532318340394 23
97532318370997 66
97532385375463 91
97532463513118 23
97532463547106 66
97532463554575 91
97532519751633 23
97532519782888 66
97532586655652 91
97532664843500 91
97532664873221 23
97532664881100 66
97532720856112 91
97532720891844 23
97532787857750 66
97532787885804 91
97532866759735 23
97532866790955 66
97532866798341 91
97532921904180 23
97532921948085 66
97532921958532 91
97532921966538 23
97532989140473 66
97532989171975 23
97532989179546 66
97532989186512 91
97533056123628 23
97533134017625 66
97533134050034 91
97533190525084 91
97533190557321 23
97533257306354 66
97533257341738 23
97533257348997 66
97533336043039 91
97533391389956 91
97533391431205 23
97533391438913 66
97533391446237 91
97533458569499 23
97533458607371 66
97533532534180 91
97533532566215 23
97533532573927 66
97533599908937 91
97533599944065 23
97533599951969 66
97533599958973 91
97533667324959 23
97533667358738 66
97533667366309 23
97533734606817 66
97533734638932 91
97533802297247 23
97533802331127 91
97533802338694 23
97533802345738 66
97533860850443 91
97533860886807 23
97533860894108 23
97533860901613 23
97533860908623 66
97533928129768 91
97533928164623 23
97533995021788 66
97533995055614 91
97533995063096 23
97533995070092 66
97534062251416 23
97534062295045 66
97534129059253 91
97534197551706 91
97534197582325 23
97534263353977 66
97534263400171 91
97534263410999 23
97534263419866 66
97534330334732 91
97534404249191 23
97534404288322 66
97534404296085 23
97534404303060 66
97534404309938 91
97534471591039 91
97534539005342 23
97534539042319 66
97534539049661 23
97534606314252 66
97534673749762 91
97534741070844 23
97534741101726 66
97534799804507 91
97534866826614 91
97534866856119 23
97534866863939 66
97534933936958 23
97534933967635 66
97534933975287 91
97535000902607 91
97535068069725 23
97535068110693 66
97535068120579 91
97535146339400 23
97535146373581 66
97535202307407 23
97535202337799 66
97535276665086 91
97535336307387 91
97535336339254 23
97535336346827 66
97535403375623 23
97535403410031 66
97535403417558 91
97535470508686 91
97535470544549 23
97535549574229 66
97535549612596 91
97535549620339 23
97535604503569 66
97535604535886 91
97535679658421 23
97535679697943 66
97535679705802 23
97535679712963 66
97535750944971 91
97535805796217 23
97535805828135 66
97535805835702 91
97535882893718 91
97535882935525 23
97535939966784 66
97535939995926 91
97536006995221 23
97536007027643 66
97536084783878 91
97536084825120 23
97536084832846 66
97536147806004 91
97536147837736 23
97536147845492 66
97536147852591 91
97536220120176 23
97536220152481 66
97536220159901 23
97536275405271 66
97536275430292 91
97536352000227 23
97536352032469 66
97536352039948 91
97536409541802 23
97536409580342 66
97536409587819 91
97536476426639 91
97536476460653 23
97536543480996 66
97536543514029 91
97536543521671 23
97536610670368 66
97536610706995 23
97536610714685 66
97536610721922 91
97536690162911 91
97536690191820 23
97536690199655 66
97536744730614 91
97536744760998 23
97536821208253 66
97536821238056 23
97536821245643 66
97536821252748 91
97536891262425 23
97536951462220 66
97536951489278 91
97537012917776 91
97537080130167 23
97537080161693 66
97537080169492 91
97537147153664 23
97537147190859 66
97537147198233 23
97537147205549 66
97537281324612 91
97537281355999 23
97537348541174 23
97537348569925 66
97537348577621 91
97537415340135 91
97537415371514 23
97537415379125 66
97537482407567 91
97537482441185 23
97537482448863 66
97537549457512 91
97537549491087 23
97537549498940 66
97537549506441 91
97537627750977 23
97537627789441 66
97537683719718 23
97537683751357 66
97537683758822 91
97537750718267 23
97537750751692 66
97537750759308 91
97537817711658 91
97537895010440 23
97537895046612 66
97537952021914 23
97537952052875 66
97537952060297 91
97538019054408 23
97538019098647 66
97538019106361 91
97538099909423 23
97538099939241 66
97538153171840 91
97538220222639 91
97538287347506 23
97538287387997 66
97538287397632 91
97538364245927 23
97538364276723 66
97538364284397 23
97538364291435 66
97538364298349 91
97538421505151 91
97538490242098 23
97538490271739 66
97538566169987 91
97538566203746 23
97538566211160 66
97538628381172 91
97538628410443 23
97538628418123 66
97538689681652 23
97538689715019 66
97538689722928 91
97538767449769 91
97538823700546 23
97538823730089 66
97538823738089 91
97538890978773 23
97538891013315 66
97538969433297 91
97538969467818 23
97538969475693 66
97539025056345 23
97539025086620 66
97539025094290 91
97539092025977 23
97539092092710 66
97539170718104 91
97539226318171 23
97539226350360 66
97539226357763 91
97539302609821 91
97539302640951 23
97539372809495 66
97539372855294 91
97539372863027 23
97539430521492 66
97539430551121 91
97539430558563 23
97539430565513 66
97539494748841 23
97539494782399 66
97539494789789 91
97539628667071 23
97539628696773 66
97539628704429 91
97539705861840 23
97539705895287 66
97539705902852 91
97539771770250 91
97539829775078 23
97539829811222 23
97539829819085 66
97539829826152 91
97539904476125 23
97539904509964 23
97539904517387 66
97539963943040 91
97539963980252 23
97539963987789 66
97539963994830 91
97540030959935 23
97540030994525 66
97540109399471 91
97540109435779 23
97540109443764 66
97540165145583 91
97540165179173 23
97540165186909 23
97540165194116 66
97540165201021 91
97540232158984 23
97540232196344 66
97540305217192 91
97540305245773 23
97540305253485 66
97540366338484 91
97540366372589 23
97540366380014 66
97540433903025 23
97540433941256 66
97540433948974 91
97540512417771 91
97540512454706 23
97540512462380 66
97540567447386 91
97540567486063 23
97540567493540 66
97540644309500 23
97540644348437 91
97540701579379 23
97540701608911 66
97540768753851 23
97540768788008 66
97540768795551 91
97540845623707 23
97540845655676 66
97540845663233 91
97540969810623 23
97540969841153 66
97540969848736 91
97541047706930 23
97541047771894 66
97541047780601 91
97541176300849 23
97541176333280 66
97541176341187 91
97541238080614 23
97541238112707 66
97541314817502 91
97541314852472 23
97541372444894 66
97541372474328 91
97541439302676 23
97541439335785 66
97541439343256 91
97541516754552 91
97541573798920 23
97541573833232 66
97541573841099 23
97541573848041 66
97541640509679 91
97541718129593 23
97541718163052 66
97541718170573 91
97541774785652 23
97541774828257 66
97541841729931 91
97541920012115 23
97541920043004 66
97541984224865 91
97542042943621 23
97542042976738 66
97542042984304 91
97542121442492 23
97542121474700 66
97542121482658 91
97542176949692 91
97542176983109 23
97542244170718 66
97542244201303 91
97542244208884 23
97542323294090 66
97542323328760 91
97542378240910 23
97542378271883 66
97542378279229 91
97542445442583 23
97542445488274 66
97542445498326 23
97542445507301 66
97542512456608 91
97542512487244 23
97542590552060 66
97542590593356 91
97542646501383 23
97542646534389 91
97542713574331 23
97542713605806 66
97542713613432 23
97542713620456 66
97542713627366 91
97542792497667 91
97542847739859 23
97542847776902 66
97542847784289 23
97542847792031 66
97542847799329 91
97542914693310 91
97542993821101 23
97542993853337 66
97542993861192 23
97543048944610 66
97543048980590 91
97543048988364 91
97543125727988 23
97543125759016 66
97543125766659 91
97543183048385 23
97543183080594 66
97543183087950 23
97543183095332 66
97543250013383 91
97543250046582 91
97543326995442 23
97543327028213 66
97543384337024 91
97543384367573 23
97543384375152 23
97543384382166 66
97543451341129 23
97543451385476 66
97543451393072 91
97543541019499 91
97543541054601 23
97543541062225 66
97543585511022 23
97543585538038 66
97543585545789 91
97543719484523 23
97543719519153 66
97543719526947 91
97543796334405 23
97543796369025 66
97543796376506 91
97543853685745 23
97543853718701 66
97543920994126 91
97543998167678 23
97543998197050 66
97543998204625 91
97544054994939 91
97544129311785 23
97544129349265 66
97544129356899 91
97544196727247 23
97544196763711 66
97544196771395 23
97544196778564 66
97544264044791 91
97544331404727 23
97544331434978 23
97544331442851 66
97544331449945 91
97544390192153 23
97544390229565 66
97544457397956 91
97544524467195 91
97544524507529 23
97544524515227 66
97544591422883 23
97544591457784 66
97544591465450 91
97544658441190 91
97544658474445 23
97544658481774 66
97544725660686 91
97544725694234 23
97544725701980 66
97544792536121 23
97544792569047 66
97544792576947 91
97544866258337 91
97544866293035 23
97544933652354 66
97544933684837 91
97544933692105 23
97545001121983 66
97545001191646 91
97545068436681 23
97545068469722 66
97545136076967 23
97545136112112 66
97545136119962 91
97545203177231 23
97545203209855 66
97545203217901 91
97545270520039 23
97545270555737 66
97545329208339 91
97545396244432 23
97545396274168 66
97545396281882 91
97545463306977 91
97545530338317 23
97545530375350 66
97545530383052 91
97545530390262 23
97545597407383 66
97545597438335 23
97545664495159 66
97545664527774 91
97545664535512 91
97545731753191 23
97545731785115 66
97545731792544 23
97545798913534 66
97545798948408 91
97545872812410 23
97545872846712 66
97545872854212 91
97545940126469 23
97545940159957 66
97546007612381 91
97546007653768 91
97546074857658 23
97546074892847 66
97546074900376 23
97546142282151 66
97546142318621 91
97546200997678 91
97546201034802 23
97546268216282 66
97546268250956 91
97546268258743 23
97546335227644 66
97546335274241 91
97546335281947 23
97546335289037 66
97546403260192 23
97546403287822 66
97546403296702 91
97546469190458 23
97546469225263 66
97546536409246 91
97546603405096 91
97546670473355 23
97546670504907 66
97546670544530 91
97546670551924 23
97546744669453 66
97546744708832 91
97546744716421 23
97546811945064 66
97546811988225 91
97546879205765 23
97546879236478 23
97546879244007 66
97546879251122 91
97546946579274 23
97546946606399 66
97546946613942 23
97546946620999 91
97547013974431 23
97547014012929 66
97547014020712 91
97547072957287 23
97547072990179 66
97547072997978 23
97547073004811 66
97547073011988 91
97547207062282 91
97547207100023 23
97547207107470 66
97547207114576 91
97547274126761 23
97547274162833 66
97547274170055 91
97547357091333 23
97547357141770 66
97547357149301 23
97547357156226 66
97547408217704 91
97547475211236 91
97547475241972 23
97547475249750 66
97547475257450 91
97547542347297 23
97547542379119 66
97547616223549 91
97547616258987 23
97547616266891 66
97547683558671 91
97547683587005 23
97547683594439 66
97547750925935 91
97547750958225 23
97547750965648 66
97547818289592 23
97547818316538 66
97547818323975 91
97547893982642 91
97547894018406 23
97547953122683 66
97547953157588 91
97547953165379 23
97548011848823 66
97548011879130 91
97548011886802 23
97548083657023 66
97548083691712 23
97548145879893 66
97548145914020 91
97548213019423 23
97548213054150 66
97548213061765 91
97548280069416 23
97548280101210 66
97548280108805 91
97548347136094 91
97548414211015 23
97548414243602 66
97548414250937 91
97548482307635 23
97548482336216 66
97548555291003 23
97548555326067 66
97548555333833 91
97548622655891 23
97548622684935 66
97548622692649 91
97548757428929 23
97548757462748 91
97548757470496 23
97548757477367 66
97548824786362 23
97548824818108 66
97548824825309 91
97548883614101 91
97548883642054 23
97548950824351 66
97548950855039 91
97548950862582 23
97548950869857 66
97549017689870 91
97549017717480 23
97549017726324 66
97549084751360 23
97549084787071 66
97549084794392 91
97549151958010 91
97549151987694 23
97549218972547 66
97549219003689 23
97549219011075 66
97549219018063 91
97549286016843 91
97549286049023 23
97549286056656 66
97549353098571 91
97549353130693 23
97549427055027 66
97549427087766 23
97549427095217 66
97549427102259 91
97549494414991 23
97549494450008 66
97549561734521 91
97549629121384 23
97549629153373 66
97549629160757 91
97549696572664 91
97549768249655 23
97549768284677 66
97549768292053 91
97549822534848 23
97549822562750 66
97549889747510 23
97549889777162 66
97549889784562 91
97549956921003 23
97549956956693 66
97549956964206 91
97550034809281 91
97550090734614 23
97550090767054 66
97550090774695 23
97550090781667 66
97550158004656 91
97550224954696 91
97550224989219 23
97550224997294 66
97550298735376 23
97550298765673 91
97550298773248 23
97550298780206 66
97550366088519 23
97550366123141 66
97550366130797 91
97550433515206 23
97550433546801 66
97550433554292 91
97550500852736 23
97550500886942 66
97550500894511 91
97550568213793 23
97550568241941 91
97550568249471 23
97550635599206 66
97550635633050 91
97550635640516 23
97550694444237 66
97550694475416 23
97550694483063 66
97550694490061 91
97550761459361 91
97550761488506 23
97550828620561 66
97550828657350 91
97550828665050 23
97550895737083 66
97550895788755 23
97550895799615 66
97550895808682 91
97550962648230 91
97551029733243 23
97551029770192 66
97551096973760 23
97551097015346 66
