95281053883650 91
95281121140758 91
95281121176530 23
95281187764541 66
95281187795635 23
95281187803104 66
95281187810102 91
95281254941856 91
95281322084039 23
95281322117852 66
95281322125691 91
95281389039868 23
95281389077877 66
95281389085589 91
95281456016113 23
95281456044850 66
95281456052397 23
95281530034300 66
95281530060327 91
95281597392080 91
95281664793115 23
95281664824546 66
95281664831929 91
95281732162193 23
95281732187932 66
95281732195644 23
95281799556023 66
95281799587832 91
95281866973013 23
95281867005357 66
95281867013335 91
95281925546659 91
95281992697840 23
95281992723185 66
95281992731018 91
95282059748804 23
95282059779788 66
95282126727590 23
95282126755613 66
95282126763749 91
95282193745500 23
95282193773273 66
95282260833808 91
95282328012975 23
95282328042141 66
95282328049640 91
95282417277550 23
95282417307111 66
95282469123235 91
95282536510937 91
95282536541206 23
95282536549017 66
95282536556154 91
95282603903550 23
95282603943096 66
95282603953417 23
95282671269046 66
95282671299168 91
95282740704619 91
95282740729436 23
95282740737261 66
95282797611473 91
95282797644741 23
95282797652489 66
95282864654335 23
95282864692163 66
95282864699947 91
95282931488233 23
95282931527762 66
95282998665782 91
95283065776546 23
95283065814807 66
95283065822384 91
95283132869187 23
95283200067898 66
95283200097688 91
95283266889843 91
95283266915439 23
95283266950727 66
95283340846285 23
95283340875468 66
95283340883106 91
95283424932585 23
95283424969451 66
95283475715668 91
95283542985018 23
95283543009053 66
95283543016715 91
95283610407922 91
95283610444312 23
95283677827283 66
95283677875517 23
95283677884665 66
95283677894612 91
95283803330766 23
95283803361789 66
95283803369409 91
95283870547284 23
95283937581626 66
95283937618060 91
95284071628240 23
95284071661496 66
95284071669297 91
95284138831610 23
95284138864793 91
95284212571235 23
95284212601472 66
95284212608858 23
95284279932488 66
95284279961500 91
95284347315810 23
95284347349154 66
95284347356901 91
95284431421033 91
95284482061853 23
95284482086168 66
95284549461021 23
95284549491347 66
95284608243777 91
95284675293003 23
95284675323343 66
95284809403503 91
95284876497350 23
95284876539904 66
95284876547547 91
95285010508410 23
95285010535289 66
95285084285622 91
95285151645471 23
95285151679918 66
95285219043614 91
95285288576191 23
95285288610772 66
95285288618414 91
95285288625758 91
95285353796621 23
95285353828270 66
95285421229461 91
95285421262178 23
95285421269711 66
95285480032209 91
95285480057186 23
95285480064823 66
95285547071609 23
95285547101599 66
95285547109254 91
95285614271410 23
95285681263500 66
95285681291299 91
95285748304210 91
95285748339371 23
95285748347198 66
95285815378481 23
95285815413860 66
95285815421429 91
95285882633210 23
95285882673641 66
95285949567128 91
95286023402904 91
95286023436392 23
95286023444237 66
95286090769152 91
95286090797454 23
95286090804917 66
95286158122352 91
95286158148871 23
95286158156535 66
95286225467960 91
95286225495548 23
95286292918815 66
95286292952619 91
95286292960220 23
95286292967270 66
95286352198388 91
95286352229369 23
95286352237067 66
95286419093709 23
95286419128574 66
95286419136004 91
95286486038792 23
95286553048758 66
95286553083471 91
95286620285731 23
95286620322757 66
95286620330294 91
95286687238949 91
95286754291346 23
95286754324115 66
95286821352786 23
95286821385616 66
95286821393233 91
95286895117905 91
95286962510174 23
95286962544240 66
95286962551904 23
95287029858089 66
95287029889327 91
95287097267530 23
95287097300048 66
95287097307530 91
95287164634474 23
95287231958867 66
95287290913756 91
95287358143276 23
95287358176778 66
95287358184556 91
95287425295584 23
95287425321353 66
95287425328981 91
95287491999909 91
95287559075772 23
95287559109308 66
95287626075095 91
95287626111698 23
95287626119571 66
95287693208557 23
95287693234881 66
95287693242121 91
95287760325386 91
95287834279414 23
95287834310540 66
95287901596885 91
95287901632940 23
95287901640569 66
95287968947538 91
95287968972610 23
95287968980203 66
95288044665154 91
95288044702663 23
95288044710351 66
95288103715561 91
95288103743338 23
95288103750807 66
95288171084567 23
95288171118575 66
95288171126135 91
95288296836315 23
95288296866075 91
95288296874042 23
95288296881076 23
95288363856901 66
95288363890435 23
95288431090057 66
95288431117471 91
95288497939658 91
95288497967188 23
95288565055250 66
95288565090616 91
95288565098161 91
95288632100987 23
95288632128548 66
95288632136194 91
95288705884742 23
95288705908629 66
95288773672990 91
95288773696580 23
95288773704097 66
95288851117437 91
95288851153033 23
95288908070992 66
95288908100199 91
95288908107815 23
95288977518455 23
95288977546958 66
95289042822786 91
95289042851671 23
95289042859319 66
95289101664740 23
95289101695488 66
95289101703186 91
95289168701181 23
95289168728441 66
95289168735872 23
95289168742974 66
95289235694559 91
95289302816068 91
95289302841441 23
95289302849097 66
95289369882020 91
95289369914041 23
95289369921629 66
95289437095206 91
95289437122113 23
95289504306223 66
95289504368527 91
95289571023707 23
95289571050088 66
95289571057752 91
95289571064778 23
95289571071696 66
95289645026054 23
95289645058817 66
95289645066322 91
95289712390496 23
95289779777084 66
95289779807101 91
95289847135678 23
95289847160578 66
95289914571343 91
95289973457435 23
95289973484012 66
95289973491620 91
95290040443593 23
95290107638005 66
95290107666844 91
95290174670419 91
95290174705021 23
95290241761163 66
95290241793256 91
95290241801612 23
95290308763069 66
95290308793907 91
95290308801378 23
95290375889392 66
95290375923418 91
95290442984251 23
95290443014757 66
95290443022381 91
95290516741575 23
95290516777975 66
95290516785607 91
95290516792567 23
95290584150588 66
95290584180495 23
95290584188655 66
95290584195883 91
95290731400367 23
95290731442281 66
95290731449838 91
95290786244896 91
95290853642005 23
95290853676675 66
95290853684204 91
95290912401787 23
95290912431648 66
95290912439404 91
95290979411377 23
95290979441344 66
95290979448793 91
95291046643179 23
95291046678519 66
95291046686040 91
95291113604290 23
95291113634961 66
95291113642351 91
95291180788602 23
95291180815483 66
95291247813491 91
95291247854751 23
95291247864446 66
95291247873556 91
95291314879986 23
95291314915642 66
95291381863143 91
95291381889749 23
95291381897540 66
95291463368235 91
95291463397017 23
95291463404594 23
95291463411703 66
95291523307255 91
95291523342137 23
95291523349786 66
95291590582827 23
95291590609964 66
95291657939148 91
95291725317890 23
95291725341024 66
95291725348571 91
95291784288889 23
95291784319691 66
95291851319585 91
95291851349778 91
95291918322169 23
95291918344982 66
95291918352469 91
95291985620133 23
95291985653737 66
95291985661339 23
95291985668268 66
95292052560986 91
95292052595496 91
95292119562675 23
95292119595054 66
95292119603400 91
95292186551529 23
95292186579903 66
95292253766060 23
95292253801295 66
95292253808824 91
95292327546287 23
95292327574856 66
95292394933788 91
95292462306008 23
95292462331577 66
95292529752042 91
95292597114967 23
95292597152482 66
95292666651724 91
95292723107533 23
95292723127948 66
95292723135428 91
95292857228346 23
95292857262314 66
95292857269943 91
95292924220081 23
95292991494871 66
95292991529845 91
95293058504111 91
95293058538447 23
95293058545887 66
95293125524718 91
95293125557022 23
95293125564660 66
95293199273487 23
95293199309869 66
95293199318617 91
95293334024907 23
95293334053521 91
95293334060812 23
95293334067853 66
95293401394895 91
95293468804175 23
95293468831895 66
95293468839358 91
95293468846275 23
95293536165193 23
95293536198817 66
95293536206497 91
95293536214124 23
95293603629716 66
95293603663745 91
95293603671046 23
95293603677972 66
95293662336321 23
95293662368583 66
95293662376140 91
95293729145429 91
95293796144098 23
95293796167587 66
95293796175049 91
95293863219549 23
95293863246961 66
95293930321221 23
95293930355762 66
95293930363517 91
95293997471774 91
95294064503617 23
95294064529519 66
95294064536837 91
95294138360460 23
95294138387030 66
95294138394646 91
95294205761129 23
95294205791678 66
95294205799418 91
95294273113587 23
95294273141121 66
95294273148863 23
95294340512029 66
95294407928044 91
95294466856381 23
95294466886374 66
95294466893944 91
95294534148344 91
95294601003092 23
95294601031307 66
95294601038880 23
95294668091820 66
95294668125856 91
95294735025772 23
95294735051889 66
95294735059547 91
95294802128349 91
95294869222341 23
95294869250655 66
95294869258296 23
95294869265315 66
95294936247814 91
95294936275289 91
95295010115038 23
95295010151151 66
95295077439503 23
95295077468952 66
95295077476664 91
95295144825703 23
95295212279775 66
95295212316103 91
95295279600079 23
95295279630177 66
95295346979866 91
95295405702617 23
95295405763790 66
95295405771655 91
95295473015867 23
95295539935927 66
95295539974053 91
95295606890163 23
95295606920673 66
95295674077492 91
95295741294158 91
95295741321588 23
95295741329455 66
95295808663642 23
95295808693555 66
95295808701072 91
95295875150318 91
95295875177515 23
95295949168348 66
95295949193087 91
95295949200373 23
95295949207355 66
95296016649465 91
95296016684127 23
95296083961637 66
95296083996046 91
95296151344961 23
95296151372617 66
95296151380206 23
95296151387828 66
95296218681206 91
95296286089755 91
95296286118642 23
95296345168689 66
95296345196717 91
95296345204401 23
95296345211403 66
95296411747315 91
95296411773637 23
95296411781238 66
95296478758029 91
95296478786823 23
95296478794266 66
95296550818600 23
95296550859507 66
95296550866964 91
95296613007806 91
95296613041702 23
95296613049117 66
95296679993518 23
95296680023328 66
95296680030843 91
95296820893314 23
95296820921837 66
95296820929545 91
95296888365509 91
95296888396571 23
95296955652315 66
95296955680046 91
95297023029337 23
95297023054026 66
95297023061687 91
95297023068597 23
95297090455296 66
95297090488940 23
95297090496487 66
95297090503413 91
95297216556140 23
95297216589869 66
95297216597502 91
95297283682970 91
95297350769198 23
95297350805264 66
95297350812686 91
95297350820073 23
95297417829035 66
95297417861130 23
95297417868710 66
95297417875738 91
95297551949315 23
95297551992248 66
95297551999759 91
95297618916953 23
95297618948579 91
95297692670168 23
95297692704810 66
95297759972434 23
95297760000456 66
95297760008054 91
95297827378325 91
95297905225200 23
95297905261529 66
95297905269278 91
95297962140915 23
95297962169777 66
95297962177296 91
95297962184300 23
95298029502128 66
95298029524874 23
95298029532622 66
95298029539594 91
95298088454311 91
95298155700656 23
95298155734894 66
95298155743056 91
95298222511247 23
95298222541112 66
95298222548771 23
95298289575700 66
95298289603807 91
95298356586562 23
95298356609871 66
95298423725563 91
95298490930588 91
95298490955915 23
95298557928113 66
95298557962710 23
95298557970398 66
95298557977412 91
95298699083016 91
95298699108067 23
95298699115741 66
95298699122798 91
95298766517021 23
95298766551766 66
95298833844918 91
95298833873960 23
95298833882119 66
95298901257960 91
95298901286814 23
95298901294356 66
95298960135734 91
95298960162785 23
95298960170505 66
95299028108269 23
95299028136023 66
95299028143663 91
95299094355432 23
95299094388943 66
95299161350092 91
95299228540335 23
95299228568514 66
95299301205693 91
95299362680472 23
95299362711877 66
95299362719607 91
95299497021239 23
95299497056207 66
95299497063748 91
95299570895792 91
95299570933618 23
95299570941726 66
95299640184447 91
95299640230029 23
95299640239717 66
95299706163864 23
95299706190665 66
95299706198039 91
95299772973875 91
95299772998856 23
95299773006643 66
95299840336151 91
95299840371207 23
95299840378901 66
95299907717199 91
95299907752485 23
95299907759927 66
95299966499581 91
95299966531213 23
95299966538511 66
95300033302097 91
95300033327639 23
95300033334955 66
95300100351135 23
95300100386760 66
95300100394317 91
95300167544746 23
95300167579957 91
95300234477614 23
95300234509204 66
95300234516922 91
95300234524039 23
95300301514393 66
95300301545358 23
95300301552792 66
95300301559994 91
95300368590288 23
95300442522618 66
95300442556106 91
95300509936663 23
95300509962169 66
95300509969813 91
95300644687975 23
95300644720110 66
95300644728289 91
95300712058757 23
95300712091313 66
95300712098852 91
95300837963444 23
95300837999691 66
95300838007351 91
95300905236125 23
95300905270027 66
95300905277498 91
95301039228255 23
95301039256915 66
95301039264460 91
95301106348240 23
95301181541548 66
95301181579130 91
95301240513967 23
95301240551079 66
95301314223711 91
95301381590728 23
95301381612229 66
95301381619671 91
95301449084549 91
95301516454335 23
95301516490049 66
95301516497904 91
95301583879713 23
95301583916489 66
95301583924032 23
95301583931175 66
95301651202050 91
95301709924290 23
95301709955359 66
95301709963085 91
95301777093127 91
95301843966990 23
95301843992942 66
95301911086967 91
95301911113993 23
95301911121701 66
95301978477904 91
95301978507281 23
95301978514913 66
95302045503942 91
95302045533728 23
95302045541927 66
95302045549102 91
95302112271812 23
95302112305714 66
95302186022386 23
95302186051603 91
95302186059152 23
95302186066208 66
95302186073184 91
95302253343963 23
95302253374948 66
95302320731187 23
95302320762015 66
95302320769596 91
95302388098756 23
95302388130592 66
95302388138143 91
95302522869422 23
95302522901490 66
95302522908842 91
95302581741279 91
95302581769072 23
95302581776778 66
95302648935643 91
95302648967462 23
95302649004800 66
95302715927902 23
95302715952285 66
95302782978083 91
95302849967953 23
95302850001563 91
95302917138871 23
95302917164901 66
95302917172285 91
95302984176092 23
95302984201240 66
95302984208866 91
95302984215948 23
95303051300740 66
95303051334654 23
95303125103870 66
