97236088791515 91
97236155859697 23
97236233103523 66
97236233140098 91
97236289858851 91
97236289895078 23
97236289902713 66
97236357068102 23
97236357099861 66
97236357107167 91
97236434350837 23
97236434380553 66
97236434388613 91
97236491159440 91
97236558110417 23
97236558143035 66
97236558150546 23
97236636295983 66
97236636330072 91
97236762215417 23
97236762246519 66
97236762254086 91
97236826559723 91
97236909700533 23
97236909747178 66
97236909754721 23
97236961157189 66
97236961188659 91
97236961196365 91
97237027613246 23
97237027642469 66
97237094804548 23
97237094836833 66
97237094844217 91
97237162249760 91
97237162291482 23
97237162298949 66
97237228798671 91
97237228826518 23
97237307051770 66
97237307084318 23
97237307092277 66
97237307099953 91
97237363112639 91
97237430066073 23
97237430098212 66
97237504844051 23
97237504876617 66
97237504884040 91
97237572240854 23
97237639574825 66
97237639606506 91
97237698278368 23
97237698312523 66
97237765258015 91
97237765288177 91
97237832490746 23
97237832522228 66
97237899488555 23
97237899520737 66
97237899528356 91
97237966525248 23
97237966559019 66
97238033508581 91
97238100729594 23
97238100762892 66
97238100770666 91
97238241910383 23
97238241947982 66
97238241955764 91
97238309348954 23
97238309382391 66
97238309390731 91
97238376559106 23
97238376593106 66
97238376600772 91
97238444026283 23
97238511305226 66
97238511332407 91
97238570335749 23
97238570369504 66
97238570376872 91
97238637191802 23
97238637224119 66
97238704256080 91
97238771420676 23
97238771450869 91
97238838512989 23
97238838543396 66
97238838550873 91
97238905611213 23
97238905645509 66
97238972771039 91
97238972799723 23
97238972807353 66
97239039703629 23
97239039734441 66
97239039742041 91
97239180889838 23
97239180922265 66
97239180929694 91
97239248353410 23
97239248396822 66
97239248404910 91
97239383020235 23
97239383051592 66
97239383059604 91
97239441949123 23
97239441980128 66
97239509272363 91
97239576139580 23
97239576166407 66
97239576173868 91
97239643266961 91
97239710258304 23
97239710293749 66
97239783099600 91
97239783132303 23
97239783139915 66
97239844362782 23
97239844394636 91
97239844402464 23
97239844409519 66
97239911366973 23
97239911399814 66
97239911407482 91
97239985229014 23
97239985259912 66
97240052692666 91
97240133188126 91
97240133224615 23
97240133232184 66
97240187385608 23
97240187417474 66
97240187425036 91
97240254822317 23
97240254855901 66
97240254863615 91
97240322153022 23
97240322194949 66
97240322202430 91
97240387366538 23
97240387404095 66
97240447904419 91
97240515201148 23
97240515237069 66
97240515244761 91
97240582071802 23
97240649214348 66
97240649247636 91
97240716292344 23
97240716326858 66
97240716334185 91
97240783737656 23
97240850394834 66
97240850476471 91
97240924330715 23
97240924360725 66
97240924368445 91
97240991688368 91
97240991722115 23
97241059105352 66
97241059135900 91
97241059143667 23
97241126454548 66
97241126483425 91
97241193856834 23
97241193889654 66
97241252748496 23
97241252785196 91
97241252792789 23
97241252799803 66
97241328494500 23
97241328538671 66
97241328547008 91
97241387116425 91
97241453903654 23
97241453938843 66
97241520971493 91
97241521005320 23
97241521012656 66
97241588069400 91
97241588107189 23
97241588114777 23
97241588121865 66
97241655096777 91
97241655129152 23
97241655136619 66
97241722313531 23
97241722347439 66
97241722355119 91
97241796037322 23
97241796069250 66
97241863398893 91
97241930814012 23
97241930846785 66
97241930854433 91
97241998188095 23
97241998223051 66
97242065590745 91
97242132945057 91
97242201345255 23
97242201382023 66
97242201389639 23
97242258779889 66
97242258810279 91
97242325883251 91
97242325916477 23
97242325924261 66
97242392844458 23
97242392871893 66
97242392879519 91
97242459950998 91
97242459984803 23
97242459992467 66
97242526959783 23
97242527000013 66
97242527007379 91
97242594134066 23
97242594168922 66
97242667761955 91
97242667790565 23
97242735180741 66
97242735215770 91
97242802950827 91
97242802984626 23
97242802992276 66
97242870124728 23
97242870178725 66
97242870186350 91
97242937321783 91
97243004672169 23
97243004704934 66
97243063624817 23
97243063658908 66
97243063666197 91
97243130624569 23
97243130657559 66
97243130665183 91
97243197739000 91
97243197768858 23
97243197776331 66
97243264745749 91
97243264786625 23
97243331710668 66
97243331745270 23
97243331752465 66
97243331759396 91
97243413030298 91
97243466137270 23
97243466171831 66
97243466179578 23
97243466188595 66
97243533300582 91
97243599982536 91
97243600013209 23
97243600020429 66
97243674294804 23
97243674328991 66
97243674336510 91
97243741610881 91
97243814305547 23
97243814338952 66
97243876437800 91
97243876467752 23
97243876475492 66
97243876482482 91
97243935329492 23
97243935362958 66
97244002547781 23
97244002574534 66
97244002581884 91
97244069564556 23
97244069594553 66
97244069601933 91
97244136647624 91
97244203663821 23
97244203711220 66
97244203718639 23
97244270923977 66
97244270965060 91
97244337815935 23
97244337854531 66
97244337862400 91
97244404875834 91
97244404910651 23
97244404918184 66
97244471843925 23
97244471878752 66
97244471886042 91
97244616462658 91
97244616500914 23
97244616508375 66
97244673113941 91
97244673146067 23
97244673153489 66
97244740247671 23
97244740279979 66
97244740287551 91
97244874292057 23
97244874325932 66
97244874333516 91
97244941359284 23
97244941387797 66
97244941395487 91
97245019779027 23
97245075527868 66
97245075557696 91
97245142674543 91
97245142704394 23
97245142711921 66
97245221699414 23
97245221734172 66
97245221741810 91
97245282262937 91
97245343755290 23
97245343787106 66
97245343794448 23
97245343801433 66
97245410824746 91
97245488974210 91
97245489006996 23
97245489014649 66
97245489021615 23
97245545143469 66
97245545174221 91
97245612002700 91
97245679011930 23
97245679043227 66
97245679050995 23
97245679058031 66
97245746203532 91
97245823790470 91
97245823826015 23
97245823833554 66
97245892199501 91
97245892235955 23
97245892243468 66
97245947457127 23
97245947490843 66
97245947498598 91
97246024098194 91
97246083058031 23
97246083086308 66
97246083093737 23
97246148476977 66
97246148511652 91
97246215546029 91
97246215578883 23
97246215586567 66
97246282749943 91
97246282780333 23
97246282787800 66
97246349717922 23
97246349747951 66
97246349755603 91
97246416717611 23
97246416750720 66
97246416758289 91
97246483841448 91
97246557650731 23
97246557681819 23
97246557689428 66
97246625030748 23
97246625060906 66
97246625068580 91
97246692395574 91
97246759842746 23
97246759876394 66
97246759883980 91
97246827158829 23
97246827190341 66
97246827198524 91
97246894528171 23
97246894559279 66
97246894566812 23
97246894573902 91
97246953382383 23
97246953411940 66
97246953419561 23
97247020441872 66
97247020476059 91
97247087408144 23
97247087439439 66
97247087447232 91
97247154594519 91
97247221674742 23
97247221707509 66
97247221715058 91
97247288826110 23
97247288861068 66
97247288868486 23
97247288875496 66
97247288882456 91
97247429372337 91
97247429407786 23
97247429415492 66
97247496737920 91
97247496765338 23
97247496773189 66
97247564223614 23
97247631557373 66
97247631592226 91
97247631599948 91
97247698882357 23
97247698914508 66
97247698922180 91
97247766292463 23
97247766323730 66
97247766331162 23
97247825175623 66
97247825203566 91
97247893878565 23
97247893907375 66
97247959408564 91
97248026559721 23
97248026597000 66
97248026606140 91
97248093557938 23
97248093586978 66
97248160526224 91
97248227557463 23
97248227593976 66
97248227601634 91
97248294581600 91
97248294612616 23
97248368443840 66
97248368474616 23
97248368482045 66
97248435921577 91
97248495846859 91
97248495882778 23
97248495890715 66
97248563003463 91
97248563033545 23
97248630019316 66
97248630048356 91
97248630055954 23
97248697061245 66
97248697093982 91
97248770618064 23
97248770650584 23
97248770657972 66
97248770664851 23
97248770671744 66
97248838090189 91
97248838129709 23
97248905404647 66
97248905435946 91
97248972749832 91
97248972782000 23
97248972789829 66
97249040125591 91
97249040155469 23
97249040163087 66
97249107543720 23
97249107579259 66
97249107586994 91
97249184722269 91
97249233544686 23
97249233579957 66
97249233587641 23
97249233595114 66
97249300714775 91
97249367619735 23
97249367653126 66
97249367660637 91
97249443972742 91
97249444012384 23
97249444020050 66
97249502021575 23
97249502063614 66
97249502070948 91
97249569101254 23
97249569135662 66
97249569143332 91
97249635901576 23
97249709784389 66
97249709816881 91
97249777134819 23
97249777168729 66
97249777176099 91
97249846264612 23
97249846306144 91
97249911864511 23
97249911893531 66
97249911901068 91
97249979270510 23
97249979303692 66
97249979311088 91
97250046687424 23
97250046719805 66
97250046727631 23
97250105602469 66
97250105642031 91
97250172513476 91
97250172542872 23
97250172550574 66
97250239515877 23
97250239545492 66
97250239553103 91
97250306540124 23
97250306571164 66
97250373722610 91
97250373756858 23
97250440742771 66
97250440773991 91
97250507796583 23
97250507826044 66
97250507833711 91
97250574993506 23
97250575024380 66
97250575031965 91
97250648876629 91
97250716221706 23
97250716254568 66
97250716262207 91
97250783594113 23
97250783627848 66
97250783635417 23
97250783642582 91
97250850981880 23
97250851014673 66
97250851022186 23
97250918408131 66
97250918443598 91
97250977255982 91
97250977290612 23
97250977298248 66
97251044274698 23
97251044309580 66
97251044317161 91
97251178510979 91
97251178540542 23
97251178548246 66
97251245512273 91
97251245546073 23
97251245554251 66
97251323309451 91
97251323351308 23
97251323358843 66
97251379727723 23
97251379758615 91
97251446939446 23
97251446986477 66
97251446994364 23
97251521413108 66
97251521449683 91
97251588693986 23
97251588730971 66
97251588738510 91
97251656059349 23
97251723447943 66
97251723478695 91
97251782353285 91
97251782387718 23
97251849345383 66
97251849381858 23
97251849419016 66
97251849426247 91
97251916588932 23
97251993909785 66
97251993943375 91
97252050308602 23
97252050338866 66
97252050346506 91
97252124253699 23
97252124292656 66
97252124300281 91
97252195079810 23
97252195119778 66
97252195127414 91
97252251661485 23
97252318530094 66
97252318561226 91
97252318568797 91
97252397194491 23
97252397229929 66
97252452885781 23
97252452930999 66
97252452938689 91
97252519949602 23
97252519993449 66
97252594569299 91
97252662086328 23
97252662141315 66
97252662151885 91
97252721043555 23
97252799114820 66
97252799150154 91
97252855023780 23
97252855054296 66
97252855061876 91
97252922256604 23
97252922295584 66
97253000965885 91
97253056263544 23
97253056301096 66
97253056308728 91
97253123449471 91
97253123484039 23
97253123491546 66
97253190497690 23
97253190535946 23
97253190543542 66
97253190550568 91
97253268226802 91
97253324529043 23
97253324558753 66
97253324566214 91
97253324573316 23
97253391764514 66
97253391795724 91
97253472781605 23
97253472811385 23
97253472818956 66
97253525851827 91
97253525886544 23
97253525894318 66
97253593044960 91
97253593083355 23
97253593090816 66
97253671522022 23
97253671557847 66
97253727153848 91
97253803420164 23
97253803462890 66
97253873481309 91
97254003269671 23
97254003301354 66
97254003308933 91
97254070664305 23
97254129521039 66
97254129551825 91
97254129559369 91
97254196518402 23
97254196554287 66
97254196561846 23
97254263449370 66
97254263478871 91
97254330562890 23
97254330591886 66
97254397623518 91
97254476679347 23
97254476710996 66
97254548754934 91
97254608568166 91
97254608602289 23
97254608609922 66
97254673581028 23
97254673610697 66
97254673618379 91
97254743920385 23
97254743952533 66
97254743959969 91
97254800130367 91
97254867085174 23
97254867119814 66
97254867127240 23
97254867134379 91
97254945895895 23
97254945931587 66
97254945939293 23
97255001213352 66
97255001247858 91
97255074369089 91
97255074404435 23
97255074412306 66
97255147263263 23
97255147297069 66
97255147304813 91
97255202401827 23
97255202438742 66
97255279128322 91
97255336600305 91
97255336633509 23
97255336641171 66
97255403677304 23
97255403712176 66
97255403719650 91
97255470640115 23
97255470677296 66
97255470684969 91
97255537887812 91
97255537920211 23
97255604833255 66
97255604865079 23
97255604873322 66
97255604880410 91
97255682352522 23
97255682382011 66
97255739229542 91
97255806105776 23
97255806141281 66
97255882388360 91
97255940151922 23
97255940185705 66
97255940193252 91
97256019637097 91
97256074771154 23
97256074813480 66
97256074822269 23
97256151529447 66
97256151559628 91
97256208547247 91
97256208577056 23
97256208584635 23
97256208591560 66
97256275525011 23
97256275556891 66
97256275564348 91
97256342573763 23
97256342604209 66
97256342611841 91
97256409572173 23
97256409604844 66
97256476684078 91
97256554805448 23
97256554837487 66
97256554844885 91
97256610759857 91
97256610791035 23
97256677951175 66
97256677983311 91
97256677990949 23
97256753348906 66
97256753381013 23
97256753388721 66
97256812007566 91
97256879020507 23
97256879056901 66
97256879064635 91
97256946269443 91
97256946300335 23
97257023981473 66
97257024012863 91
97257024020567 23
97257080264310 66
97257080301307 91
97257147299383 23
97257147335212 66
97257147342930 23
97257147350002 66
97257214491764 91
97257214527065 23
97257281487742 66
97257281520781 91
97257348572924 23
97257348603516 66
97257348610965 91
97257427326836 23
97257427368530 66
97257427376142 91
97257482702259 23
97257482731599 66
97257559168620 91
97257618973437 23
97257618998157 66
97257619005607 91
97257751165979 23
97257751200921 66
97257751208514 91
97257818067862 91
97257818105396 23
97257891974007 66
97257892009164 23
97257959198839 66
97257959227245 91
97257959234820 91
97258026585614 23
97258026618198 66
97258026625612 23
97258093968404 66
