90526022753952 91
90526089841035 91
90526156858542 23
90526156877708 66
90526156885414 91
90526223852704 23
90526223870286 66
90526223877498 91
90526290875055 23
90526290892587 66
90526290900213 91
90526358075395 23
90526358093832 66
90526358102035 91
90526425087877 23
90526425105456 66
90526425113005 91
90526492144751 23
90526492161386 66
90526492168821 91
90526565951299 23
90526565968626 66
90526565976236 91
90526633941675 23
90526633964798 66
90526633972357 91
90526700778351 23
90526700808329 66
90526768176051 23
90526768208523 66
90526835545250 91
90526835572003 91
90526902999207 23
90526903032419 66
90526961721044 91
90526961754212 23
90527028820588 66
90527028840963 91
90527095886078 23
90527095913766 91
90527095921536 23
90527095928677 66
90527162946595 91
90527162978529 23
90527162986229 66
90527230009680 91
90527230044401 23
90527297176261 66
90527297204378 23
90527297211837 66
90527297218885 91
90527364076275 23
90527364108739 66
90527431121282 91
90527505173903 23
90527505204271 66
90527505211713 91
90527572494734 23
90527572520636 66
90527572528529 91
90527639881292 23
90527639912128 66
90527639919752 91
90527707247083 23
90527707271269 66
90527707278736 91
90527774632408 91
90527833568562 23
90527833592694 66
90527900644173 23
90527900676132 66
90527900683723 91
90527967661317 91
90528034713733 23
90528034743990 66
90528034751857 91
90528101880753 23
90528101924483 66
90528101932569 91
90528168857483 23
90528168880521 66
90528235863155 91
90528235884416 23
90528235892202 66
90528302997222 91
90528303016512 23
90528303024057 66
90528376787016 91
90528376805129 23
90528444428120 66
90528444480986 91
90528444490845 23
90528511613710 66
90528511649018 91
90528578988917 23
90528579018494 66
90528579026083 91
90528579033228 23
90528646343472 66
90528646367648 91
90528713695099 23
90528713717147 66
90528772381202 23
90528772400886 66
90528772408484 91
90528839461649 91
90528906589036 23
90528906611621 66
90528973562616 23
90528973579802 66
90528973587291 91
90529040590140 23
90529040606779 66
90529040614618 91
90529107954817 91
90529174910513 23
90529174941352 66
90529174948788 91
90529241881205 23
90529241908115 66
90529315922766 91
90529315953885 23
90529315961616 66
90529383323241 23
90529383353271 66
90529450743148 91
90529518083914 91
90529518113167 23
90529518120708 66
90529518127684 91
90529585436040 23
90529585461543 66
90529644692299 91
90529644715537 23
90529644723284 66
90529644730408 91
90529711483446 23
90529711512836 66
90529778666669 91
90529778693409 23
90529778701343 66
90529845543719 91
90529845572345 23
90529912552734 66
90529912577004 91
90529912584805 23
90529979586816 66
90529979615216 91
90530046752842 23
90530046779657 66
90530046787214 23
90530113761705 66
90530113783244 91
90530187612009 23
90530187633852 66
90530187641562 91
90530322367597 23
90530322392208 66
90530322399803 91
90530389735221 91
90530389755951 23
90530457091343 66
90530457110957 91
90530524821235 23
90530524837816 66
90530524845357 91
90530583229068 23
90530583245930 66
90530583253494 23
90530583260469 66
90530650257156 91
90530717252299 23
90530717270412 66
90530851465783 91
90530918517005 23
90530918537782 66
90530985621087 91
90531059428823 91
90531059462421 23
90531059470059 66
90531126754105 23
90531126787044 66
90531194103779 91
90531261520237 91
90531261552944 23
90531328882543 66
90531328917052 23
90531396253538 66
90531396281896 91
90531455237097 91
90531522431392 23
90531522462571 66
90531589177774 23
90531589199130 66
90531589206905 91
90531656228081 91
90531723247543 23
90531723269875 66
90531723277440 91
90531723284398 23
90531800441246 66
90531800480004 91
90531857846794 23
90531857872933 66
90531857880488 91
90531924486900 23
90531924515830 66
90531924523687 91
90531998455645 23
90531998484997 66
90531998492471 23
90531998499890 66
90532065871617 91
90532200936667 91
90532200967013 23
90532267993688 66
90532268022487 23
90532326876932 66
90532326902486 91
90532394056328 23
90532394077139 66
90532461063899 91
90532528095963 23
90532528116165 66
90532528123790 91
90532595103173 91
90532662442017 23
90532662480796 66
90532729426008 23
90532729452295 66
90532729459844 91
90532796337112 23
90532796355650 66
90532870129289 91
90532937530002 91
90532937552469 23
90532937560150 66
90533004949796 91
90533004985281 23
90533072340433 66
90533072375886 91
90533072383665 23
90533139717908 66
90533139749748 23
90533139757586 66
90533139764822 91
90533265860780 23
90533265900091 66
90533265908203 91
90533332880864 91
90533400084992 23
90533400115305 66
90533400122916 23
90533467070651 66
90533467097335 91
90533601337043 23
90533601363012 66
90533601370623 91
90533668237805 23
90533735232285 66
90533735254162 91
90533809282956 91
90533876608507 23
90533876626723 66
90533876634423 91
90533943971289 23
90533943988284 66
90534011363675 91
90534011382661 23
90534078733368 66
90534078749903 23
90534137700399 66
90534137717772 91
90534137725126 91
90534204794365 23
90534204818989 66
90534272354635 91
90534272378015 23
90534272385657 66
90534338883486 23
90534338910290 66
90534338917573 91
90534473097592 23
90534473132854 66
90534473140531 91
90534540110046 91
90534540138966 23
90534607136139 66
90534607164682 23
90534607172414 66
90534607179850 91
90534748359791 23
90534748392329 66
90534748400158 91
90534883182591 23
90534883214169 66
90534883221916 91
90534950523635 23
90534950560578 66
90535017893029 91
90535076602832 23
90535076666978 66
90535076674887 91
90535210837259 91
90535210869210 23
90535210877013 66
90535277831681 23
90535277858063 66
90535277865910 91
90535344863950 91
90535412039374 23
90535412071274 66
90535479114032 23
90535479141846 66
90535479149388 91
90535546125036 23
90535620092511 66
90535620120855 91
90535687467179 91
90535687489505 23
90535687496746 66
90535756903963 91
90535756929639 23
90535756937730 66
90535822207554 91
90535822231825 23
90535889570807 66
90535889593309 91
90535948460859 23
90535948479810 66
90536015662885 23
90536015680862 66
90536015688413 91
90536149617393 23
90536149636931 66
90536149644665 91
90536216658678 91
90536283843377 23
90536283868848 66
90536350832812 23
90536350852929 66
90536350860476 91
90536417875253 23
90536491775442 66
90536559160618 91
90536626540836 91
90536694181917 23
90536694200185 66
90536761292759 91
90536761309497 23
90536761317090 66
90536828739604 91
90536828773280 23
90536828780898 66
90536887484523 91
90536887518616 23
90536954599773 66
90536954629704 23
90536954637641 66
90536954644754 91
90537088598288 23
90537088629726 66
90537088637611 91
90537155621428 23
90537155654895 66
90537222711958 91
90537289819687 91
90537289850348 23
90537363628353 66
90537363673977 23
90537363681625 66
90537363688867 91
90537498321727 23
90537498355293 66
90537498363104 91
90537565637300 91
90537633012404 23
90537633033205 66
90537633040921 91
90537700380869 23
90537700398435 66
90537700406133 91
90537759653091 23
90537759668982 66
90537826217920 91
90537826236255 23
90537826243938 66
90537893402890 91
90537960343089 23
90537960361690 66
90537960369341 23
90537960376454 66
90537960383400 91
90538027398095 91
90538094640779 23
90538094659158 66
90538094666612 91
90538161802938 23
90538161821458 66
90538228668644 91
90538228685094 23
90538228692702 66
90538302569744 91
90538302586625 23
90538302594023 66
90538369984652 91
90538370006455 23
90538437372331 66
90538504693320 23
90538504710603 66
90538504718067 91
90538572094636 23
90538639547666 66
90538639581073 91
90538698251939 91
90538765326372 23
90538765354935 23
90538765362665 66
90538765370277 91
90538832240404 23
90538832267116 66
90538832274720 91
90538899300482 23
90538899323638 66
90538899331145 91
90538966592977 23
90538966621850 66
90538966629278 91
90539033483760 23
90539033512005 66
90539033519255 91
90539100519451 23
90539100546745 66
90539100554429 91
90539174336008 23
90539174358987 66
90539174366631 23
90539241707504 66
90539241732826 91
90539311660978 23
90539311689139 66
90539311696625 91
90539443900550 23
90539443931461 66
90539443939181 91
90539511255912 23
90539570015228 66
90539570044390 91
90539637217187 23
90539637252788 66
90539704160585 91
90539771291462 91
90539771318953 23
90539771326635 66
90539838319529 91
90539838339051 23
90539838346682 66
90539905332424 91
90539905349057 23
90539972375316 66
90539972393673 91
90540039496773 23
90540039522525 66
90540039561843 91
90540113452842 23
90540113475085 66
90540180774605 91
90540248197276 91
90540248214607 23
90540315517855 66
90540315535475 23
90540315543361 66
90540315550670 91
90540382913768 23
90540441898607 66
90540441915463 91
90540509008198 91
90540576143569 23
90540576177669 66
90540576185225 91
90540643055826 23
90540643082796 66
90540643090193 91
90540710110611 23
90540710139286 66
90540777303061 23
90540777329398 66
90540844313353 91
90540911377988 23
90540911405437 66
90540911413022 91
90540985185948 23
90540985215380 66
90541052631712 91
90541120516802 91
90541120557935 23
90541120568463 66
90541187331396 91
90541254683731 23
90541254711528 66
90541254719288 23
90541254726254 66
90541322042798 91
90541380827036 91
90541380850367 23
90541447790001 66
90541447811468 91
90541447819315 23
90541447826908 66
90541514959819 91
90541582015890 23
90541582039628 66
90541582047306 23
90541649035697 66
90541649055717 91
90541716009850 91
90541783229388 23
90541783249104 66
90541783256817 91
90541850249749 23
90541850271793 66
90541850279210 91
90541924198856 23
90541924216939 66
90541924224476 91
90541991587852 23
90541991606315 66
90541991613896 91
90542058978823 23
90542058996452 66
90542126337494 91
90542126354537 23
90542126362046 66
90542193716416 23
90542193733465 91
90542252740551 23
90542252774543 66
90542319925287 23
90542319959652 66
90542319967344 91
90542387092854 23
90542387122437 66
90542453806541 91
90542520914958 91
90542520941840 23
90542588056832 66
90542588092437 23
90542655072179 66
90542655104284 91
90542722045670 91
90542722111965 23
90542722120110 66
90542795964733 91
90542795988933 23
90542863351516 66
90542863377835 23
90542863385370 66
90542930713437 91
90543065508676 23
90543065542312 66
90543065549805 91
90543132910523 91
90543192396970 23
90543192420255 66
90543192428223 23
90543258787535 66
90543258816764 91
90543325831728 23
90543325860714 66
90543392761689 91
90543459807667 23
90543459835017 66
90543526872887 91
90543594015065 23
90543594045004 66
90543594052704 91
90543735079394 91
90543735109156 23
90543735116792 66
90543802406607 91
90543802423615 23
90543869796189 66
90543869819518 91
90543869827636 23
90543937148280 66
90543937169181 91
90543937176459 23
90543937183350 66
90544004590816 91
90544004634031 23
90544071917747 66
90544071936408 91
90544071943979 23
90544071951071 66
90544130516913 23
90544130551654 66
90544130559243 91
90544264724880 23
90544264755509 66
90544264763553 91
90544331727114 91
90544398943483 23
90544398974933 66
90544398982730 91
90544466079773 23
90544466112058 66
90544532910447 23
90544532942621 66
90544606813933 91
90544674147132 23
90544674181104 66
90544741578985 91
90544741609167 91
90544818064271 23
90544818097286 66
90544876335313 23
90544876369713 66
90544876377104 91
90544943705407 23
90545002380173 66
90545002414338 91
90545069565755 91
90545069598409 23
90545069605806 23
90545136530122 66
90545136560164 23
90545136567769 66
90545203552604 91
90545270945949 23
90545270994369 23
90545271004179 66
90545337806672 91
90545404784690 91
90545404811145 23
90545404818702 66
90545478501307 91
90545478529010 23
90545546411783 66
90545546435175 23
90545546442863 66
90545546449863 91
90545613279997 23
90545613306857 66
90545680655587 91
90545815405760 23
90545815433390 66
90545815440862 91
90545874263296 91
90545941214821 23
90545941233435 66
90546008456921 23
90546008484201 91
90546008491549 23
90546075506144 66
90546075531744 91
90546142559717 23
90546142581465 66
90546142589221 23
90546209727710 66
90546209747268 91
90546276592621 91
90546343612071 23
90546343628630 66
90546343636115 23
90546417560671 66
90546417577531 91
90546484930932 91
90546484948854 23
90546484956478 66
90546552309285 91
90546552326626 23
90546552334115 66
90546620315691 91
90546620345533 23
90546620353248 66
90546687127195 91
90546687157446 23
90546754496778 66
90546754522913 91
90546813198482 23
90546813228848 66
90546813236242 23
90546813273600 66
90546880214016 91
90546947312546 91
90546947344149 23
90547014371579 66
90547014399953 91
90547014407713 23
90547081388742 66
90547081417177 91
90547148430703 23
90547148455290 66
90547148462837 91
90547215615482 23
90547215637679 66
90547215645492 91
90547289301260 23
90547289325319 66
90547356664895 91
90547356684658 23
90547424059736 23
90547424078906 66
90547424087066 23
90547491426628 66
90547491445662 91
90547558775758 23
90547558792135 66
90547558799739 91
90547628250418 91
90547684915142 23
90547684933389 66
90547684941179 23
90547684948338 66
90547751986990 91
90547752004959 91
90547819258680 23
90547819274168 66
90547819281854 91
90547888910929 23
90547888936947 66
90547953334278 91
90547953370825 23
90547953378495 66
90548020378492 91
90548020411162 23
90548020418551 66
90548087456135 91
90548087489574 23
90548087497203 66
90548154561673 91
90548154586985 23
90548154594527 66
90548228421463 91
90548295773335 23
90548295798183 66
90548295805816 23
90548295812867 66
90548363214203 91
90548430591027 91
90548497977075 23
90548498010608 66
90548498018240 23
90548556882585 66
90548556910950 91
90548624119663 91
90548691256985 23
90548691280546 66
90548691288385 91
90548758097525 23
90548758126573 66
90548758134150 91
90548825090305 23
90548825121284 66
90548892302919 23
90548892328117 66
