85319039459261 91
85319168300068 23
85319168335804 66
85319168343337 91
85319235269675 91
85319235301680 23
85319313659303 66
85319313693106 23
85319369455056 66
85319369485717 91
85319450704285 23
85319450741291 66
85319503566380 91
85319580885493 23
85319580919908 66
85319637833951 91
85319714261027 23
85319782838792 66
85319782871046 91
85319782878460 91
85319838871682 23
85319838902888 66
85319905932850 91
85319905963162 23
85319905970602 66
85319972965806 91
85320050199487 23
85320050235346 66
85320050242903 91
85320107160669 23
85320107192965 66
85320107200549 91
85320174290727 23
85320174320833 66
85320241549175 91
85320241579834 23
85320241587643 66
85320308303086 91
85320387393362 23
85320387430245 66
85320387437714 91
85320387444859 23
85320442486782 23
85320442517338 66
85320442524455 91
85320519287278 23
85320519322024 66
85320576575811 91
85320576608317 23
85320643834003 66
85320643878952 91
85320710721801 23
85320710752972 66
85320710760472 91
85320785855459 23
85320785888167 66
85320853247754 91
85320915348896 91
85320915379169 23
85320915386833 66
85320978997834 23
85320979028874 66
85320979036471 91
85321046004602 23
85321113121244 66
85321113155135 91
85321247272512 91
85321247307010 23
85321247314519 66
85321314323105 91
85321314357280 23
85321314365372 66
85321388433587 91
85321388462850 23
85321455420208 66
85321455451058 91
85321522893475 23
85321522928835 66
85321522936194 91
85321590276572 23
85321590308538 66
85321657649651 23
85321657697699 66
85321657705291 91
85321716706651 91
85321716735458 23
85321783929977 66
85321783973900 23
85321783981429 66
85321862260508 91
85321917934561 23
85321917979741 91
85321917987544 23
85321917994558 23
85321984924756 66
85321984956594 91
85321984964133 23
85322058425331 66
85322058457825 91
85322119158176 23
85322119198227 66
85322119206311 91
85322195570150 23
85322195604160 66
85322195612619 91
85322265534498 23
85322265566767 66
85322265574441 91
85322320693485 23
85322320796851 66
85322397530256 91
85322397560464 23
85322397568062 66
85322454432791 91
85322454464221 23
85322521463359 66
85322521493234 91
85322598763162 23
85322598794391 66
85322598802185 91
85322655744003 23
85322655775525 66
85322722716783 91
85322722751296 23
85322800719366 66
85322800753110 23
85322856744879 66
85322856773579 91
85322923940160 23
85322923971928 66
85322923979342 91
85323066321880 91
85323066354143 23
85323066361841 66
85323125006654 91
85323125074882 23
85323192202456 66
85323192234012 91
85323259280726 23
85323259325072 66
85323326218753 91
85323326251217 23
85323393267260 66
85323393300250 91
85323393307650 23
85323460344160 66
85323460375507 91
85323460383378 23
85323527504534 66
85323527542919 91
85323601065462 23
85323601102550 66
85323668531168 91
85323668568401 23
85323668576041 66
85323736632674 91
85323736662800 23
85323736670663 66
85323803290248 91
85323870696796 23
85323870726144 66
85323870734061 23
85323938040713 66
85323938081902 91
85324005492769 23
85324005541771 66
85324005549590 91
85324131142634 23
85324131175122 91
85324131182892 23
85324131189961 66
85324198135360 91
85324198178738 23
85324265394880 66
85324265456150 23
85324332318875 66
85324332350562 91
85324332358485 91
85324399511251 23
85324399539062 66
85324466398015 23
85324466432732 66
85324466440178 91
85324607630601 23
85324607662384 66
85324607670119 91
85324675040564 91
85324742601857 23
85324742634421 66
85324809841564 91
85324809876051 23
85324809883932 66
85324877132813 91
85324935850239 23
85324935909303 66
85324935917130 91
85325002865619 23
85325002897460 66
85325069955105 23
85325069987774 66
85325136970172 91
85325204104330 23
85325204136377 66
85325204144029 91
85325271116436 91
85325338317452 23
85325338352486 66
85325338360293 91
85325414846990 23
85325414881143 66
85325472413767 91
85325472445530 23
85325472453983 66
85325539378603 91
85325606568998 23
85325606613490 66
85325606621577 91
85325682326951 23
85325682364928 23
85325682372690 66
85325682379738 91
85325740590688 23
85325740626787 66
85325740634633 91
85325807891058 23
85325807923171 66
85325874800753 23
85325874830368 66
85325874838006 91
85325941919294 23
85326008813902 66
85326008847148 91
85326076087374 91
85326143240494 23
85326143267718 66
85326217033139 91
85326217065534 23
85326217073250 66
85326284417784 91
85326351871111 23
85326351905934 66
85326351913666 91
85326419188142 23
85326419218870 66
85326486549971 23
85326486580646 66
85326486588372 91
85326625576420 23
85326625622463 66
85326625630121 91
85326679525538 91
85326746658727 23
85326746688839 66
85326746696446 23
85326746703482 66
85326813729701 91
85326813760719 91
85326880726834 23
85326947868816 66
85326947908592 91
85326947917994 23
85327014944498 66
85327014978022 91
85327088745172 23
85327088777505 66
85327088785014 91
85327156159022 23
85327156193829 66
85327156201491 91
85327223496242 23
85327223528613 66
85327290888581 91
85327290921964 23
85327358300993 66
85327358331841 91
85327358339821 23
85327425642039 66
85327425669816 91
85327484493692 23
85327484521523 66
85327551444993 23
85327551479187 66
85327551486943 91
85327685519258 23
85327685553069 66
85327685560767 91
85327752678362 91
85327819710270 23
85327819743723 66
85327819751228 23
85327886770042 66
85327886804692 91
85327960472236 23
85327960500678 66
85328027860926 91
85328095301139 91
85328162602096 23
85328162635879 66
85328162643528 91
85328229990172 23
85328230021206 66
85328230028956 91
85328297377318 23
85328297407639 66
85328356337284 91
85328356370962 23
85328426997673 66
85328427033498 91
85328490386475 23
85328490417615 66
85328490425329 91
85328557890645 23
85328557923010 66
85328624722596 91
85328624755303 23
85328691490105 66
85328691521872 91
85328691529550 23
85328758551790 66
85328758581864 91
85328758589460 23
85328825698699 66
85328825729165 91
85328899601050 23
85328899634954 66
85328899642823 91
85328967136722 23
85328967184198 66
85329034317181 91
85329034347297 23
85329101708375 66
85329101738091 23
85329101745894 66
85329101752883 91
85329236469515 23
85329236502807 66
85329236510714 91
85329362177273 91
85329362212329 23
85329362220186 66
85329429186867 91
85329429220143 23
85329429227598 66
85329496404835 23
85329496438190 66
85329496445876 91
85329630429823 91
85329630467230 23
85329630475039 66
85329697494328 91
85329697524716 23
85329771297895 66
85329771325877 91
85329771333655 23
85329838668293 66
85329838698395 91
85329838707378 23
85329906038294 66
85329906069913 91
85329973546847 23
85329973593319 66
85329973601278 23
85330040794717 66
85330040826784 91
85330108182510 91
85330108214919 23
85330166961796 66
85330166992744 91
85330167000030 23
85330234174798 66
85330234209900 23
85330234217991 66
85330301204428 91
85330368123843 91
85330368154665 23
85330368162208 66
85330435327608 91
85330435359501 23
85330502467893 66
85330502501481 91
85330569360243 23
85330569392576 66
85330569400447 91
85330636522063 23
85330636555347 66
85330636562925 91
85330710379972 23
85330710408533 66
85330710415968 91
85330777744947 23
85330777774904 66
85330845112122 23
85330845145292 66
85330845152843 91
85330979936672 23
85330979972829 66
85330979980724 91
85331105910306 91
85331105945819 23
85331105953696 66
85331172918504 91
85331172954990 23
85331239942812 66
85331239971506 91
85331239978928 23
85331307139742 66
85331307174185 91
85331379891096 23
85331379926420 66
85331441177577 23
85331441210625 66
85331441218384 91
85331515889830 23
85331582114997 66
85331582145620 91
85331716862332 23
85331716895564 91
85331716903823 23
85331716910849 66
85331784278805 91
85331784320336 23
85331784328883 66
85331851602397 91
85331851632067 23
85331851639586 66
85331919015805 91
85331919046048 23
85331977698567 66
85331977764962 91
85332044896503 23
85332044927884 66
85332111868454 23
85332111898037 66
85332111905524 91
85332178907860 23
85332246104475 66
85332246137741 91
85332313137551 91
85332313171453 23
85332380191356 66
85332380220265 91
85332447212656 23
85332447241389 66
85332521175558 91
85332521206963 23
85332521214667 66
85332588636633 91
85332588670469 23
85332655963519 66
85332655996622 91
85332656004644 23
85332723334522 66
85332723367440 91
85332790712732 23
85332790741911 66
85332790749442 91
85332849625657 23
85332849660038 66
85332916633137 91
85332916667073 23
85332916674634 66
85332983949558 91
85332983980175 23
85333050989719 66
85333051027551 91
85333117982174 23
85333118021390 66
85333184940854 23
85333184977616 66
85333184985214 91
85333252023813 23
85333252059491 66
85333329740640 91
85333386073638 91
85333386110684 23
85333464809457 66
85333464844675 23
85333464852533 91
85333531545466 23
85333531577071 66
85333531584978 91
85333593858883 23
85333593893136 66
85333654355407 91
85333654388627 23
85333732817808 23
85333732848676 66
85333732856314 91
85333788632720 23
85333788669550 66
85333788676985 91
85333855668150 23
85333855702096 66
85333934761854 91
85333934791505 23
85333989738297 66
85333989766836 91
85333989774429 23
85333989781536 66
85334056746330 23
85334056780829 66
85334136109642 91
85334190967898 23
85334190996878 66
85334267952367 91
85334325023542 91
85334325057748 23
85334325065371 66
85334392134001 91
85334392168055 23
85334459225688 66
85334459258071 91
85334526568643 23
85334526602625 66
85334526610381 91
85334593276169 23
85334593308723 66
85334660544197 91
85334660579972 23
85334737195664 66
85334737231315 91
85334737239269 23
85334794519842 66
85334794551712 23
85334794559398 66
85334794566543 91
85334929001517 91
85334929044462 23
85334929052010 66
85334995712845 91
85334995742923 23
85335062731808 66
85335062763443 91
85335062771129 23
85335141520129 66
85335141545746 23
85335141555179 66
85335196957204 91
85335263978455 23
85335264039357 66
85335264048630 91
85335398134658 91
85335465140860 23
85335465170510 66
85335465178111 91
85335532239739 23
85335532270677 66
85335532278106 91
85335599384313 23
85335599425019 66
85335599432820 91
85335666384817 23
85335666414167 66
85335740112486 91
85335740142300 23
85335807564615 66
85335807599820 91
85335807607109 23
85335874878441 66
85335874910776 91
85335942321974 23
85335942366219 66
85336009633821 91
85336009664597 23
85336009672188 66
85336077019836 91
85336077056014 23
85336136012633 66
85336136042939 91
85336203098105 23
85336203164559 66
85336203172442 23
85336203179424 66
85336269922843 91
85336337021039 23
85336337050544 66
85336404183776 91
85336471171911 23
85336471203761 66
85336471211367 91
85336538191126 91
85336605244030 23
85336605274019 66
85336605312093 91
85336679216357 23
85336679247981 66
85336746646572 91
85336746682576 23
85336813955428 66
85336813983567 91
85336881489771 23
85336881526499 66
85336881534295 91
85336948764697 23
85336948796384 66
85336948804197 91
85337016119351 23
85337016152192 66
85337074729347 91
85337074759751 23
85337074767225 66
85337141825695 23
85337141854316 66
85337141861938 91
85337290865867 23
85337290921549 66
85337352721093 91
85337416919616 91
85337416954966 23
85337416962515 23
85337477169527 66
85337477201894 91
85337477209347 23
85337554012554 66
85337554046287 91
85337611361024 23
85337611394260 66
85337611401817 91
85337678382896 23
85337678419358 66
85337678426990 91
85337756140871 23
85337756170169 66
85337812423339 91
85337812456135 23
85337812463899 66
85337885173917 91
85337946658690 23
85337946692131 66
85337946700173 91
85338013697759 23
85338013726233 66
85338080665518 91
85338080735397 23
85338080745732 66
85338159238919 91
85338159267009 23
85338159274411 23
85338214866350 66
85338214901484 91
85338214909062 23
85338288153853 66
85338288197372 23
85338288205245 91
85338349091923 23
85338349121743 66
85338426486638 91
85338426515415 23
85338426523101 66
85338483117507 91
85338483152457 23
85338483159741 66
85338550211135 91
85338550237641 23
85338628442029 66
85338628469993 23
85338628477872 66
85338628484932 91
85338684484866 23
85338751390480 66
85338751427258 91
85338818536793 91
85338895701951 23
85338895734308 66
85338895742076 91
85338952555488 23
85338952583001 66
85338952590518 91
85339019702373 23
85339019734174 66
85339019741536 23
85339087162921 66
85339087198056 91
85339154122741 23
85339233022867 66
85339233056278 91
85339287926363 91
85339364975007 23
85339365012976 66
85339365020654 91
85339422098326 23
85339422133489 66
85339489118502 23
85339489150194 66
85339489157759 91
85339556105902 23
85339632037112 66
85339632071865 91
85339690383319 91
85339757366315 23
85339757399589 66
85339824365681 23
85339824396527 66
85339824403919 91
85339958639308 23
85339958672025 66
85339958679943 91
85340025611752 23
85340025641558 66
85340092618254 91
85340159933845 23
85340159969159 66
85340159976975 91
85340233645040 23
85340301041533 66
85340301075235 91
85340368421024 91
85340435805776 23
85340435842898 66
85340435850266 91
85340503229398 23
85340503263370 66
85340562190160 91
85340562222214 23
85340629350828 66
85340629381543 23
85340629389625 66
85340696313047 91
85340763561108 91
85340830421980 23
85340830454888 66
85340830462517 91
85340897672243 23
85340897712348 66
85340964573693 23
85340964604225 66
85340964611935 91
85341034020600 91
85341034054142 23
85341105430606 66
85341105467470 23
85341105475554 66
85341172780919 91
85341172809824 91
85341240145316 23
85341240176671 66
85341307516589 91
85341307547204 23
85341374963306 66
85341374993690 91
85341442465344 23
85341442534208 66
85341442544829 91
85341501123375 23
85341501159681 66
85341501167405 91
85341568135866 91
85341635277643 23
85341635314747 66
85341713585714 23
85341713619895 66
85341713627649 91
85341769266083 91
85341836462446 23
85341836492977 66
85341903491463 91
85341903521567 23
85341980904844 66
85341980950442 91
85341980958651 23
85342037607563 66
85342037644060 91
85342037651496 23
85342104722069 66
85342104759567 91
85342182775804 23
85342182808438 66
85342182816185 23
85342239074094 66
