106424716378020 91
106424783871867 23
106424783907887 66
106424783917991 91
106424851132707 23
106424851167469 66
106424851175039 91
106424910064919 23
106424910098926 66
106424977303606 91
106425044355295 23
106425044397160 91
106425044405009 23
106425044412196 66
106425044419204 23
106425044426170 66
106425116418507 91
106425178502732 23
106425178539906 66
106425178547765 91
106425245863746 23
106425245905394 66
106425245912999 91
106425312491132 23
106425379677906 66
106425379716927 91
106425453432048 91
106425453469084 23
106425453476645 66
106425521451082 23
106425521483161 66
106425521490722 91
106425588085601 23
106425588117550 66
106425588125004 91
106425655458646 23
106425655494386 66
106425655501998 91
106425722888546 23
106425722927372 66
106425790286296 91
106425790323040 23
106425849187550 66
106425849221494 91
106425916202048 23
106425916236185 66
106425916243497 91
106425983255135 91
106425983287663 23
106425983295236 66
106426068029175 91
106426068069240 23
106426068076831 23
106426068084002 66
106426117690677 23
106426117728348 66
106426117736255 91
106426184451473 23
106426184480304 66
106426184487881 91
106426251484779 23
106426251516673 66
106426251524363 91
106426325068497 23
106426325102809 66
106426392442157 91
106426459810958 23
106426459843327 66
106426527192775 91
106426594584217 23
106426594619537 66
106426594627114 91
106426661948349 23
106426661979454 66
106426661986947 91
106426729323687 23
106426729357888 66
106426729365367 91
106426787989964 23
106426788024667 66
106426855156725 91
106426922258869 23
106426922294740 66
106426989156365 91
106427056367205 23
106427056399684 66
106427056407354 91
106427123351058 23
106427123382445 66
106427123389940 91
106427190336578 91
106427190365471 23
106427190389655 66
106427264183231 23
106427264225973 66
106427331590025 91
106427331626640 23
106427331634440 66
106427331641621 91
106427398925187 91
106427466314275 23
106427466347948 66
106427533669822 23
106427533706073 66
106427533713385 91
106427601124675 23
106427601168915 66
106427601176376 91
106427659935150 23
106427659962348 66
106427659969694 91
106427727292447 23
106427727323320 66
106427727330883 91
106427793935362 91
106427793971927 23
106427793979381 66
106427861192516 23
106427861224481 66
106427861232137 91
106427928180465 91
106427928215553 23
106427995160642 66
106427995191588 23
106427995199162 91
106427995206323 23
106428062191199 66
106428062229414 23
106428062236870 66
106428062243929 91
106428129530387 91
106428129561919 23
106428129569613 66
106428203241539 91
106428203270652 23
106428270617821 66
106428270649508 23
106428270657349 66
106428270664526 91
106428338021953 23
106428338050969 66
106428338058558 91
106428405420992 23
106428405459511 66
106428405467074 91
106428472763971 23
106428472804174 66
106428531689244 91
106428531724530 23
106428531732160 66
106428598841292 91
106428665923914 91
106428665967342 23
106428665975128 66
106428732928577 91
106428732968083 23
106428732975837 66
106428799951498 23
106428799987616 66
106428799995443 91
106428867121848 23
106428867154760 66
106428867162078 91
106428867169211 23
106428934151392 66
106428934184998 91
106429001291480 23
106429001328043 66
106429001335507 91
106429074970437 23
106429075008410 66
106429075015841 91
106429142365680 23
106429142396518 66
106429142404114 91
106429209728169 23
106429209763158 66
106429277187595 91
106429277225922 23
106429344577621 66
106429344629775 91
106429411974094 23
106429412010455 66
106429412018097 91
106429479299762 23
106429479334092 66
106429479341723 91
106429537813556 23
106429537846402 66
106429537853716 91
106429604783168 91
106429604819811 23
106429672245198 23
106429672306880 66
106429672317121 23
106429738898033 66
106429738936495 91
106429738944207 23
106429738951563 66
106429805922983 91
106429873214295 23
106429940327706 66
106429940359606 91
106429940367155 91
106429940374099 23
106430014089741 66
106430014120459 23
106430014127986 66
106430081498158 91
106430081537759 23
106430081545374 66
106430081552422 91
106430148806182 23
106430148842322 66
106430148849917 91
106430216213642 91
106430283564548 23
106430283596459 66
106430283604275 23
106430283611422 66
106430342435956 91
106430342468068 23
106430409631346 66
106430409665433 91
106430409706242 23
106430476733396 66
106430476779337 91
106430543691297 91
106430543726474 23
106430543734106 66
106430543741071 23
106430610759401 66
106430610791648 91
106430677873148 91
106430677907487 23
106430677915820 66
106430744881676 23
106430744914743 66
106430744922272 91
106430811897538 23
106430811925234 66
106430811932659 91
106430885773975 23
106430885807165 66
106430885814718 91
106430953213297 91
106431020581011 23
106431020616826 66
106431020624520 23
106431020631485 66
106431020639035 91
106431097833715 23
106431097869224 66
106431155300112 91
106431222778592 23
106431222812699 66
106431222820226 91
106431222827409 91
106431281327398 23
106431281366160 66
106431357524410 23
106431357557314 66
106431357564835 91
106431415514594 23
106431415548681 66
106431415556769 91
106431482801771 23
106431482840882 66
106431482850589 91
106431549605078 23
106431549643620 66
106431549651398 91
106431616889550 23
106431616924150 66
106431683798934 91
106431750852000 23
106431750883035 66
106431750890643 91
106431824879257 23
106431824909926 66
106431824918294 91
106431892257451 91
106431892288275 23
106431959679723 66
106431959711282 23
106431959718956 66
106431959725931 91
106432027043535 23
106432027078499 66
106432094383497 91
106432153308636 23
106432153339782 66
106432153347559 91
106432220328207 23
106432220358529 66
106432287345527 91
106432287379272 23
106432287386813 66
106432354480824 91
106432421534465 23
106432421565167 66
106432421573006 91
106432488696233 91
106432488730770 23
106432488738325 66
106432555606562 91
106432555638882 23
106432555646246 23
106432555653194 66
106432622802183 91
106432622841859 23
106432622849443 66
106432696584238 23
106432696617106 66
106432696624629 91
106432763945285 23
106432763977617 66
106432831514983 91
106432831562740 23
106432831570321 66
106432904995285 91
106432905031196 23
106432966122970 66
106432966160673 91
106432966168184 23
106433033539658 66
106433033576148 91
106433092252146 23
106433092287616 66
106433172412857 91
106433226409113 23
106433226442442 66
106433293502880 91
106433360450001 23
106433360480451 66
106433360488036 91
106433427492479 23
106433427531389 66
106433427538667 91
106433494667096 23
106433494704572 66
106433568363013 91
106433568398846 23
106433568406343 66
106433635723396 91
106433635756093 23
106433635763686 66
106433703073204 91
106433703120884 23
106433703129484 66
106433770490834 91
106433838077211 23
106433838118920 66
106433838126495 91
106433905326172 23
106433905376809 66
106433964145386 91
106433964175162 23
106433964182800 66
106434031431765 91
106434098190461 23
106434098223093 66
106434098230862 91
106434165252679 23
106434165290608 66
106434165298254 91
106434232340569 23
106434232369945 66
106434232377448 91
106434299402789 23
106434299442430 66
106434366443827 91
106434366475124 23
106434440034652 66
106434440068618 91
106434440076558 23
106434440083803 66
106434507401781 91
106434507433187 23
106434574847757 66
106434574877843 91
106434642168133 23
106434642202225 66
106434642210004 91
106434709525832 23
106434709561737 91
106434709569533 23
106434776948019 66
106434776986369 23
106434776993970 66
106434777000950 91
106434835956495 23
106434835991432 66
106434902919800 91
106434902954720 23
106434902962371 66
106434980873256 91
106434980908926 23
106435037030209 66
106435037065195 91
106435037073225 23
106435037080231 66
106435104266829 91
106435171145139 23
106435171183138 66
106435171190887 91
106435238460100 23
106435238498274 66
106435238505745 91
106435305447176 23
106435305483296 66
106435305490781 91
106435379157211 23
106435446553446 66
106435446590999 91
106435446600771 23
106435446608686 66
106435513903866 91
106435581274567 91
106435581312176 23
106435581319820 66
106435648666556 23
106435648700092 66
106435648707868 91
106435716031255 23
106435716063290 66
106435716071041 91
106435783403407 23
106435783433324 66
106435841900259 91
106435841934613 91
106435908893783 23
106435908925379 66
106435908932842 23
106435908939808 66
106435908946657 91
106435976068386 23
106435976105596 66
106436043084243 91
106436043115973 91
106436110092910 23
106436110123929 66
106436110131471 23
106436110138316 66
106436177456678 91
106436177492527 23
106436177500215 66
106436244327022 91
106436318312118 23
106436318361128 66
106436318368633 91
106436385675399 23
106436385708571 66
106436385716172 91
106436452983304 23
106436453014172 66
106436520384984 91
106436587749008 23
106436587784810 66
106436587792200 91
106436646651089 91
106436646680690 23
106436646688171 66
106436713886025 23
106436713930708 66
106436793270219 91
106436793307705 23
106436793315181 66
106436847859063 91
106436847892673 23
106436914940083 66
106436914971909 91
106436982031299 23
106436982061309 66
106436982068946 91
106437049170142 23
106437049203641 66
106437049211088 91
106437116073507 23
106437116106019 66
106437206660971 91
106437257389131 23
106437257420063 66
106437257427425 91
106437324769861 23
106437324807000 66
106437392105514 91
106437392138549 23
106437459454580 66
106437459492610 91
106437526841020 23
106437526870186 66
106437526877677 91
106437589322392 23
106437589354918 66
106437589362564 91
106437652830037 23
106437652862494 66
106437726759014 91
106437786906733 23
106437786939414 66
106437786946945 91
106437854115457 91
106437854147607 23
106437854154935 66
106437920882998 23
106437920916063 66
106437920923606 91
106437988021927 23
106437988059403 66
106437988067033 91
106438055314313 23
106438055364822 66
106438055375700 91
106438129089152 23
106438196471516 66
106438196507668 91
106438263810275 23
106438263850645 66
106438263858142 91
106438331204794 23
106438331237342 66
106438331244783 91
106438398554246 23
106438398588075 66
106438457402683 91
106438524569550 23
106438524604499 66
106438524612231 91
106438600739096 91
106438600785891 23
106438600793328 66
106438658602281 23
106438658636303 66
106438725692461 91
106438792932914 91
106438792981921 23
106438792989470 66
106438859923781 23
106438859962517 66
106438859969893 91
106438926958873 91
106438927002943 23
106438927010804 66
106439001071264 23
106439001103137 66
106439001110601 91
106439135508000 23
106439135540178 91
106439135547721 23
106439135555305 66
106439202903960 23
106439202938306 66
106439270281354 91
106439270312262 23
106439337647117 66
106439337677800 91
106439396331094 23
106439396358519 66
106439396366126 91
106439463398603 23
106439463434900 66
106439463442403 91
106439530456521 23
106439530487560 66
106439530495506 91
106439597510269 23
106439597540504 66
106439597547921 91
106439731640389 23
106439731677127 66
106439798893525 91
106439798962941 23
106439872510768 66
106439872549827 91
106439872557642 23
106439939893711 66
106439939926213 91
106440007261793 23
106440007295755 66
106440007304110 91
106440074592099 23
106440074623905 66
106440074631547 91
106440141987898 23
106440142020364 66
106440142027963 91
106440209383371 23
106440209415881 66
106440209423313 91
106440268308725 23
106440335443897 66
106440335541042 91
106440402427621 23
106440402459529 66
106440402467479 91
106440402474455 23
106440469442775 66
106440469474591 91
106440536460582 23
106440536493709 66
106440536501337 91
106440603493217 23
106440603526920 91
106440603553279 23
106440603561075 66
106440670667818 23
106440670705946 66
106440670713562 91
106440737710674 23
106440737744429 66
106440737752194 91
106440811645453 23
106440811683019 66
106440811690550 91
106440878961423 23
106440878996550 66
106440879003884 91
106440952162626 23
106440952198596 66
106441013713230 91
106441013745255 23
106441013752858 66
106441081167529 91
106441081201183 23
106441148498027 66
106441148531027 91
106441218376939 23
106441218413701 66
106441274190918 91
106441341484822 23
106441341526575 66
106441408408059 91
106441475518731 23
106441475555475 66
106441475563057 91
106441475570095 23
106441542471036 66
106441542509278 91
106441609615596 23
106441609649542 66
106441609657359 91
106441676795208 23
106441676823539 66
106441750689135 91
106441750723089 23
106441750730579 66
106441825480727 91
106441825517908 23
106441825525282 66
106441885518044 91
106441952794941 23
106441952824140 66
106441952831796 91
106442020170681 23
106442020199960 66
106442020207594 91
106442078972763 23
106442079004525 66
106442079012078 91
106442146162436 23
106442146196042 66
106442146203716 91
106442213142021 23
106442213172921 66
106442213180384 91
106442280166689 23
106442347339385 66
106442347374308 91
106442422487454 23
106442422543108 91
106442422550856 23
106442422557708 66
106442489740716 23
106442489774699 66
106442489782316 91
106442489789189 23
106442548580065 66
106442548623852 91
106442615512854 23
106442615546796 66
106442682589717 91
106442749584745 23
106442749621858 66
106442749629698 91
106442817484210 23
106442817519482 23
106442817527118 66
106442817533975 91
106442883830824 23
106442883863338 66
106442883870947 91
106442950852696 23
106442950888497 66
106442950896211 91
106443035020694 23
106443035056294 66
106443091955246 91
106443159454818 23
106443159489820 91
106443159498043 23
106443159505250 66
106443226703971 91
106443226739385 23
106443226746814 66
106443294160766 91
106443294194503 23
106443294202161 66
106443361488169 23
106443361525425 66
106443361533067 91
106443420391756 23
106443420425441 66
106443487672890 91
106443554601708 23
106443554632289 66
106443554639750 91
106443621596488 23
106443621632465 66
106443688720007 91
106443755613045 23
106443755643312 66
106443822719643 91
106443889812800 23
106443889845747 66
106443889853419 91
106443974564544 23
106443974599781 66
106443974607256 91
106444031075747 23
106444031118727 66
106444031128591 91
106444098418539 23
106444098450377 66
106444165796900 91
106444165828593 91
106444233203660 23
106444233240319 66
106444233248237 91
106444300518472 23
106444300550565 66
106444300558298 91
106444300565408 23
106444300572390 66
106444359474578 23
106444359515627 66
