102091988821031 91
102092068178615 91
102092123323782 23
102092123354033 66
102092123361671 23
102092123368669 66
102092199947717 91
102092257437418 23
102092257471084 66
102092257478839 91
102092330751566 23
102092330788177 66
102092391447009 91
102092391482158 91
102092458519818 23
102092458552441 66
102092525720398 23
102092525750274 66
102092525757896 91
102092525764787 91
102092603199558 23
102092603229782 66
102092603237233 23
102092659630613 66
102092659664625 91
102092659672462 91
102092726740361 23
102092726772211 66
102092804504727 91
102092804539375 23
102092804547202 66
102092860824864 91
102092860857764 23
102092860865412 66
102092927884935 23
102092927970574 66
102092927979738 91
102093006512581 91
102093006544659 23
102093006552033 66
102093062046062 23
102093062079557 66
102093062087162 91
102093134427425 23
102093134463536 66
102093134471063 91
102093201783968 23
102093201818073 66
102093201825721 91
102093269176615 23
102093269209116 66
102093336611899 91
102093403932631 23
102093403968699 66
102093471307786 91
102093538788054 23
102093538820829 66
102093538828545 91
102093606072844 91
102093606101393 23
102093673448876 66
102093673483178 23
102093673491248 66
102093673498341 91
102093740955892 23
102093740996056 66
102093741005840 91
102093799783844 23
102093799815913 66
102093799823509 91
102093866707020 91
102093866739027 23
102093933916201 66
102093933948194 23
102093933955797 66
102093933963064 91
102094000975167 23
102094001014799 66
102094001022491 91
102094068004470 23
102094068040285 66
102094068047993 91
102094135047912 23
102094135079804 66
102094135087375 91
102094202183172 23
102094202215042 66
102094269090544 91
102094269151790 91
102094343116776 23
102094343156925 66
102094343164643 23
102094343172840 66
102094343180057 91
102094410437570 91
102094410469382 23
102094477979409 23
102094478012472 66
102094545297490 23
102094545331885 66
102094545339323 91
102094612599728 91
102094612633964 23
102094612641352 66
102094671555665 91
102094671586222 23
102094671594016 66
102094671601950 23
102094738737053 66
102094738773926 91
102094805654010 23
102094805689418 66
102094805697068 91
102094872737158 91
102094872770573 23
102094939896258 66
102094939924479 91
102094939931852 23
102095006925889 91
102095006959408 66
102095006966963 23
102095006974114 23
102095006981565 66
102095073899688 91
102095147408822 23
102095147442923 66
102095147450430 91
102095214734408 23
102095214764641 66
102095214772186 23
102095214779298 66
102095282171076 91
102095282204590 23
102095282211853 66
102095342221130 91
102095409217552 91
102095409253359 23
102095409261415 23
102095486484111 66
102095486513077 23
102095486520753 66
102095543468804 91
102095610401046 23
102095610439206 66
102095610446683 91
102095685219929 23
102095685258127 66
102095685265738 91
102095744676881 91
102095811663630 23
102095811696548 66
102095811704085 23
102095811711968 66
102095811718892 91
102095889830480 23
102095889862907 66
102095889870446 91
102095946066943 23
102095946113000 66
102095946120658 91
102096013198341 23
102096013228819 66
102096085841835 91
102096085873654 23
102096146967744 66
102096147000945 91
102096147008189 91
102096214132421 23
102096214167264 66
102096214174928 23
102096292996730 66
102096293029940 91
102096348400326 23
102096348434133 66
102096348441736 91
102096424912143 23
102096424945566 66
102096424953119 91
102096482372110 23
102096482409910 66
102096549367726 91
102096549411697 23
102096549419767 66
102096626213744 91
102096683792956 91
102096683824925 23
102096683832564 66
102096750881533 23
102096750912708 66
102096750920394 91
102096828249235 23
102096828283645 66
102096828291345 91
102096884668020 91
102096952023681 23
102096952069803 66
102097029522572 91
102097029561625 23
102097029569150 66
102097086009355 23
102097086046449 66
102097086054094 91
102097152983850 23
102097153019105 66
102097231403437 91
102097287146513 23
102097287176786 66
102097287184258 91
102097354193267 23
102097354228211 66
102097354235971 91
102097432733535 91
102097432766475 23
102097488552492 66
102097488584433 23
102097488592334 66
102097488599650 91
102097555391918 23
102097555421050 91
102097634677289 23
102097634710231 66
102097689631139 23
102097689665674 66
102097756621537 91
102097823644508 23
102097823673894 66
102097823681320 91
102097901926533 23
102097901965420 66
102097957967784 91
102097958011749 23
102097958019578 66
102098024875585 91
102098103880046 91
102098103911387 23
102098103919151 66
102098103926149 91
102098158935969 23
102098158967370 66
102098226093854 23
102098226125789 66
102098226133479 91
102098293205477 23
102098293253222 66
102098371098035 91
102098427274186 91
102098427311996 23
102098494457585 66
102098494490399 91
102098494497815 23
102098494504765 66
102098573114250 91
102098573143254 23
102098573151112 66
102098628483600 23
102098628522637 66
102098628532946 91
102098695571701 91
102098695609603 23
102098695617171 66
102098774506857 91
102098774542420 23
102098774550202 66
102098829619737 23
102098829652543 66
102098829660422 91
102098907401998 91
102098907433711 23
102098963855439 66
102098963886655 23
102098963894381 66
102098963901397 91
102099107622437 91
102099107661293 23
102099107668973 66
102099164985042 91
102099165014599 23
102099165022393 66
102099232055015 23
102099232093221 66
102099232100724 91
102099309551221 23
102099309578787 66
102099309586165 91
102099366249198 23
102099366280651 66
102099433378584 91
102099433427222 23
102099500383884 66
102099500424708 91
102099500432134 91
102099576843244 23
102099576874810 66
102099576882655 23
102099576889726 66
102099646950491 91
102099701469957 91
102099701503953 23
102099701511536 66
102099701518647 91
102099778778747 23
102099778810575 66
102099778819138 23
102099835669379 66
102099835700490 91
102099909874693 91
102099909910103 23
102099909917612 66
102099969721263 91
102099969751756 23
102099969759347 66
102100036777918 91
102100036809933 23
102100036817468 66
102100103954307 23
102100103988776 66
102100103996382 91
102100182005615 23
102100182041840 23
102100182049357 66
102100182056469 91
102100238004633 23
102100238040927 66
102100312844127 91
102100372263951 23
102100372301898 66
102100372309447 91
102100439250423 23
102100439285013 66
102100506277431 91
102100585281621 23
102100640540725 66
102100640572300 91
102100717915408 91
102100717952895 23
102100717960500 66
102100786660013 23
102100786696131 66
102100786703755 91
102100841832009 91
102100841861478 23
102100918454683 66
102100918482913 91
102100918490454 23
102100975744027 66
102100975774724 23
102100975782332 66
102100975790132 91
102101042943399 91
102101116576781 23
102101116614431 66
102101116621938 23
102101116629024 66
102101176985086 91
102101177015109 23
102101177022578 66
102101243963313 91
102101321705381 23
102101321737915 66
102101321745388 91
102101378209518 23
102101378245431 66
102101445211959 91
102101523679989 23
102101523711880 66
102101523719294 91
102101584645069 23
102101584675827 66
102101646397752 91
102101713508248 91
102101713544666 23
102101713552165 66
102101791002877 23
102101791035509 66
102101791042898 91
102101847638988 23
102101847668917 66
102101931061009 91
102101989696612 91
102101989734178 23
102101989741681 66
102102048793649 23
102102048827211 91
102102048835007 23
102102048842182 66
102102115840538 23
102102115875679 66
102102115882918 91
102102182902442 91
102102182937697 23
102102182945506 66
102102250048057 23
102102250082631 66
102102250090216 91
102102317058967 23
102102384161640 66
102102451284049 91
102102451318852 23
102102451326411 66
102102528945449 91
102102597448376 91
102102597480449 23
102102597487813 66
102102652493543 91
102102652526350 23
102102652533827 66
102102729339233 23
102102729369371 66
102102729376926 91
102102786679148 23
102102786714226 66
102102786721701 91
102102853636123 23
102102853673758 66
102102853681263 91
102102930651848 23
102102930686486 66
102102987910774 91
102103055130355 23
102103055161711 66
102103055169499 91
102103132628796 91
102103190386731 23
102103190423324 66
102103190430962 23
102103190437849 66
102103190444614 91
102103256062433 91
102103256091449 23
102103323097850 66
102103323129984 23
102103323137716 66
102103323144636 91
102103399833198 23
102103399865941 66
102103399873581 91
102103480088626 91
102103480124558 23
102103524314242 66
102103524344553 23
102103524351978 66
102103601812739 91
102103601846681 91
102103664720780 23
102103664775062 66
102103664784836 23
102103664793399 66
102103737237266 91
102103792596380 91
102103792629101 23
102103792636767 66
102103792643672 91
102103869113334 23
102103869149203 66
102103869157124 23
102103869164241 66
102103869171299 91
102103926647217 23
102103993835681 66
102103993870518 91
102104060873154 91
102104060907700 23
102104060915213 66
102104127878536 91
102104127911175 23
102104127918680 66
102104206494098 91
102104206533479 23
102104206541006 66
102104262389363 23
102104262436111 66
102104262443786 91
102104329084289 23
102104329117286 66
102104329124660 91
102104408326850 23
102104408363437 66
102104408370970 91
102104463295150 23
102104539555399 66
102104539585465 91
102104539592867 23
102104609727583 66
102104609766479 91
102104664426277 23
102104664462058 23
102104664469555 66
102104741894571 91
102104741926856 91
102104741934449 23
102104798591807 66
102104798625983 23
102104875399599 66
102104875436375 91
102104875443830 23
102104940569840 66
102104940606443 91
102104999886058 23
102104999927404 66
102105066962478 91
102105144779593 23
102105144810421 66
102105200944172 91
102105268103453 91
102105268148446 23
102105268156078 66
102105268163015 23
102105341395519 66
102105402098684 91
102105469118150 23
102105469150485 91
102105548085142 23
102105548117982 66
102105548126042 23
102105548133046 66
102105548140070 91
102105603312192 23
102105679933854 66
102105679965627 91
102105679973206 23
102105737356038 66
102105737387788 91
102105804659636 23
102105804693265 66
102105804701049 91
102105871557512 23
102105871588384 66
102105938623476 91
102105938657402 91
102106017317420 23
102106017354117 66
102106017361729 23
102106017368713 66
102106017375640 91
102106072860853 23
102106072893529 66
102106139876710 91
102106139910284 91
102106206853185 23
102106206885208 66
102106274045471 23
102106274086638 66
102106274095006 91
102106350458686 23
102106350491514 66
102106408088487 91
102106408119394 91
102106475104625 23
102106475137508 66
102106542296687 91
102106542326870 23
102106542334362 66
102106542341517 23
102106617441679 66
102106617478077 91
102106617485771 23
102106687982447 66
102106688018029 91
102106743415916 91
102106743448707 23
102106743456057 66
102106810549301 23
102106810578627 66
102106810586130 91
102106889734836 91
102106889769870 23
102106889777381 66
102106944783458 23
102106944818608 66
102106944826508 91
102107018303540 91
102107018342195 23
102107018350197 66
102107091041279 91
102107091076200 23
102107145974684 66
102107146006079 91
102107146013624 23
102107146020590 66
102107213264455 23
102107213299740 66
102107213308989 91
102107280108456 91
102107280141006 23
102107280148664 66
102107358924916 23
102107358958870 66
102107358966590 91
102107421072712 23
102107421101002 66
102107481234184 91
102107481261617 91
102107560349979 23
102107560381579 66
102107560388790 23
102107560395621 66
102107560402573 91
102107615307773 91
102107615347331 23
102107692104079 66
102107692142581 23
102107692152687 66
102107692162181 91
102107749493028 23
102107749524775 66
102107749532407 91
102107816548496 23
102107816580451 66
102107886192538 91
102107886231877 91
102107950815154 23
102107950874039 66
102108017690616 23
102108017724051 66
102108017731729 91
102108084784783 23
102108084821734 66
102108084829941 91
102108158805549 23
102108158840476 23
102108158848021 66
102108226233968 91
102108293651813 23
102108293693986 66
102108293701720 91
102108369405083 91
102108369450518 23
102108369458317 23
102108369465401 66
102108428297086 91
102108428332639 23
102108428340440 66
102108487253593 91
102108487283914 23
102108487291489 66
102108554205445 91
102108554239214 23
102108554246809 66
102108621625979 91
102108621669363 23
102108688427299 66
102108688463282 91
102108688470902 23
102108688477974 66
102108755587700 23
102108755626044 66
102108755633786 91
102108822470452 23
102108822506043 66
102108822513618 91
102108889649120 23
102108889683434 66
102108956803328 91
102109030527463 23
102109030556388 66
102109030563893 91
102109097925748 23
102109097962140 66
102109097969403 91
102109165322766 91
102109232669717 23
102109232702253 66
102109232710175 91
102109300027332 23
102109300056706 66
102109300064504 23
102109300071454 66
102109367520723 91
102109367553460 23
102109426197510 66
102109426229431 91
102109493148773 23
102109493181733 66
102109493189206 91
102109560169201 23
102109560204088 66
102109560211581 91
102109627353743 23
102109694280429 66
102109694314590 91
102109761311071 23
102109761341873 66
102109761349366 91
102109834860610 23
102109902274654 66
102109902310262 91
102109970531049 91
102109970570852 23
102109970578383 66
102110037062082 23
102110037105719 66
102110037113170 91
102110104408356 23
102110104447647 66
102110104455029 91
102110171786069 23
102110171822965 66
102110239123242 91
102110298035767 91
102110298067746 23
102110298075537 66
102110298082569 23
102110365053039 66
102110365087579 91
102110432088233 23
102110432117629 66
102110432125044 91
102110499107229 23
102110499140358 66
102110499147811 91
102110566247536 91
102110566275116 23
102110633306142 66
102110633340241 23
102110633348188 66
102110633355520 91
102110767311320 23
102110767340748 66
102110767348368 91
102110841354377 23
102110841384274 66
102110841392107 91
102110976234052 23
102110976289402 66
102111043445896 91
102111110855862 23
102111110892684 66
102111110900251 91
102111169772697 23
102111169807671 66
102111169815021 91
102111237357936 91
102111303905342 23
102111303940761 66
102111371115136 23
102111371145932 66
102111371153552 91
102111438332924 23
102111438370050 66
102111505087360 91
102111572208489 23
102111572246965 66
102111639422789 91
102111713076157 91
102111713118155 23
102111713125697 66
102111780456028 23
102111780491672 66
102111780499485 91
102111847885636 91
102111847925818 23
102111847933355 66
102111915203077 23
102111915236740 66
102111915244309 91
102111982660394 91
102111982693809 23
102111982701338 66
102112050053856 23
102112050094048 66
