85631503084336 91
85631560646769 23
85631627715282 66
85631627751744 91
85631694794743 23
85631761970503 66
85631762010108 91
85631840361405 91
85631840392254 23
85631895982438 66
85631896011956 91
85631963025010 23
85631963057429 66
85631963065043 91
85632042320672 23
85632042350684 66
85632042358655 91
85632102527968 23
85632102560958 66
85632102568415 91
85632164350544 23
85632164377482 66
85632243607517 23
85632243640312 66
85632243647869 91
85632298327951 23
85632375549187 66
85632375577847 91
85632432654169 23
85632432688491 66
85632499603803 91
85632576928953 91
85632576963653 23
85632633714302 66
85632633743008 91
85632633750731 23
85632700760160 66
85632700788831 91
85632700796505 23
85632778819807 66
85632778859435 91
85632834986632 23
85632835019713 66
85632835027417 91
85632835034423 23
85632902115950 66
85632902147997 91
85632902156248 23
85632969361026 66
85632969394644 91
85633035986609 23
85633036017226 66
85633036025019 91
85633036032063 23
85633103159955 66
85633103195812 91
85633170680859 91
85633247988261 23
85633248022581 23
85633248030094 66
85633304305667 91
85633304337414 23
85633304345167 66
85633371531257 23
85633371578268 66
85633371585672 91
85633515218387 91
85633515249965 23
85633572548324 66
85633572580414 23
85633572587792 66
85633639571104 91
85633726800324 23
85633726835831 66
85633779352871 91
85633840819348 23
85633918508683 66
85633918541595 91
85633985563944 91
85634041959425 23
85634041994653 66
85634042002152 91
85634132679001 23
85634132713695 66
85634132721421 91
85634176335849 23
85634176369658 66
85634243406055 23
85634243440643 91
85634243448409 23
85634243455393 66
85634310273294 23
85634310301768 66
85634380491500 91
85634444547340 23
85634444579069 66
85634511608806 91
85634578657282 23
85634645706686 66
85634645735496 91
85634712704973 23
85634788766961 23
85634788804095 66
85634788811958 91
85634913918796 23
85634913951417 66
85634913958873 91
85635059177786 23
85635059209292 66
85635059216915 91
85635115060582 91
85635182082796 23
85635182113880 66
85635182121481 91
85635261117123 23
85635261150190 66
85635316253077 91
85635316288132 23
85635316295623 66
85635391585261 23
85635391618000 66
85635462485115 91
85635462524617 91
85635517533155 23
85635517567017 66
85635594286991 91
85635594322679 23
85635594330306 66
85635660164926 91
85635718677184 23
85635718707372 91
85635718714893 23
85635787161094 23
85635787186966 66
85635787194646 91
85635852729827 91
85635852763097 23
85635931657806 14
85635931688904 91
85635931696469 23
85635931703445 14
85635986992828 66
85635987028472 91
85636063586037 23
85636063620136 91
85636121067873 23
85636121105746 14
85636121113363 66
85636188351929 91
85636255143347 23
85636322395613 66
85636322426015 91
85636456400588 23
85636456435234 91
85636456442852 14
85636456449906 23
85636532790806 66
85636532823772 91
85636532831269 23
85636602818757 23
85636602853104 66
85636602860816 91
85636657614508 91
85636724804086 23
85636724833818 14
85636724841705 23
85636724848864 91
85636791729495 14
85636791759201 91
85636858900282 23
85636858933100 14
85636858940494 91
85636925895697 23
85636925933477 14
85636925943790 23
85636925951132 91
85636992917768 14
85636992946509 23
85636992953983 66
85636992961096 91
85637060129290 23
85637060162681 66
85637060170749 91
85637127298265 23
85637127332247 66
85637127339744 91
85637194149908 23
85637194179333 23
85637194187021 66
85637194193878 91
85637273268460 23
85637273303261 66
85637328389012 91
85637328425804 23
85637405218443 66
85637405252236 23
85637405259942 66
85637469278274 23
85637469313348 66
85637606535366 91
85637663708218 91
85637730608694 23
85637730644358 66
85637730651990 91
85637808433713 91
85637864845269 23
85637864878656 66
85637864886670 91
85637939577422 23
85637939608675 66
85637998851646 91
85637998880718 23
85637998889152 66
85638066032652 23
85638066064431 66
85638066071811 91
85638200083551 23
85638200114630 91
85638277771403 23
85638277801638 23
85638277808982 66
85638334254832 23
85638334289498 66
85638334296900 91
85638404738073 23
85638468337100 66
85638468366273 91
85638544936219 23
85638602568839 66
85638602602849 91
85638701400171 91
85638736791690 23
85638736826688 66
85638736834907 91
85638815212218 23
85638815247485 66
85638870701893 91
85638870735304 23
85638870742841 66
85638948136404 23
85638948167744 66
85638948175325 91
85639004836252 91
85639071982388 23
85639072014576 66
85639146199972 91
85639146231593 23
85639146239148 66
85639146246168 91
85639218659720 23
85639218693348 66
85639273133967 91
85639351464772 23
85639351494180 66
85639351501860 23
85639407264564 23
85639407296776 66
85639407304649 91
85639474357321 91
85639541514289 23
85639541546338 66
85639541553867 91
85639614391832 23
85639614429441 66
85639614437091 91
85639675736075 23
85639675786539 66
85639675797188 91
85639742693016 23
85639742733475 66
85639820607638 23
85639820640852 66
85639820649341 91
85639876802063 91
85639943788978 23
85639943827391 66
85640029752966 91
85640078090246 23
85640078133666 66
85640078141255 91
85640145022576 23
85640145056174 66
85640223875878 91
85640223910679 23
85640223918317 66
85640279261494 91
85640355770633 23
85640355806850 66
85640413239683 23
85640413270765 66
85640413278308 91
85640554922819 23
85640554960722 66
85640554968245 91
85640689665012 23
85640689701974 66
85640689709716 91
85640815869270 23
85640815899432 66
85640815907154 91
85640882874432 91
85640949831023 23
85640949866219 66
85640949873842 91
85641017058442 23
85641017097346 66
85641084004587 91
85641084037459 23
85641084045268 66
85641151353981 91
85641151382313 23
85641151389991 66
85641218131171 91
85641291876594 23
85641291909005 66
85641291916948 23
85641291923902 66
85641359276665 91
85641426640469 23
85641426670804 66
85641494000922 91
85641561414255 91
85641628753271 23
85641628783669 66
85641628791339 91
85641687529385 23
85641687558145 66
85641754722049 91
85641754755083 23
85641754762866 66
85641821741408 23
85641821774475 66
85641821782399 91
85641955762021 23
85641955793581 66
85641955801353 91
85642022787016 23
85642022818265 66
85642089983348 91
85642231023586 23
85642231057135 66
85642231065051 91
85642298361661 23
85642365715486 66
85642365749981 91
85642443765779 23
85642443803199 66
85642443811342 91
85642567939761 23
85642567975753 66
85642567983322 91
85642693546922 23
85642693581554 66
85642760679670 91
85642827794107 23
85642827827120 66
85642827834566 91
85642961878047 91
85642961915177 23
85643028990780 66
85643029021983 23
85643029029433 66
85643095861517 91
85643170047501 91
85643170076038 23
85643237418683 66
85643237447632 91
85643237467719 23
85643237475516 66
85643304852602 91
85643304883725 23
85643372254189 66
85643372287401 91
85643439566505 23
85643439602674 66
85643439610376 91
85643500104485 23
85643500134687 66
85643500142132 91
85643565425027 23
85643565459860 66
85643565467483 91
85643632483410 23
85643632511514 66
85643699796506 91
85643699847950 23
85643699855543 66
85643766551656 23
85643766580871 66
85643766588482 91
85643900740969 91
85643900772368 23
85643900780471 66
85643974488078 91
85643974523754 23
85644041750635 66
85644041780788 23
85644041788544 66
85644109154360 91
85644176579333 91
85644176613907 23
85644176621552 66
85644243929988 91
85644311286965 23
85644311320185 66
85644311327821 91
85644370206468 23
85644370237187 66
85644370244618 91
85644437362871 23
85644437425420 66
85644504360704 23
85644504396174 66
85644504403569 91
85644571379898 23
85644571409168 91
85644638473856 23
85644638504244 66
85644705546899 23
85644705592656 66
85644772571285 91
85644839611828 23
85644913574343 66
85644913605266 91
85644980894753 23
85644980923127 66
85645048394494 91
85645115655193 23
85645183044690 66
85645183077501 91
85645250413277 91
85645250441732 23
85645309323038 66
85645309358535 91
85645376101723 23
85645376133844 66
85645443384546 23
85645443416527 66
85645443424130 91
85645577478883 23
85645577506948 66
85645577514348 91
85645644513066 91
85645711641722 23
85645711683821 66
85645778531037 91
85645778560433 23
85645778568073 66
85645778575223 91
85645852592111 23
85645852621998 66
85645920020629 91
85645920052107 23
85645987340896 66
85645987374691 91
85645987382047 23
85646054719529 66
85646054749591 91
85646054757269 23
85646122098938 66
85646122128710 91
85646180972424 23
85646181002184 66
85646181009741 91
85646260950254 23
85646260986369 66
85646260994185 23
85646315183698 66
85646315218746 91
85646382209062 23
85646382240143 66
85646382247827 91
85646516267289 23
85646516301375 66
85646516309057 91
85646583443507 91
85646650510422 23
85646650541687 66
85646724311398 91
85646724344793 23
85646724352642 66
85646791699722 91
85646791736694 23
85646859100628 66
85646859133912 23
85646859141343 66
85646926462590 91
85646993845171 23
85646993873658 66
85647064717890 91
85647119953281 91
85647119989371 23
85647196598055 66
85647196631560 91
85647254185766 23
85647254217332 66
85647254224787 91
85647321102481 23
85647321130561 66
85647321138064 91
85647402979246 23
85647403014204 66
85647403021960 91
85647461992382 23
85647462023625 66
85647462031176 91
85647529411744 23
85647603864627 66
85647603895575 91
85647667011701 23
85647667041537 66
85647667049175 91
85647731533612 23
85647731563462 66
85647731571172 91
85647798936209 23
85647798968222 66
85647857694332 91
85647857728680 23
85647857736507 23
85647925797676 66
85647925827020 91
85647991730211 23
85647991765809 66
85648059175223 23
85648059217477 66
85648059225388 91
85648192977705 91
85648193012846 23
85648260004274 66
85648260040879 91
85648333754944 23
85648333790240 23
85648333797996 66
85648333805119 91
85648401245469 23
85648401293219 66
85648401300769 91
85648468551523 23
85648468584966 66
85648535912782 91
85648535948993 23
85648535957556 66
85648613645517 23
85648613682122 66
85648613689744 91
85648662479732 91
85648729489579 23
85648729522089 66
85648807847372 91
85648807876166 23
85648863702673 66
85648863736861 91
85648930636094 23
85648930665816 66
85648997667893 23
85648997700493 66
85648997709052 91
85649064878200 23
85649064908849 66
85649131905660 91
85649198912934 23
85649198940208 66
85649198947782 91
85649333146236 23
85649333171677 66
85649333179234 91
85649400154080 23
85649467422933 66
85649467457251 91
85649534211713 23
85649534245468 66
85649534253619 91
85649668525052 23
85649668555036 66
85649668563182 91
85649745081298 23
85649802485161 66
85649802517984 91
85649876544235 23
85649876579131 66
85649876586722 91
85649936699592 23
85650010758926 66
85650010807460 91
85650080885483 91
85650080917895 23
85650137952414 66
85650137982937 91
85650204914641 23
85650204945383 66
85650204953481 91
85650280139361 23
85650280169688 66
85650346763426 23
85650346794598 66
85650346802198 91
85650414289678 23
85650481528066 66
85650481559449 91
85650541362261 23
85650607391342 66
85650607424904 91
85650674493853 23
85650674531883 66
85650741525091 91
85650808478948 91
85650808513108 23
85650875559140 66
85650875589035 91
85650942729698 23
85650942765412 66
85651009646477 23
85651009676885 66
85651009684450 91
85651083713169 91
85651151100502 23
85651151134985 66
85651151142916 91
85651218499813 23
85651218536828 66
85651285863216 91
85651285896010 23
85651285925714 66
85651355424562 91
85651355458122 23
85651412259416 66
85651412290621 23
85651412298198 66
85651412305309 91
85651553285226 23
85651553316923 66
85651553324810 91
85651688042401 23
85651688077031 66
85651688084651 91
85651755492311 23
85651822770635 66
85651822801731 91
85651948625284 23
85651948659830 66
85651948667632 91
85652082876172 91
85652082914825 23
85652082922600 66
85652149835642 23
85652149868395 66
85652216793025 91
85652284092200 23
85652284130857 66
85652284138565 91
85652351037907 91
85652430410291 23
85652430444766 66
85652485153051 91
85652485180241 23
85652562295523 66
85652562333516 91
85652562341082 23
85652619461834 66
85652619494996 91
85652686324768 23
85652686359368 66
85652686367140 91
85652764262754 23
85652764302911 66
85652764310545 91
85652820642287 23
85652820672813 66
85652820679978 23
85652820687225 66
85652820694066 91
85652965686032 23
85652965722221 66
85653021849619 91
85653088741030 23
85653088772888 66
85653088780911 91
85653166846319 91
85653222971712 23
85653223004280 66
85653223011638 91
85653296601329 23
85653296635846 66
85653368778554 91
85653368808757 23
85653368816147 66
85653424203321 91
85653491225996 23
85653491258417 66
85653491265819 23
85653566333686 66
85653566370288 91
85653692523181 23
85653692552227 66
85653692559664 91
85653826494079 23
85653826528761 66
85653826536339 91
85653893697151 91
85653960905024 23
85653960940382 66
85653960948078 91
85654027803450 23
85654027854025 66
85654094745428 91
85654094775667 23
85654094783608 23
85654168529350 66
85654168556353 91
85654235912089 23
85654235946019 66
85654303323024 91
85654303354661 23
85654370704157 66
85654450008748 23
85654450045645 66
85654450053486 91
85654564277712 23
85654564307411 66
85654564315089 91
85654631385312 91
85654631414422 23
85654706786801 66
85654706823734 91
85654765426322 23
85654765458744 66
85654765466289 91
85654832532092 23
85654832564624 66
85654832572289 91
85654899606094 23
85654899634818 66
85654899642419 91
85654966721259 23
85654966756559 66
85654966764162 91
85655033665864 23
85655033733635 66
85655107642867 91
85655107676190 23
85655107683747 66
85655177708607 91
85655177737400 23
85655234949588 66
85655234983866 91
85655301882735 23
85655301912860 66
85655301920278 91
85655379672068 23
85655379705742 66
85655379713432 91
85655379721122 23
85655436124543 23
85655436158204 66
85655436165677 91
85655508499957 23
85655508537454 66
85655508545292 91
85655570246762 23
85655570278558 66
85655570286029 91
85655646981842 23
85655647016022 66
85655647023500 91
85655704323314 23
85655704351662 66
85655704359678 91
85655771528974 23
85655771563067 66
85655848940086 23
85655848977041 66
