85381807541678 91
85381874876480 23
85381950932085 66
85381950963724 91
85382008843294 23
85382008874867 66
85382075820031 91
85382154182293 91
85382215991364 23
85382216044059 66
85382216053845 91
85382277046943 23
85382277077145 66
85382277084753 91
85382356164722 23
85382356195542 23
85382356203269 66
85382419158300 91
85382419191149 23
85382419198580 66
85382478342533 23
85382478377131 91
85382545327331 23
85382545362720 66
85382545370573 91
85382623415956 23
85382623445221 66
85382623452964 91
85382679533987 23
85382679568655 66
85382679576125 91
85382746607047 23
85382746636982 66
85382819901215 23
85382819938806 66
85382819946415 91
85382880753744 23
85382947711658 66
85382947753266 91
85383026621001 91
85383081950940 23
85383081986801 66
85383081994495 91
85383158566829 23
85383158607950 66
85383216039068 91
85383216074162 23
85383283190760 66
85383283223264 91
85383350195126 23
85383350229997 66
85383350237269 91
85383417351802 23
85383417394804 66
85383417402353 91
85383495934831 23
85383495978611 66
85383495986605 91
85383551325349 23
85383551356969 66
85383625828078 91
85383625872372 23
85383625882737 66
85383697180281 91
85383697221676 23
85383752457604 66
85383752486949 91
85383829026454 23
85383829059302 66
85383829066967 23
85383886686993 66
85383886718527 91
85383953744994 23
85383953783840 66
85384020715883 91
85384087922783 91
85384166392290 23
85384166430003 66
85384166437615 91
85384221976563 23
85384222010688 66
85384222018171 91
85384289441676 23
85384289470622 66
85384289478227 91
85384368332640 23
85384368371940 66
85384424479994 23
85384424518878 66
85384496808978 91
85384569660989 91
85384624435901 23
85384624472204 66
85384624479564 91
85384701557648 23
85384701593325 66
85384701600975 91
85384758564652 23
85384758600533 66
85384825674275 23
85384825706552 66
85384825714606 91
85384959688209 23
85384959721709 66
85384959729198 91
85385026859642 91
85385104754811 23
85385104784195 66
85385104791861 91
85385160924117 23
85385160957178 66
85385228141007 91
85385228205317 23
85385228213868 23
85385304691326 66
85385304721939 91
85385362110791 23
85385362142838 66
85385362150299 91
85385429140409 23
85385429173891 66
85385496403206 23
85385496439254 66
85385496466339 91
85385573974322 23
85385574012631 66
85385630397655 91
85385697474565 23
85385697509439 91
85385764687377 23
85385764730670 66
85385764738298 91
85385831559937 23
85385831596215 66
85385831603991 91
85385898757777 23
85385898794117 66
85385977236006 91
85385977269930 23
85386032828278 66
85386032862439 23
85386032870067 66
85386032877035 91
85386109115988 23
85386166835556 66
85386166868104 91
85386234150318 91
85386310421662 23
85386310452100 66
85386378260466 91
85386378400294 23
85386378411508 66
85386435190903 91
85386435230926 23
85386435239439 66
85386502377074 91
85386569357598 23
85386569388933 23
85386569396909 66
85386569403971 91
85386636393653 23
85386636427617 66
85386636435150 91
85386703504313 23
85386703539502 66
85386770813829 91
85386770859403 23
85386770866970 66
85386849733494 91
85386849765095 23
85386904718949 66
85386904755049 91
85386981576119 23
85386981608361 66
85387038797003 91
85387038831707 23
85387038839351 66
85387038846401 91
85387116926218 23
85387116956008 66
85387172911347 91
85387239925847 23
85387239958081 66
85387239965825 91
85387318927808 23
85387318958333 66
85387318966075 91
85387374372670 23
85387374401308 66
85387441133911 91
85387441164202 23
85387508177877 66
85387508215591 23
85387586261916 66
85387586295112 91
85387642296536 91
85387642327072 23
85387709541581 66
85387709619754 91
85387788114841 23
85387788148115 66
85387788155866 91
85387843601158 23
85387843635550 66
85387843643158 91
85387910580189 23
85387910612910 66
85387977754002 91
85387977787612 23
85388055322289 66
85388055355201 91
85388055362617 23
85388111921334 66
85388111959717 91
85388178796912 23
85388178829056 66
85388178836412 91
85388251345192 23
85388251378629 66
85388318727441 23
85388318761619 66
85388318769119 91
85388447125860 23
85388447158386 66
85388447166287 91
85388526364054 91
85388581287571 23
85388581316355 66
85388581323973 91
85388658285660 23
85388658315605 66
85388658323283 91
85388715596364 23
85388715629636 66
85388789001367 91
85388856378314 23
85388856410739 66
85388856418395 91
85388923776418 23
85388923806985 66
85388923814713 91
85388991154608 23
85388991183996 66
85389058528126 91
85389058558079 23
85389126080075 66
85389126122763 91
85389126130197 23
85389193284888 66
85389193313118 91
85389193320536 23
85389251960546 66
85389251990282 23
85389251998300 66
85389318908839 91
85389386235881 23
85389386277988 66
85389453304382 91
85389453334981 91
85389520516867 23
85389520550367 66
85389587165269 23
85389587195408 66
85389587203494 91
85389721458956 23
85389721489846 66
85389721497524 91
85389788472088 91
85389866641927 23
85389866674553 66
85389866681946 91
85389922700749 23
85389922734401 66
85389989713270 91
85389989744916 23
85389989752482 66
85390063625371 23
85390063654760 66
85390063662825 91
85390123755819 91
85390190856491 23
85390190891496 66
85390269905912 23
85390269938635 66
85390269946303 91
85390325009422 23
85390401879163 66
85390401907330 91
85390464502040 91
85390537342691 23
85390537376260 66
85390593260676 91
85390593293514 23
85390593301779 66
85390593308777 91
85390660273002 23
85390660299286 66
85390739099853 91
85390739129900 23
85390800860704 66
85390800896804 91
85390800904333 23
85390861522418 66
85390861555978 91
85390940413728 23
85390940448048 66
85390940455611 91
85390995796139 23
85390995828156 66
85391072340602 91
85391072371846 23
85391072379411 66
85391129852258 91
85391129890357 23
85391196961304 66
85391196996147 23
85391197003907 66
85391197011000 91
85391331148498 23
85391331179229 66
85391331187147 91
85391402736812 91
85391475616075 23
85391475649295 66
85391532302664 91
85391532333183 23
85391599209933 66
85391599241987 91
85391599249491 23
85391677517889 66
85391677550466 91
85391740565886 23
85391740601399 66
85391740608966 91
85391800443489 23
85391800476564 66
85391867592081 91
85391867638027 23
85391867648618 66
85391934591004 91
85391934632835 23
85391934643492 66
85392010610956 23
85392010647863 66
85392010655748 91
85392143458708 23
85392143489094 66
85392143496862 91
85392202774669 91
85392269959200 23
85392269994319 66
85392270002071 91
85392348058786 23
85392348090807 66
85392404005210 91
85392404037058 23
85392404044562 66
85392471146100 23
85392471178481 66
85392471185789 91
85392538179981 91
85392605151925 23
85392605182876 66
85392605190405 91
85392672367694 23
85392672397118 66
85392672404902 91
85392739878266 23
85392739905180 66
85392817223813 23
85392817257171 66
85392817264859 91
85392940587148 23
85392940623765 66
85392940631789 91
85393007802135 91
85393074607406 23
85393074641414 66
85393141823291 91
85393141877881 23
85393141886086 66
85393220487991 91
85393220523569 23
85393275935134 66
85393275968262 23
85393275976072 66
85393275983157 91
85393352461327 91
85393417388994 23
85393417421246 66
85393417428775 91
85393487801809 23
85393487838583 66
85393544141516 23
85393544173471 66
85393544180970 91
85393689674664 23
85393689705790 66
85393689714061 91
85393745304326 91
85393812333403 23
85393812368920 66
85393812376640 91
85393887690336 23
85393887726998 66
85393887734595 91
85393946579437 23
85393946612187 66
85394013857960 91
85394080704484 23
85394080736157 66
85394080743845 91
85394147733336 23
85394147766397 66
85394147773866 91
85394214759696 23
85394214792821 66
85394281963409 91
85394281992558 23
85394282000489 66
85394349040734 91
85394349085552 23
85394425801519 66
85394425838452 91
85394489871763 23
85394489905160 66
85394489912524 91
85394557275445 23
85394557304497 66
85394557312358 23
85394624638241 66
85394624671194 91
85394691998272 23
85394692033646 66
85394759445677 91
85394826781920 23
85394826819342 91
85394885522840 23
85394885555825 66
85394885563360 91
85394952516065 23
85394952548538 66
85394952556343 91
85395019752038 23
85395019782032 66
85395019789462 91
85395086767466 23
85395086802152 66
85395153725596 91
85395153768316 23
85395153778279 66
85395220743732 91
85395220773667 23
85395287943700 66
85395287974090 23
85395354990879 66
85395355072218 91
85395428973432 23
85395429008664 66
85395496365313 91
85395563734932 91
85395563768277 23
85395631255703 66
85395631305397 91
85395631313097 23
85395698549553 66
85395698584966 23
85395698592662 66
85395698599726 91
85395824756540 91
85395824789563 23
85395824797134 66
85395891432969 91
85395891468219 23
85395958538015 66
85395958568825 91
85395958576320 23
85395958583261 66
85396025663609 91
85396092764780 23
85396092800997 66
85396092808972 91
85396159758869 23
85396159795205 66
85396159802858 91
85396226710094 23
85396226737470 23
85396226744935 66
85396301385166 91
85396301418535 23
85396361095009 66
85396361127326 91
85396361134724 23
85396427968709 66
85396428006571 91
85396506130522 23
85396506167909 23
85396506175652 66
85396506182591 91
85396562207681 23
85396562244521 66
85396562251929 91
85396629273377 23
85396629308264 66
85396702225217 23
85396702256214 66
85396702263622 91
85396763348867 91
85396763379556 23
85396830436897 66
85396830473536 91
85396909449936 23
85396909480183 66
85396909487788 91
85396964452261 23
85396964483399 66
85396964490888 91
85397041319983 23
85397041360865 66
85397098690456 91
85397098730375 23
85397166894683 66
85397166922478 91
85397166930256 23
85397242598816 66
85397242633894 91
85397299915005 23
85397299945801 66
85397299953507 91
85397367129281 23
85397367161627 23
85397367168973 66
85397367176076 91
85397444536123 23
85397444571166 66
85397501011745 91
85397501039343 23
85397568099792 66
85397568127872 91
85397568135560 23
85397645818428 66
85397645850121 23
85397645857628 66
85397645864664 91
85397702227530 91
85397769347088 23
85397769378532 66
85397769386256 91
85397847797430 23
85397847830259 66
85397903729445 91
85397903762814 23
85397970478323 66
85397970512889 91
85398049263341 23
85398049297193 66
85398049304821 91
85398104668325 23
85398104700262 66
85398104707916 91
85398181110721 23
85398181154214 66
85398251048932 91
85398251078097 23
85398251085935 66
85398306019083 91
85398372933103 23
85398372967367 66
85398372974992 91
85398440000811 23
85398440034475 66
85398440042029 91
85398518325772 23
85398518356999 23
85398518364689 66
85398518371765 91
85398574299627 23
85398574329481 66
85398574337568 91
85398641188982 23
85398641222194 23
85398641229588 66
85398641236550 91
85398720280314 23
85398720313737 66
85398775216634 91
85398775247386 23
85398842421337 66
85398842451568 23
85398842459469 66
85398842466555 91
85398984233138 23
85398984275466 66
85398984284077 91
85399118894552 91
85399118925994 23
85399177696107 66
85399177730894 91
85399244867194 23
85399244912911 66
85399244920675 91
85399311882186 23
85399311913964 66
85399311921493 91
85399378907383 23
85399378940857 66
85399445910537 23
85399445942511 66
85399512991076 91
85399579985461 23
85399580019514 66
85399580027097 91
85399721105413 23
85399721137078 66
85399721144625 91
85399788463987 91
85399867291347 23
85399867329300 66
85399923352420 23
85399923384916 66
85399923392388 91
85399990727663 91
85400049520193 23
85400049557005 66
85400049564480 91
85400116752700 23
85400116803294 66
85400183615387 91
85400183647406 23
85400183654850 66
85400251145821 91
85400251212808 23
85400251223901 66
85400317794262 91
85400385067984 23
85400385126926 66
85400385134995 91
85400518992840 23
85400519025626 66
85400592835918 91
85400660198626 23
85400660232918 66
85400727588800 91
85400794938785 91
85400862352187 23
85400862387953 66
85400862395639 91
85400929700555 23
85400929730570 66
85400929738288 91
85400988620927 23
85400988654408 66
85401055553406 91
85401055583866 23
85401122597614 66
85401122628699 91
85401189664264 23
85401189693983 66
85401189701921 91
85401256782289 23
85401256816215 66
85401256823555 91
85401323770439 23
85401323799141 66
85401323806724 23
85401390872604 66
85401390903735 91
85401457983555 23
85401531931325 66
85401531962988 91
85401599406798 91
85401666676558 23
85401666709545 23
85401666717468 66
85401666724619 91
85401734088684 23
85401734123851 66
85401734131559 91
85401801480543 23
85401801514116 66
85401860409990 91
85401860443186 23
85401927308793 66
85401927337167 91
85401927345026 23
85401927352024 66
85401994502133 23
85401994533529 91
85402061786057 23
85402061818452 66
85402061825997 91
85402128502854 23
85402128537216 66
85402128544819 91
85402195787493 23
85402195821085 66
85402195828652 91
85402262672282 23
85402262709555 66
85402329877361 91
85402403668708 23
85402403697901 66
85402403705438 91
85402471068813 23
85402471103992 66
85402471111455 91
85402538413339 23
85402538447464 66
85402606288795 23
85402606333384 66
85402606341060 91
85402673257544 23
85402740538828 66
85402740569198 91
85402799190305 91
85402799225148 23
85402866185294 66
85402866217458 91
85402933501570 23
85402933545041 66
85403000428096 91
85403000462641 23
85403000470198 66
85403067475399 91
85403067506766 23
85403067514299 66
85403134481099 91
85403134513216 23
85403201553244 66
85403201583040 91
85403201590839 23
85403275367649 66
85403275400183 91
85403342754583 23
85403342787885 66
85403410135432 91
85403410170106 23
85403477481805 66
85403544879255 23
85403544913199 66
85403544920662 91
85403612380911 91
85403612422293 23
85403671179042 66
85403671215476 23
85403671223202 66
85403738222300 91
85403805233664 23
85403805269113 66
85403872746693 91
85403939400472 91
85403939446485 23
85404008924424 66
85404008961168 91
85404073508389 23
85404073540804 66
85404073548512 23
85404140756814 66
85404140784886 91
85404214457858 23
85404214490555 66
85404214498102 91
85404349235054 91
85404349272214 23
85404349279600 66
85404416679157 91
85404416710228 23
85404484134570 66
85404484178584 91
85404546341203 23
85404546371403 66
85404609960093 23
85404609997133 66
