106533825130486 91
106533892089993 23
106533892122519 66
106533892130108 91
106534026589148 91
106534026623037 23
106534026630725 66
106534026637812 23
106534026645313 66
106534093414491 91
106534093447393 23
106534093455143 66
106534160322207 91
106534238545754 91
106534238584331 23
106534238592051 66
106534238599373 23
106534238606355 66
106534294518742 91
106534361749777 23
106534361785630 66
106534361793198 91
106534361800266 23
106534439808694 66
106534439839899 91
106534495768929 23
106534495802986 66
106534495810543 91
106534562891827 23
106534562924668 66
106534562932207 91
106534642088787 23
106534642161291 66
106534642171163 91
106534696986462 23
106534697018241 66
106534697025664 91
106534773702163 91
106534773743787 23
106534836636466 66
106534836674907 23
106534836682259 91
106534836689607 23
106534909041971 66
106534909077838 91
106534965186204 23
106534965218458 66
106534965226184 91
106535032227082 23
106535032257116 66
106535032264589 91
106535110958673 23
106535110995463 66
106535111003634 23
106535111010723 66
106535166411376 91
106535233466335 23
106535233497771 66
106535233505314 91
106535300493083 23
106535300532066 66
106535300539828 91
106535378254592 23
106535378288156 66
106535434658995 91
106535501740764 23
106535501777644 66
106535501785286 91
106535580188450 91
106535580218729 23
106535580227228 66
106535635851754 23
106535636000333 66
106535636009083 91
106535702961700 91
106535702995919 23
106535703003494 66
106535769978668 23
106535770015818 66
106535770023343 91
106535847414265 91
106535847447734 23
106535847455398 66
106535904105426 23
106535904135528 66
106535971162624 91
106536057861736 23
106536057897577 91
106536057905047 23
106536057911991 66
106536057918882 23
106536057925701 66
106536105451031 91
106536172325484 91
106536172355371 23
106536172363212 66
106536172370399 23
106536250651554 66
106536250683197 91
106536306431965 23
106536306460164 66
106536306467912 91
106536373516727 23
106536373551719 66
106536373559316 91
106536452704418 23
106536452739436 66
106536515618010 91
106536515645352 23
106536574801944 66
106536574837600 91
106536574845334 91
106536641771250 23
106536641807004 66
106536641814742 23
106536641822082 66
106536719984476 91
106536720017692 91
106536775912948 23
106536775942378 66
106536775950017 23
106536775957154 66
106536775964044 91
106536843162018 23
106536916565615 66
106536916598764 91
106536916606119 23
106536916612891 66
106536977135452 91
106537044228059 91
106537044266675 23
106537044274430 66
106537044303279 23
106537123135764 66
106537123169837 91
106537178465498 23
106537178500351 66
106537178508188 91
106537267249081 23
106537267291207 66
106537267298891 91
106537312406032 91
106537312436858 23
106537312444794 66
106537312451876 91
106537379629519 23
106537379659900 66
106537379667081 23
106537379674023 23
106537379681031 66
106537446584014 91
106537446614250 91
106537513645725 23
106537513679685 66
106537513687496 23
106537513694504 66
106537592343217 91
106537647768143 91
106537647798692 23
106537647806156 23
106537647813064 66
106537722202681 23
106537722233604 91
106537722241189 23
106537722248183 66
106537793669350 23
106537793699627 66
106537793707221 91
106537849073568 23
106537849106522 66
106537849114204 91
106537849121234 23
106537925550141 66
106537925586044 91
106537983142595 23
106537983172823 66
106537983180115 91
106538050137237 23
106538050168011 66
106538050175665 91
106538117322308 91
106538117355065 23
106538117362652 66
106538117369755 23
106538117376787 66
106538184433112 91
106538262840923 23
106538262872415 66
106538262880203 91
106538318550139 23
106538318582158 66
106538318589478 91
106538385517329 23
106538385558398 66
106538464801841 91
106538464837296 23
106538464845263 66
106538519750447 91
106538519783400 23
106538519790752 66
106538593279350 91
106538666169749 91
106538666197146 23
106538666205324 66
106538720807583 23
106538720841885 66
106538720849428 91
106538798014717 23
106538798044913 66
106538798052302 91
106538855300466 23
106538855347191 66
106538855357013 91
106538922196725 23
106538922243969 66
106538922252452 91
106538989099447 23
106538989131216 66
106538989139027 91
106539056264670 91
106539123319666 23
106539123358247 66
106539123366075 23
106539201257296 66
106539201287760 91
106539201295490 23
106539201302649 66
106539257455354 91
106539257489252 23
106539257496797 66
106539324490566 91
106539401215006 23
106539401246868 66
106539401255937 91
106539458634048 23
106539458665880 66
106539458673311 91
106539525615107 23
106539525652145 66
106539593462849 91
106539593501190 91
106539670545950 23
106539670579817 23
106539670587465 66
106539726797915 23
106539726833102 66
106539726840712 91
106539861058125 91
106539861092742 23
106539861100541 66
106539861107605 23
106539928061382 66
106539928128061 91
106540002130911 91
106540002163372 23
106540002170935 66
106540069365881 23
106540069396789 66
106540069404210 91
106540136821252 23
106540136856839 66
106540136864549 91
106540204202540 91
106540204237894 23
106540271537614 66
106540271573076 91
106540271580708 23
106540330477598 66
106540330508836 23
106540330516747 66
106540397524754 91
106540397560768 91
106540397568560 23
106540464518156 66
106540464556380 23
106540464564130 66
106540464571070 91
106540531630905 23
106540531666523 66
106540598854156 91
106540665902565 23
106540665938025 66
106540665945826 91
106540732794058 23
106540732824546 66
106540732831960 91
106540799798913 23
106540799860332 66
106540799867927 91
106540873863424 23
106540873895393 66
106540873902838 91
106540941112398 23
106540941143800 66
106541008514197 91
106541079063349 23
106541079096710 66
106541079104050 91
106541135262651 23
106541135298106 66
106541135305830 91
106541202237167 23
106541202295269 66
106541280853581 91
106541280885568 23
106541280893264 66
106541336713402 91
106541403512148 23
106541403543340 66
106541403551514 91
106541470510298 91
106541470542229 23
106541548052169 66
106541548084491 91
106541548092107 23
106541548099217 66
106541604872462 91
106541604906523 23
106541604914200 66
106541671805424 23
106541671840470 66
106541671848293 91
106541750007117 23
106541750038937 66
106541750046540 91
106541812203698 91
106541812237093 23
106541812244738 66
106541879614639 23
106541879647264 91
106541879654801 23
106541879661674 66
106541947071183 23
106541947118496 66
106541947129772 91
106542014340698 23
106542014371669 23
106542014379287 66
106542014386840 91
106542081714592 23
106542081747104 66
106542149101263 91
106542149133535 23
106542149141167 66
106542216694814 91
106542216737858 23
106542216745348 66
106542275454684 91
106542342426712 23
106542342457882 66
106542342465797 91
106542409490974 23
106542409521919 66
106542409530015 91
106542409537063 23
106542409544063 66
106542476467046 91
106542543517025 23
106542543557446 66
106542543565617 91
106542620098013 23
106542620130696 66
106542620138414 91
106542677732314 23
106542677764769 66
106542677772228 91
106542744927955 23
106542744963053 66
106542744971051 91
106542812107094 23
106542812140869 66
106542812148438 91
106542878915711 23
106542878950194 66
106542878957814 91
106542946013097 23
106542946048089 66
106542946055594 91
106543019435535 23
106543019468950 66
106543019476576 91
106543086905795 23
106543154219597 66
106543154258737 91
106543221627495 23
106543221661546 91
106543221669276 23
106543221676304 66
106543289056070 23
106543289095206 91
106543289102990 23
106543289110047 66
106543356350325 23
106543356381722 66
106543356391017 91
106543423726825 91
106543423764404 23
106543423772126 66
106543482742808 91
106543482781593 23
106543482789428 66
106543549626436 23
106543549656580 66
106543549664196 91
106543616698722 23
106543616736514 91
106543616744699 23
106543683839512 66
106543683876915 23
106543683884233 66
106543750862774 91
106543750893574 23
106543750901024 66
106543817825170 91
106543884913858 23
106543884949512 66
106543884957254 91
106543952095764 23
106543952133776 66
106543952141226 91
106544036519005 23
106544036562996 66
106544036570362 91
106544093451210 91
106544093492184 23
106544093500274 66
106544160658463 23
106544160696587 91
106544160704947 23
106544228107446 66
106544228144132 91
106544228152164 23
106544295626012 66
106544295671243 91
106544295679068 23
106544354410912 23
106544354450402 66
106544354457885 91
106544354464856 23
106544421594758 66
106544421628342 23
106544421635975 66
106544421642895 91
106544488451973 91
106544555509499 23
106544555546283 66
106544555553897 23
106544555560937 66
106544555567919 91
106544630222748 91
106544630255256 23
106544697580137 66
106544697615127 23
106544697622578 66
106544697629548 91
106544764997395 91
106544823930320 23
106544823964347 66
106544823972125 23
106544823979169 66
106544823986057 91
106544893378736 23
106544893412413 66
106544893419880 91
106544957893671 23
106544957928689 66
106544957936371 91
106545025086977 23
106545025120599 66
106545025128394 91
106545092087145 23
106545092116495 66
106545092124072 91
106545159259493 23
106545159299318 66
106545159306930 91
106545226286253 91
106545226321480 23
106545293325366 66
106545293358340 23
106545293366012 66
106545293372970 91
106545367250463 91
106545367284646 23
106545434566128 66
106545434597954 23
106545434605410 66
106545434612336 91
106545501941729 23
106545501973380 66
106545501980696 91
106545573404200 91
106545640199552 23
106545640228793 66
106545640236610 91
106545640243596 23
106545695817521 66
106545695848975 23
106545695856479 66
106545695863522 91
106545762794929 23
106545762829824 66
106545762837178 91
106545842210862 23
106545842244484 91
106545842252046 23
106545842259259 23
106545896812510 66
106545896839174 23
106545896846775 66
106545896853995 91
106545970104497 23
106545970133481 66
106545970141275 91
106546037782255 91
106546037814733 23
106546104906448 66
106546104940698 23
106546104948667 66
106546172265446 91
106546172301211 91
106546239643281 23
106546239677546 66
106546239685170 91
106546307051108 23
106546307093897 66
106546307101637 23
106546307108597 66
106546366482335 91
106546366518723 91
106546433539000 23
106546433577760 23
106546433585707 66
106546433593321 23
106546433600365 66
106546433607296 91
106546512294099 91
106546512328520 23
106546567667676 66
106546567699218 23
106546567706435 66
106546644249923 91
106546644291086 91
106546701748781 23
106546701779451 66
106546701787314 23
106546701794422 66
106546768756255 91
106546768789399 23
106546768797127 66
106546835889353 91
106546835930810 91
106546903163181 23
106546903210598 66
106546903218414 23
106546903225579 66
106546981488681 91
106547037310700 23
106547037344449 66
106547037351922 91
106547104099158 23
106547104132344 91
106547104139903 23
106547104147179 66
106547178068271 91
106547178098850 23
106547178106226 66
106547238882326 23
106547238916443 66
106547238923992 91
106547314713151 23
106547314753027 66
106547314760819 91
106547372410611 23
106547372441045 66
106547372448642 91
106547439349746 23
106547439382694 66
106547439390921 91
106547516635897 23
106547516670085 66
106547516677608 91
106547573548625 23
106547573582382 66
106547573589788 91
106547640583984 23
106547640618276 66
106547640625916 91
106547707604356 23
106547707634254 66
106547774812319 91
106547841828700 91
106547841861505 23
106547841869676 66
106547841876722 23
106547841883642 66
106547929273541 91
106547929309558 23
106547929317246 66
106547976018726 91
106547976045091 23
106547976052670 66
106548043040164 91
106548043074116 23
106548121207591 66
106548121241104 91
106548187243732 23
106548187307969 66
106548244254363 91
106548323132777 23
106548323165844 66
106548378298669 91
106548378330856 23
106548452126673 66
106548452162176 91
106548452169701 23
106548452176697 66
106548524534122 91
106548579537559 23
106548579567643 66
106548579575085 91
106548656347694 23
106548656378858 66
106548656386898 91
106548713679629 23
106548713710121 66
106548713717823 91
106548780712577 23
106548847733328 66
106548914836815 91
106548993632798 23
106548993665456 66
106548993673126 91
106549049123879 23
106549049155518 66
106549049163206 91
106549125532603 23
106549125565038 66
106549125573158 91
106549183455258 23
106549183497282 66
106549255790704 91
106549328829993 23
106549328867192 66
106549328898452 91
106549384296028 23
106549384409414 66
106549451563704 91
106549528799157 23
106549528829714 66
106549528837571 91
106549597252859 23
106549652648240 66
106549719672365 91
106549786739192 23
106549786775284 66
106549786783145 91
106549853807685 23
106549853842399 91
106549853850198 23
106549920943210 66
106549920980266 23
106549920987823 66
106549920994654 91
106549998001181 23
106550055021661 66
106550055052984 91
106550121979028 23
106550122009866 66
106550122017593 91
106550199379808 23
106550199414746 66
106550199422038 91
106550256318529 23
106550256350439 66
106550256358056 91
106550323159893 23
106550323193401 91
106550401341586 23
106550401377734 66
106550401385263 23
106550401392193 66
106550457352362 91
106550524490242 23
106550524530917 66
106550524538601 91
106550591412292 23
106550591443462 66
106550591451062 91
106550668556470 23
106550668588465 66
106550668595919 91
106550725616696 23
106550725644680 66
106550725652239 91
106550870525949 23
106550870566304 66
106550870575555 91
106550932649449 23
106550932683033 66
106550932690706 91
106551000053227 23
106551000082575 66
106551000089893 91
106551067414243 23
106551067447196 66
106551067454666 91
106551134832197 91
106551134882536 23
106551202190805 66
106551202223743 23
106551202231401 66
106551202238441 91
106551271622166 91
106551271651560 23
106551338994406 66
106551339024518 23
106551339032264 66
106551412633547 91
106551412669010 23
106551412676577 66
106551471788904 91
106551471830668 23
106551471838449 66
106551530453900 91
106551530483278 91
106551597548073 23
106551597576248 66
106551597584528 23
106551597591844 66
106551597598928 91
106551673388654 23
106551673425428 66
106551673432825 91
106551731583825 23
106551731620098 91
106551798832394 23
106551798867956 66
106551798875694 23
106551865942412 66
106551865985342 91
106551865993050 23
106551866000231 66
106551932905307 91
106551999826661 91
106552073927494 23
106552073960397 66
106552073967885 23
106552073974891 66
106552073981825 91
106552141312867 23
106552141348609 66
106552141356406 91
106552208664922 91
106552276047960 23
106552276079820 66
106552276087453 91
106552276094435 23
106552343419882 66
106552343454094 91
106552343461743 23
106552343468908 66
106552402374286 23
106552402408136 66
