87997709677361 91
87997843882055 23
87997843910713 66
87997843918534 91
87997922940498 91
87997977932699 23
87997977962045 66
87997977969682 23
87998054827215 66
87998054867361 91
87998112359684 91
87998112395640 23
87998179166634 66
87998179199611 91
87998179207234 23
87998246349347 66
87998246392275 91
87998246399987 23
87998313306781 66
87998313346508 23
87998313353987 66
87998313361025 91
87998447366338 23
87998447403273 66
87998447411027 91
87998514422287 91
87998593457124 23
87998593488791 66
87998593496429 23
87998648726113 66
87998648756742 91
87998725558011 23
87998725595006 66
87998782736901 91
87998849767310 91
87998849800769 23
87998925401280 66
87998925440915 91
87998925448765 23
87998983877973 66
87998983913755 91
87998983921222 23
87999051832864 66
87999051870266 91
87999051878165 23
87999118063688 66
87999118096711 91
87999185109358 23
87999185161040 66
87999185169150 91
87999252140594 23
87999252172925 66
87999252180411 91
87999319334520 23
87999319370671 66
87999386420322 91
87999386456181 23
87999386463915 66
87999460179143 91
87999460212521 23
87999460220143 66
87999527554732 91
87999527581002 23
87999594940570 66
87999594974918 23
87999664394433 66
87999664428904 91
87999729719069 91
87999729750152 23
87999788670953 66
87999788700502 91
87999855833915 23
87999855877011 66
87999855884951 91
87999927631406 23
87999927668084 66
87999927676273 91
87999989989004 23
87999990033240 66
88000057712425 91
88000057779162 23
88000057789968 66
88000057799689 91
88000124307997 23
88000124353408 66
88000194381487 91
88000194411198 23
88000194418951 66
88000194426015 91
88000258200521 23
88000258237571 66
88000335758190 91
88000335792500 23
88000335800041 66
88000392304715 91
88000392339310 23
88000459355973 66
88000459386062 91
88000532679158 23
88000532715534 66
88000532723272 91
88000600053366 23
88000600082796 66
88000600090349 91
88000667420768 23
88000667453089 66
88000667460602 91
88000734985637 23
88000735036043 66
88000802184567 91
88000802216043 23
88000802223576 66
88000869555049 23
88000869583588 66
88000936948060 91
88000995900129 91
88000995929567 23
88000995937163 66
88001062885406 91
88001130151830 23
88001130192371 66
88001197133070 23
88001197170073 66
88001197177733 91
88001264182481 91
88001331364704 23
88001331404310 66
88001331411797 91
88001398396605 23
88001398430412 66
88001465375964 23
88001465412571 66
88001539151754 91
88001673919202 91
88001673950790 23
88001673958549 66
88001741386550 91
88001808675011 23
88001808709520 66
88001808717162 91
88001876046372 23
88001876076848 66
88001876084206 91
88001934789795 23
88001934822287 66
88001934830323 91
88002001842055 23
88002001872682 66
88002001880261 91
88002069081504 23
88002069117775 66
88002069126033 91
88002136075374 23
88002136100888 66
88002203086986 91
88002203121517 23
88002203129155 66
88002270164739 91
88002270194141 23
88002270201670 66
88002337313806 91
88002337348191 23
88002337355748 66
88002404423303 23
88002404459295 66
88002404467005 91
88002545745444 23
88002545779923 66
88002545787436 91
88002613055270 91
88002680386212 23
88002680416111 66
88002680424024 91
88002747731271 23
88002747763173 66
88002747770638 91
88002815497022 23
88002815524094 66
88002873934890 91
88002873966879 23
88002940794537 66
88002940824233 23
88003007823353 66
88003007860447 91
88003074972283 91
88003075012777 23
88003075021348 66
88003142167108 91
88003221238412 23
88003221273675 66
88003221281291 23
88003276160647 66
88003276194776 91
88003353241252 23
88003410324619 66
88003483381694 91
88003550727376 23
88003550759735 66
88003550767471 91
88003685578001 23
88003685616137 66
88003685623845 91
88003752873412 91
88003752911755 23
88003820240328 66
88003820271981 91
88003820279671 23
88003887634662 66
88003887669727 91
88003887677519 23
88003964836250 66
88003964873926 23
88003964881706 66
88003964888785 91
88004013986453 91
88004080892614 23
88004080919626 66
88004080927334 91
88004147982227 23
88004148025476 66
88004215259390 91
88004215293283 23
88004215301122 66
88004215308074 91
88004282379873 23
88004282428560 66
88004349279861 91
88004416296230 91
88004416332746 23
88004483525032 66
88004483560819 91
88004483568386 23
88004557257336 66
88004557289057 91
88004624598325 23
88004624628343 66
88004624636017 91
88004692117059 23
88004692154042 66
88004759560303 23
88004759599613 66
88004826752037 91
88004894097521 23
88004894126436 66
88004952947623 91
88005020115727 91
88005020149802 23
88005086926983 66
88005086962281 91
88005086969702 23
88005153951716 66
88005153981583 91
88005221127848 23
88005221160758 66
88005221168464 91
88005288101468 23
88005288132749 66
88005288140296 91
88005355175066 91
88005422302334 23
88005422337642 66
88005422345402 91
88005489326356 23
88005489359421 66
88005489366804 91
88005556353456 23
88005556385131 66
88005623393124 91
88005623424005 23
88005623431564 66
88005690646817 91
88005690695791 23
88005757599637 66
88005757630054 91
88005757637575 23
88005824625864 66
88005824665096 91
88005898465418 23
88005898494693 66
88005898502313 91
88005965966096 23
88005966007967 66
88005966015700 91
88006037483364 23
88006037525624 66
88006100640383 23
88006100677652 66
88006100685336 91
88006227100756 91
88006227136549 23
88006227144269 66
88006302514321 91
88006302553559 23
88006302561126 66
88006373295949 91
88006373336535 23
88006373344215 66
88006428381942 23
88006428415844 66
88006428426421 91
88006565610514 23
88006565641615 66
88006565649225 91
88006629500819 23
88006698502836 66
88006698530303 91
88006763554526 91
88006842481377 23
88006842514729 66
88006842522317 91
88006897636060 23
88006897674520 66
88006974328079 91
88006974358873 23
88006974366601 66
88007032023656 23
88007032075401 66
88007032082840 91
88007165882272 91
88007165917608 23
88007165925165 23
88007232989401 66
88007233019936 91
88007233027447 23
88007311638678 66
88007311670321 91
88007367152294 23
88007367186023 66
88007367193476 91
88007434297115 23
88007434334543 66
88007501372378 91
88007501407859 23
88007501415839 66
88007501422849 91
88007568336102 23
88007568366800 66
88007635502661 91
88007635541012 23
88007635548698 66
88007709394468 23
88007709426330 66
88007844122299 91
88007911536698 23
88007911567999 66
88007911575593 91
88008038029788 23
88008038109162 66
88008038117475 91
88008104956164 23
88008104983161 66
88008105024614 91
88008172287419 91
88008249531103 23
88008249567290 66
88008306083485 91
88008306116681 23
88008373332353 66
88008373367053 91
88008373374699 23
88008440389414 66
88008440440991 91
88008440448622 23
88008507412248 66
88008507449496 91
88008574447086 23
88008574484638 66
88008574492381 91
88008651388167 23
88008651417056 66
88008651424917 91
88008708569250 23
88008708604596 66
88008708612079 91
88008775636437 23
88008775665109 66
88008775673376 91
88008851451472 23
88008851486762 66
88008909750656 91
88008909780116 23
88008909787829 66
88008909794998 91
88008988860595 23
88008988903219 66
88009044052320 23
88009044088978 66
88009044096744 91
88009120620666 91
88009178147794 23
88009178185003 66
88009178194706 23
88009178203010 66
88009245305245 91
88009312101948 23
88009312134667 66
88009379073517 91
88009446275617 91
88009446305936 23
88009523864438 66
88009523899577 23
88009523907027 66
88009580452506 91
88009647413438 91
88009647447346 23
88009647454867 66
88009722442709 91
88009781547897 23
88009781581096 66
88009781588756 91
88009848620000 23
88009848650231 66
88009848657884 91
88009927249678 23
88009927283966 66
88009927291821 91
88009982821447 23
88009982850369 66
88009982857956 91
88010059037753 23
88010059067718 66
88010059076052 91
88010123277473 23
88010123313006 66
88010184115125 91
88010184152086 23
88010251033813 66
88010330418438 23
88010330448085 66
88010330455506 91
88010385202401 23
88010385234533 66
88010385241935 91
88010519282507 23
88010519315417 66
88010519322958 91
88010586328857 91
88010653282511 23
88010653315226 66
88010653323111 91
88010720611615 23
88010720651030 66
88010787531070 23
88010787565507 91
88010787573199 23
88010787580388 66
88010854648589 91
88010854680099 23
88010854687919 66
88010854694877 91
88010921640502 23
88010921673363 66
88011010678146 91
88011010717839 23
88011063053544 66
88011063084998 23
88011063092400 66
88011063099402 91
88011197801026 23
88011197833604 66
88011197841290 91
88011265607063 91
88011324011305 23
88011324042582 66
88011391370215 23
88011391407287 66
88011391416806 91
88011458211610 23
88011458244414 66
88011458252017 91
88011592230551 23
88011592263322 91
88011592271277 23
88011592278394 66
88011659375001 91
88011726412362 23
88011726445125 66
88011726452849 23
88011726459881 66
88011793607834 91
88011867413018 91
88011867451212 23
88011934776663 66
88011934812586 91
88012002149273 23
88012002184577 66
88012002191923 91
88012069586312 23
88012069624917 66
88012136913372 91
88012136949327 23
88012136956983 66
88012211732138 91
88012211771036 23
88012262953624 66
88012262986271 91
88012262994212 23
88012330139049 66
88012330183867 91
88012330191573 23
88012397157642 66
88012397188416 23
88012397195993 66
88012464175642 91
88012531184627 91
88012598349017 23
88012598384582 66
88012598392115 23
88012598399190 91
88012674019259 23
88012674070474 66
88012674083084 91
88012732454445 23
88012732487385 66
88012732495157 91
88012806543368 23
88012806577718 66
88012873960289 91
88012873998710 23
88012874006808 66
88012941256943 91
88012941286464 23
88012941294160 66
88013008617253 91
88013008648457 23
88013008656012 66
88013076094960 91
88013076127089 23
88013134891824 66
88013134925478 91
88013201908426 23
88013201946528 66
88013201954805 91
88013268922127 23
88013268958881 66
88013268966386 91
88013336225741 23
88013336268623 66
88013336276321 91
88013403310308 23
88013403339839 66
88013403348263 23
88013470112481 66
88013470146366 91
88013537310149 23
88013537345147 66
88013678218536 91
88013745617600 23
88013745649124 66
88013745656816 91
88013880383038 23
88013880418084 66
88013880426052 91
88013947722861 91
88014015119456 23
88014015150019 66
88014015158185 23
88014015165254 66
88014073846914 91
88014140886948 91
88014140948379 23
88014140960767 66
88014140969723 91
88014207838017 23
88014207870112 66
88014275038200 91
88014275069350 23
88014275077036 23
88014275084050 66
88014342039374 91
88014342072421 23
88014409055984 66
88014409087520 91
88014476117627 23
88014476151787 66
88014476159291 91
88014549939541 23
88014549974959 66
88014549982691 91
88014617475219 23
88014617509632 66
88014617517173 91
88014684753547 23
88014684787776 66
88014684795313 91
88014757179079 23
88014757223066 66
88014811434637 91
88014811469130 23
88014811476906 66
88014811483997 91
88014878563573 23
88014878599568 66
88014945512894 91
88014945605099 23
88015022414732 66
88015022454576 91
88015022462427 23
88015086852478 66
88015086882721 91
88015086889938 23
88015154263956 66
88015154293278 23
88015154300887 66
88015221678359 91
88015289172558 23
88015289223320 66
88015289231197 91
88015356497431 91
88015415144381 23
88015415177508 66
88015482306391 91
88015482339010 23
88015549549130 66
88015549584844 23
88015616276129 66
88015616309685 91
88015683247152 91
88015683280700 23
88015683288296 66
88015750455969 91
88015817571945 23
88015817607651 66
88015817615129 91
88015884503137 23
88015884537069 66
88015958575644 23
88015958610121 66
88015958617823 91
88016026152945 23
88016093330370 66
88016093363079 91
88016160697883 23
88016228082251 66
88016228115265 91
88016287024242 23
88016287056211 66
88016287063917 91
88016421192614 91
88016421228302 23
88016488077567 66
88016488109665 23
88016488117329 66
88016555475689 91
88016622266527 23
88016622301718 66
88016689243165 91
88016689275254 91
88016756528368 23
88016756568910 66
88016823522832 91
88016823555535 23
88016823563267 66
88016901343048 91
88016901392992 23
88016957760079 66
88016957800340 23
88016957808074 23
88017024735854 66
88017024776390 91
88017103188258 23
88017103225432 66
88017103233148 91
88017158824942 91
88017225851269 23
88017225882427 66
88017225889986 91
88017292900105 23
88017292936163 66
88017292943656 91
88017370453282 23
88017370488618 66
88017370496061 91
88017427006286 23
88017427038800 66
88017494111054 91
88017494141856 23
88017494149623 66
88017572332824 91
88017572367108 23
88017628604943 66
88017628637941 91
88017628645402 23
88017628652426 66
88017703510581 91
88017703546084 23
88017762389452 66
88017762425373 91
88017829460591 23
88017829494819 66
88017829502209 91
88017896509540 23
88017896545960 66
88017963520003 23
88017963553724 66
88017963561472 91
88018041537230 91
88018097907737 23
88018097939895 66
88018097947977 23
88018172658854 66
88018172697962 91
88018172705648 91
88018231784404 23
88018231818214 66
88018308860495 91
88018308902061 23
88018366032056 66
88018366065197 91
88018366072756 23
88018433024623 66
88018433058790 91
88018500006324 23
88018500044388 66
88018500052148 91
88018567225866 23
88018567258907 66
88018634227486 23
88018634260420 66
88018634267797 91
88018712218853 91
88018768336413 23
88018768369633 66
88018835542343 23
88018835581921 66
88018835589510 91
88018910196643 23
88018910228929 66
88018969550451 91
88019036719951 23
88019115312823 66
88019115346105 91
88019170801935 91
88019247213744 23
88019247246145 66
88019247253887 91
88019305013046 23
88019305048223 66
88019305055902 91
88019372007891 23
88019372046502 66
88019448551946 23
88019448584862 66
88019448592425 91
88019506036346 23
88019506066074 66
88019573145276 91
88019650481300 23
88019650513462 66
88019650521051 91
88019707564057 91
88019774381791 23
88019774409577 66
