90251865191835 91
90251932568549 91
90251999875897 23
90251999902481 66
90251999909953 23
90252067271734 66
90252067307253 91
90252067314852 91
90252126096071 23
90252126122765 66
90252193233073 91
90252193256815 23
90252193264714 66
90252260487679 91
90252260510000 23
90252327362674 66
90252327389340 23
90252327397050 66
90252327404018 91
90252394312152 91
90252461403841 23
90252461422248 66
90252528433399 23
90252528453392 91
90252528461104 23
90252528468218 66
90252595544143 91
90252595593157 23
90252669403209 66
90252669418899 91
90252669426198 23
90252736788419 66
90252736805994 91
90252804269387 23
90252804285821 66
90252871594458 91
90252871618911 23
90252871626404 66
90252939035571 91
90252939072030 23
90253006375559 66
90253006400530 91
90253006408560 23
90253064965594 66
90253064987509 91
90253064995046 23
90253132040157 66
90253132058003 23
90253132065602 66
90253132072620 91
90253199103323 23
90253199119121 91
90253266143652 23
90253266160108 66
90253266167555 91
90253333164179 23
90253333181094 66
90253400365581 91
90253400383694 23
90253400391354 66
90253467407840 91
90253467430740 23
90253541142191 66
90253541159248 91
90253608694307 23
90253608727605 66
90253608735186 91
90253675971339 23
90253676002445 66
90253676010066 91
90253743320107 23
90253743349596 66
90253810703668 23
90253810737839 66
90253810745240 91
90253878114847 91
90253936961435 23
90253936997322 66
90253937004956 91
90254003969311 23
90254003999735 66
90254004007688 91
90254071154128 23
90254071186934 66
90254071194370 91
90254138150599 23
90254138182920 66
90254205162128 91
90254205191522 23
90254205199391 66
90254272171551 91
90254272198747 23
90254272206256 66
90254339383278 23
90254339408000 66
90254339415317 91
90254406392587 91
90254406418348 23
90254480263766 66
90254480298663 23
90254547668218 66
90254547699340 91
90254615054327 23
90254615085705 66
90254682391405 91
90254749811388 91
90254749843584 23
90254749851016 66
90254817141254 23
90254817161650 66
90254817169264 91
90254876059976 91
90254942842366 23
90254942862813 66
90254942870414 23
90255010120963 66
90255010152055 91
90255077120626 91
90255077147476 23
90255077155190 66
90255144090316 23
90255144111739 66
90255144119372 91
90255211075812 91
90255211094477 23
90255278157076 66
90255278173355 91
90255351937426 23
90255351954166 66
90255351961691 23
90255351968683 66
90255419360953 91
90255486776272 91
90255486812692 23
90255486820696 66
90255554165065 91
90255554195287 23
90255554202734 66
90255621528645 23
90255621551333 66
90255621558948 91
90255688853640 23
90255747714210 66
90255747730825 91
90255814744771 23
90255814764221 66
90255814771569 91
90255948757611 23
90255948777917 66
90255948785567 91
90256015826828 91
90256015849568 23
90256015857034 66
90256083526801 23
90256083545679 66
90256083553421 91
90256149990407 91
90256217155604 23
90256217220983 66
90256291091020 91
90256291124463 23
90256291132067 66
90256358479083 91
90256425837906 23
90256425862485 66
90256425870064 91
90256493234980 23
90256493260160 66
90256493267778 91
90256560598631 23
90256560625956 66
90256560633267 91
90256619514506 23
90256619538306 66
90256619545754 91
90256686671059 23
90256686696889 66
90256753581955 91
90256753609396 23
90256820617852 66
90256820638441 23
90256820645966 66
90256820653175 91
90256887844532 91
90256956607676 23
90256956629199 66
90256956636592 91
90257021867278 23
90257021895375 66
90257089005938 91
90257089037800 23
90257089045514 66
90257162831420 91
90257162864621 23
90257162872046 66
90257230200773 91
90257230231034 23
90257297571756 66
90257297597840 91
90257364926899 23
90257364947901 66
90257364955519 91
90257432306690 23
90257432334061 66
90257432341417 91
90257499674642 23
90257499698205 66
90257558497271 23
90257558518845 66
90257625463296 91
90257692515291 23
90257692540585 66
90257759492934 91
90257826698870 23
90257826716732 66
90257826724223 91
90257960756996 91
90257960783134 23
90257960790635 66
90258034524628 91
90258034547305 23
90258101891493 66
90258101916198 91
90258169367681 23
90258169392564 66
90258169400412 91
90258169407785 23
90258236636010 66
90258236653446 23
90258236660802 66
90258236667944 91
90258371374629 23
90258371394144 66
90258430326388 91
90258497385742 91
90258564517629 23
90258564550956 66
90258564558748 91
90258631590698 23
90258631618740 66
90258631626165 91
90258698579632 23
90258698605399 66
90258765641959 23
90258765665375 66
90258765673008 91
90258832693217 23
90258906259365 66
90258906284086 91
90258973616978 23
90258973640027 66
90258973647589 91
90259040990992 91
90259108376931 23
90259108399208 66
90259108406606 91
90259175745419 23
90259175771285 66
90259243154585 91
90259243183856 23
90259243191580 66
90259310499887 23
90259310520070 66
90259310527623 91
90259369207404 91
90259436229528 23
90259436247330 66
90259436255195 23
90259503993935 66
90259504116115 91
90259570486843 23
90259570512419 66
90259637554026 91
90259704570352 91
90259704608114 23
90259704615977 66
90259771638121 91
90259771669540 23
90259845435236 66
90259845473777 91
90259912715233 23
90259912741212 66
90259912749348 23
90259912756507 66
90259912763419 91
90259980100733 91
90260047454096 23
90260047475856 66
90260047483110 91
90260114829287 23
90260114850233 66
90260182205633 23
90260182223985 66
90260182231609 91
90260240944511 91
90260308199429 23
90260308221662 66
90260308229702 91
90260375163215 23
90260375181838 66
90260375189399 23
90260375196646 66
90260442191506 91
90260509190632 91
90260509206964 23
90260509214414 23
90260509221684 66
90260576397220 91
90260576415006 23
90260643412360 66
90260643428993 91
90260710488184 23
90260710504449 66
90260710511900 23
90260786462191 66
90260786478026 91
90260786485438 91
90260852341090 23
90260852358101 66
90260852365831 91
90260919284323 23
90260919317593 66
90260986644739 91
90260986678565 23
90261053975392 66
90261054004812 91
90261054012410 23
90261121326492 66
90261121352363 91
90261121359832 23
90261179939600 66
90261179961396 23
90261179969110 66
90261247203863 91
90261314207750 91
90261314247248 23
90261314255529 66
90261381187463 91
90261381217746 23
90261381225378 66
90261448196383 91
90261448223082 23
90261515321164 66
90261515345436 23
90261515352800 66
90261582413191 91
90261723567358 91
90261723595714 23
90261723603325 66
90261790895023 91
90261790919196 23
90261790926765 66
90261858302740 23
90261858329445 66
90261858336646 91
90261925643967 91
90261993000619 23
90261993020977 66
90262051727446 91
90262051747225 23
90262051755022 66
90262051762255 91
90262118868317 23
90262185880121 66
90262185902054 91
90262185909620 23
90262185916819 66
90262253060085 23
90262253081318 66
90262253088907 91
90262319959517 91
90262387107586 23
90262387130714 66
90262387138451 91
90262454246133 23
90262454264492 66
90262454272077 91
90262521264505 23
90262521282629 66
90262595233592 91
90262595252339 23
90262595259886 66
90262662594932 91
90262729966120 23
90262729983505 66
90262729990849 91
90262797347796 23
90262797365861 23
90262797373724 66
90262797380758 91
90262864724192 23
90262864740582 66
90262923600860 91
90262923617731 23
90262923625362 66
90262990765305 91
90262990782737 23
90263057770872 66
90263057787927 91
90263057795454 23
90263057802519 66
90263124793317 91
90263192013137 23
90263192030850 66
90263192038345 23
90263259202339 66
90263259219421 91
90263259226909 91
90263326478575 23
90263326510410 66
90263393138738 91
90263393171746 23
90263393179290 66
90263467086619 91
90263467121951 23
90263467129534 66
90263534336460 91
90263601734174 23
90263601761180 66
90263669143043 91
90263669178190 23
90263669185747 66
90263669192745 91
90263736488239 23
90263736513389 66
90263803952115 91
90263803989086 23
90263803996840 66
90263862834950 91
90263862867748 23
90263862875379 66
90263929774608 23
90263929808884 66
90263929816377 91
90263996754959 23
90263996784247 66
90264063799861 91
90264063829663 91
90264130908986 23
90264130927323 66
90264197947189 91
90264197972719 23
90264197980238 66
90264264970626 91
90264264995301 23
90264265002989 66
90264331955664 23
90264331973478 66
90264331981001 91
90264406031476 23
90264406048319 66
90264473410187 91
90264540812055 91
90264540833043 23
90264540840510 66
90264540847485 91
90264608173954 23
90264608194429 66
90264675547047 23
90264675564785 66
90264675572623 91
90264734415877 91
90264734433362 23
90264801430187 66
90264801446748 23
90264801454052 66
90264801461132 91
90264868612746 23
90264935705151 66
90264935723220 91
90264935730476 91
90265002603006 23
90265002620728 66
90265069803433 23
90265069820732 66
90265069828142 91
90265136820910 23
90265136838046 66
90265136845474 91
90265277733788 23
90265277752346 66
90265277759996 91
90265345111958 23
90265345128439 66
90265412492937 91
90265479923556 91
90265479941065 23
90265547345066 66
90265547380605 91
90265547388219 23
90265614721352 66
90265614753276 23
90265673481319 66
90265673504427 91
90265740445694 23
90265740471345 66
90265807446717 91
90265874671380 91
90265874694436 23
90265941707864 66
90265941737741 91
90265941745197 23
90266008816289 66
90266008855344 91
90266075818818 23
90266075855031 66
90266075862665 91
90266149541231 23
90266149577144 66
90266149584687 91
90266216908519 23
90266216941166 66
90266284315246 91
90266284342790 23
90266284350403 66
90266351659408 91
90266351688925 23
90266351696343 66
90266419013475 23
90266419038385 66
90266419045896 91
90266486375605 91
90266545197269 23
90266545215604 66
90266612365994 91
90266612388810 23
90266612396621 66
90266679367890 91
90266679386617 23
90266679393862 23
90266746376114 66
90266746393914 91
90266746401214 23
90266813387146 66
90266813403301 91
90266880613392 23
90266880632387 66
90266880640548 91
90266947627104 23
90266947645246 66
90266947652917 23
90267021210448 66
90267021226552 91
90267021233918 91
90267088858971 23
90267088874810 66
90267155938559 91
90267155956144 23
90267155963850 66
90267223324317 23
90267223341420 66
90267223348963 91
90267290715304 91
90267290732679 23
90267358091149 66
90267358107617 23
90267425454110 66
90267425471680 91
90267484433342 23
90267484449852 66
90267551206394 91
90267618704810 91
90267618729744 23
90267685433482 66
90267685457417 91
90267752413859 23
90267752436744 66
90267752444685 91
90267819425127 23
90267819444785 66
90267819452497 91
90267886576014 23
90267886592730 66
90267953754399 23
90267953789996 66
90267953828462 91
90268027724065 23
90268095150488 66
90268095184565 91
90268162484086 91
90268229877944 23
90268229907307 66
90268229915345 23
90268297237904 66
90268297263985 91
90268356056216 91
90268356086117 23
90268356093723 66
90268423387366 91
90268423431910 23
90268423439691 66
90268490240492 91
90268490268526 23
90268557237520 66
90268557263056 91
90268557270569 23
90268624298077 66
90268624320205 91
90268691424036 23
90268691457696 66
90268691465205 91
90268758433885 23
90268758462368 66
90268825554200 91
90268825588900 23
90268899494464 66
90268899524505 91
90268966830592 23
90268966862431 66
90268966869973 91
90269034179846 23
90269034203315 66
90269034211552 91
90269101589275 23
90269101619287 66
90269101626836 91
90269169013293 23
90269169045373 66
90269169052680 23
90269227863536 66
90269227886805 91
90269295116159 91
90269361968293 23
90269361991946 66
90269361999441 91
90269429069219 23
90269429094729 66
90269429103006 23
90269496208983 66
90269496227225 91
90269563399623 23
90269563416610 66
90269563424041 91
90269630282455 23
90269697449139 66
90269697483929 91
90269771202615 91
90269771237273 23
90269838545765 66
90269838579202 91
90269905876627 23
90269905897514 66
90269905905836 23
90269973325197 66
90269973342530 91
90270040603002 23
90270040619866 66
90270107985780 91
90270166776304 23
90270166823092 66
90270166830631 91
90270301031364 23
90270301061744 66
90270301069425 91
90270368001639 23
90270368019612 66
90270368027048 91
90270502140340 23
90270502175201 66
90270502182841 91
90270569273713 91
90270569306774 23
90270636379069 66
90270636408211 23
90270636415464 66
90270636422521 91
90270710215286 23
90270777627860 66
90270777650860 91
90270845015644 23
90270912378164 66
90270912408650 91
90270979750583 23
90271047267764 66
90271047302834 91
90271105803532 23
90271172811068 66
90271172837513 91
90271239837301 23
90271307162897 66
90271307189310 91
90271374028021 91
90271374054992 23
90271374062812 66
90271441284410 23
90271441304782 66
90271441312204 91
90271508041008 91
90271581930671 23
90271581951379 66
90271649537157 91
90271649553374 23
90271649560873 66
90271649567943 91
90271716924208 23
90271716942350 66
90271784036927 91
90271784053176 23
90271851450194 66
90271851478615 91
90271920514409 23
90271920541671 66
90271920549489 23
90271920556529 66
90271977531764 91
90272044563891 23
90272044581642 66
90272111630209 91
90272178837382 91
90272178854884 23
90272178862353 66
90272246110870 91
90272246149760 23
90272246157225 66
90272312967150 23
90272313000937 66
90272313008645 91
90272453655614 91
90272453684079 23
90272453691722 66
90272521035783 23
90272521058833 66
90272521068398 91
90272588408738 23
90272655772125 66
90272655788851 91
90272723133665 23
90272723150646 66
90272723158034 91
90272790587445 91
90272790605737 23
90272849534481 23
90272849568254 66
90272849575898 91
90272916561510 23
90272916595326 66
90272983709288 23
90272983741142 91
90272983748764 23
90272983755902 66
90273050580717 23
90273050604295 91
90273117693444 23
90273117716268 66
90273117723823 91
90273184861930 23
90273184885812 66
90273184893868 23
90273184900892 66
90273251868742 91
90273318978858 91
90273319004927 23
90273319012321 66
90273392785844 23
90273392813945 66
90273392821571 91
90273460126233 91
90273460145794 23
90273527518696 66
90273527543915 23
90273527551262 91
90273594929696 23
90273594960178 66
90273594967919 91
90273662346529 23
90273662374758 66
90273662382483 91
90273729673619 23
90273729700658 66
90273797029015 23
90273797055312 66
