80541333515567 91
80541478773062 23
80541478805039 66
80541478812584 91
80541534756606 23
80541601975720 66
80541602009581 91
80541680724139 91
80541680755969 23
80541736002471 66
80541736032758 91
80541803239869 23
80541803271067 66
80541803278548 91
80541881420614 23
80541881455652 66
80541947902293 91
80541947940644 23
80542004390018 66
80542004423596 23
80542004431171 66
80542004438038 91
80542138474662 91
80542138509779 23
80542205478356 66
80542205511443 91
80542272491346 23
80542272522797 66
80542351234712 23
80542351266729 66
80542351274143 91
80542406838689 91
80542483062214 23
80542483098941 66
80542540751112 91
80542540780862 23
80542607951302 66
80542607982045 91
80542607989496 23
80542675039372 66
80542675069241 91
80542675076707 23
80542741951668 66
80542741982289 91
80542820406153 23
80542820438591 66
80542820445933 91
80542876221460 23
80542876255621 66
80542876263633 91
80542943182478 23
80542943217108 66
80543017402179 23
80543017434876 66
80543017442075 91
80543084780192 91
80543152561085 23
80543152596413 66
80543152604113 91
80543219552300 23
80543219580481 66
80543278426008 91
80543278455772 23
80543345713976 66
80543345755367 91
80543345763318 23
80543423988449 66
80543424039831 91
80543479691146 23
80543479720522 66
80543479728017 91
80543546712097 23
80543546744198 66
80543546751456 91
80543613910948 23
80543613942131 66
80543613949975 91
80543681052175 23
80543681095963 66
80543747975765 91
80543748004668 23
80543821807346 66
80543821840107 23
80543889122930 66
80543889157659 91
80543956497858 91
80543956532224 23
80544023858317 66
80544023887256 91
80544023894654 23
80544091816527 66
80544091845722 91
80544158624807 23
80544158659859 66
80544158667189 91
80544217483420 23
80544217517346 66
80544217525219 91
80544284441494 23
80544284470942 66
80544284478346 91
80544354423271 23
80544354452971 66
80544418680644 91
80544485678606 23
80544485711425 66
80544485718777 23
80544552713663 66
80544552745998 91
80544620010428 23
80544620055661 66
80544686968001 91
80544760977579 23
80544761031048 66
80544761039275 91
80544828193317 91
80544895584073 23
80544895613927 66
80544962969593 91
80544963000870 23
80545030527261 66
80545030573672 91
80545030581167 23
80545097742218 66
80545097779270 91
80545156541420 23
80545156572091 66
80545156579658 91
80545223704000 23
80545223740714 66
80545290629652 23
80545290670057 66
80545290677665 91
80545424648253 23
80545424677232 66
80545424684538 91
80545558727152 91
80545558763739 23
80545632523779 66
80545632555128 91
80545632562321 23
80545699927831 66
80545699960457 91
80545767315086 23
80545767348294 66
80545767356291 91
80545834722675 23
80545834757852 66
80545834765389 91
80545902066002 23
80545902101390 66
80545902109074 91
80545969445693 23
80545969478873 66
80545969486554 91
80546028214042 23
80546028245106 66
80546028252496 91
80546095297914 23
80546095334793 66
80546095342346 91
80546162434301 23
80546162467221 66
80546162474517 91
80546229440355 23
80546229473737 66
80546296607640 91
80546363472879 91
80546363501748 23
80546430644796 66
80546430680545 91
80546497655656 23
80546497687510 66
80546497695035 91
80546584135564 23
80546584177219 66
80546584186650 91
80546639053974 23
80546639081366 66
80546639088849 91
80546707510102 23
80546765924820 66
80546765961528 91
80546833097939 23
80546833130977 66
80546833138498 91
80546911601454 23
80546911628829 66
80546911636577 91
80546970285127 23
80546970314578 66
80547043613750 23
80547043649881 66
80547043658041 91
80547168317797 23
80547168349331 66
80547235641214 91
80547302407566 23
80547369569637 66
80547369604088 91
80547446735517 23
80547503655784 66
80547503685435 91
80547570690276 23
80547637792387 66
80547637841700 91
80547704801842 23
80547704832069 66
80547704839463 91
80547839046325 23
80547839079551 66
80547839087185 91
80547915955617 91
80547973080464 23
80547973109822 66
80548040108973 91
80548040139569 23
80548107300502 66
80548107331332 91
80548174413626 23
80548174447373 66
80548174454978 91
80548253256901 23
80548253286152 66
80548253293737 91
80548308487977 23
80548308516492 66
80548385246248 91
80548385277784 23
80548442553461 66
80548442589025 23
80548442596544 23
80548515914093 66
80548576744121 91
80548643840300 91
80548643884770 23
80548710764790 66
80548710798339 91
80548788493825 23
80548788527367 66
80548788534785 91
80548845021760 23
80548845055258 66
80548845062982 91
80548912103295 23
80548912142976 66
80548912150252 91
80548989708789 23
80548989743743 66
80549046150457 91
80549046179626 23
80549113306260 66
80549113341814 23
80549191755882 66
80549191791302 91
80549247582063 91
80549314640289 23
80549314677000 66
80549314684588 91
80549389137579 23
80549389173577 66
80549456501512 23
80549456531164 66
80549456538721 91
80549523877969 91
80549582773879 23
80549582802146 66
80549649742939 91
80549649778452 23
80549716781233 66
80549716809488 91
80549716817134 23
80549783889082 66
80549783919023 91
80549862670968 23
80549862700334 66
80549862707793 91
80549918198509 23
80549918228854 66
80549918236289 91
80549994593681 23
80549994628642 66
80550052199237 23
80550052229647 66
80550119198617 91
80550119229375 91
80550186201179 23
80550255219736 66
80550255258619 91
80550255268736 23
80550320449289 66
80550320480919 91
80550394244065 23
80550394277914 66
80550461586342 23
80550461616448 66
80550461624142 91
80550596337070 23
80550596369556 66
80550596376976 91
80550663741846 91
80550731139379 23
80550731171008 66
80550789884610 91
80550789916973 23
80550869394265 66
80550869430410 91
80550869438021 23
80550923963262 66
80550923995192 91
80550991125806 23
80550991153086 66
80550991160560 91
80551058194862 23
80551058227991 66
80551058235546 91
80551192310847 91
80551192345648 23
80551192353350 66
80551264373334 23
80551264409099 66
80551333319090 91
80551468085874 23
80551468124040 66
80551535454584 91
80551602824197 91
80551661954710 23
80551661987928 66
80551728857473 23
80551728890474 66
80551728897947 91
80551795937508 91
80551862897734 23
80551862925917 66
80551929939584 91
80551929969197 23
80551929976579 66
80551997130818 91
80551997161592 23
80552064161237 66
80552064193389 91
80552131233608 23
80552131266530 91
80552131273852 23
80552205036156 66
80552205067367 91
80552272503874 23
80552272546651 66
80552339803771 23
80552339839755 66
80552407420275 91
80552407466660 23
80552474570812 66
80552474611771 23
80552474619249 66
80552474626127 91
80552600846109 91
80552667634293 23
80552667668372 66
80552734826797 23
80552734858745 66
80552734866121 91
80552868870707 23
80552868905839 66
80552868913401 91
80552935891547 91
80553003181901 23
80553003218008 66
80553070312788 91
80553070355516 23
80553144136544 66
80553144170873 91
80553221147535 23
80553221185852 66
80553278885905 91
80553278919965 23
80553346453924 66
80553346484971 91
80553413660471 23
80553413691344 66
80553413699056 91
80553488973989 23
80553489015072 66
80553539755722 23
80553539791030 66
80553539799072 91
80553683446394 91
80553683479390 23
80553741821405 66
80553741853937 23
80553807853075 66
80553807886082 91
80553874969157 91
80553875005864 23
80553941902042 66
80553941933868 91
80554009114624 23
80554009148439 66
80554009155944 91
80554086689576 23
80554086721721 66
80554143156007 23
80554143188100 66
80554210157475 91
80554284739447 91
80554284769197 23
80554352095412 66
80554352127142 23
80554420139824 66
80554420172567 91
80554478431887 23
80554545648721 66
80554545677958 91
80554612646623 91
80554679688666 23
80554679722825 66
80554679730326 91
80554746771219 23
80554746804211 66
80554821674210 91
80554821705720 23
80554821713066 66
80554889002889 91
80554889035771 23
80554948003717 66
80554948036225 91
80554948043625 23
80555015076401 66
80555015110410 91
80555082108606 23
80555082143256 66
80555082150874 91
80555149153888 91
80555216414782 23
80555216465434 66
80555216472782 91
80555283390187 23
80555283423067 66
80555283430481 91
80555350288964 23
80555350319971 66
80555350327450 91
80555417399997 23
80555417429140 66
80555491232990 91
80555491267576 23
80555569315950 66
80555569352885 91
80555569360491 23
80555625998318 66
80555626032147 91
80555693472032 23
80555693504471 66
80555760792243 23
80555760822363 66
80555760829648 91
80555828210693 23
80555828245063 66
80555828252671 91
80555886834560 23
80555886906367 66
80555886914055 91
80555954077216 23
80555954110925 66
80555954118200 91
80556021019160 23
80556088093677 66
80556088132255 91
80556088140013 23
80556165321519 66
80556165362080 91
80556165369577 23
80556222408814 66
80556222457798 91
80556289266071 23
80556289294186 66
80556289301693 91
80556357796508 23
80556357824683 66
80556357832181 91
80556423311797 23
80556423350315 66
80556490587745 91
80556490622598 23
80556568561105 66
80556568592510 23
80556624587628 66
80556624617642 91
80556691630434 91
80556691661282 23
80556766595152 66
80556766629080 91
80556766636452 23
80556833976671 66
80556834010792 91
80556892904538 23
80556892934352 66
80556959945030 23
80556959977448 66
80556959984655 91
80557026951615 91
80557094049369 23
80557094080275 66
80557161189812 91
80557161218991 23
80557228215939 66
80557228247115 91
80557228254475 23
80557295323223 66
80557295357499 91
80557362407003 23
80557362437998 66
80557362445264 91
80557436239994 23
80557436278458 66
80557436285971 91
80557503604413 23
80557503634330 66
80557503641912 91
80557571023118 23
80557571070203 66
80557644666823 91
80557644746020 23
80557705782455 66
80557705831425 23
80557773181380 66
80557773216300 91
80557903607494 23
80557903642921 66
80557903650878 91
80558033140121 23
80558033174417 66
80558033181678 91
80558099955177 91
80558167110815 23
80558167146208 66
80558234156986 91
80558234189977 23
80558307896569 66
80558307929677 23
80558375273388 66
80558375303403 91
80558442686242 91
80558442724251 23
80558510021270 66
80558510056288 91
80558577482271 23
80558577535833 66
80558577543451 91
80558644768486 23
80558644798592 66
80558644805988 91
80558703678853 23
80558703709425 66
80558703717216 91
80558770677715 23
80558770707857 66
80558851097396 23
80558904787036 66
80558904816680 91
80558971896533 23
80558971925651 66
80559038908859 91
80559106146635 23
80559173025997 66
80559173059255 91
80559249983885 91
80559307112150 23
80559307143575 66
80559307151088 91
80559374450251 23
80559374486106 66
80559374493697 91
80559451964158 23
80559508450068 66
80559508482439 91
80559508489900 23
80559582541168 66
80559649878559 23
80559649909773 66
80559649917125 91
80559784648996 23
80559784685426 91
80559784692905 23
80559852038289 66
80559852069128 91
80559919530928 23
80559919578001 66
80559919585628 91
80559977892096 23
80559977923833 66
80559977931147 91
80560044860283 23
80560044893554 66
80560115503177 91
80560115529805 23
80560179088775 66
80560179120947 91
80560179128376 23
80560255449820 66
80560255487093 91
80560313108687 23
80560313141097 66
80560313148473 91
80560386845304 23
80560386878586 66
80560454239537 23
80560454269450 66
80560454276933 91
80560589011881 23
80560589052296 66
80560589059821 91
80560723740654 91
80560723770895 23
80560782690997 66
80560782720095 23
80560849938714 66
80560849970200 91
80560916828642 91
80560983857858 23
80560983887644 23
80560983895376 66
80560983902477 91
80561050958589 23
80561050989535 66
80561051014361 91
80561118059983 23
80561118091550 66
80561118099292 91
80561188990923 23
80561189038169 66
80561189045712 91
80561252075146 23
80561325916732 66
80561325948226 91
80561325955968 23
80561393317387 66
80561393349037 91
80561460728895 23
80561460764776 66
80561460772215 91
80561528097617 23
80561528133384 66
80561528140850 91
80561595457036 23
80561595486921 66
80561662906172 23
80561662937877 66
80561662945380 91
80561788606459 23
80561788638335 66
80561788646005 91
80561922922522 23
80561922957536 91
80561922965342 23
80562000611911 66
80562000647225 91
80562056886126 23
80562056919430 66
80562056926742 23
80562123953522 66
80562123985915 91
80562201968560 91
80562258091992 23
80562258125425 66
80562258132755 91
80562325138668 23
80562325174683 66
80562325182062 91
80562403869418 23
80562403906250 66
80562403913878 91
80562459360204 23
80562459388043 66
80562531839334 91
80562531874121 23
80562606477422 66
80562606507238 23
80562660583829 66
80562660615118 91
80562737104987 91
80562737133623 23
80562794640191 66
80562794670730 91
80562861932264 23
80562861970516 66
80562939111256 23
80562939152305 66
80562995863760 91
80563063056925 91
80563129973773 23
80563130001753 66
80563197039311 91
80563197072370 23
80563273607763 66
80563273652575 91
80563331076641 23
80563331105469 66
80563331112799 91
80563398295519 23
80563398323096 66
80563465305678 23
80563465336723 66
80563465344152 91
80563539152504 91
80563606383625 23
80563606416525 66
80563606424197 91
80563673777558 23
80563673805198 66
80563741208433 91
80563741239450 23
80563741246732 66
80563808540894 91
80563808575248 23
80563875893492 66
80563875925792 91
80563934751700 23
80563934784916 66
80563934792463 91
80564001928079 23
80564001960378 66
80564069109059 23
80564069145541 66
80564144380002 91
80564202957358 23
80564202991135 66
80564270060535 91
80564337219394 91
80564404516682 23
80564404559189 66
80564404566967 91
80564478139204 23
80564478176549 66
80564478183980 91
80564545645601 23
80564545682494 66
80564612868616 23
80564612895878 66
80564680258783 91
80564747810340 23
80564747840951 66
80564747848542 91
80564873707846 91
80564873832468 23
80564940733958 66
80564940763196 91
80565007765277 23
80565007796038 66
80565007803437 91
80565074961949 23
80565074998238 66
80565075005781 91
80565141941099 23
80565141971619 66
80565208967539 91
80565209000968 23
80565276027798 66
80565276059361 23
80565349846683 66
