80354226515163 91
80354287211627 23
80354354240568 66
80354354273357 91
80354421234613 91
80354499132616 23
80354499169181 66
80354499176571 91
80354555432822 23
80354555461224 66
80354632645360 91
80354632682331 23
80354632689671 66
80354700361391 91
80354700393714 23
80354756653263 66
80354756684656 91
80354823819363 23
80354823849962 66
80354823857606 91
80354902272149 23
80354902304489 66
80354902312073 91
80354957899793 23
80354957929533 66
80354957936981 91
80355091922195 91
80355169537093 23
80355169567420 66
80355169575024 91
80355226275607 23
80355226308988 66
80355226316855 91
80355293193342 23
80355293226825 66
80355293234362 91
80355371501521 23
80355371535538 66
80355427345033 91
80355427378006 23
80355502638689 66
80355502667970 91
80355561562508 23
80355561614189 66
80355561621761 91
80355638361049 91
80355695626892 23
80355695660959 66
80355774771155 91
80355774803546 23
80355829678898 66
80355829711512 23
80355829718991 91
80355896812627 23
80355896842639 66
80355896850300 91
80355963992774 23
80355964022707 66
80356030916964 91
80356030949542 23
80356030956797 66
80356107946975 91
80356107985636 23
80356165025030 66
80356165060703 91
80356232109226 23
80356232141947 66
80356232149454 91
80356299295600 23
80356299327947 66
80356299335172 91
80356366551019 23
80356366586139 66
80356366593853 91
80356433292804 23
80356433323534 66
80356511308776 91
80356567627429 23
80356567665880 66
80356634590127 23
80356634677737 66
80356634686230 91
80356709325850 91
80356768576304 23
80356768612066 66
80356768619456 91
80356835872729 23
80356835904456 66
80356914528084 91
80356914559542 23
80356970263377 66
80356970299749 91
80357046356932 23
80357046391507 66
80357046398855 91
80357104150181 23
80357104181005 66
80357104188534 91
80357171067634 23
80357171099798 66
80357247667403 91
80357247701446 23
80357305263769 66
80357305299427 91
80357372301150 23
80357372334257 66
80357372341696 91
80357449634670 23
80357449667928 66
80357449675342 91
80357506335730 23
80357506364313 66
80357573292778 91
80357573323606 23
80357640471164 66
80357640506508 23
80357707519650 66
80357707548998 91
80357774506873 91
80357841721295 23
80357841753583 66
80357841761169 23
80357908831918 66
80357908871883 91
80357982527494 23
80357982563926 66
80358049842487 91
80358117230515 91
80358184598821 23
80358184626948 66
80358252045975 23
80358252078795 66
80358319372587 91
80358386804585 91
80358445578868 23
80358445609515 66
80358512418072 23
80358512451489 66
80358512458762 91
80358579369823 91
80358646455025 23
80358646485164 66
80358646492644 91
80358713514997 23
80358713545711 66
80358780615259 91
80358780645697 23
80358847688903 66
80358847725408 23
80358847768341 91
80358926373131 23
80358926419203 66
80358981731931 91
80358981758298 23
80358981765539 66
80359048956689 91
80359048988507 23
80359048995772 66
80359115969873 91
80359183031342 23
80359183063598 66
80359183071212 91
80359249989059 23
80359250017075 66
80359250024460 91
80359317199366 23
80359317229446 66
80359384206054 91
80359384240150 23
80359451287223 66
80359451322556 23
80359518234581 66
80359518266924 91
80359585351826 91
80359659250985 23
80359659282340 66
80359659289996 91
80359726710045 23
80359726753699 66
80359726763686 91
80359807514521 23
80359807552957 66
80359807560623 91
80359861384795 23
80359861420497 66
80359928853601 91
80359928897701 23
80359996655859 66
80359996684603 91
80360054942598 23
80360054975745 66
80360054983514 91
80360121842338 23
80360121878279 66
80360121885726 91
80360188958634 23
80360188990522 66
80360256305839 91
80360323407652 23
80360323444213 66
80360390115007 23
80360390145499 66
80360390152833 91
80360463637873 91
80360530988959 23
80360531023120 66
80360608732544 91
80360608776316 23
80360665715879 66
80360665747920 91
80360733257193 23
80360733290073 66
80360733297596 91
80360800537494 23
80360800565663 66
80360800573317 91
80360867928540 23
80360867964465 66
80360926727140 91
80360926762041 23
80360993777030 66
80360993806237 91
80361060736298 23
80361060767867 66
80361060775738 91
80361131481265 23
80361131511096 66
80361131518492 91
80361194972887 23
80361195010429 66
80361261998744 23
80361262031953 66
80361328997986 91
80361396215488 23
80361470055851 66
80361470088538 91
80361537528676 23
80361537571537 91
80361604819857 23
80361604848012 66
80361604855885 91
80361672209026 23
80361672241621 66
80361739567339 91
80361739598779 23
80361798598914 66
80361798633228 91
80361798640763 23
80361865656587 66
80361865688270 91
80361932825189 23
80361932854688 66
80361932862090 91
80361999701814 23
80361999732288 66
80361999739614 91
80362066744312 23
80362066777723 66
80362133912864 91
80362133942499 23
80362201007612 66
80362201037338 91
80362268028823 23
80362268060874 66
80362268068242 91
80362341964297 23
80362341998998 66
80362342006384 91
80362409143975 23
80362409175630 66
80362476552294 91
80362476584797 23
80362543920380 66
80362543952182 91
80362611300447 23
80362611330766 66
80362611338406 91
80362678705770 23
80362678743011 66
80362678750307 91
80362737436766 23
80362737471510 66
80362804583152 91
80362804612194 23
80362871695782 66
80362871741288 91
80362938682409 23
80362938711546 66
80362938719565 91
80363005745400 23
80363005779694 66
80363005787110 91
80363072832054 23
80363072861493 66
80363072868897 91
80363139848729 23
80363139877930 66
80363139885499 91
80363207233612 23
80363207270040 66
80363280889767 91
80363280923041 23
80363348268058 66
80363348302194 91
80363415663851 23
80363415694959 66
80363415702410 91
80363483054772 23
80363483085244 66
80363550473394 91
80363550506991 23
80363550514589 66
80363638697749 91
80363676345157 23
80363676369989 66
80363676377200 91
80363743415399 23
80363743444640 66
80363810471793 23
80363810501822 66
80363810509522 91
80363944559633 91
80363944588956 23
80364019013944 66
80364019043622 91
80364078813504 23
80364078850946 66
80364078858256 91
80364152643777 23
80364152676514 66
80364152684361 91
80364220008283 23
80364220043911 66
80364287369605 91
80364287407194 23
80364287414860 66
80364354751402 91
80364354783487 23
80364422131925 66
80364422167877 91
80364491270177 23
80364491314426 66
80364491322166 91
80364548302575 23
80364548340139 66
80364615296511 91
80364615327790 23
80364693168003 66
80364693202297 91
80364749716696 23
80364749748734 66
80364749756138 91
80364816606327 23
80364816644153 66
80364816651539 91
80364883611584 23
80364883655714 66
80364883663137 91
80364957694783 23
80364957727986 66
80365033446858 91
80365033487842 23
80365092430429 66
80365092460967 91
80365159866612 23
80365159895505 66
80365159902829 91
80365227255204 23
80365227292531 66
80365227300422 91
80365295750791 23
80365295788774 66
80365295796587 91
80365352976493 23
80365353010693 66
80365420274755 91
80365420308628 23
80365487302744 66
80365487343543 91
80365554298579 23
80365554333281 66
80365554340527 91
80365621229417 23
80365621265467 66
80365688449987 23
80365688482965 66
80365755447689 91
80365829442263 91
80365896788911 23
80365896821109 66
80365896828378 91
80365973231882 23
80365973281640 66
80365973288970 91
80366031559917 23
80366031595957 66
80366031603490 91
80366098914156 23
80366098943779 66
80366157900089 91
80366157930826 23
80366225154111 66
80366225191682 91
80366291963214 23
80366291992256 66
80366291999764 91
80366359038618 23
80366359068273 66
80366426015629 91
80366426046812 23
80366493117366 66
80366493152545 23
80366560284828 66
80366560314998 91
80366627243535 91
80366701120894 23
80366701153132 66
80366701160512 91
80366768489332 23
80366768521098 66
80366768528538 91
80366835880935 23
80366835912552 66
80366903266562 91
80366970636625 23
80366970665589 66
80366970672846 91
80367038008013 23
80367038034422 66
80367038042071 91
80367096702546 23
80367096762247 66
80367096771486 91
80367163894373 23
80367163924041 66
80367230940750 91
80367230971861 23
80367297910162 66
80367297940236 91
80367364934496 23
80367364967006 66
80367364974495 91
80367432154864 23
80367432188173 66
80367432195589 91
80367499168844 23
80367499199740 66
80367499207303 91
80367566172156 23
80367566203619 66
80367640246654 91
80367707607085 23
80367707642970 66
80367707650515 91
80367775033431 23
80367775067652 66
80367775075135 91
80367842434041 23
80367842471777 66
80367842479452 91
80367911429491 23
80367911459961 66
80367968606150 91
80368035714131 23
80368035748851 66
80368035756344 91
80368102665468 23
80368102694578 66
80368169899705 23
80368169929479 66
80368169937135 91
80368247493344 91
80368303952269 23
80368370929008 66
80368370963067 91
80368370970564 23
80368447385782 66
80368447419024 91
80368447426527 23
80368505281758 66
80368505321708 23
80368572288874 66
80368572318600 91
80368639314007 23
80368639345336 66
80368716753878 91
80368773351938 91
80368773388720 23
80368840660239 66
80368840703192 91
80368907696789 23
80368907726112 66
80368907733740 91
80368974906752 23
80368974937149 66
80369041547369 91
80369041578358 23
80369119908933 66
80369119943517 91
80369119950925 23
80369175861307 66
80369175891574 91
80369175899049 23
80369242889954 66
80369242922060 91
80369309939173 23
80369309972197 66
80369309979716 91
80369376961393 23
80369376996242 66
80369444130701 91
80369444167433 23
80369523169735 66
80369523205942 91
80369578162202 23
80369578191630 66
80369578198970 91
80369657039425 23
80369657069883 66
80369657077414 91
80369719343860 23
80369719387268 66
80369719394721 91
80369779403759 23
80369856446399 66
80369856481652 91
80369856489222 23
80369913446743 66
80369913479512 91
80369980724017 23
80369980759385 66
80369980767023 23
80370058345172 66
80370058381160 91
80370187447636 23
80370187486335 66
80370187494009 91
80370249001202 91
80370315892038 23
80370315920790 66
80370315928448 91
80370382956679 23
80370382990879 66
80370461583449 23
80370461615649 66
80370461623206 91
80370584171969 91
80370584204726 23
80370584212082 66
80370662902262 91
80370718325702 23
80370718361231 66
80370718368464 91
80370794754691 23
80370794783980 66
80370794791419 91
80370852438416 23
80370852470891 66
80370930827429 91
80370930881729 23
80370986905053 66
80370986946616 91
80371053906651 23
80371053934269 66
80371053941723 91
80371120588171 23
80371120621822 66
80371120629415 91
80371198086667 23
80371198120023 66
80371254808182 91
80371254837789 23
80371254845077 23
80371321832015 66
80371321862360 91
80371388943672 23
80371388974621 66
80371388982152 91
80371456033416 23
80371456065797 66
80371456073214 91
80371535344915 23
80371535374260 66
80371590176782 23
80371590207793 66
80371590215545 91
80371724332204 23
80371724366219 66
80371724373754 91
80371791297950 91
80371858323185 23
80371858353921 66
80371858379816 91
80371933842089 23
80371933874509 66
80371933882235 91
80371992640822 23
80371992669029 66
80372069465171 91
80372126595481 23
80372126628406 66
80372126635786 91
80372193822987 23
80372193868012 66
80372193875400 91
80372260764747 23
80372260792654 66
80372260800010 91
80372327837011 23
80372327872112 66
80372408224894 91
80372408262342 23
80372462140576 66
80372462175568 91
80372536094439 23
80372536124352 66
80372536131875 91
80372603392574 23
80372603421475 66
80372670769053 23
80372738560090 66
80372738589146 91
80372805503448 91
80372864601352 23
80372864648509 66
80372864658768 91
80372931447775 23
80372931487267 66
80372931494466 91
80372998527828 23
80372998558610 66
80373065708323 91
80373065738433 23
80373132912639 66
80373132942347 91
80373132949836 23
80373199719662 66
80373199750271 91
80373199757546 23
80373266783755 66
80373266817232 91
80373333916905 23
80373333950594 66
80373333958293 91
80373407709040 23
80373407741532 66
80373407749184 91
80373475120792 23
80373475150528 66
80373542551418 91
80373609880393 23
80373609914764 66
80373609922439 91
80373677243067 23
80373677275967 66
80373677283554 91
80373736273809 23
80373736304000 66
80373803488264 91
80373803518314 23
80373881187644 66
80373881230047 91
80373881237813 23
80373937462107 66
80373937498348 91
80373937505998 23
80374004505397 66
80374004537108 91
80374071651719 23
80374071678771 66
80374138746151 91
80374138780799 23
80374138788668 66
80374205720816 91
80374205756606 23
80374279532129 66
80374279565336 91
80374346819536 23
80374346848421 66
80374414206591 23
80374414236906 66
80374414244568 91
80374481559038 91
80374549055969 23
80374549103076 66
80374616340206 91
80374616368906 23
80374675171400 66
80374675205493 91
80374742302155 23
80374742333518 66
80374742340794 91
80374809242561 23
80374809276018 66
80374809283453 91
80374876306071 23
80374876336294 66
80374876343906 91
80374943537469 23
80374943566660 66
80375010386879 91
80375010417549 23
80375077552527 66
80375077585761 91
80375144723067 23
80375144753855 66
80375218516479 23
80375218550188 66
80375218557629 91
80375285913779 91
80375353322166 23
80375353353724 66
80375420672000 91
80375420706730 23
80375488050806 66
80375488083611 91
80375555579838 23
80375555625281 66
80375555632513 91
80375614146414 23
80375614209253 66
80375614217108 91
80375681115887 23
80375681149973 66
80375748147500 91
80375748182034 23
80375815376856 66
80375815407942 91
80375882350352 23
80375882381317 66
80375882388689 91
80375949377317 23
80375949404177 66
80376016396872 91
80376016427612 23
80376016435060 66
80376095317612 91
80376095345561 23
80376157653929 66
80376157683408 91
80376234352994 23
80376234387923 66
80376234395134 91
80376292399932 23
80376292432864 66
80376292440394 91
80376359766546 23
80376359797626 66
80376359805020 91
80376427151729 23
80376427179658 66
80376486030193 91
80376553066713 23
80376553102453 66
80376553109727 91
80376635716423 23
80376635748076 66
80376635755186 91
80376687093398 23
80376687122468 66
80376687129631 91
80376755693816 23
80376755723345 66
80376821322451 23
80376821358205 66
