80772387211436 91
80772442403338 91
80772518845175 23
80772518884848 66
80772576512960 91
80772576558165 23
80772576565704 66
80772643611054 91
80772643645746 23
80772643653402 66
80772710775939 91
80772710827393 23
80772777767114 66
80772777807199 91
80772856131078 23
80772856168572 66
80772912042962 23
80772912091641 66
80772912101056 91
80772978867225 23
80773053159477 66
80773053198069 91
80773112900323 23
80773189290086 66
80773189320506 91
80773314255214 23
80773314293819 66
80773314301294 91
80773448366943 23
80773448394408 66
80773448401860 91
80773515411589 91
80773582484171 23
80773582513422 66
80773649534182 23
80773649572640 66
80773649579885 91
80773728543208 91
80773783631504 23
80773783661522 66
80773783668981 91
80773850707065 23
80773850734482 66
80773929855762 91
80773929890945 23
80773929898514 66
80773984787912 23
80773984818166 66
80773984825607 91
80774119032131 23
80774119067071 66
80774119074522 91
80774186024133 91
80774261767931 23
80774261801704 66
80774261809092 91
80774320150837 23
80774320186052 66
80774387256916 91
80774465060424 23
80774465094746 66
80774465102138 91
80774521381326 23
80774521416462 66
80774588633747 91
80774588679410 23
80774588686857 66
80774667012138 23
80774667049859 66
80774667057412 91
80774730026643 91
80774789554317 23
80774789589112 66
80774856739317 91
80774856769546 23
80774856777051 66
80774934226274 91
80774993104078 23
80774993132418 66
80774993139718 23
80775057885365 66
80775057933140 91
80775130811482 23
80775130846236 66
80775191976287 91
80775337490776 23
80775337523318 66
80775337531030 91
80775460232781 23
80775460271348 66
80775460278959 91
80775594422779 23
80775594454877 66
80775661417200 91
80775728472532 23
80775795717895 66
80775795749908 91
80775862706246 23
80775939819370 66
80775939851946 91
80775996975758 23
80776074057961 66
80776074109324 91
80776141870622 23
80776203980662 66
80776204015875 91
80776265171866 91
80776343191407 23
80776343228865 66
80776343236454 91
80776399110772 23
80776399144113 66
80776466262589 23
80776466295982 91
80776466303648 23
80776545017241 66
80776545050061 91
80776600418643 23
80776600453176 66
80776600460695 91
80776668045436 23
80776668080140 66
80776668087900 91
80776746395476 23
80776746428941 66
80776746436519 91
80776801546427 23
80776801579729 66
80776801587103 91
80776878261402 23
80776878295175 66
80776948179960 91
80777002880740 23
80777002917708 66
80777002925138 91
80777070081237 23
80777070122885 66
80777070130454 91
80777136904746 91
80777204091605 23
80777204127198 66
80777204134719 91
80777271132888 23
80777271171179 66
80777338345858 23
80777338378736 66
80777338386025 91
80777405257311 23
80777405295622 66
80777405303227 91
80777472332025 23
80777472360910 66
80777472368192 91
80777539315775 23
80777539350592 66
80777617514107 91
80777617543909 23
80777673478152 66
80777673508706 91
80777740460635 23
80777740488343 66
80777814897345 91
80777882360383 23
80777882398219 66
80777949615253 23
80777949646347 66
80777949653821 91
80778075934350 91
80778075970185 23
80778143205305 66
80778143260287 91
80778143268480 23
80778209909361 66
80778209940008 91
80778277001006 23
80778277030836 66
80778277038192 91
80778344126466 23
80778344157189 66
80778411082319 91
80778411116025 23
80778411123486 66
80778478283781 91
80778551779444 23
80778551812153 66
80778551819875 91
80778619165739 23
80778619193574 66
80778619200867 91
80778686541903 23
80778686580675 66
80778763535875 23
80778763576310 66
80778763583740 91
80778821313839 91
80778888753900 23
80778888790055 66
80778947599958 91
80779019258408 23
80779019298174 66
80779019305962 91
80779081826969 23
80779081863341 66
80779081870794 91
80779148910912 23
80779148942653 66
80779215851769 91
80779215882591 23
80779288667684 66
80779288706295 91
80779350047049 23
80779350079410 66
80779417144336 23
80779417174881 66
80779417182533 91
80779558263465 91
80779625648593 23
80779625683619 66
80779625691700 91
80779693105918 23
80779693145794 66
80779693156018 91
80779752577433 23
80779752613332 66
80779752620648 91
80779819745082 23
80779886620509 66
80779886657253 91
80779960471499 23
80779960504290 66
80779960511874 91
80780020805169 23
80780020842560 66
80780020850138 91
80780087871789 23
80780087921424 66
80780165253462 91
80780165290618 23
80780222160006 66
80780222189732 23
80780222197172 66
80780289400761 91
80780361248037 23
80780361282238 66
80780423097307 91
80780490302674 23
80780490336754 66
80780490344426 91
80780568639370 91
80780624371539 23
80780624407342 66
80780691352854 91
80780691392277 23
80780770624726 66
80780770672630 23
80780825543586 66
80780825574129 91
80780892561992 23
80780892595371 66
80780971795666 91
80781026980410 23
80781027026978 66
80781116777025 91
80781116819645 91
80781160820923 23
80781234427321 66
80781234457596 91
80781234465227 23
80781304828451 66
80781304863676 91
80781304871320 23
80781361983227 66
80781362015190 91
80781429066150 23
80781429100084 66
80781429107406 23
80781508595244 66
80781508624011 91
80781563279361 23
80781630401377 66
80781630435076 91
80781708216883 91
80781764671246 23
80781764705359 66
80781831691535 23
80781831729411 66
80781831736806 91
80781910223314 91
80781965661942 23
80781965697916 66
80781965705161 91
80782038155209 23
80782038187130 66
80782105540868 23
80782105569395 66
80782105576999 91
80782172896494 91
80782240285896 23
80782240322919 66
80782240330289 91
80782310292942 23
80782310330018 66
80782310337849 91
80782368156921 23
80782368197723 66
80782435080275 23
80782435108900 66
80782435116286 91
80782569960056 91
80782636254224 23
80782636285195 66
80782710549496 23
80782710581898 66
80782710589606 91
80782837596857 23
80782837629427 66
80782837637081 91
80782915813290 91
80782971682990 23
80782971717497 66
80782971725080 91
80783038837435 23
80783038882718 66
80783038890171 91
80783117842197 23
80783117880464 66
80783178731494 23
80783178767725 66
80783178775164 91
80783306967312 23
80783307001765 66
80783385016250 91
80783453797132 23
80783453838558 66
80783453846108 91
80783581725095 91
80783581759455 23
80783642503331 66
80783642547266 23
80783709520884 66
80783709561277 91
80783788427996 23
80783843472116 66
80783843507172 91
80783920351493 23
80783920394169 66
80783977644523 91
80784052009005 91
80784119275861 23
80784119307426 66
80784119314916 91
80784186668937 23
80784186702663 66
80784254060908 91
80784254091537 23
80784312931024 66
80784380222117 91
80784380260554 23
80784447328085 66
80784447360358 91
80784447367917 23
80784514131334 66
80784514163957 91
80784514171572 23
80784581171622 66
80784648340454 23
80784648368490 66
80784715466680 91
80784782476061 91
80784856251919 23
80784856285549 66
80784856292897 23
80784923658035 66
80784923689537 91
80785058409294 23
80785058447967 66
80785058455442 91
80785125776721 23
80785193147149 66
80785193180238 91
80785252105321 91
80785252141785 23
80785319093068 66
80785319126953 91
80785386098548 23
80785386128389 66
80785386135960 91
80785453031044 23
80785453062425 66
80785453069990 91
80785529655365 23
80785529691863 66
80785587155879 23
80785587189334 66
80785587197010 91
80785654417529 91
80785721406862 23
80785721473512 66
80785795390377 23
80785795418330 66
80785795426050 91
80785930107205 23
80785930151842 66
80785930159675 91
80786064931526 23
80786064973405 66
80786064981139 91
80786190812045 23
80786190847699 66
80786190855105 91
80786325002944 23
80786325036625 66
80786325044152 91
80786391993401 91
80786459197597 23
80786459240431 66
80786526487963 91
80786593207188 91
80786667136310 23
80786667170833 66
80786667178282 91
80786734452677 23
80786734483016 66
80786801920222 23
80786801957203 66
80786869237942 91
80786936733634 23
80786995604034 66
80786995642204 91
80787062853014 23
80787062886021 66
80787062893276 91
80787129750582 91
80787196739920 23
80787196775280 66
80787196782693 91
80787263769183 23
80787263803535 66
80787331118691 91
80787331163742 23
80787398038741 66
80787398068809 91
80787465019669 23
80787465044992 66
80787538836136 91
80787538870623 23
80787538878178 66
80787606252323 91
80787606286577 23
80787673533191 66
80787673562977 23
80787741060176 66
80787741097823 91
80787808303031 23
80787875705966 66
80787875739081 91
80787934523953 91
80788001724462 23
80788001761624 66
80788068728090 91
80788068761907 23
80788135753711 66
80788135785439 91
80788202839712 23
80788202871864 66
80788269901754 23
80788269950661 66
80788269960721 91
80788403985235 91
80788404021699 23
80788477865932 66
80788477896527 91
80788545333125 23
80788545364756 66
80788612603288 23
80788612634786 66
80788612642070 91
80788680243600 23
80788680296591 66
80788806286320 91
80788873523798 91
80788940549060 23
80788940580994 66
80788940588594 91
80789007593642 23
80789007636438 66
80789007643905 91
80789074517437 23
80789074550561 66
80789141718679 91
80789208794272 23
80789208828117 66
80789208835622 91
80789275740306 23
80789275770680 66
80789349605805 23
80789349638488 66
80789349646051 91
80789484362338 91
80789484398225 23
80789544041910 23
80789544075114 66
80789544082498 91
80789611053850 23
80789611090940 66
80789611098674 91
80789678258512 23
80789678291598 66
80789678299076 91
80789756880666 23
80789756932229 66
80789756940369 91
80789820635942 23
80789820673362 66
80789887296612 23
80789887332280 66
80789954671145 91
80790013581397 23
80790013626412 66
80790013633734 91
80790080583263 91
80790147696908 23
80790147731511 66
80790147738912 91
80790214763942 23
80790214794571 66
80790281799943 91
80790281828900 23
80790357530792 66
80790357565855 91
80790357573243 23
80790415945977 66
80790415977994 23
80790482962738 66
80790482992764 91
80790556850568 23
80790556879331 66
80790624236209 91
80790691610119 23
80790691643619 23
80790758974315 66
80790759008350 91
80790893738780 23
80790893766201 66
80790893773629 91
80791019628244 23
80791019666720 66
80791019674197 91
80791153637673 23
80791153671649 66
80791153679083 91
80791287915277 91
80791287950400 23
80791354887833 66
80791354925863 91
80791428568870 23
80791428598539 66
80791428606135 91
80791495941557 23
80791495973449 66
80791563330048 23
80791563363048 66
80791563370342 91
80791698072867 23
80791698104125 66
80791698111691 91
80791824329666 23
80791824363323 66
80791824370781 91
80791891333928 91
80791958352803 23
80791958387346 66
80791958394847 91
80792025700207 23
80792025746216 66
80792092596568 23
80792092632451 66
80792092640004 91
80792235037981 23
80792235077788 66
80792235085341 91
80792360960202 23
80792361008790 66
80792361016263 91
80792495236395 23
80792495274096 66
80792495282376 91
80792629108303 23
80792629153827 66
80792629162145 91
80792769829020 23
80792769864211 66
80792769871840 91
80792904640467 23
80792904675937 66
80792904683718 91
80792972022577 91
80793039379317 23
80793039419137 66
80793039426678 91
80793107084140 23
80793107112108 66
80793107120329 91
80793165630150 23
80793165658969 66
80793165666273 91
80793232653720 23
80793232685079 66
80793299769779 91
80793366970058 23
80793367014991 66
80793367022365 91
80793441511739 23
80793441542834 66
80793508895430 91
80793508927636 23
80793508935067 23
80793508942061 66
80793576318710 91
80793635138264 23
80793635188604 66
80793702452495 91
80793702508621 23
80793769347488 66
80793769387130 23
80793836340714 66
80793836381387 91
80793903360036 23
80793980876477 66
80793980926249 91
80794037587733 23
80794037626635 66
80794104642031 91
80794171825508 23
80794171866971 66
80794238804525 91
80794305826947 23
80794384248661 66
80794384287967 91
80794439963274 23
80794507141347 66
80794507174864 91
80794507182315 91
80794580090937 23
80794641194772 66
80794641231649 91
80794641239327 23
80794708225099 66
80794708260931 91
80794708268505 23
80794787310274 66
80794787342526 91
80794842359217 23
80794842396589 66
80794919212276 23
80794919241887 66
80794919249195 91
80795050290739 23
80795050321163 66
80795050328638 91
80795177712731 23
80795177744871 66
80795177753432 91
80795322412437 91
80795322444148 23
80795378722263 66
80795378755292 91
80795378762758 23
80795453213501 66
80795453248264 91
80795512935373 23
80795512965962 66
80795512973340 91
80795579969875 23
80795580003608 66
80795580010980 91
80795647040033 23
80795647071821 66
80795725752262 23
80795725805950 66
80795725813608 91
80795856111783 23
80795856174584 66
80795856183246 91
80795982467206 91
80796049498418 23
80796049534619 66
80796049541918 91
80796116449721 23
80796116478893 66
80796116486617 91
80796183680107 23
80796183711464 66
80796250649407 23
80796250681078 66
80796250688450 91
80796317682044 91
80796384697757 23
80796384733749 66
80796384741415 91
80796452002348 23
80796452035817 66
80796452043636 91
80796518924392 23
80796518953048 66
80796518960754 91
80796586020033 23
80796586050717 66
80796586058346 91
80796664951442 23
80796664991889 66
80796664999432 91
80796721700770 23
80796721727356 66
80796796817374 91
80796854346347 23
80796854380725 66
80796854388065 91
80796921335693 23
80796921373135 66
80796988665161 91
80796988702758 23
80797055935042 66
80797055977971 91
80797134169939 23
80797134198552 66
80797134206192 91
80797189586104 23
80797189620726 66
80797189628330 91
80797264124305 23
80797264152872 66
80797335494563 91
80797335533679 23
80797390791093 66
80797390827012 23
80797390834348 91
80797467385825 23
80797467419860 66
80797467427278 91
80797524958506 23
80797591928894 66
80797591958393 91
80797591965769 23
80797658953546 66
80797658981964 91
80797726339507 23
80797726371258 66
80797793204834 23
80797793241472 66
80797793249065 91
80797870617175 23
80797927292841 66
80797927333168 91
80797994688892 23
80798073107544 66
80798073176673 91
80798135325232 23
80798135373246 66
80798135380944 91
80798195897602 91
80798273994699 23
80798274032696 66
80798329720591 23
80798329756629 66
