85759790547266 91
85759857930097 91
85759924884478 23
85759924919665 66
85759924927367 91
85760002886252 23
85760002918193 66
85760002925778 91
85760058890993 23
85760058921230 66
85760058929019 91
85760125948610 23
85760125977370 66
85760125984881 91
85760204192934 23
85760204226250 66
85760260080387 91
85760260112010 23
85760260119406 66
85760327339831 91
85760406119653 23
85760406154927 66
85760461352352 91
85760461380451 23
85760461387845 66
85760535062719 23
85760535094108 66
85760607545269 91
85760607580663 91
85760662441731 23
85760662475296 66
85760662483525 91
85760739368430 23
85760739400419 66
85760796754756 91
85760796822903 23
85760796832983 66
85760863875849 91
85760863915121 23
85760863922896 66
85760863930117 91
85760930713890 23
85760930745571 66
85760930753380 91
85760997933120 23
85760997964797 66
85761076656522 91
85761076687117 23
85761132008686 66
85761208528796 91
85761208559184 23
85761208566723 66
85761208573578 91
85761266219602 23
85761266252230 66
85761333206074 91
85761333237674 23
85761409845039 66
85761409879642 23
85761467342131 66
85761467394481 91
85761534418972 23
85761611896225 66
85761611931605 91
85761668483680 91
85761668517298 23
85761735478869 66
85761735505037 91
85761735512970 23
85761802681517 66
85761802713039 91
85761802720616 23
85761871137749 66
85761871162663 91
85761936902514 23
85761936949846 66
85762003828751 91
85762003863560 23
85762003871214 66
85762070968565 91
85762071005112 23
85762138018870 66
85762138053262 91
85762138060928 23
85762138067856 66
85762205000050 91
85762272105761 91
85762272139600 23
85762345982660 66
85762346017693 91
85762346024938 23
85762413374605 66
85762413408330 91
85762480746908 23
85762480778889 66
85762480786758 91
85762480793866 23
85762548117744 66
85762548149912 91
85762548157873 23
85762615521392 66
85762615554181 91
85762615561702 23
85762682897184 66
85762682930635 91
85762741639002 23
85762741671246 66
85762808822202 23
85762808851119 66
85762808858680 91
85762875680109 23
85762950305013 66
85762950341349 91
85763017688379 91
85763017719843 23
85763085059201 23
85763085092998 66
85763085100714 91
85763152530407 23
85763152565181 66
85763152572727 91
85763211375750 23
85763211407194 66
85763211414898 91
85763278087375 91
85763278119591 23
85763345141636 66
85763345176628 23
85763412160379 66
85763412188741 91
85763412196260 23
85763412203290 66
85763479392627 91
85763479420866 23
85763546244538 66
85763546274680 91
85763613351347 23
85763613386550 66
85763687333671 23
85763687367770 66
85763687375655 91
85763822013589 91
85763822046183 23
85763889382363 66
85763889410770 91
85763956779926 23
85763956812832 66
85764024141041 23
85764024172477 66
85764024180132 91
85764150056954 23
85764150091836 66
85764150099536 91
85764226401139 91
85764284081143 23
85764284115747 66
85764351102106 23
85764351140043 66
85764351147835 91
85764418090762 91
85764485380095 23
85764485417454 66
85764485424997 91
85764563703155 23
85764563736854 23
85764563744578 66
85764619337572 23
85764686503181 66
85764765883602 91
85764827836241 91
85764887644108 23
85764887678155 66
85764887685853 91
85764966946648 23
85764966980054 66
85765021778923 91
85765021814500 23
85765021822176 66
85765098870231 23
85765098904788 66
85765098912432 91
85765223126424 23
85765223165793 66
85765290314347 91
85765357095536 91
85765424160279 23
85765424194762 66
85765502110145 91
85765502143956 23
85765558369467 66
85765558414818 91
85765625731205 23
85765625764061 66
85765692714433 91
85765692767895 23
85765759565868 66
85765759607442 23
85765759615317 66
85765826539911 91
85765893509356 23
85765893540864 66
85765893548519 91
85766027809899 91
85766027841118 23
85766027848657 66
85766027855838 91
85766094796168 23
85766094830317 66
85766172638441 23
85766172667071 66
85766229035985 91
85766296023408 23
85766296110156 66
85766296118350 91
85766374604891 91
85766441702763 23
85766441739775 66
85766497283449 23
85766497320272 66
85766497327851 91
85766639500480 23
85766639533229 66
85766639540869 91
85766765530701 23
85766765569207 66
85766765576802 91
85766832579501 91
85766899639613 23
85766899669564 66
85766899677047 91
85766966653783 23
85766966684871 66
85766966692469 91
85767033782695 23
85767033817679 66
85767100891124 91
85767100927319 23
85767167971108 66
85767168000140 91
85767241704971 23
85767241734322 66
85767241742839 91
85767309086222 91
85767309123377 23
85767309131175 66
85767380551544 91
85767443838443 23
85767443869000 66
85767443876661 23
85767503176373 66
85767503203540 91
85767503211194 23
85767570278932 66
85767570310871 91
85767637343603 23
85767637378760 66
85767711244968 23
85767711276605 66
85767711284349 91
85767778618578 23
85767846059847 66
85767846092888 91
85767913446974 91
85767980743802 23
85767980774455 66
85767980782131 91
85768048138297 23
85768048172770 66
85768048180156 91
85768106800065 23
85768106832140 23
85768106840031 66
85768106847214 91
85768173805389 23
85768173839206 66
85768241013246 23
85768241043852 66
85768241051476 91
85768375129832 23
85768375165055 66
85768375172796 91
85768442040859 91
85768509408342 23
85768509435758 66
85768509443573 91
85768576261812 23
85768576295989 66
85768576303846 91
85768576310991 23
85768652316405 66
85768652350321 91
85768786862448 23
85768786898854 66
85768786908091 91
85768852486402 91
85768920006318 23
85768920054753 66
85768920063191 91
85768978756962 23
85768978786587 66
85768978794012 91
85769046837220 23
85769046866801 66
85769046874316 91
85769112715584 23
85769112749968 66
85769180012542 23
85769180060834 66
85769180068469 91
85769246910484 91
85769313914100 23
85769313944312 66
85769313951835 91
85769381157188 23
85769381187199 66
85769381194857 91
85769448338740 23
85769448375325 66
85769448383027 91
85769522067296 23
85769522099108 66
85769589437412 91
85769589468613 23
85769589476383 66
85769656802037 23
85769656833598 66
85769656841227 91
85769791570627 23
85769791601536 66
85769791609429 91
85769850668031 23
85769850718819 66
85769917710828 91
85769984634590 91
85770051645590 23
85770051679610 66
85770118746230 91
85770118782133 23
85770118789793 66
85770185893670 23
85770185928012 66
85770185935455 91
85770252921414 91
85770319953671 23
85770319987072 66
85770319994758 91
85770393829559 23
85770393867186 66
85770461238754 91
85770461266443 23
85770461274185 66
85770528527202 91
85770528558026 23
85770528565841 66
85770595994986 91
85770596029222 23
85770663315690 66
85770663352997 91
85770663360737 23
85770663367798 66
85770730742936 91
85770730775669 23
85770730783420 66
85770789434040 91
85770789463269 23
85770789470822 66
85770856580856 91
85770856610733 23
85770856618445 66
85770923587008 91
85770923622202 23
85770923630016 66
85770990687397 91
85770990716992 23
85770990724719 66
85771057651966 91
85771057681084 23
85771057688714 66
85771124856856 91
85771124891148 23
85771192032046 66
85771192066903 91
85771258872928 23
85771258904102 66
85771258911639 23
85771258918704 66
85771332875560 91
85771400260954 23
85771400290478 66
85771400297885 91
85771467632319 23
85771467664555 66
85771535091946 91
85771602373593 23
85771602402005 66
85771661302302 91
85771728345042 91
85771728381687 23
85771795480756 66
85771795509565 91
85771862533326 23
85771862565226 66
85771862572800 91
85771929459455 23
85771929488290 66
85771929495769 91
85771996550794 23
85771996582519 66
85772063739007 91
85772063771619 23
85772130765336 23
85772130796136 66
85772130803764 91
85772204598120 23
85772204630419 66
85772204638145 91
85772271963996 23
85772271994987 66
85772272002771 91
85772339358648 23
85772339389484 66
85772339399065 91
85772406722621 23
85772406754403 66
85772406762089 91
85772474093711 23
85772474128839 66
85772474136499 91
85772533099845 23
85772533142691 66
85772533150448 91
85772600259367 23
85772600292931 66
85772667167773 23
85772667202757 66
85772667210336 91
85772801446983 23
85772801479193 66
85772801486917 91
85772935504641 23
85772935538951 66
85772935546409 91
85773082528851 23
85773082564573 66
85773082572510 91
85773143694244 91
85773211119589 23
85773211151399 66
85773211158988 91
85773278455051 23
85773278488370 66
85773278496705 91
85773345844544 23
85773345877506 66
85773345884760 91
85773413220009 23
85773413250066 66
85773413257931 91
85773472110277 23
85773472154513 66
85773472162736 91
85773539434887 23
85773539467185 66
85773539474419 91
85773606311312 23
85773606344519 66
85773606352412 91
85773673513752 91
85773740280448 23
85773740310686 66
85773740318467 91
85773807394905 23
85773807429006 66
85773807436804 91
85773874480321 23
85773874516417 66
85773948028068 91
85773948057898 23
85773948065236 66
85774015409412 91
85774015440614 23
85774015448755 66
85774082917222 23
85774082953584 66
85774142896776 91
85774142946275 23
85774142953840 66
85774209730541 91
85774209762635 23
85774209770401 66
85774287947125 91
85774287980007 23
85774343992193 66
85774344023981 91
85774411207629 23
85774411243778 66
85774489884721 91
85774489914034 23
85774489921881 66
85774545033183 91
85774545064825 23
85774545072692 66
85774612221476 91
85774612253565 23
85774691214215 66
85774691246544 91
85774691254107 23
85774746272982 66
85774746305267 91
85774823101484 23
85774823139481 66
85774880527962 91
85774880621697 23
85774880630922 66
85774953899854 91
85774953927793 23
85775014583727 66
85775014618067 91
85775014625692 23
85775081697743 66
85775081729034 91
85775081736505 23
85775151416569 66
85775151453546 91
85775226434452 23
85775226463892 66
85775282917166 23
85775282949708 66
85775282957338 91
85775427724977 23
85775427759076 66
85775427766707 91
85775551026702 23
85775551053346 66
85775551060738 91
85775629619942 23
85775685370307 66
85775685405439 91
85775752510372 91
85775822806613 23
85775822842500 66
85775822850339 91
85775897040841 23
85775897072270 66
85775953510154 23
85775953543587 66
85775953551197 91
85776020473261 91
85776098839238 23
85776098869751 66
85776098877427 91
85776154720244 23
85776154750845 66
85776154758348 91
85776229978369 23
85776230012077 66
85776230020087 91
85776288765153 23
85776288796997 66
85776288804677 91
85776355947667 23
85776355981193 66
85776355989042 91
85776422933073 23
85776422964678 66
85776422972140 91
85776502197903 23
85776502246875 66
85776502254537 91
85776557025719 23
85776557055153 66
85776557063181 91
85776624204880 23
85776624264512 66
85776691232780 23
85776691265839 66
85776691273396 91
85776758564587 91
85776835275164 23
85776835304743 66
85776892358884 23
85776892390779 66
85776959443638 91
85777093476450 23
85777093509044 66
85777093516846 91
85777240730379 23
85777240764099 66
85777240771823 91
85777294724426 91
85777362117254 23
85777362151473 66
85777436554190 23
85777436587866 23
85777495931473 66
85777495966644 91
85777563124509 23
85777563154569 66
85777563162277 91
85777697159835 91
85777697192286 23
85777697200525 66
85777773693335 91
85777843783822 23
85777843816121 66
85777843823736 23
85777904757618 66
85777904792996 91
85777972126795 23
85777972160885 66
85778039507902 91
85778106856994 23
85778106884125 66
85778174334600 91
85778174367351 91
85778241757906 23
85778241810850 66
85778241822332 91
85778309018774 23
85778309068172 66
85778309076403 91
85778367878668 23
85778367910019 66
85778434986656 91
85778435020508 23
85778435028008 66
85778501930533 91
85778501963133 23
85778569064055 66
85778569099779 23
85778636096926 66
85778636128168 91
85778703971368 23
85778704001538 66
85778704009339 91
85778770163217 91
85778843910361 23
85778843954083 23
85778843963704 66
85778911228394 91
85778911258274 23
85778978614366 66
85778978643573 23
85779046005191 66
85779046035960 91
85779113389627 23
85779180715383 66
85779248108551 91
85779306815648 23
85779306880106 66
85779306888078 91
85779374405043 91
85779440814289 23
85779440843998 66
85779508049769 91
85779508080368 23
85779575197406 66
85779575228761 23
85779642076122 66
85779642110867 91
85779709072116 91
85779709101504 23
85779709109739 66
85779782959102 91
85779782988266 23
85779782996009 66
85779850309690 91
85779850342844 23
85779917701764 66
85779917736106 91
85779917743866 23
85779985094332 66
85779985127425 91
85780052454325 23
85780052486647 66
85780052494337 91
85780119845066 23
85780119878238 66
85780178664924 23
85780178698975 91
85780245761324 23
85780245796533 66
85780245803982 23
85780245811028 66
85780312652161 91
85780447036349 23
85780447074368 66
85780447081978 91
85780513952358 91
85780513985403 23
85780580953838 66
85780580990232 91
85780648024374 91
85780722037601 23
85780722068029 66
85780795626364 23
85780795666161 66
85780795673882 91
85780924209283 23
85780924241721 66
85780924249314 91
85781060695402 23
85781060731492 66
85781060739025 91
85781117496409 23
85781184519191 66
85781184550705 91
85781251677734 23
85781318769654 66
85781318804771 91
85781453133596 23
85781453169825 66
85781453177567 91
85781593757525 23
85781593786935 91
85781661187773 23
85781661223676 66
85781661231209 91
85781729203790 23
85781729230983 66
85781795863708 91
85781863325303 91
85781930715164 23
85781930752769 66
85782004286341 23
85782004323232 66
85782004330890 91
85782123539037 23
85782123571935 66
85782123579732 91
85782257704971 23
85782257742230 66
85782257749714 91
85782324684517 91
85782391790960 23
85782391824108 66
85782391832309 91
85782459056433 23
85782459101731 66
85782536390248 23
85782536428269 66
85782536435963 91
85782660134301 91
85782660163198 23
85782660170922 66
85782738361017 23
85782738391457 66
85782738399068 91
85782861203636 91
85782861238563 23
85782861246440 66
85782928413037 23
85782928448828 66
85783005635708 91
85783062447725 23
85783062485289 66
85783062493068 91
85783207518384 23
85783207562564 66
