85727263571474 91
85727340036800 23
85727340069551 91
85727410068358 23
85727410098259 66
85727410105829 91
85727465117994 23
85727465150041 66
85727542098341 91
85727542145521 23
85727599378296 66
85727599443689 23
85727665999138 66
85727666031225 91
85727666038964 91
85727743227937 23
85727800221477 66
85727800263630 91
85727800271452 23
85727867300500 66
85727945298361 91
85727945346256 23
85727945356650 66
85727945365305 91
85728001519537 23
85728001561910 66
85728073964728 91
85728135666656 23
85728135714019 66
85728135721751 91
85728269714723 91
85728269745976 23
85728269753654 66
85728336602121 23
85728336634458 66
85728336642118 91
85728470770837 23
85728470804283 66
85728470811950 91
85728537958946 91
85728615754296 23
85728615787381 66
85728615794997 91
85728671991566 23
85728672031100 66
85728672038792 91
85728739170275 23
85728739208517 66
85728817692780 23
85728817732667 66
85728817740253 91
85728940319819 23
85728940353008 66
85728940360561 91
85729019000575 91
85729074458362 23
85729074490786 66
85729074498403 91
85729150992887 23
85729151031871 66
85729151039449 91
85729208586030 23
85729208623891 66
85729208631645 91
85729275762176 23
85729275794296 66
85729347967106 91
85729434138053 23
85729434173626 66
85729482789914 91
85729482818237 23
85729482826646 66
85729550134635 23
85729550169427 66
85729617488500 91
85729684886646 23
85729684920671 66
85729752221597 91
85729819650031 23
85729819683836 66
85729819691321 91
85729954402491 91
85729954437400 23
85730013334662 66
85730080359320 23
85730080392854 66
85730080401060 91
85730147548870 23
85730214599038 66
85730214633431 91
85730281575788 91
85730281607170 23
85730348616048 66
85730348648171 91
85730348655779 23
85730348662690 66
85730415790584 91
85730415820499 23
85730415828008 23
85730482971095 66
85730483013535 91
85730549844468 23
85730549875870 91
85730549883479 23
85730549890515 66
85730623961347 91
85730691325672 23
85730691358341 23
85730691365856 66
85730691372836 23
85730758697977 66
85730758734331 91
85730826124196 23
85730826158272 66
85730826187664 23
85730893491407 66
85730893530281 91
85730952297952 91
85730952330311 23
85731019379558 23
85731019409058 66
85731086328698 23
85731086362703 66
85731086370369 91
85731220673064 23
85731220704685 66
85731220712268 91
85731354690543 23
85731354721437 66
85731354729262 91
85731504002745 23
85731504037761 66
85731504045554 91
85731563030066 23
85731563058754 91
85731630476891 23
85731630511454 66
85731697803993 23
85731697839785 66
85731697847341 91
85731824133659 23
85731824164638 66
85731824172378 91
85731901200819 23
85731958296381 66
85731958329110 91
85732026923433 23
85732026957685 66
85732026965100 91
85732092396019 23
85732159736027 66
85732226562993 91
85732293684502 23
85732367369837 66
85732367398964 91
85732434756092 23
85732434785098 66
85732502144164 91
85732569534874 23
85732569568702 66
85732569576269 91
85732636883071 91
85732704269802 23
85732704299301 23
85732704306912 66
85732763131450 91
85732763162592 23
85732849468254 66
85732849515158 23
85732849522862 66
85732897268295 91
85732964249366 23
85732964278689 66
85733031257200 91
85733031287145 91
85733098556913 23
85733098589099 66
85733165512915 23
85733165549017 91
85733165556466 23
85733232515318 66
85733232582512 91
85733232590892 23
85733306482461 66
85733306514720 91
85733306522669 23
85733373842846 66
85733373875414 91
85733441239709 23
85733441267630 66
85733441275212 91
85733512223148 23
85733512265263 66
85733512273037 91
85733567832389 91
85733634928689 23
85733634963128 66
85733634970844 91
85733714180356 23
85733714213324 66
85733714220827 91
85733769319287 23
85733769353123 66
85733845140654 23
85733845173854 66
85733845181475 91
85733915397359 91
85733970387078 23
85733970417550 66
85733970425294 91
85734047273698 23
85734047302175 66
85734104534581 23
85734104562529 23
85734104569998 66
85734171497460 91
85734249304226 91
85734305544423 23
85734305573004 66
85734372748874 23
85734372778687 66
85734372786791 91
85734450531213 91
85734506832169 23
85734506866233 66
85734573785845 91
85734573816478 23
85734652501738 66
85734652537671 23
85734652545255 66
85734708006727 91
85734775128917 23
85734842083585 66
85734842116380 91
85734919748263 91
85734976265157 23
85734976296435 66
85734976304502 23
85735043310559 66
85735043339959 91
85735177547292 23
85735177580178 66
85735177587929 91
85735323020343 23
85735323053649 66
85735323061054 91
85735378730281 91
85735445636183 23
85735445668693 66
85735521115371 91
85735521145782 23
85735579915881 66
85735579945275 91
85735579952784 23
85735646829941 66
85735646858426 91
85735646866090 23
85735713909421 66
85735713942697 91
85735781288295 23
85735781330468 66
85735781341183 91
85735848295678 23
85735848329230 66
85735915268516 23
85735915303581 66
85735915311494 91
85736049258529 23
85736049292079 66
85736049342196 91
85736123211826 23
85736190604221 66
85736190635112 91
85736258067679 23
85736258105318 66
85736258113247 91
85736392740123 23
85736392773927 66
85736392781612 91
85736518780070 23
85736518819073 66
85736518827018 91
85736652907126 23
85736652941243 66
85736720023122 91
85736786960004 23
85736786993140 66
85736787000771 91
85736863450006 91
85736921159873 23
85736921191385 66
85736921199115 91
85736994945795 23
85736994978459 66
85736994986248 91
85737062345025 23
85737062380174 66
85737129710277 91
85737129743568 23
85737197074375 66
85737197108796 91
85737197116256 23
85737264470464 66
85737264505208 23
85737264512981 66
85737264520001 91
85737331932644 91
85737390689704 23
85737390724889 66
85737457627573 91
85737457664990 23
85737457673252 66
85737524863826 91
85737592009016 23
85737592042059 91
85737592049604 23
85737592056735 66
85737658952662 91
85737658986324 23
85737737249908 66
85737737287129 91
85737792926394 23
85737792962812 66
85737792970560 91
85737866671516 91
85737866705374 23
85737866713639 14
85737866720812 66
85737934040659 91
85737934071920 23
85738001451417 66
85738001485786 91
85738068808618 23
85738068848578 66
85738068856204 91
85738136249723 23
85738136291989 66
85738136299596 91
85738203556737 23
85738203590715 66
85738203598335 91
85738270954718 23
85738270989117 66
85738329491025 23
85738329531046 66
85738329538426 91
85738396613571 23
85738396645111 66
85738463760331 23
85738463788972 66
85738463796570 91
85738530741854 91
85738597885277 23
85738597915751 66
85738597923475 91
85738672964968 23
85738673000567 66
85738673008144 91
85738732033176 23
85738732072459 66
85738805747610 23
85738805779091 66
85738805786665 91
85738873218166 91
85738940524829 23
85738940558089 66
85739007890156 91
85739007924927 23
85739007932544 66
85739007939452 91
85739075299255 23
85739075328749 66
85739142653468 23
85739142685817 66
85739201494327 91
85739268641592 23
85739268674683 66
85739335527059 91
85739335559733 91
85739402512829 23
85739402542056 66
85739469815077 91
85739469860261 23
85739469868229 66
85739536725695 91
85739536758422 23
85739536766251 66
85739603809509 91
85739603846422 23
85739603853893 66
85739670806476 91
85739670833460 23
85739744951609 66
85739744988473 91
85739744995898 23
85739812346221 66
85739812384781 91
85739879625397 23
85739879659800 66
85739879667602 23
85739947311533 66
85739947341374 91
85740014393599 91
85740081754835 23
85740081786394 66
85740081794084 91
85740081801037 23
85740140315132 66
85740140350832 91
85740207735807 23
85740207768363 66
85740207776119 91
85740341476425 23
85740341508902 66
85740341516769 91
85740475907237 23
85740475948692 66
85740475956488 91
85740609808775 23
85740609843344 66
85740609851062 91
85740744068724 23
85740744102767 66
85740744110509 91
85740811034554 91
85740878035945 23
85740878067228 66
85740945032422 23
85740945066340 66
85741012231288 91
85741089604641 23
85741089640408 66
85741089648029 91
85741146249327 91
85741213380687 23
85741213413205 66
85741213420911 91
85741287645622 23
85741287676094 66
85741347447258 91
85741347479697 23
85741347487254 66
85741347494441 91
85741414541739 23
85741414575369 23
85741414583097 66
85741492955616 91
85741493000285 23
85741548862791 66
85741548890769 23
85741548898266 66
85741615791163 91
85741755813875 23
85741755844999 66
85741755852715 91
85741816960979 23
85741816990554 66
85741884278074 91
85741962244573 23
85741962276596 91
85741962284131 23
85742018386170 66
85742018427915 23
85742018435788 66
85742085299078 91
85742158687701 91
85742158721786 23
85742158729158 66
85742219276471 91
85742219309236 23
85742286412234 66
85742286447626 91
85742286455197 23
85742365412516 66
85742365449113 23
85742365456801 66
85742420499483 91
85742497284267 23
85742554812300 66
85742554846824 91
85742621733891 91
85742621769419 23
85742688875413 66
85742688915038 91
85742688922814 23
85742755973650 23
85742756041214 66
85742756048848 91
85742756055729 23
85742834662275 66
85742834712285 91
85742889972222 23
85742890002752 66
85742890010197 91
85742964588308 23
85742964629507 66
85742964637255 91
85743035872747 23
85743035905364 66
85743035912675 91
85743091305864 23
85743091351326 66
85743091359006 91
85743180025143 23
85743180061079 66
85743225300542 23
85743225330320 66
85743225337984 91
85743369670324 23
85743369701737 66
85743442152749 91
85743505038645 23
85743505071549 66
85743505079302 91
85743560704170 91
85743627693267 23
85743627723880 66
85743627731266 91
85743707014419 23
85743707047278 66
85743761930583 91
85743761967492 23
85743829104858 66
85743829151533 23
85743895938641 66
85743895968345 91
85743974265922 91
85744030148612 23
85744030185259 66
85744097241886 23
85744097278654 66
85744176188369 91
85744231576299 23
85744298734003 66
85744298772873 91
85744366079668 91
85744366114728 23
85744443463024 66
85744443495727 91
85744443503622 23
85744443510886 66
85744499629562 91
85744499660298 23
85744499667885 66
85744566829669 91
85744566915489 23
85744643643392 66
85744643714199 91
85744643724520 23
85744700724520 66
85744700761556 91
85744767841650 23
85744767872865 66
85744846777002 23
85744846819661 66
85744846827092 91
85744902091124 91
85744978614082 23
85744978648012 66
85744978655594 91
85745036141790 23
85745036175406 66
85745036182973 91
85745103124722 23
85745103156127 66
85745103163646 91
85745179997422 23
85745180030523 66
85745180038197 91
85745237303946 23
85745237338168 66
85745304310372 23
85745304341699 66
85745304349409 91
85745381980819 23
85745438647947 66
85745438684381 91
85745579845026 23
85745579880488 66
85745579888106 91
85745714581311 91
85745714613435 23
85745714621153 66
85745791114892 23
85745791151437 66
85745840948355 91
85745909391281 23
85745909423566 66
85745909431400 91
85746053220587 91
85746053260107 23
85746053267791 66
85746109270450 23
85746109304756 66
85746176360329 91
85746243333038 23
85746243360237 66
85746310598890 91
85746310633073 91
85746384276843 23
85746384311346 66
85746451663846 91
85746451714750 23
85746451722507 66
85746518950664 91
85746518978261 23
85746586322397 66
85746586352565 91
85746586360229 23
85746653722319 66
85746653753186 91
85746653761163 23
85746721114846 66
85746721148047 91
85746721155546 23
85746779876828 66
85746779915618 91
85746846927650 23
85746846957742 66
85746846965558 91
85746913936691 23
85746913969289 66
85746988342708 23
85746988375739 66
85746988383457 91
85747048164108 91
85747048212475 23
85747115184832 66
85747115216519 91
85747182209299 23
85747182240407 66
85747182247833 91
85747249230930 23
85747249265187 66
85747249272716 91
85747323291467 23
85747323324972 66
85747323332795 91
85747390669842 23
85747390703706 66
85747390711550 91
85747458120337 23
85747458159539 23
85747458167272 66
85747525418227 23
85747525452245 66
85747592812948 91
85747651669999 91
85747725482821 23
85747725514748 66
85747725522379 91
85747792843825 23
85747792875617 66
85747792883136 91
85747868629629 23
85747868666325 66
85747868674252 91
85747927587555 23
85747927619711 66
85747995016005 91
85747995049486 23
85747995057423 23
85747995064498 66
85748062339589 23
85748062367303 66
85748062374822 91
85748188324094 23
85748188360323 66
85748188367915 91
85748255302365 91
85748332809755 23
85748332840647 66
85748389628373 91
85748389661886 23
85748389669699 66
85748456700952 91
85748456733605 23
85748534880953 66
85748534919666 23
85748590584725 66
85748590615573 91
85748657664733 23
85748657694235 66
85748732649471 91
85748800131594 23
85748800169302 66
85748859154843 91
85748926188446 91
85748926227159 23
85749004339037 23
85749004370700 23
85749004378301 66
85749060163930 91
85749060196169 23
85749127174271 91
85749127204942 23
85749206350565 23
85749206382046 66
85749206389865 91
85749335600023 23
85749335634514 66
85749335642576 91
85749402945325 23
85749402975067 66
85749470349090 23
85749470379857 66
85749537733823 23
85749537766371 66
85749537773892 91
85749663644668 91
85749663676858 23
85749663684606 23
85749730824048 66
85749730858450 91
85749797883257 23
85749797920188 23
85749865007694 91
85749931915407 23
85749931946748 91
85749999102739 14
85749999138344 23
85750066844652 66
85750066871925 91
85750139990464 23
85750207415781 91
85750274688625 23
85750274726168 14
85750274733896 23
85750274741220 91
85750342060528 14
85750342092923 23
85750342101210 91
85750409459136 23
85750409492595 14
85750409500176 66
85750476816939 91
85750476848089 23
85750476855773 66
85750535721861 23
85750602958512 66
85750602989363 91
85750602997129 23
85750603004451 66
85750669668754 23
85750669698079 66
85750736666914 91
85750803867713 91
85750803898392 23
85750870886150 66
85750870921201 23
85750937918297 66
85750937956600 91
85751011630864 91
85751011662676 23
85751011670315 66
85751079025671 91
85751079059307 23
85751079067009 66
85751146453994 91
85751146497277 23
85751213778071 66
85751281189720 91
85751281221765 23
85751281229494 66
85751348535282 23
85751348567619 66
85751348575150 91
85751407438029 23
85751474427854 66
85751474456299 91
85751541646479 91
85751541677872 23
85751541685898 66
85751608621986 23
85751608653196 66
