90741639350874 91
90741706502724 91
90741773734242 23
90741773767783 66
90741773775447 91
90741840470727 23
90741840503380 66
90741840510667 91
90741907506012 23
90741907532477 66
90741974693911 91
90741974721508 23
90741974729474 66
90742041772510 91
90742041803696 23
90742115700669 23
90742115735365 66
90742115743171 23
90742183040415 66
90742183071304 91
90742250432239 91
90742250465373 23
90742317804968 66
90742317839196 23
90742317846755 66
90742317853839 91
90742452548194 23
90742452577718 66
90742452585279 91
90742511137006 23
90742578167162 66
90742578192191 91
90742654787903 23
90742654828571 66
90742654836366 91
90742724685699 23
90742779455856 66
90742779483363 91
90742913472291 91
90742913506831 23
90742913514483 66
90742980875806 23
90742980910927 66
90742980918752 91
90743114667738 91
90743114699564 23
90743114707433 66
90743181814033 91
90743181850328 23
90743181857781 66
90743248965445 91
90743315902635 23
90743315932144 66
90743383065373 23
90743383097210 66
90743383104786 91
90743461128058 23
90743461165349 66
90743517071253 91
90743584261339 23
90743584292400 66
90743584300062 91
90743659394570 23
90743718343597 66
90743718386009 91
90743864408746 23
90743864441885 66
90743864449521 91
90743919464231 91
90743919656250 23
90743996269424 66
90743996299455 23
90743996307338 66
90743996314857 91
90744121091903 23
90744121123298 66
90744121130797 91
90744254905219 23
90744254940737 66
90744254948433 91
90744333654561 23
90744388971490 66
90744388998294 91
90744465489449 91
90744465514774 23
90744465522427 66
90744523115878 91
90744523135926 23
90744523143136 66
90744590098571 91
90744590120080 23
90744590127621 66
90744590134852 91
90744657119602 23
90744657138269 66
90744724381717 91
90744724401313 23
90744724408889 66
90744802764143 23
90744802782269 66
90744802789852 91
90744933225560 23
90744933255147 91
90744933262813 23
90744933269823 66
90744992567452 23
90744992598490 66
90745059615200 91
90745135978017 23
90745136006152 66
90745136013765 91
90745206065903 23
90745260865078 66
90745260892305 91
90745336070755 91
90745336102678 23
90745336110108 66
90745394967989 91
90745394994852 23
90745395002472 66
90745462183244 91
90745462215000 23
90745462222671 66
90745462229700 91
90745529179022 23
90745529209981 66
90745529217514 91
90745596111594 91
90745675300515 23
90745675326679 66
90745730275394 91
90745730297929 23
90745730306150 66
90745730313214 91
90745804167087 23
90745804187607 66
90745804195075 91
90745876525402 91
90745931635391 23
90745931653999 66
90746008415743 91
90746008434794 23
90746008442397 66
90746065564811 23
90746065585463 66
90746065592939 91
90746132693837 23
90746132723537 66
90746199862550 23
90746199891397 66
90746199899013 91
90746266871557 23
90746266903266 66
90746345782911 91
90746411591391 23
90746411625698 66
90746477672866 91
90746535209492 91
90746535246167 23
90746607853338 66
90746607878919 23
90746607886506 66
90746607894174 91
90746669133546 23
90746736284951 66
90746736305728 91
90746803317474 23
90746803338691 66
90746881063664 91
90746937451328 23
90746937481438 66
90746937489382 91
90747004573394 91
90747071611559 23
90747071678914 66
90747071686844 91
90747138635061 23
90747138667476 66
90747205859241 23
90747205890568 66
90747205898055 91
90747284195923 91
90747339874471 23
90747339899001 66
90747339906470 23
90747406881833 66
90747406904978 91
90747406912710 91
90747474097109 23
90747474121279 66
90747551409238 91
90747551432350 23
90747608137155 66
90747608152478 91
90747608159692 23
90747608166667 66
90747675145784 23
90747753374837 66
90747753402618 91
90747809280167 23
90747809302397 66
90747809309889 91
90747876355744 91
90747943494407 23
90747943526883 66
90748020571578 23
90748020592968 66
90748020601419 91
90748077517197 91
90748144697119 23
90748144715596 66
90748144723146 91
90748144730125 23
90748222634912 66
90748222672567 91
90748222680041 23
90748284767773 66
90748284796074 91
90748284803796 23
90748345825546 66
90748345852311 91
90748345860011 23
90748423880504 66
90748423910689 91
90748423918278 23
90748480090524 66
90748480116753 91
90748480124274 91
90748547029523 23
90748547056214 66
90748547064014 91
90748625796412 23
90748625820630 66
90748681221340 91
90748681242280 23
90748748267291 66
90748748285700 91
90748827081150 23
90748827098163 66
90748827105495 91
90748882434119 23
90748882453019 66
90748882460733 91
90748959030426 23
90748959060771 66
90748959068576 91
90749016604393 23
90749016635545 66
90749016643326 91
90749083507743 23
90749083531169 66
90749083538644 91
90749157863948 23
90749157902421 66
90749157910057 91
90749217680352 23
90749217715939 66
90749217723667 23
90749217730611 66
90749284706737 91
90749362285837 23
90749362319002 66
90749362326722 91
90749418938096 23
90749418967073 66
90749418974612 23
90749485923071 66
90749485944037 91
90749560850689 91
90749560876971 23
90749560884371 66
90749620088671 91
90749620110853 23
90749687234398 66
90749687255536 91
90749687263094 23
90749765521313 66
90749765541782 23
90749765549360 66
90749821241111 91
90749888374425 91
90749888395856 23
90749888406655 66
90749963727902 23
90749963755329 66
90749963763262 91
90750022479467 91
90750089649822 23
90750089673184 66
90750089680795 91
90750156868427 23
90750156894898 66
90750156902550 91
90750234704406 23
90750234725691 66
90750234733331 91
90750290826405 23
90750290864736 66
90750357937020 23
90750357970761 66
90750357978199 91
90750491954997 23
90750491990180 66
90750559097096 91
90750626168071 23
90750626198682 66
90750626206299 91
90750760197335 23
90750760230092 66
90750760237718 91
90750832668217 23
90750832690293 66
90750894383119 91
90750971148598 23
90750971172710 66
90750971180303 91
90751028606415 23
90751028630537 66
90751028637747 91
90751173139001 23
90751173172050 66
90751173179416 91
90751229657937 23
90751229681870 91
90751296762630 23
90751296792474 66
90751296799997 91
90751374459906 23
90751374490320 66
90751430959960 23
90751430988358 66
90751430995843 91
90751498054696 91
90751498086291 23
90751576380152 66
90751576411891 91
90751632104952 23
90751632133847 66
90751632141418 91
90751699236082 23
90751699264303 66
90751766338366 23
90751766367188 66
90751766374914 91
90751843664206 91
90751843696261 23
90751900741697 66
90751900774480 91
90751900782305 23
90751967870027 66
90751967898761 91
90751967906214 23
90752045589712 66
90752045619775 23
90752045627216 91
90752101502163 23
90752101531855 66
90752101539603 91
90752168694703 23
90752168726110 23
90752168733780 66
90752246912208 91
90752246942153 23
90752246949718 66
90752303074310 23
90752303105022 66
90752303112265 91
90752369800939 23
90752448916484 66
90752448949129 91
90752504030395 23
90752504055814 66
90752504064771 91
90752650161258 23
90752650192356 66
90752650199772 91
90752705105691 23
90752705135433 66
90752705143306 91
90752839295564 23
90752839328608 66
90752839336304 91
90752906279107 23
90752983327803 66
90752983354739 91
90753040543585 91
90753040569318 23
90753040577312 66
90753040584407 91
90753107531551 23
90753107556574 66
90753185325319 23
90753185356365 66
90753185364246 91
90753308800684 91
90753308831118 23
90753308901790 66
90753308911942 91
90753375721139 23
90753375753027 66
90753452630625 91
90753452661355 23
90753452669208 66
90753510025723 23
90753510091061 66
90753510099704 91
90753654520001 23
90753654556636 66
90753654564656 91
90753711082371 91
90753711120024 23
90753785693904 66
90753785734335 23
90753785744648 66
90753785753812 91
90753912346521 23
90753912377060 66
90753912384945 91
90753979377184 23
90754057771622 66
90754057796027 91
90754113481531 91
90754113508570 23
90754188538632 66
90754188563371 23
90754188570985 66
90754188578132 91
90754247770740 91
90754314930019 23
90754314966571 66
90754314974209 23
90754382177190 66
90754382213932 91
90754461064121 23
90754461099833 66
90754461107863 91
90754591472535 23
90754591505311 66
90754591512741 91
90754662335591 23
90754662363440 66
90754662371056 91
90754717143461 91
90754797796192 23
90754797835975 66
90754797843436 91
90754851333831 23
90754851361692 66
90754918349717 23
90754918381068 66
90754918388810 91
90754992344752 23
90755052578994 66
90755052608908 91
90755119533334 23
90755197514746 66
90755197544763 91
90755197552433 91
90755253876540 23
90755253929181 66
90755320982113 91
90755321025008 23
90755399465665 66
90755399495327 91
90755460429661 23
90755460452896 66
90755460460416 23
90755521881586 66
90755521902047 91
90755589025359 23
90755589052323 66
90755589059869 91
90755723184970 23
90755723218670 66
90755723226264 91
90755790269399 91
90755790295917 23
90755863328631 66
90755863358548 91
90755863366008 23
90755924333188 66
90755924364618 91
90755924372267 23
90755924379183 66
90755991403364 91
90755991642788 23
90756070003936 66
90756070036040 23
90756070043523 66
90756070050629 91
90756125587531 91
90756201940948 23
90756201973319 66
90756201980900 91
90756259726369 23
90756259767898 66
90756326700737 91
90756326733112 23
90756326740593 23
90756393885426 66
90756393916105 91
90756460803171 23
90756460833504 66
90756539190929 23
90756539224597 66
90756539232225 91
90756595120828 23
90756595155510 66
90756661995546 91
90756740473958 23
90756740505335 66
90756740512781 91
90756863210369 23
90756863242858 66
90756863250639 91
90756942462208 91
90756942496434 23
90756997544713 66
90756997575445 91
90756997583097 23
90757074418733 66
90757074453488 91
90757074461824 23
90757137407873 66
90757137443851 91
90757137451593 23
90757204754029 66
90757204791466 91
90757204801246 23
90757204810278 66
90757272168993 91
90757272204363 23
90757339466017 66
90757339499239 91
90757406838658 23
90757406901708 66
90757474585907 91
90757474618087 23
90757474626234 66
90757541585329 91
90757541614540 23
90757541622306 66
90757541629175 91
90757609333169 23
90757609368125 66
90757609375660 91
90757676352491 23
90757676384675 66
90757676392286 91
90757735182167 23
90757735211520 66
90757735219373 91
90757802337483 23
90757802372604 66
90757869144459 23
90757869176265 66
90757869183806 91
90757936373198 91
90758011226155 23
90758011260750 66
90758011268706 91
90758071275782 23
90758071302941 66
90758071310528 91
90758138309403 23
90758138342842 66
90758138350488 23
90758204884299 66
90758204918677 91
90758271651401 91
90758271800163 23
90758271809008 66
90758338644189 91
90758338672102 23
90758405710449 66
90758405740024 23
90758405747891 66
90758405754899 91
90758472941325 23
90758540139062 66
90758540166948 91
90758606957110 23
90758606988579 66
90758680868187 91
90758748101143 23
90758748132544 66
90758748139965 91
90758882849288 23
90758882881868 66
90758882889647 91
90758942217857 91
90759009302635 23
90759009331273 66
90759009338791 91
90759076387649 23
90759076423081 66
90759143518049 23
90759143549088 66
90759143556622 91
90759221031879 23
90759277658570 66
90759277693118 91
90759344637153 91
90759344671401 23
90759422993558 66
90759423026458 23
90759423034162 66
90759479092378 91
90759479137284 91
90759545831505 23
90759545874959 66
90759612846206 91
90759612878718 23
90759612886480 66
90759690194935 23
90759690224860 66
90759690232715 91
90759747014372 91
90759814023136 23
90759814057211 66
90759881093304 23
90759881123975 66
90759881131599 91
90760015308019 23
90760015338200 66
90760015345775 91
90760149548047 23
90760149582645 66
90760149590415 91
90760216609839 91
90760216641154 23
90760289486682 66
90760289520250 91
90760356868145 23
90760356899887 66
90760356907430 23
90760356914653 66
90760424272612 91
90760491673852 91
90760491706943 23
90760491714512 66
90760559060357 23
90760559093827 66
90760626448084 91
90760693764013 23
90760693795653 66
90760693803134 91
90760761210129 91
90760828758429 23
90760828791878 66
90760887296963 91
90760887335101 23
90760954292519 66
90760954318803 91
90760954326364 23
90761021286659 66
90761021318155 91
90761088473660 23
90761088504464 66
90761155680093 23
90761155732040 66
90761155740092 91
90761222553778 91
90761222582738 23
90761222590552 66
90761289595745 91
90761289630007 23
90761363368655 66
90761363399374 91
90761363407026 23
90761363414014 66
90761430772415 23
90761430804794 66
90761498301429 91
90761632877113 23
90761632908034 66
90761700223988 91
90761759047527 23
90761759076748 66
90761759084046 91
90761826238427 91
90761902408848 23
90761902440924 66
90761902448533 91
90761960656337 23
90761960689358 66
90761960696855 91
90762027592819 23
90762027622742 66
90762094676798 23
90762094711294 66
90762094719016 91
90762161524908 91
90762228580283 23
90762228609233 66
90762228617001 91
90762295695837 23
90762295733343 66
90762362825635 23
90762362865475 66
90762362873686 91
90762429732348 23
90762429766720 66
90762504730110 91
90762571936702 23
90762571967427 91
90762571974906 23
90762571982148 66
90762630905969 23
90762630933740 91
90762630941416 23
90762698121357 66
90762698151165 23
90762765354066 66
90762765382669 91
90762832120297 91
90762899179597 23
90762899209975 66
90762899217840 91
90762966218615 23
90762966249405 66
90762966256926 91
90763033235515 23
90763033265619 66
90763100358841 23
90763100392262 66
90763100400241 91
90763234575813 23
90763234611565 66
90763234619046 91
90763301513128 91
90763301541158 23
90763368704485 66
90763368734641 91
90763435743018 23
90763435774063 66
90763435781568 91
90763502730431 23
90763502757383 66
90763569852755 23
90763569881685 66
90763569889369 91
90763643856021 23
90763643903702 66
90763643913747 91
90763711136198 91
90763778473907 23
90763778506172 66
90763778513624 91
90763845901621 23
90763845952898 66
90763913245606 91
90763913275038 23
90763913282688 66
90763980596852 23
90763980624512 66
90763980631832 91
90764039355851 91
90764106410584 23
90764106435927 66
90764106443420 91
90764185243556 23
90764185271514 66
90764240471747 23
90764240495384 66
