104575704356413 91
104575771658611 23
104575771694289 66
104575849187765 91
104575905632524 91
104575905674878 23
104575979377354 66
104575979408339 23
104575979416014 66
104575979423055 91
104576039805256 23
104576039835024 66
104576039842654 91
104576119828705 23
104576119868337 66
104576174035701 91
104576174067961 91
104576252347644 23
104576252379023 66
104576308039913 91
104576308070339 23
104576308078102 66
104576376647084 23
104576376677432 66
104576376685140 91
104576442241532 91
104576442273523 23
104576509330867 66
104576509361734 23
104576509369261 66
104576509376317 91
104576576390045 23
104576576426791 66
104576655619979 91
104576710530021 91
104576710564482 23
104576710572099 66
104576787651716 91
104576787691121 23
104576787698673 66
104576852578285 23
104576852618179 91
104576852625704 23
104576852632680 66
104576922890660 91
104576922927450 23
104576922934927 66
104576988177140 91
104576988210683 23
104576988218130 66
104577047378487 23
104577047426282 66
104577047433942 91
104577047440858 23
104577124859152 66
104577124894687 91
104577179971910 91
104577180004444 23
104577180012126 66
104577253365671 91
104577253407616 23
104577253415837 66
104577326152099 23
104577326186735 91
104577326194312 23
104577326202073 66
104577326209043 91
104577381198044 23
104577381229708 66
104577381237137 23
104577381244048 91
104577458191807 23
104577458243689 66
104577458254250 23
104577458263211 66
104577515282709 91
104577515318582 23
104577515326129 66
104577582288337 91
104577649716523 23
104577649758253 66
104577649765823 91
104577649773088 91
104577716523579 23
104577716556329 66
104577716564191 91
104577783569483 23
104577783604984 66
104577783612949 23
104577861283107 66
104577861314744 91
104577861322289 23
104577917748585 66
104577917783846 91
104577984927699 23
104577984962876 66
104577984970435 91
104578061224183 23
104578061251073 66
104578119027568 91
104578185951448 23
104578185985342 66
104578185992779 91
104578253026525 23
104578253063458 66
104578320317235 91
104578393917810 23
104578393949360 66
104578393957082 91
104578462012062 23
104578462043763 66
104578528664879 91
104578596081782 23
104578596113705 66
104578596121204 91
104578663460409 23
104578663494339 66
104578663502021 91
104578663509059 91
104578730868422 23
104578730904625 66
104578730912359 23
104578730919514 66
104578730926461 91
104578789735590 91
104578856703471 23
104578856750140 66
104578856758087 91
104578923621651 23
104578923654935 66
104578923662687 23
104578923669731 66
104578923676589 91
104578990671810 23
104578990704908 66
104578990712638 91
104579057843119 91
104579132878735 23
104579132936596 66
104579132945473 91
104579191881890 23
104579191913334 66
104579191920958 91
104579265635037 23
104579265666823 66
104579265674303 91
104579265681456 23
104579333025177 66
104579333059256 91
104579333066846 23
104579400498029 66
104579400535205 23
104579400545395 66
104579400552444 91
104579467787252 23
104579467818921 66
104579467826259 91
104579535147880 23
104579535181518 66
104579602530393 91
104579661455440 23
104579661487137 66
104579661494839 91
104579728449235 23
104579728482367 66
104579728489954 91
104579795527522 23
104579862623954 66
104579862659316 91
104579929649630 91
104579929688233 23
104579929695528 66
104579996781607 23
104579996817354 66
104579996825265 91
104580064019307 23
104580064068600 66
104580064078642 91
104580131109827 91
104580197887729 23
104580197921804 66
104580197929506 23
104580197936544 66
104580197943381 91
104580339479058 23
104580339515054 66
104580339522676 91
104580406941744 23
104580406977631 91
104580406984995 23
104580406992061 66
104580474256932 91
104580474288325 23
104580474295788 66
104580551793389 23
104580551832947 66
104580551840313 91
104580600362551 23
104580600397801 66
104580667342099 91
104580734383536 23
104580734412814 66
104580734420455 91
104580806879121 91
104580806921262 23
104580868581142 66
104580868615164 91
104580868622653 23
104580868629848 66
104580935790719 91
104580935830190 23
104580935838013 66
104580935845194 91
104581002623943 23
104581002656766 66
104581002665217 91
104581076487913 23
104581076523424 66
104581076531166 91
104581143805575 23
104581143842486 66
104581143850003 23
104581143857164 66
104581214414948 91
104581278623969 23
104581278652584 66
104581278660009 91
104581345959956 23
104581345992100 66
104581345999677 91
104581413340373 23
104581413371857 66
104581472281533 91
104581539370642 23
104581539406959 66
104581539414344 91
104581539421360 23
104581606435377 66
104581673790992 91
104581673837574 23
104581673846807 66
104581740553909 91
104581807503345 23
104581807541696 66
104581807549551 91
104581874573253 23
104581874610504 66
104581953021258 91
104581953053148 23
104582008621493 66
104582008654506 91
104582008662387 91
104582075743049 23
104582075776090 66
104582075783824 91
104582075791021 23
104582151039649 66
104582151073014 91
104582218392000 23
104582218421975 66
104582218429900 91
104582276931097 23
104582276963273 66
104582276970947 91
104582276977832 23
104582276984752 66
104582343968610 23
104582343998674 66
104582344006181 91
104582411062969 23
104582411094600 66
104582411102287 91
104582478077079 23
104582478108019 66
104582478115607 91
104582545157646 91
104582545198729 23
104582545206375 66
104582612308672 91
104582612343684 23
104582612351215 66
104582679358206 91
104582679392722 23
104582679400396 66
104582753211153 91
104582753243697 23
104582753251192 66
104582820607608 91
104582820639824 23
104582820647466 66
104582899667110 91
104582899704136 23
104582899711691 66
104582955392008 91
104582955427006 23
104582955434598 66
104583022872570 23
104583022906717 91
104583022914240 23
104583022921141 66
104583090158597 91
104583090190198 23
104583090197598 23
104583090204467 66
104583149145992 91
104583149190191 23
104583149198096 66
104583149205138 23
104583215836865 66
104583215870159 91
104583282886357 91
104583282915550 23
104583282923471 66
104583282930457 91
104583349963108 23
104583349994258 66
104583350001759 23
104583417060044 66
104583417092010 91
104583484112006 23
104583484145680 91
104583551144768 23
104583551176807 66
104583551184264 91
104583624959321 23
104583624993426 66
104583625001120 91
104583692320500 23
104583692353583 66
104583692361149 91
104583692368179 23
104583759731064 66
104583759763869 91
104583759771177 23
104583827069326 66
104583827103573 23
104583827111104 66
104583827118131 91
104583894467237 23
104583894498071 91
104583894506457 23
104583961850441 66
104583961882680 23
104583961890110 66
104583961897012 91
104584020725062 91
104584020756071 23
104584020763526 66
104584087860541 23
104584087921634 66
104584087930089 91
104584154703163 23
104584154739239 66
104584221912068 91
104584221942703 91
104584289109328 23
104584289139762 66
104584289147227 91
104584289154301 23
104584355893872 66
104584355927567 23
104584355935011 66
104584355941854 91
104584423006905 23
104584423045244 66
104584423053353 91
104584490241042 23
104584490274085 66
104584564030798 91
104584631430286 91
104584631466173 23
104584631473650 66
104584631480666 91
104584705014594 23
104584705050972 66
104584705058784 23
104584705066114 66
104584766190448 91
104584766222668 23
104584833636062 66
104584833672029 91
104584833679560 23
104584833686550 66
104584892457617 91
104584892489471 23
104584969173614 66
104584969209101 91
104585026723114 23
104585026760880 66
104585026789819 91
104585093842224 23
104585093889923 66
104585160785771 91
104585227912423 23
104585227948144 66
104585227956131 91
104585294982197 91
104585373341173 23
104585373378516 66
104585373386106 91
104585373393019 23
104585429061700 66
104585429105987 23
104585429114934 66
104585429123260 91
104585501772737 91
104585501805090 23
104585501812545 66
104585569163359 91
104585569200107 23
104585569208062 66
104585636506839 23
104585636535150 66
104585636542657 91
104585636549681 91
104585703905094 23
104585703936030 66
104585703943541 23
104585703950728 66
104585703957543 91
104585771286174 91
104585838858693 23
104585838910097 66
104585838920283 91
104585838929636 23
104585838939509 66
104585906082658 23
104585906119983 66
104585906127995 91
104585973489018 23
104585973522769 66
104586040821823 91
104586099734382 91
104586099773146 23
104586099780538 66
104586166775851 91
104586166806480 23
104586166814156 66
104586166821100 91
104586233946761 23
104586233981594 66
104586300946125 91
104586300982647 23
104586300990237 66
104586368122882 23
104586368156248 66
104586368163564 91
104586502099702 23
104586502129685 66
104586502137115 91
104586569183695 23
104586569216082 66
104586642983242 91
104586710424330 23
104586710459378 66
104586788240602 91
104586788279066 91
104586845169496 23
104586845204335 66
104586845211808 91
104586912577966 23
104586912612710 66
104586912620378 91
104586912627394 23
104586912634279 66
104586979901512 91
104586979931644 23
104586979939163 23
104587038771652 66
104587038805544 23
104587038813600 66
104587105850424 91
104587105882941 91
104587172817664 23
104587172851091 66
104587172858515 23
104587172865465 66
104587172872288 91
104587250845058 23
104587250874444 66
104587250882269 91
104587307449577 23
104587307478919 66
104587307486516 91
104587373857835 91
104587373893158 23
104587373900850 66
104587453085229 91
104587453131766 23
104587453139493 66
104587508090221 23
104587508120542 66
104587508127950 91
104587580717942 23
104587580750038 66
104587580757655 91
104587648131933 23
104587648165433 66
104587715505392 91
104587782959108 23
104587783012564 91
104587783023416 23
104587783033350 66
104587783042517 91
104587850274741 23
104587850307410 66
104587850315047 23
104587850321890 66
104587850328963 91
104587917651390 23
104587917683299 66
104587985054244 91
104588052385107 23
104588052416348 66
104588052423823 91
104588119770179 23
104588119801494 66
104588119809250 91
104588178716672 23
104588178749347 66
104588178756743 91
104588245748457 23
104588312842519 66
104588312875047 91
104588312882572 23
104588380037835 66
104588380077861 91
104588447105633 23
104588447137608 66
104588447144859 91
104588514329787 23
104588514365630 66
104588581072349 91
104588581105034 23
104588581112724 66
104588648296191 91
104588721956536 91
104588721983045 23
104588721990733 66
104588789531961 23
104588789591183 66
104588789598702 91
104588856792513 23
104588924109753 66
104588924144015 91
104588924152519 23
104588992542799 66
104588992571974 91
104589058851948 91
104589058880872 23
104589058888381 66
104589058895803 23
104589117673709 66
104589117708520 91
104589184787836 91
104589184823285 23
104589184830667 66
104589251966814 91
104589252001957 23
104589252009594 66
104589318793100 23
104589318823625 66
104589318831232 91
104589386048354 23
104589386079617 66
104589386087238 91
104589453026913 23
104589453061040 66
104589453068585 91
104589520039918 91
104589598835195 23
104589598867622 66
104589598875270 91
104589598882274 23
104589661070958 66
104589661102391 91
104589661112171 23
104589728443377 66
104589728480071 91
104589728487761 23
104589795924924 66
104589795961493 91
104589795969183 23
104589855277254 66
104589855308446 91
104589855316227 23
104589922469383 66
104589922501322 23
104589922508875 66
104589922516128 91
104590000527415 23
104590000560514 66
104590000568110 91
104590056901217 23
104590056968176 66
104590056978414 91
104590123827419 91
104590123860005 23
104590123867504 66
104590196609180 23
104590196641147 66
104590196648913 91
104590257756703 23
104590257788058 66
104590257795571 91
104590324911961 91
104590324947132 23
104590403785740 66
104590403818721 91
104590403826127 23
104590403833214 66
104590458932028 23
104590458969313 66
104590458976977 91
104590536619052 23
104590536644986 66
104590536652400 91
104590593360342 23
104590593397673 66
104590675362254 91
104590737013522 23
104590737049294 66
104590737056709 91
104590794311407 91
104590861276440 23
104590861309457 66
104590861317036 23
104590861323986 66
104590861330734 91
104590995507096 23
104590995542549 66
104590995550104 91
104591062675714 91
104591062725231 23
104591062732991 66
104591140225280 23
104591140255805 66
104591140263660 91
104591196783029 23
104591196811583 66
104591263832274 91
104591342225527 23
104591342259809 66
104591342267373 91
104591397819431 91
104591397865221 23
104591397873441 66
104591465062034 91
104591465097577 23
104591540106537 66
104591540150856 91
104591540158713 23
104591540166029 66
104591599142466 91
104591599178430 23
104591599186132 66
104591677174491 23
104591677207054 66
104591677214373 91
104591733214138 23
104591733256643 66
104591800321098 91
104591800352902 23
104591800360242 66
104591879118843 91
104591934473079 23
104591934501604 66
104591934509000 91
104592001506942 91
104592001538468 23
104592001545921 66
104592001553124 23
104592001560067 66
104592146965640 91
104592202763692 91
104592202797347 23
104592202805216 66
104592269844568 23
104592269878266 91
104592269885914 23
104592269893501 66
104592348337306 91
104592348368118 23
104592348375516 66
104592415335993 91
104592415389499 23
104592415396986 66
104592470928239 23
104592470962145 66
104592549697690 91
104592549730049 23
104592605131181 66
104592605163031 91
104592605170443 23
104592681631983 66
104592681669091 91
104592681676970 23
104592739254766 66
104592739286913 91
104592811962364 23
104592811996002 66
104592882858611 91
104592940472226 91
104592940504498 23
104592940512041 66
104593007511863 23
104593007551252 91
104593007558920 23
104593007565842 66
104593084802643 23
104593084835839 66
104593141668410 91
104593208645844 23
104593208677813 66
104593285542498 91
104593342865025 23
104593342899365 66
104593409875468 91
104593488067495 23
104593488099819 66
104593488107185 91
104593488114175 91
104593543981012 23
104593544016348 66
104593544023706 91
104593611312852 23
104593611359323 66
104593611369210 91
104593611377684 23
104593685442073 66
104593685469836 91
104593745173166 23
104593745203213 66
104593812312423 23
104593812349259 66
104593812356883 91
104593879297054 23
104593879328524 66
104593957301773 91
104593957333688 23
104593957341838 66
104594013362762 91
104594088043052 23
104594088073794 66
104594088081462 91
104594155407482 91
104594155439086 23
104594222786254 66
104594222820552 91
104594222828429 23
104594222835460 66
104594281710954 23
104594281750234 66
104594281757854 91
104594281764836 91
104594360028563 23
104594360060393 66
104594416115053 23
104594416155028 66
