83391641308239 91
83391696545766 91
83391763742165 23
83391763778994 66
83391763786259 91
83391830800103 23
83391830837956 66
83391830845209 91
83391908578853 23
83391908613572 66
83391964824602 23
83391964854935 66
83391964862480 91
83392031843149 23
83392110542791 66
83392110576554 91
83392233059984 91
83392233091721 23
83392300059068 66
83392300095337 91
83392377849622 23
83392377882433 66
83392377890047 91
83392434297750 23
83392434328335 66
83392434335669 23
83392501325808 66
83392501357644 91
83392641261492 23
83392641293618 66
83392641300807 91
83392708758621 23
83392769640137 66
83392769670656 91
83392848809520 23
83392848843834 66
83392848851377 91
83392980683732 91
83392980720124 23
83392980727711 66
83393037921901 91
83393037954857 23
83393111468298 66
83393111499370 91
83393171974448 23
83393172004813 66
83393172011771 91
83393239089143 23
83393239123212 66
83393239130600 91
83393306142668 23
83393306177970 66
83393384058158 91
83393384097323 23
83393440371872 66
83393440403676 91
83393507504871 23
83393507542130 66
83393507573021 91
83393585256337 23
83393585292247 66
83393585299548 91
83393641518924 23
83393641552478 66
83393708496097 23
83393708528886 66
83393708536236 91
83393842744327 91
83393915188685 23
83393915224212 66
83393915231598 91
83393982645454 23
83393982678481 66
83393982685904 91
83394049966293 23
83394050003323 66
83394050010837 91
83394129842633 23
83394129889449 66
83394129898221 91
83394184696816 23
83394184743871 66
83394252125929 91
83394252158137 23
83394319498557 66
83394319527955 91
83394387011298 23
83394387049619 66
83394454181289 23
83394454216456 66
83394454224568 91
83394521863826 91
83394580416372 23
83394580444268 66
83394647510544 23
83394647544878 66
83394647552274 91
83394781697627 91
83394781734349 23
83394781741936 23
83394848802586 66
83394848831644 91
83394848839191 23
83394915709851 66
83394915739321 91
83394915747150 23
83394982869354 66
83394982904325 91
83394982911750 23
83395050094308 66
83395050142954 23
83395123767094 66
83395123797457 91
83395191162484 23
83395191192652 66
83395191199944 91
83395258530524 91
83395325904820 23
83395325938525 66
83395393299581 91
83395393332290 23
83395393339403 66
83395460704981 91
83395460736849 23
83395519367570 66
83395519435460 23
83395519443294 66
83395519450190 91
83395653496819 23
83395653532933 66
83395653540643 91
83395787560052 23
83395787594046 66
83395787601638 91
83395921780729 23
83395921814239 66
83395921821957 91
83395995483569 91
83396062968243 23
83396063005792 66
83396063013198 91
83396130245730 23
83396130280233 66
83396197677966 23
83396197712318 66
83396197719839 91
83396332456133 91
83396391387081 23
83396391428540 66
83396458396957 91
83396458442252 23
83396525299555 23
83396525330251 66
83396525337758 23
83396592354834 66
83396592383645 91
83396659492403 91
83396726518927 23
83396726548609 66
83396793497647 23
83396793527109 66
83396793534954 91
83396861032384 23
83396861079648 66
83396934679432 91
83397001966154 23
83397069340991 66
83397069374015 91
83397136750092 23
83397136782895 66
83397204093191 91
83397271482942 23
83397271516880 66
83397271524477 91
83397397655168 23
83397397694430 91
83397464171646 23
83397464203902 66
83397464211280 91
83397531264576 23
83397531299337 66
83397531306693 91
83397598495352 23
83397598528401 23
83397598536030 66
83397665606041 23
83397665640215 66
83397732602344 91
83397806295785 23
83397806329017 66
83397806336578 91
83397941082143 91
83397941115644 23
83398017758908 66
83398017795165 91
83398075832569 23
83398075869695 66
83398143232727 23
83398143260922 66
83398143268678 91
83398202029587 23
83398278588396 66
83398278627437 91
83398336261136 91
83398403430258 23
83398403462780 66
83398403470689 23
83398470240450 66
83398470275289 91
83398537330237 23
83398604457147 66
83398604498628 91
83398671556747 91
83398745419458 23
83398745451286 66
83398812829122 23
83398812865444 66
83398812872830 91
83398880265384 23
83398947610387 66
83398947648289 91
83399016432347 23
83399016488556 66
83399073847558 91
83399140924617 23
83399140957443 66
83399140965066 91
83399218282034 91
83399275015394 23
83399275046200 66
83399342110244 23
83399342139380 66
83399409315218 91
83399483106128 91
83399483139274 23
83399550468154 66
83399550502776 91
83399617879798 23
83399617914560 66
83399617921940 91
83399685270234 23
83399685301885 66
83399685309257 91
83399752652841 23
83399752690770 66
83399811556988 23
83399811595466 66
83399811602971 91
83399878758817 23
83399946509980 66
83399946546728 91
83400012845092 91
83400012881158 23
83400079997299 66
83400080038756 91
83400080046182 23
83400147007971 66
83400147046602 91
83400214148686 23
83400214186955 23
83400214194625 66
83400281100418 23
83400281137089 66
83400281144681 91
83400422209642 91
83400422251998 23
83400422259982 66
83400506412541 91
83400556936814 23
83400556968086 66
83400556975877 91
83400624329621 23
83400624359005 66
83400691713464 91
83400691746008 23
83400751708380 66
83400751739162 91
83400817493252 23
83400817523366 66
83400884686004 91
83400884717446 23
83400884724766 66
83400951736934 23
83400951772351 66
83400951779729 91
83401085829282 23
83401085863872 66
83401085871479 91
83401231904806 23
83401231938512 66
83401231945957 91
83401363724203 23
83401363756488 66
83401363764282 91
83401421121464 91
83401488454248 23
83401488490701 66
83401488498051 91
83401565037923 23
83401565073857 66
83401622402533 91
83401689417492 23
83401689453121 66
83401689460620 91
83401767114428 23
83401767161091 66
83401767168507 23
83401823458418 66
83401823490153 91
83401890542882 23
83401957625545 66
83401957656184 91
83402034357200 91
83402034406425 23
83402091898511 66
83402091926477 91
83402091934139 23
83402158918366 66
83402158951650 91
83402158959191 23
83402225886036 66
83402300493489 23
83402300525148 66
83402300532634 91
83402360189038 23
83402427214865 66
83402427246351 91
83402494162362 23
83402561328519 66
83402561360815 91
83402628368744 23
83402628399270 66
83402703384087 91
83402770763558 23
83402770795674 66
83402770802971 91
83402896574652 23
83402896611929 66
83402896619454 91
83403030631014 23
83403030665574 66
83403030673263 91
83403164843252 23
83403164881354 66
83403164888979 91
83403231846635 91
83403305578916 23
83403305612363 23
83403305619828 66
83403305626755 91
83403373133233 23
83403373174669 66
83403440351332 91
83403507738162 23
83403507772439 23
83403507779830 66
83403507786814 91
83403575250315 23
83403575290471 66
83403575299132 91
83403642539244 23
83403642574787 66
83403701321623 91
83403768503950 23
83403768534585 66
83403835539804 23
83403835566297 91
83403835574092 23
83403902540537 66
83403902572991 91
83403902580500 23
83403969711242 66
83403969745896 91
83403969753435 23
83404047843546 66
83404047879214 23
83404103804187 66
83404103834804 91
83404170816833 23
83404249815960 66
83404249845380 91
83404312777774 91
83404312811042 23
83404312818285 91
83404380271036 23
83404380308886 66
83404380316401 91
83404439037108 23
83404439065643 66
83404506261224 91
83404506336675 23
83404506344343 66
83404573229071 91
83404573263204 23
83404573271385 66
83404640289200 91
83404640321629 23
83404717928225 66
83404717959146 23
83404717966643 66
83404774399981 91
83404774429462 23
83404774436814 66
83404841557333 23
83404841593003 66
83404841600361 91
83404975529722 91
83404975561351 23
83405048434921 66
83405121212887 23
83405121246668 66
83405121254044 91
83405176832220 23
83405176862123 66
83405176869740 91
83405311019690 23
83405311056801 66
83405311064545 91
83405451374960 91
83405451409632 23
83405512147010 66
83405512178597 91
83405590404597 23
83405590435113 66
83405646327581 23
83405646359087 66
83405646366770 91
83405792364204 91
83405792395484 23
83405847381766 66
83405847408673 91
83405914567470 23
83405914602842 66
83405914610659 91
83405993669733 23
83405993700563 66
83406048749237 23
83406048777446 66
83406048784561 91
83406199595288 23
83406199626927 66
83406199634396 91
83406249931590 23
83406325585504 66
83406325622047 91
83406384011513 91
83406384042291 23
83406451024054 66
83406451058573 91
83406451065797 23
83406518183217 66
83406518211436 23
83406518218836 91
83406592145424 23
83406592179762 66
83406592187108 91
83406659272763 23
83406659310152 66
83406659318088 91
83406726805983 23
83406726853307 66
83406794028743 91
83406794060758 23
83406861439071 66
83406861470426 23
83406861477881 66
83406928880114 91
83406987781471 23
83406987826316 66
83407054684331 91
83407121692592 23
83407121722046 66
83407188716848 91
83407255906229 91
83407322911490 23
83407322942461 66
83407322949940 91
83407390002616 23
83407390030825 66
83407390038477 91
83407457024422 23
83407457086559 66
83407531310940 91
83407598363365 23
83407598399837 66
83407598407416 91
83407665735549 23
83407665767342 66
83407733212918 23
83407733257796 66
83407733265635 91
83407867878805 23
83407867914364 66
83407867921956 91
83407926519591 23
83407993570550 66
83407993603202 91
83408060659201 91
83408127719274 23
83408127750744 66
83408127758341 23
83408194702984 66
83408194734631 91
83408262003402 23
83408262034602 23
83408328952582 66
83408328983286 91
83408402949671 91
83408402982798 23
83408470124266 66
83408470163269 23
83408541418435 66
83408541453352 91
83408664290467 23
83408664325354 66
83408664332851 91
83408743404726 23
83408798456301 66
83408798489949 91
83408875306430 23
83408875344500 66
83408875352125 91
83409010712419 91
83409010761332 23
83409010769608 66
83409066786321 23
83409066824761 66
83409066832350 91
83409133676040 91
83409212556387 23
83409212587078 66
83409267932132 91
83409267966713 23
83409267973983 66
83409335037672 23
83409401929372 66
83409401960617 91
83409469110314 23
83409469150765 66
83409469158355 91
83409603145433 23
83409603178384 66
83409603186013 91
83409670107371 91
83409745417865 23
83409745450405 66
83409745457940 91
83409804331156 23
83409804361357 66
83409871569252 23
83409871603143 66
83409871610353 91
83410005565631 23
83410005595440 66
83410072587385 91
83410139612964 91
83410139645500 23
83410206627963 66
83410206660286 91
83410273751544 23
83410273785587 66
83410347666725 23
83410347697080 66
83410347704619 91
83410415005914 23
83410491810091 66
83410491846431 91
83410617202433 23
83410617236143 66
83410617243843 91
83410684562717 23
83410743431085 66
83410743464098 91
83410810348287 23
83410810384832 66
83410810392351 91
83410877409441 91
83410944371536 23
83410944401194 66
83411012111550 91
83411012141411 23
83411012148833 66
83411078582281 23
83411078617355 66
83411145773606 91
83411212755585 23
83411212787461 66
83411212795370 91
83411356570166 23
83411356603668 66
83411413998064 91
83411481003896 91
83411548051121 23
83411548084741 66
83411548092214 91
83411615290919 23
83411615320473 66
83411615327918 91
83411693908725 23
83411693942820 66
83411693950341 91
83411749279634 23
83411749308610 66
83411825788701 23
83411825817423 66
83411825825175 91
83411950516841 23
83411950548339 66
83412027092889 91
83412151705121 91
83412151736488 23
83412151744200 66
83412229041179 91
83412229075197 23
83412229082744 66
83412285752622 91
83412285783233 23
83412285790507 66
83412352783677 91
83412352817068 23
83412352824810 66
83412428086523 91
83412428115822 23
83412486958512 66
83412486992657 91
83412487000311 91
83412554068258 23
83412554100221 66
83412632343447 91
83412632377731 23
83412692025751 66
83412692061702 23
83412692069235 66
83412755213413 91
83412755248176 23
83412832253681 66
83412832283281 23
83412832290687 66
83412832297574 91
83412889414289 91
83412956801900 23
83412956834532 66
83413035646575 23
83413035681050 66
83413090704318 91
83413167544201 23
83413167579545 66
83413167586986 91
83413224751255 91
83413291710012 23
83413291739821 66
83413358934355 23
83413358963057 66
83413425876995 91
83413492932865 23
83413492963192 66
83413492970671 91
83413559956369 91
83413633950371 23
83413633983495 66
83413633991223 91
83413701399441 23
83413701432445 66
83413768706102 23
83413768740086 66
83413768747945 91
83413903447142 23
83413903481444 66
83413903489035 91
83414029746028 23
83414029789068 66
83414029796687 91
83414096721306 91
83414163936955 23
83414163970143 66
83414230697745 91
83414230728674 23
83414297659349 66
83414364863704 23
83414364893975 66
83414364901277 91
83414431895768 91
83414505751852 23
83414505787836 66
83414573043462 23
83414573071731 66
83414573079325 91
83414641370389 23
83414641399514 66
83414707781443 91
83414775247857 23
83414775279174 66
83414842562597 91
83414901430676 23
83414901464328 66
83414901471859 91
83415040374919 23
83415040422493 66
83415040430585 91
83415169663608 23
83415169698071 66
83415236657096 91
83415303919231 91
83415303965137 23
83415370870912 66
83415370905608 91
83415370913064 23
83415444751239 66
83415444784720 91
83415512118396 23
83415512150204 66
83415579497946 23
83415579535225 66
83415579545333 91
83415646905257 23
83415714262725 66
83415714296053 91
83415773212446 23
83415840248658 66
83415840279842 91
83415907316853 91
83415907348289 23
83415974336929 66
83415974374051 91
83416041405448 23
83416041437543 66
83416108527452 23
83416108561082 66
83416108568826 91
83416175741546 23
83416242919430 66
83416242954156 91
83416309877033 23
83416309959919 23
83416309967993 66
83416383823872 91
83416451888680 23
83416518607283 23
83416518644902 66
83416518652308 91
83416586012081 23
83416586044595 66
83416586052108 91
83416653362085 91
83416712237532 23
83416712270353 66
83416779146396 23
83416779181422 66
83416779188855 91
83416913429655 23
83416913460863 66
83416913468579 91
83417047404075 23
83417047439113 66
83417047446831 91
83417125554513 91
83417181621397 23
83417181650900 66
83417181658497 91
83417256298896 23
83417256334600 23
83417256342364 66
83417315846540 91
83417315883948 23
83417382844850 66
83417382881509 91
83417382889076 23
83417449943309 66
83417449980317 91
83417528776356 23
83417528812488 66
83417528819911 91
83417583895832 23
83417583935933 66
83417583943229 91
83417675915022 23
83417675950913 66
83417675958116 23
83417730102322 66
