102175284746569 91
102175363264593 23
102175363299382 66
102175363307054 91
102175486047662 91
102175486088498 23
102175486095844 66
102175552893758 23
102175552929036 66
102175552936875 91
102175630461905 23
102175630492487 66
102175630500274 91
102175687014563 91
102175754252827 23
102175754283402 66
102175754291080 91
102175827183717 23
102175827224943 66
102175827232896 91
102175888236307 23
102175888264321 66
102175888271808 23
102175888278824 66
102175955432636 91
102176033758525 23
102176033791047 66
102176033798558 91
102176089777375 91
102176089832739 23
102176089840367 66
102176156443753 91
102176156475732 23
102176230016205 66
102176230047023 91
102176230054482 23
102176290656610 66
102176290687842 91
102176290695277 23
102176290702275 23
102176357979874 66
102176358016429 23
102176358024256 66
102176358031387 91
102176424905995 91
102176502936403 23
102176502969203 66
102176502977597 91
102176558916055 23
102176558947279 66
102176558954589 91
102176625964459 23
102176625994885 66
102176626002428 23
102176704224425 66
102176704254663 91
102176827133048 91
102176827165811 23
102176827173183 66
102176906269669 91
102176906308181 23
102176906315738 66
102176961342907 23
102176961374850 66
102176961382517 91
102177038118927 23
102177038152463 66
102177038160169 91
102177101070687 23
102177173632694 66
102177173690735 91
102177229581278 91
102177229613250 23
102177296621849 23
102177296674282 66
102177296682487 91
102177375379088 23
102177375410763 66
102177375418095 23
102177375425236 66
102177430825396 91
102177497864523 23
102177497896345 66
102177564881050 91
102177642825485 91
102177642864414 23
102177642872047 66
102177699062976 91
102177699095637 23
102177699103836 66
102177766108019 91
102177766136451 23
102177766144568 66
102177844661198 91
102177844705910 23
102177844718988 66
102177900291093 23
102177900320505 66
102177900361300 91
102177967322948 23
102177967384255 66
102177967395485 91
102178041724273 23
102178041760757 66
102178041768192 91
102178111872293 23
102178111910026 66
102178168492241 91
102178235562001 91
102178235589713 23
102178311970887 66
102178312005278 91
102178312012803 23
102178369630469 66
102178369662310 91
102178369670167 23
102178369677139 66
102178442877467 23
102178442912817 91
102178442920169 23
102178442927167 66
102178515263457 23
102178515316792 66
102178515327268 91
102178571170731 23
102178571206757 66
102178571214306 91
102178637904081 23
102178637941004 66
102178717114095 91
102178780051582 23
102178780079894 66
102178780087513 91
102178839186013 23
102178839224521 66
102178839232066 91
102178906320710 23
102178906355261 66
102178906362716 91
102178984364076 91
102178984395305 23
102178984402872 66
102179040314597 23
102179040345727 66
102179040353280 91
102179107348641 91
102179107382422 23
102179107390114 66
102179181052437 23
102179181096916 66
102179181104610 91
102179241754995 91
102179241806137 23
102179241816698 66
102179308577575 23
102179308617213 66
102179308624907 91
102179387584895 91
102179387619235 23
102179387626702 66
102179442800314 91
102179442831506 23
102179442839031 66
102179519548712 23
102179519596754 66
102179519604312 91
102179576830551 23
102179576864034 66
102179576871565 91
102179643851441 23
102179643884408 66
102179711013227 91
102179778328459 91
102179778370664 23
102179778378081 66
102179866300225 91
102179866336997 23
102179866344627 66
102179912267525 23
102179912295948 23
102179912303282 66
102179986840666 91
102180058144977 91
102180058186200 23
102180058195302 66
102180113348868 23
102180113379072 66
102180113386294 91
102180190015456 23
102180190059919 66
102180190069604 91
102180247748099 23
102180247783741 66
102180314505335 91
102180381868029 23
102180381901949 66
102180448721119 91
102180448763881 91
102180515786033 23
102180515822030 66
102180582917071 23
102180582948997 66
102180582956697 91
102180650132237 23
102180650164628 66
102180716898746 91
102180716937234 23
102180716944745 66
102180784121274 91
102180851073287 23
102180851106686 66
102180918051480 91
102180985340113 23
102180985375525 66
102181080043155 91
102181126579455 23
102181126614642 66
102181193937818 91
102181261354894 91
102181261388029 23
102181261395520 66
102181341230148 23
102181341278221 23
102181341285840 66
102181341292852 91
102181387676005 23
102181387718695 66
102181387727004 91
102181454766459 23
102181454800612 66
102181533129600 91
102181588897464 91
102181588932239 23
102181588939816 66
102181655895230 91
102181655933742 23
102181655941322 66
102181655948348 91
102181734938888 23
102181734975097 66
102181790063540 91
102181790097257 23
102181790105235 66
102181790112239 23
102181790119078 66
102181866205467 91
102181866244156 23
102181866251927 66
102181936277058 91
102181936309471 91
102181991312331 23
102181991349717 66
102182068387561 91
102182068418496 23
102182068426031 66
102182125548544 23
102182125632964 66
102182125641764 91
102182192560515 91
102182192597551 23
102182267140237 66
102182267179258 23
102182267186871 66
102182267193968 91
102182326653704 23
102182326688060 66
102182393642698 91
102182527862792 23
102182527899444 66
102182527907121 91
102182594945588 91
102182594988695 23
102182594996718 66
102182667903621 91
102182667940488 23
102182667948075 66
102182729150463 23
102182729182720 66
102182729190355 91
102182796194444 91
102182796227796 23
102182796235217 66
102182874663384 91
102182874699778 23
102182874707443 66
102182930194227 91
102182930221358 23
102182930229036 66
102183018236439 91
102183018276341 23
102183018283927 66
102183018290919 23
102183064303250 66
102183064347996 91
102183131503242 23
102183131553375 66
102183198415222 91
102183265486479 23
102183265517279 91
102183265524826 23
102183343874661 66
102183343905443 23
102183343913121 66
102183343920022 91
102183399700186 91
102183466840561 23
102183466890849 66
102183466900279 91
102183533804649 23
102183533842190 66
102183533849636 23
102183533856437 66
102183533863232 91
102183600771565 23
102183600804246 66
102183667915722 91
102183734924433 23
102183734956185 66
102183734963603 91
102183813062205 23
102183813097913 66
102183813105454 91
102183869009085 23
102183869034873 91
102183869042446 23
102183869049456 66
102183936066519 91
102183936100949 23
102184011447901 66
102184011479735 91
102184011505175 23
102184011512746 66
102184070285653 23
102184070317604 66
102184070324919 91
102184137537204 91
102184137586787 23
102184137597235 66
102184204550100 23
102184204582127 66
102184204589654 91
102184271520014 23
102184271556412 91
102184338496199 23
102184338533906 66
102184338541298 23
102184338548296 66
102184405742455 91
102184472879252 91
102184472908318 23
102184472915827 66
102184539750958 91
102184539781215 23
102184539788557 66
102184613730891 23
102184613768050 91
102184613775808 23
102184613782770 66
102184681048060 23
102184681080624 66
102184681088254 91
102184748371308 23
102184748405449 66
102184748413067 91
102184815735189 23
102184883128012 66
102184883159732 91
102184959564648 23
102184959601521 66
102184959608883 91
102185009165902 91
102185009194421 23
102185009202135 66
102185076359340 91
102185076390295 23
102185076397649 66
102185143414000 23
102185143449652 66
102185143457297 91
102185210368579 23
102185210407986 66
102185210415543 91
102185277450313 23
102185277489967 66
102185344516643 91
102185344554489 23
102185411599936 66
102185411634763 91
102185485402324 91
102185485446927 23
102185485454496 66
102185552726835 91
102185552759975 23
102185552767612 66
102185620055533 91
102185620090979 23
102185620098617 66
102185687443652 91
102185687475582 23
102185687483035 66
102185754889831 23
102185754928385 66
102185754936149 91
102185834780153 91
102185834824265 23
102185834832023 66
102185881077453 23
102185881110228 66
102185881117731 91
102185948087928 91
102185948116485 23
102185948123952 66
102185948131042 23
102186015096142 66
102186015130872 91
102186082541558 91
102186082580046 23
102186082587434 66
102186149306796 91
102186149342958 23
102186216413501 66
102186216451063 91
102186216459246 23
102186216466141 66
102186283484994 23
102186283515833 66
102186283523450 91
102186350679091 23
102186350714406 66
102186424443632 91
102186491910986 23
102186491952787 66
102186491960147 91
102186559167670 91
102186626543639 23
102186626574683 66
102186626582250 23
102186626589864 66
102186693946291 91
102186752916216 91
102186819959511 23
102186819998448 66
102186887171854 91
102186887208117 23
102186887215658 66
102186954484167 23
102186954518769 66
102186954528800 91
102186954537470 23
102187021097714 66
102187021130216 91
102187088159617 23
102187088189142 66
102187088196745 91
102187155302619 91
102187222340911 23
102187222375533 66
102187222383002 91
102187296241961 23
102187296277192 66
102187363511553 23
102187363542962 66
102187498406020 91
102187498459928 91
102187565815538 23
102187565882734 66
102187565893504 23
102187565903620 66
102187565912046 91
102187636216990 23
102187636279906 66
102187691795879 91
102187691831585 23
102187691839241 66
102187758800505 91
102187838069189 23
102187838116694 66
102187892975225 91
102187966490535 91
102187966530272 23
102187966537793 66
102188039353607 23
102188039389963 66
102188039397573 91
102188094273447 23
102188094321351 66
102188172248853 91
102188172279160 91
102188228282044 23
102188228323898 66
102188295586425 23
102188295620141 66
102188295628250 91
102188362510369 91
102188362544052 23
102188362551875 66
102188429583042 23
102188429618921 66
102188429626566 91
102188496614112 23
102188496655714 66
102188574473137 91
102188630832975 91
102188630863534 23
102188630870846 66
102188698193535 23
102188698222987 66
102188774399610 91
102188774430786 91
102188832091600 23
102188832134261 66
102188832145122 91
102188898980043 23
102188899020386 66
102188899028285 23
102188966112936 66
102188966143549 91
102188966151544 23
102189043630379 66
102189043667420 91
102189100628388 91
102189100667517 23
102189100675084 66
102189167191178 91
102189167223131 23
102189167230427 66
102189234243396 91
102189234274809 23
102189234282582 66
102189301435436 91
102189301468397 23
102189375234299 66
102189375269877 23
102189375277446 66
102189375284389 91
102189509949311 23
102189509980359 66
102189577329620 91
102189644716743 91
102189644753944 23
102189644761368 66
102189703765988 23
102189703803066 66
102189770825928 91
102189770865741 91
102189844731200 23
102189844763941 66
102189844771426 23
102189912113968 66
102189912147528 91
102189989145201 23
102189989179957 66
102189989187351 91
102190046864757 23
102190046897467 66
102190114418729 91
102190181705117 23
102190181741366 66
102190253143514 91
102190307497181 23
102190307539826 66
102190307547030 91
102190374534173 91
102190374568825 23
102190442071142 66
102190442123113 23
102190442130817 66
102190442137863 91
102190508521709 23
102190508554460 66
102190508561877 91
102190575702755 23
102190642714994 66
102190642748715 91
102190709813385 91
102190709844336 23
102190709851885 23
102190709858986 66
102190776860516 91
102190776891579 23
102190776899203 66
102190854064998 91
102190854097876 23
102190854105765 66
102190910995212 23
102190911028371 66
102190911055291 91
102190978018542 23
102190978050099 66
102191051988677 91
102191112393318 23
102191112424597 91
102191112431981 23
102191179520303 66
102191179554390 91
102191179562003 23
102191257245779 66
102191257283721 91
102191257291248 23
102191313425327 66
102191313457084 23
102191313464756 66
102191313472253 91
102191391398455 23
102191391431216 66
102191391438687 91
102191480024938 23
102191480061833 66
102191520233546 91
102191520269616 23
102191581746321 66
102191581780219 91
102191648667492 23
102191648703132 66
102191726478889 91
102191782872749 23
102191782899772 66
102191850158234 91
102191923186428 23
102191923223568 66
102191923231439 91
102191984140044 23
102191984179813 66
102191984187745 91
102192051236066 23
102192051282073 66
102192129722371 91
102192185293637 91
102192185328446 23
102192185335953 66
102192261589508 23
102192261621305 91
102192261629681 23
102192261636908 23
102192319344311 66
102192319375479 91
102192319383016 23
102192386429986 66
102192386465454 91
102192386473108 23
102192453776917 66
102192453814719 91
102192520586072 23
102192520616488 23
102192520624061 66
102192520630962 91
102192598906721 23
102192598938997 66
102192598946703 91
102192654622130 23
102192654656424 66
102192654663792 23
102192654670829 66
102192654677756 91
102192722139765 23
102192800226475 66
102192800258375 91
102192800266132 23
102192800273216 66
102192856035946 91
102192922851093 91
102192922886652 23
102192922894654 66
102193002197063 23
102193002231218 66
102193002238721 91
102193057096868 23
102193134073869 66
102193134108321 91
102193197017054 23
102193197048713 66
102193197056286 91
102193269436292 23
102193269468263 66
102193325294655 91
102193392326228 23
102193392356775 66
102193392364813 91
102193471440884 91
102193471476047 23
102193526588169 66
102193526621703 91
102193593575023 23
102193593606194 66
102193593613505 23
102193593620586 66
102193593627399 91
102193660671055 23
102193738961889 66
102193739002248 91
102193794781829 91
102193794810384 23
102193794818410 66
102193872323826 23
102193872456989 66
102193872465990 91
102193940582443 23
102193940621595 66
102193996060263 91
102194063018771 23
102194063048513 66
102194063055972 91
102194130242907 91
102194130276583 23
102194130283815 66
102194197239078 91
102194197273787 23
102194197281625 66
102194264281214 23
102194264317212 66
102194264324825 91
102194331343801 23
102194331379081 66
102194404999066 91
102194472442157 23
102194472480478 66
102194472487961 91
102194540524119 23
102194540563758 66
102194540576042 91
102194607255147 91
102194674529496 23
102194674565385 66
102194674573129 91
102194742014945 23
102194742053017 66
102194742060401 91
102194800838214 23
102194800872794 66
102194800880222 91
102194867953136 23
102194867990047 66
102194935032873 91
102194935064745 23
102194935072286 66
102194935079167 23
102194935086302 66
102195001973129 91
102195002013676 23
102195069201806 66
102195069235069 91
102195069242606 23
102195136132576 66
102195136173200 91
102195203097416 91
102195203128737 23
102195203136642 66
102195270335633 91
102195270369172 23
102195270376589 66
102195344123514 23
102195344153133 66
102195344161179 91
102195412609744 91
102195412634392 23
102195412641650 66
102195412648559 91
102195478847728 23
102195478878190 66
102195556011313 23
102195556046116 66
