104413874818653 91
104413941930997 23
104413941962481 66
104413941970010 91
104414020599676 23
104414020629525 66
104414020636997 91
104414076051242 23
104414076090828 66
104414076098267 91
104414152496512 23
104414152525246 66
104414216654873 91
104414216688041 91
104414277354360 23
104414277389565 66
104414277396796 91
104414353829263 23
104414353878864 66
104414353888936 91
104414411340712 23
104414411374229 66
104414411382008 23
104414478376278 66
104414478404487 91
104414478412260 91
104414556682217 23
104414556712202 66
104414612567010 23
104414612598533 66
104414612606212 91
104414684844066 91
104414684876204 23
104414684883494 66
104414684890337 91
104414746713011 23
104414746741446 66
104414746749164 23
104414746756986 66
104414746763964 91
104414813829554 23
104414813862533 66
104414880749405 91
104414880781328 91
104414959026843 23
104414959058110 23
104414959065971 66
104414959072938 23
104415014973426 66
104415015004385 91
104415015012141 91
104415087787719 23
104415087822347 66
104415087830341 91
104415149037923 23
104415149070664 66
104415226423269 23
104415226453019 66
104415226460548 91
104415283232012 23
104415283261583 66
104415283269219 91
104415350246441 23
104415350277988 91
104415428231283 23
104415428275590 66
104415428283085 91
104415484488970 23
104415484536308 66
104415484546559 23
104415484555550 66
104415484563952 91
104415551457077 91
104415551492992 23
104415551500736 66
104415629486479 23
104415629518413 66
104415629525971 91
104415685500087 23
104415685530331 66
104415685537734 91
104415752709508 91
104415831495273 23
104415831540385 66
104415831550881 23
104415831558548 66
104415831565452 91
104415886738416 23
104415886770439 66
104415953828001 91
104416032812260 23
104416032849947 66
104416032857569 91
104416087932683 23
104416087967026 66
104416087974631 91
104416164681707 23
104416164720581 66
104416164728776 91
104416222058163 23
104416222129392 66
104416222142766 91
104416289139040 23
104416356341756 66
104416356380521 91
104416423641447 91
104416423692652 23
104416423702550 66
104416502197075 23
104416502242060 66
104416502249476 91
104416557411053 23
104416557443917 66
104416557451762 91
104416633973845 23
104416703886429 66
104416703922143 91
104416758613902 23
104416758660568 66
104416758668854 91
104416825776325 23
104416825810496 66
104416825818019 91
104416892970057 23
104416893003872 66
104416893011170 91
104416959955123 23
104417037396706 66
104417037452177 91
104417094025996 23
104417094060141 66
104417094067556 91
104417161197002 23
104417161229975 66
104417161237759 91
104417238415095 23
104417238451203 66
104417238458692 91
104417295136443 23
104417295169526 66
104417362144987 91
104417440650341 23
104417440697868 66
104417496370457 91
104417496404631 23
104417496411971 66
104417563353325 91
104417630482995 91
104417630514267 23
104417630522096 66
104417707593313 23
104417707625952 66
104417707633394 91
104417764584276 23
104417831809918 66
104417831865536 91
104417909650407 23
104417909691355 66
104417909699624 91
104417965834509 23
104417965866958 66
104417965874510 91
104417965881385 23
104417965888310 66
104418040754964 91
104418100066036 23
104418100096647 66
104418167112227 91
104418234102089 23
104418234135534 66
104418312808405 91
104418368245297 91
104418368281935 23
104418368289991 66
104418435313713 91
104418435346772 23
104418435354026 66
104418502574131 91
104418502611369 23
104418502619333 66
104418569376456 23
104418569408503 66
104418569415930 91
104418646043934 23
104418646079829 66
104418646087366 91
104418717398124 23
104418717434822 66
104418717443081 91
104418837604894 23
104418837639882 66
104418837647552 91
104418837654622 23
104418904665741 66
104418904701435 91
104418971799891 91
104419049289581 23
104419049325971 66
104419049333327 23
104419049340293 66
104419049347248 91
104419106269201 23
104419106297082 66
104419106305492 91
104419172969881 23
104419172999804 66
104419247311714 91
104419247342019 91
104419314698604 23
104419314729402 66
104419314736712 91
104419382139679 23
104419382188868 66
104419382196528 23
104419382203611 66
104419382210460 91
104419449490807 91
104419508293231 23
104419508326153 66
104419508333881 91
104419575571247 23
104419575610553 66
104419575618151 91
104419575625058 23
104419651546612 66
104419651581720 23
104419651589503 66
104419651596547 91
104419716845707 23
104419716878885 66
104419716886442 91
104419784236180 91
104419784269985 23
104419784278294 66
104419851600046 23
104419851634229 66
104419919011523 91
104419978185486 23
104419978229999 66
104419978237651 91
104420044979732 91
104420111952328 23
104420111985033 66
104420111992617 23
104420111999548 66
104420112006446 91
104420246183600 23
104420246217267 66
104420246225512 91
104420313076226 23
104420313108659 66
104420380170079 91
104420447215482 23
104420447250359 66
104420447317589 91
104420533172032 23
104420533208698 66
104420588560695 91
104420655993225 23
104420656035731 66
104420656044689 91
104420723383498 23
104420723417701 66
104420723425751 91
104420790807546 23
104420790843369 66
104420790850705 91
104420849692443 23
104420916747288 66
104420916778510 91
104420916786003 91
104420983709887 23
104420983737523 66
104421051003052 23
104421051037716 66
104421051045317 91
104421117936221 23
104421117971603 66
104421117979872 91
104421190657891 23
104421190693275 66
104421190700943 91
104421190709474 91
104421251957100 23
104421251982809 66
104421319289294 23
104421319322107 66
104421319329741 91
104421386398871 23
104421386442327 23
104421386450102 66
104421386457056 91
104421460313225 91
104421527662942 23
104421527689571 66
104421527697212 23
104421527704252 66
104421604259857 91
104421604292825 23
104421662418502 66
104421662452068 91
104421729892699 91
104421729939052 23
104421729946464 66
104421729953486 23
104421788594013 66
104421788625676 91
104421788633300 91
104421788641189 23
104421855626874 66
104421855657569 23
104421855665167 66
104421922693777 91
104421922729329 91
104421989783537 23
104421989822341 66
104421989829880 23
104422056984773 66
104422057023431 91
104422057031005 91
104422123908705 23
104422123944067 66
104422123951930 23
104422123959592 66
104422190942950 91
104422190983910 23
104422190991145 66
104422190998067 91
104422258065988 23
104422258138006 66
104422325230200 91
104422392094777 23
104422392124951 66
104422392132657 91
104422459115953 23
104422534003735 66
104422534036553 91
104422660555468 91
104422660593107 23
104422660600785 66
104422727739420 91
104422727773169 23
104422727780624 66
104422727787559 23
104422727794406 66
104422801565483 91
104422801602392 23
104422801609837 66
104422878669979 91
104422878707722 23
104422936356713 66
104422936393244 91
104423003754198 23
104423003790278 66
104423003797978 91
104423071144672 23
104423071184675 66
104423071192145 91
104423140451354 23
104423140489015 66
104423140496599 91
104423196989624 23
104423197025986 66
104423264052207 91
104423264093336 23
104423331383077 66
104423331435227 91
104423398206907 91
104423398238220 23
104423398246194 66
104423465224728 23
104423465255154 66
104423465262777 91
104423532303600 23
104423532368018 91
104423532376114 23
104423532383062 66
104423605889420 91
104423605919198 23
104423605926719 66
104423673265895 23
104423673297169 66
104423673304525 91
104423740717951 91
104423740752203 23
104423740759480 66
104423808031610 23
104423808065657 66
104423808073114 91
104423875406444 23
104423875435783 66
104423942797517 91
104423942829937 23
104423942837578 66
104424001731060 91
104424079401206 91
104424079440671 23
104424079448468 66
104424079455812 23
104424135917731 66
104424135952192 91
104424135959844 91
104424203098391 23
104424203131154 66
104424203138673 23
104424203145657 66
104424281286947 91
104424337273906 91
104424337318398 23
104424337325787 66
104424337332746 91
104424404040371 23
104424404082675 66
104424404094122 23
104424471123927 66
104424471157123 91
104424538347494 23
104424538377892 66
104424538385576 91
104424605255612 91
104424605287472 23
104424605295086 66
104424605302379 91
104424672347804 23
104424672384814 66
104424672392518 23
104424750566345 66
104424750613028 91
104424807110730 23
104424807141518 66
104424807149174 91
104424881297287 23
104424881334226 66
104424940634819 91
104424940666073 23
104425007693692 66
104425007732363 91
104425007739701 91
104425074917949 23
104425074951821 66
104425074959647 91
104425074966519 23
104425153765830 66
104425153795572 91
104425153803210 23
104425208824473 66
104425208850345 23
104425208857981 66
104425208865093 91
104425284167696 91
104425355231364 23
104425355263556 66
104425355271127 23
104425355278049 66
104425355284978 91
104425410119706 91
104425410155140 23
104425486992611 66
104425487024554 23
104425487032294 66
104425487039491 91
104425544308020 23
104425544344460 66
104425544351887 91
104425611372874 23
104425611406800 66
104425611414421 91
104425686997850 91
104425752366105 23
104425752397328 66
104425752404955 23
104425752412333 66
104425819723135 91
104425887086309 91
104425887117185 23
104425887124672 66
104425954465543 91
104425954496140 23
104425954503482 66
104426021850629 23
104426021880300 66
104426021887807 91
104426080772827 23
104426080810166 66
104426080817706 91
104426147797433 23
104426147831562 66
104426147839153 91
104426215007943 23
104426215047793 66
104426215055460 91
104426282083586 23
104426282125979 66
104426282133856 91
104426349187558 23
104426349232758 66
104426349240251 91
104426416040929 23
104426416079773 66
104426416087278 91
104426483235814 23
104426483274827 66
104426483282350 91
104426550459185 23
104426550501294 66
104426617310857 91
104426691480622 23
104426691525484 66
104426758855481 91
104426826182165 23
104426826215946 66
104426893566169 91
104426893597608 23
104426893605523 66
104426960939394 91
104427019775664 23
104427019806343 66
104427019813763 91
104427086776783 23
104427086810073 66
104427153827048 91
104427153856017 91
104427221005746 23
104427221041011 66
104427297158834 23
104427297194685 66
104427297202287 91
104427297209311 23
104427354921078 66
104427354954749 91
104427422262621 23
104427422296927 66
104427489256966 91
104427489287339 91
104427563174216 23
104427563204578 66
104427563211962 91
104427630578033 23
104427630610772 66
104427630618277 91
104427698010288 23
104427698055261 23
104427698062917 66
104427698070339 91
104427698077200 23
104427765265453 66
104427765296758 23
104427765304259 66
104427832694452 91
104427891512215 23
104427891548153 66
104427891555613 91
104427958822948 23
104427958869490 66
104427958876910 91
104428025665417 91
104428025694990 23
104428092652698 66
104428092683723 91
104428092691208 23
104428092698264 66
104428159868194 23
104428159903242 66
104428227363133 91
104428293921847 91
104428293952997 23
104428293960534 66
104428361008873 91
104428361047289 23
104428361054723 66
104428434882893 91
104428434914946 23
104428434922724 66
104428502252550 23
104428502287896 66
104428502295421 91
104428569610378 91
104428569640062 23
104428569647983 66
104428637035010 23
104428637071878 66
104428637079357 91
104428704408990 23
104428704444764 91
104428704452309 23
104428704459398 66
104428763349910 91
104428763385095 23
104428763392771 66
104428830564650 91
104428830604140 23
104428897544062 66
104428897579184 23
104428897587323 66
104428897594208 91
104428964776690 23
104428964810186 66
104429031900370 91
104429098707724 23
104429098743821 66
104429232910456 91
104429299913294 23
104429299945415 66
104429299953045 91
104429374046166 23
104429374077153 66
104429374084762 91
104429441346298 91
104429441377685 23
104429441385086 66
104429508774842 91
104429508807153 23
104429508814545 66
104429576135054 23
104429576166381 66
104429576173859 91
104429643549030 23
104429643583515 66
104429702406223 91
104429769468492 91
104429769498051 23
104429769505837 66
104429836404252 91
104429836434117 23
104429836441805 66
104429836448847 23
104429836455746 66
104429903533317 91
104429970640889 23
104429970672053 66
104429970695893 91
104430037730049 23
104430037774920 66
104430104695316 91
104430104722847 23
104430104730501 66
104430178290128 91
104430245662082 23
104430245693989 66
104430245701926 91
104430313173136 23
104430313217554 66
104430313225022 91
104430380438562 23
104430380466845 66
104430447995105 91
104430448041502 91
104430515254810 23
104430515298435 66
104430515306272 23
104430515313353 66
104430574273425 91
104430574310584 91
104430641318727 23
104430641357115 66
104430641364797 23
104430641371813 66
104430641378746 91
104430719803852 91
104430719836118 23
104430775340967 66
104430775376967 23
104430775384300 66
104430775391483 91
104430851718484 23
104430851751388 66
104430851759114 91
104430909413387 23
104430976507494 66
104430976538596 91
104430976546225 23
104430976553125 66
104431043701544 91
104431110930719 23
104431177680560 66
104431177711457 91
104431244769733 23
104431244799738 66
104431244807597 91
104431311869454 91
104431311902841 23
104431311910283 66
104431379104237 91
104431379138323 23
104431379145794 66
104431452910332 23
104431452947271 66
104431452955005 91
104431520285400 91
104431520317968 23
104431520325648 66
104431587678755 23
104431587707606 66
104431587715233 91
104431655046821 23
104431655079375 66
104431733227510 91
104431781424697 91
104431781459475 23
104431848437769 66
104431848468319 23
104431848475906 66
104431848483355 91
104431915392388 91
104431915421183 23
104431915428863 66
104431982609412 23
104431982638218 66
104431982645659 91
104432049608761 23
104432049642796 66
104432116665728 91
104432116692223 23
104432183703921 66
104432183737712 91
104432250913031 23
104432250953999 66
104432250961460 91
104432324663412 91
104432324710066 23
104432324717660 66
104432392027079 91
104432392060074 23
104432392067820 66
104432459420800 23
104432459448627 66
104432459456164 91
104432459463249 91
104432526858567 23
104432526889729 66
104432594330104 23
104432594378036 66
104432594388176 91
104432661714746 91
104432661760410 23
104432661768042 66
104432720367746 23
104432720395536 66
104432720402963 91
104432787459946 23
104432787497066 66
104432787504665 91
104432854336588 23
104432854375707 66
