97674162549534 91
97674229699472 23
97674229733697 66
97674229741371 91
97674308749152 91
97674308779916 23
97674363653196 66
97674363684907 91
97674363692301 23
97674430877784 66
97674430909900 23
97674430917392 66
97674497878950 91
97674576099593 23
97674576136138 66
97674576143685 91
97674631931434 91
97674699168989 23
97674699198912 66
97674699206467 91
97674699213551 23
97674777943505 66
97674777974964 91
97674836928763 23
97674836957715 66
97674836965000 91
97674900188359 23
97674900220273 66
97674900227631 91
97674967280877 23
97674967314903 66
97674967322350 23
97674967329889 66
97675045205693 91
97675101421307 23
97675101453755 66
97675168650502 91
97675241235819 23
97675241271342 66
97675241279004 91
97675302621975 23
97675302653926 66
97675369625440 91
97675448445040 23
97675448477662 66
97675448485312 91
97675522499456 91
97675522537061 23
97675522544827 66
97675570861501 23
97675570889792 91
97675570897108 23
97675570903951 66
97675650385534 91
97675650415795 23
97675650423348 66
97675705092308 91
97675705132208 23
97675705142275 66
97675705149617 91
97675772108763 23
97675772145360 66
97675839285784 23
97675839315079 66
97675906533002 91
97675973316685 91
97675973349365 23
97675973356830 66
97676040480142 23
97676040514323 66
97676040522003 91
97676107341245 23
97676107372767 66
97676107380280 91
97676241565875 91
97676241597745 23
97676241605339 66
97676241612755 23
97676308673562 66
97676375751329 91
97676442776898 23
97676442807688 66
97676442815205 91
97676516637274 91
97676583929322 23
97676583964764 23
97676583972392 66
97676583979581 91
97676651379318 23
97676651413079 66
97676651420572 91
97676718677509 23
97676718712316 66
97676718720089 23
97676718727318 66
97676718734322 91
97676786710875 91
97676853657922 23
97676853733713 66
97676853744038 23
97676912429502 66
97676912464850 91
97676979269333 23
97676979303907 66
97676979311619 91
97677046309440 23
97677046340996 66
97677046348777 91
97677113527020 91
97677180558676 23
97677180594797 66
97677180603667 91
97677247489245 23
97677247523567 66
97677247531035 91
97677247538011 23
97677314732822 66
97677314759985 23
97677314767709 66
97677314774834 91
97677381736570 91
97677455627890 23
97677455658433 66
97677455666008 91
97677523005177 23
97677523038789 66
97677523046051 91
97677523052952 23
97677590408875 66
97677590439219 91
97677657782715 23
97677657812549 66
97677657820135 91
97677725185174 23
97677725218299 66
97677725225880 23
97677725232792 66
97677725240029 91
97677784057384 23
97677851167760 66
97677851199542 91
97677918284891 23
97677918314098 66
97677918321490 91
97677985494944 23
97677985524149 66
97678052278408 91
97678119522952 23
97678119573242 66
97678186437033 91
97678253485857 91
97678253521158 23
97678253529267 66
97678327332576 23
97678327362318 66
97678327369773 91
97678394729684 91
97678394764125 23
97678394771646 66
97678394778896 91
97678471795315 23
97678471830166 66
97678471837808 91
97678529543887 23
97678529580142 66
97678596904252 91
97678596933271 23
97678596941162 66
97678664249600 23
97678664281683 66
97678664289361 91
97678723166867 23
97678723212641 66
97678789986574 91
97678857270059 23
97678857304997 66
97678857312828 91
97678924239346 23
97678924272067 66
97678924279823 91
97679058430344 23
97679058466921 66
97679125843409 91
97679192480802 23
97679192514575 66
97679192556551 91
97679266469768 91
97679333846480 23
97679333882142 66
97679333889673 91
97679401230160 23
97679401260455 66
97679401267933 23
97679401274954 66
97679468599592 91
97679535956746 23
97679535983702 66
97679535991716 91
97679594936483 23
97679594972054 66
97679594979195 91
97679661845870 91
97679728893186 23
97679728922143 66
97679728929821 91
97679796101165 23
97679796129256 66
97679863122730 91
97679863161847 23
97679863169388 66
97679863176427 23
97679930128560 66
97679930160646 91
97679997296668 23
97679997329880 66
97680064526267 91
97680131287454 91
97680131323111 23
97680131330660 66
97680205552137 23
97680205589589 66
97680205597287 91
97680272932896 23
97680340318885 66
97680340358857 91
97680407714812 23
97680407750052 66
97680475080346 91
97680533742450 91
97680533772321 23
97680533779872 66
97680608835908 91
97680608872740 23
97680608880354 66
97680667990826 23
97680668016728 66
97680668024076 91
97680734953695 91
97680734987943 23
97680734995655 66
97680802036342 91
97680802069653 23
97680802077536 66
97680869187525 23
97680869220023 66
97680869227500 91
97680936291119 23
97680936325374 66
97681003251307 91
97681077288391 23
97681077322878 66
97681144698226 91
97681212027624 23
97681212058951 66
97681212067021 91
97681279408196 23
97681279438070 66
97681279446018 91
97681346790550 23
97681405680984 66
97681405718394 91
97681474432216 23
97681474471925 66
97681539722409 91
97681606749660 23
97681606783586 66
97681606791216 91
97681673931740 91
97681673967591 23
97681673974880 66
97681741011384 91
97681741044809 23
97681741052616 66
97681807991592 91
97681808027089 23
97681808034578 66
97681875179412 91
97681875211631 23
97681875219290 66
97681875226650 91
97681948982508 23
97681949016497 66
97682016377281 91
97682016411394 23
97682016419342 66
97682016426306 91
97682083742214 23
97682083776705 66
97682151114032 91
97682151147843 23
97682151155571 66
97682151162839 91
97682218514069 23
97682218546603 66
97682218554053 91
97682277447115 23
97682277476276 66
97682277483849 23
97682344673363 66
97682344705668 91
97682411651310 23
97682411684168 66
97682411692057 91
97682478773073 23
97682545756011 66
97682545788963 91
97682545796597 91
97682612895463 23
97682612930209 66
97682679853090 91
97682679887350 23
97682679894969 66
97682747042328 23
97682747077908 66
97682820708751 91
97682888092360 23
97682888122792 66
97682888130828 91
97682955476078 91
97682955512941 23
97683022835791 66
97683022868254 23
97683022875834 66
97683022882749 91
97683157610975 23
97683157640846 66
97683157648433 91
97683216441012 91
97683216479458 23
97683284126796 66
97683284155179 23
97683284162794 91
97683350465641 23
97683350495428 66
97683350503031 23
97683350510170 66
97683417540696 91
97683551775652 23
97683551805089 66
97683551812547 91
97683618788119 23
97683618818518 66
97683618826092 91
97683685830464 23
97683685859371 66
97683759787522 91
97683827316075 91
97683827372029 23
97683894611752 66
97683894639315 91
97683894646589 23
97683894653637 66
97683961944408 91
97683961976932 23
97683961984364 66
97684029320635 91
97684029352769 23
97684029360350 66
97684098731478 23
97684098766348 66
97684098774027 91
97684155561258 23
97684155592977 66
97684222510390 91
97684300759377 23
97684300791507 66
97684300798990 91
97684356503352 91
97684356533569 23
97684356541215 66
97684423516294 91
97684423548542 23
97684423556077 66
97684490732321 91
97684490769954 23
97684490777626 66
97684490784535 91
97684564921308 23
97684564952259 23
97684564959981 66
97684632251130 23
97684632282789 66
97684632290406 91
97684699688241 91
97684699720240 23
97684699727765 66
97684767015649 23
97684767049567 66
97684767057249 91
97684834538488 23
97684834583018 66
97684892977069 91
97684960248947 91
97684960283070 23
97684960290637 66
97685027198394 23
97685027229998 66
97685027237248 91
97685094376183 91
97685161227349 23
97685161261995 66
97685161269593 91
97685228622259 23
97685228654660 66
97685228662352 23
97685228669332 66
97685228676175 91
97685295525469 91
97685369687836 23
97685369722599 66
97685369730478 91
97685436707202 23
97685436744119 66
97685436751773 91
97685504002955 23
97685504038029 66
97685504045589 23
97685504052587 66
97685504059534 91
97685571365345 91
97685638718058 23
97685638747341 66
97685638755194 91
97685638762264 23
97685706119646 66
97685706149496 23
97685706157061 66
97685706164269 91
97685831938201 23
97685831975629 66
97685831983475 91
97685899011794 23
97685899042510 66
97685899050319 91
97685966014634 91
97685966043400 23
97686033122171 66
97686033151622 91
97686033159211 23
97686100298385 66
97686100328049 91
97686100335602 23
97686100342711 66
97686167205568 91
97686167241268 23
97686240937520 66
97686240968947 91
97686240976514 23
97686308315287 66
97686308347912 23
97686308355548 66
97686308362630 91
97686375690641 23
97686443051794 66
97686443088184 91
97686520777572 91
97686520817798 23
97686520825701 66
97686577864469 91
97686577898419 23
97686577906187 66
97686636702868 91
97686636731693 23
97686636739397 66
97686703997700 91
97686704033082 23
97686704040826 66
97686779909964 23
97686779946970 66
97686779954658 91
97686837928994 23
97686837961354 23
97686837968990 66
97686904980801 91
97686972131099 91
97686972161665 23
97686972169118 23
97686972176307 66
97687039259479 23
97687039293645 66
97687039301415 91
97687106213148 23
97687106252714 66
97687106260362 91
97687247414048 91
97687247445452 23
97687247453174 66
97687314793011 23
97687314820552 91
97687314828184 23
97687314835369 66
97687382293588 91
97687382326046 23
97687382333348 66
97687382340271 91
97687449647840 23
97687449694156 66
97687516930842 91
97687516961926 23
97687516969606 23
97687516976795 66
97687575684202 91
97687575722331 23
97687575730027 66
97687575737267 91
97687642657194 23
97687642691557 66
97687709880262 23
97687709911539 66
97687709919339 91
97687776877455 91
97687776909490 23
97687776917500 66
97687843908671 91
97687843940788 23
97687843948352 66
97687910955304 91
97687910986750 23
97687910993951 66
97687978460975 23
97687978498554 66
97688045186769 91
97688119135769 91
97688119169516 23
97688119176975 66
97688188601269 23
97688188631459 66
97688188639554 91
97688253921481 91
97688321325600 23
97688321353875 66
97688321361257 23
97688321368203 66
97688321375123 91
97688388654824 91
97688457753904 23
97688457781473 66
97688457789025 91
97688514923107 23
97688514957421 66
97688514965039 91
97688581581665 23
97688581612019 66
97688581619507 91
97688648653233 23
97688648685431 66
97688648692803 91
97688715941566 23
97688715971732 66
97688782875924 23
97688782906088 23
97688782913621 66
97688782920575 91
97688916913292 23
97688916979603 66
97688916987458 91
97689000160512 23
97689000195476 66
97689058259472 91
97689125655472 91
97689125694364 23
97689125702153 66
97689193049793 23
97689193083797 66
97689193091286 91
97689260398824 91
97689260428832 23
97689260436403 66
97689327747683 23
97689327775562 66
97689327782940 91
97689386425943 23
97689386459970 66
97689453569635 91
97689520761656 91
97689520800769 23
97689520811547 66
97689587602594 91
97689587635599 23
97689587643343 66
97689654720195 23
97689654755266 66
97689654762618 91
97689721934205 23
97689721977539 66
97689788946125 91
97689862655638 91
97689862697115 23
97689862704827 66
97689929943896 23
97689929974626 66
97689929982221 91
97689997366492 23
97689997398789 66
97689997406290 91
97690132070417 23
97690132101778 66
97690132109444 91
97690199467340 23
97690199497527 66
97690199505166 91
97690258357294 91
97690325383684 23
97690325420329 66
97690325427931 91
97690392449409 23
97690392482954 66
97690392490479 91
97690459538167 23
97690459570715 23
97690459578405 66
97690459585447 23
97690526734347 66
97690526766306 91
97690593576307 23
97690593608696 66
97690660597524 91
97690727853938 23
97690727888198 66
97690727895644 91
97690801757026 23
97690801792427 66
97690869047679 91
97690869081857 23
97690929024452 66
97690929059892 91
97690996119375 23
97690996154890 66
97690996162393 91
97691063236566 91
97691063272367 23
97691141327581 66
97691141378397 23
97691141386312 66
97691141393356 91
97691271973994 23
97691272011202 66
97691272018741 91
97691331413765 91
97691331442347 23
97691331450043 66
97691398349025 91
97691398378213 23
97691398385736 66
97691465534306 91
97691465565133 23
97691465572833 66
97691544515397 91
97691544553229 23
97691544560563 66
97691599659955 23
97691599690262 66
97691599697751 91
97691674836294 23
97691674866195 66
97691745734824 91
97691800849525 23
97691800882015 66
97691800889391 91
97691877691478 23
97691877731764 66
97691935004441 91
97691935038319 23
97692001995346 66
97692002028164 91
97692075701949 23
97692075736792 66
97692075744486 91
97692143131253 91
97692143176475 23
97692210407802 66
97692210441093 23
97692277780960 66
97692277812341 91
97692277820152 23
97692345158547 66
97692345189234 91
97692412548454 23
97692412578600 66
97692471486621 91
97692471519519 91
97692538717401 23
97692538753556 66
97692538761389 91
97692605690819 23
97692605721737 66
97692672916976 23
97692672953549 66
97692672960794 91
97692739703920 23
97692739735011 66
97692806770459 91
97692873907431 23
97692873939508 66
97692873947069 91
97692940996093 23
97692941035260 66
97692941043003 91
97693014801349 91
97693082128158 23
97693082161818 66
97693082169466 23
97693082176452 66
97693150621593 91
97693230887708 23
97693230928630 66
97693230936708 91
97693284313635 23
97693284343735 66
97693284351272 91
97693351644141 23
97693351675607 66
97693351682981 91
97693411107248 91
97693477415774 23
97693477450229 66
97693477457826 91
97693477464903 23
97693544788235 66
97693544818056 23
97693544825742 66
97693611628333 91
97693678663782 91
97693745826286 23
97693745871692 66
97693745879458 91
97693812801464 23
97693812835299 66
97693812843003 23
97693812850033 66
97693812856832 91
97693889403658 23
97693889441082 66
97693946949437 91
97694021141846 23
97694021176774 66
97694021184588 91
97694089371554 91
97694089406560 23
97694148188571 66
97694148224505 91
97694148231947 23
97694226720332 66
97694226753417 91
97694226760896 23
97694282278017 66
97694282312446 23
97694282319747 66
97694358615036 91
97694428643205 23
97694428678449 66
