97762095875239 91
97762161796552 91
97762219896421 23
97762219930751 66
97762297929169 23
97762297960984 66
97762297968411 91
97762363731604 23
97762363774292 66
97762363782012 91
97762429012756 91
97762497146350 23
97762497182054 66
97762497189845 91
97762555165889 23
97762555202218 66
97762555209948 91
97762555217528 23
97762625494629 66
97762625523975 91
97762625531814 23
97762701295783 66
97762701333339 91
97762701343320 23
97762701351616 66
97762756448662 91
97762756483042 23
97762756490682 66
97762823448768 91
97762823481921 23
97762823489269 66
97762890436776 91
97762890470006 23
97762890477402 66
97762957630889 91
97762957659076 23
97762957666762 66
97763034341895 91
97763034373848 23
97763034381355 66
97763034388300 91
97763091649729 23
97763091681583 66
97763159027366 91
97763159073230 23
97763159080801 66
97763225866994 91
97763225895336 23
97763225903089 66
97763292886447 23
97763292921056 66
97763359915136 91
97763437622178 23
97763437650832 91
97763494115056 23
97763494144253 66
97763494151617 91
97763561265515 23
97763561296790 66
97763561304476 91
97763561311522 23
97763635622056 66
97763635654700 91
97763635662368 23
97763695387772 66
97763695422489 23
97763695430016 66
97763695437100 91
97763762291377 23
97763762361630 66
97763840869923 91
97763840900797 23
97763896534048 66
97763896565497 91
97763963715447 91
97763963750121 23
97764030906526 66
97764030937334 23
97764103816573 23
97764103849222 66
97764103856994 91
97764164801893 91
97764164833896 23
97764164841394 66
97764231872799 23
97764231910981 66
97764231919287 91
97764365939197 91
97764365973344 23
97764365981070 66
97764433126225 91
97764433157010 23
97764433164950 66
97764433171843 91
97764506884050 23
97764506938867 66
97764506946448 91
97764579796378 23
97764579832176 66
97764579839778 91
97764634208494 23
97764634240262 66
97764634247885 91
97764713396628 23
97764713423894 66
97764768404661 23
97764768439796 66
97764768447691 91
97764845237398 23
97764845267652 66
97764902413902 91
97764969677954 91
97765036691527 23
97765036725708 66
97765036733334 91
97765103715733 23
97765103746329 66
97765103754130 23
97765182565173 66
97765182598286 91
97765237871724 91
97765237898890 23
97765312594224 66
97765312623373 23
97765312630910 66
97765312637968 91
97765439105908 23
97765439143589 66
97765439150975 91
97765515868855 23
97765515906333 66
97765515913921 91
97765640224917 23
97765640260131 66
97765640267812 91
97765717707652 23
97765717739699 66
97765780718735 91
97765780751873 23
97765853054223 66
97765853087457 91
97765908488703 91
97765984956017 23
97765984987433 66
97765984994936 23
97765985001932 66
97765985008964 91
97766109606568 91
97766109638889 23
97766109646502 66
97766176692279 91
97766176720691 23
97766176729045 66
97766243838413 91
97766243871506 23
97766243879188 66
97766322328152 23
97766322361175 66
97766378008799 91
97766444997246 23
97766445030458 66
97766445037776 91
97766524332819 23
97766524367424 66
97766524374973 91
97766584388667 23
97766646258563 66
97766646287549 91
97766725525583 91
97766725562454 23
97766780432397 66
97766780464062 91
97766780471645 23
97766857427481 66
97766857459797 91
97766914468250 23
97766914502793 66
97766914510592 23
97766914517727 66
97766981543503 91
97767057755293 91
97767057783589 23
97767057791458 66
97767115619443 23
97767115648902 66
97767115656594 91
97767185832240 23
97767185862256 66
97767256820240 91
97767324237136 23
97767324267484 66
97767324275226 91
97767391645324 91
97767391675937 23
97767459027429 66
97767459056422 23
97767459063953 66
97767526383643 91
97767585270176 23
97767585300284 66
97767585307986 91
97767652103535 91
97767719245744 23
97767719279879 66
97767786415568 23
97767786446438 66
97767786454012 91
97767875223639 23
97767920493500 66
97767920523913 91
97767987482214 23
97767987513390 66
97767987524844 91
97768064926889 91
97768121740659 23
97768121775162 66
97768121782712 91
97768188885957 23
97768188914047 66
97768188921357 23
97768188928238 66
97768261919861 91
97768261952798 23
97768329306180 66
97768329339171 91
97768396671827 23
97768396706911 23
97768396715351 66
97768396722414 91
97768531437468 91
97768531475202 23
97768531482873 23
97768531489962 66
97768598820534 23
97768598853738 66
97768666185718 91
97768733618985 23
97768733652796 91
97768733660414 23
97768792400471 66
97768792431810 23
97768792439299 66
97768792447518 91
97768859454923 23
97768859483933 66
97768926414083 91
97768926455355 23
97768993669775 66
97768993703790 91
97769060583455 91
97769060615356 23
97769060622712 66
97769130155373 23
97769130184580 66
97769130192131 91
97769194635073 23
97769194666951 66
97769268547492 91
97769335853226 23
97769335899994 66
97769403163945 91
97769470572037 23
97769470610750 66
97769470618509 91
97769605288514 23
97769605322476 66
97769605330238 91
97769664180584 91
97769664213546 23
97769731228551 66
97769731262728 91
97769731270551 23
97769731278052 66
97769798386599 91
97769798415575 23
97769865407399 66
97769865443097 91
97769865450300 91
97769932456644 23
97769932484871 66
97769932492487 91
97769999570757 23
97769999601444 66
97770066522875 91
97770066556539 23
97770066564396 66
97770133660709 23
97770133693259 66
97770133700774 91
97770133709166 23
97770207506379 66
97770207539120 91
97770207546733 23
97770274873003 66
97770274907425 23
97770274914969 66
97770274922164 91
97770342303252 91
97770415893892 23
97770415930067 66
97770415937542 91
97770476974297 23
97770477008191 66
97770477015963 91
97770477023183 23
97770544423487 66
97770544457767 23
97770544465383 66
97770544472461 91
97770603137472 23
97770603168207 66
97770679080013 91
97770737117307 23
97770737149064 66
97770737156577 91
97770804468589 23
97770871343898 66
97770871371886 91
97770938425507 23
97770938460306 66
97770938467791 91
97771005381937 91
97771079231748 23
97771079260893 66
97771079268454 91
97771146572404 23
97771146601609 66
97771146609134 91
97771213968644 23
97771214013703 66
97771214021240 91
97771214028367 23
97771281373289 66
97771281406808 23
97771281414412 66
97771281421374 91
97771416096373 91
97771416127638 23
97771416135100 66
97771475507644 23
97771475537577 66
97771475545132 91
97771542101696 23
97771609057361 66
97771609091571 91
97771676081919 91
97771676114344 23
97771676122666 66
97771676130213 91
97771743122339 23
97771743151009 66
97771810285708 91
97771810316365 23
97771810323908 66
97771888250068 23
97771888287019 66
97771888294522 91
97771944433263 23
97771944463576 66
97771944471099 91
97772085779604 23
97772085815244 66
97772085823310 91
97772153286935 91
97772153357612 23
97772153365825 66
97772220427032 91
97772220456442 23
97772220463883 66
97772287819737 91
97772287851895 23
97772287859656 66
97772355199994 23
97772355230892 66
97772355238437 91
97772414072948 23
97772414106914 66
97772480850462 91
97772547973189 23
97772548004469 66
97772548011860 91
97772615055144 23
97772682092577 66
97772682124099 91
97772749083907 23
97772749114325 66
97772749121751 91
97772816271256 91
97772816305017 23
97772890038532 66
97772890068992 23
97772890076491 66
97772890083885 91
97772957395756 91
97772957423887 23
97773024918708 66
97773024952466 91
97773024960052 23
97773024967042 66
97773092154412 91
97773092185459 23
97773092193010 66
97773159590527 91
97773159630847 23
97773159638447 66
97773226926325 91
97773226961075 23
97773226969198 66
97773285762898 91
97773285796727 23
97773285804168 66
97773352823093 91
97773352856896 23
97773352864465 66
97773352871532 91
97773420023968 23
97773420073575 66
97773486940679 23
97773486988044 66
97773486998449 91
97773557301484 23
97773557338505 66
97773557347491 91
97773621027875 91
97773621058381 23
97773688102215 66
97773688135541 91
97773688142955 23
97773761831283 66
97773761881576 91
97773761889121 23
97773829117602 66
97773829148512 23
97773829156309 66
97773829163309 91
97773896490160 23
97773896523008 66
97773963866383 91
97774031254397 91
97774098652803 23
97774098682020 66
97774157562240 23
97774157595114 66
97774157602669 91
97774224574948 23
97774224606177 66
97774291726632 91
97774358736962 23
97774358767121 66
97774425921515 91
97774425957849 91
97774492766160 23
97774492798988 66
97774492806849 91
97774559881866 23
97774559916377 66
97774559923990 23
97774559930922 66
97774559937850 91
97774700901850 23
97774700936526 66
97774700944202 91
97774768222401 91
97774768253446 23
97774768261305 66
97774835630780 23
97774835662066 66
97774835670493 91
97774970477026 23
97774970512987 66
97774970520484 91
97775037728029 23
97775037759925 66
97775114843853 91
97775163478415 23
97775163505586 66
97775163513014 91
97775297706166 91
97775297737612 23
97775297745401 66
97775364794571 23
97775364825125 66
97775364833218 91
97775431738771 23
97775431768925 66
97775431776442 91
97775501736579 91
97775501763774 23
97775572556134 66
97775572587841 91
97775572595392 23
97775640027621 66
97775640065461 91
97775640073286 23
97775707308556 66
97775707342399 23
97775707349928 91
97775707357646 23
97775774699819 91
97775774733376 66
97775774741044 23
97775774748052 66
97775842070085 91
97775842104723 23
97775842112230 66
97775909464215 91
97775909500104 23
97775909507739 66
97775968413023 91
97775968448287 23
97775968455950 66
97775968463007 23
97776035446918 66
97776035478341 91
97776035485925 91
97776102413830 23
97776102443974 66
97776102451692 91
97776169605714 23
97776169650833 66
97776236808061 91
97776236841325 23
97776236849196 66
97776303688465 91
97776303722994 23
97776303730573 66
97776370728434 23
97776370769817 66
97776370777583 91
97776511665177 23
97776511702909 66
97776511710420 91
97776579048728 91
97776579084862 23
97776579092404 66
97776646383468 23
97776646415654 66
97776646423209 91
97776713809475 23
97776713847239 66
97776792778205 91
97776792812813 91
97776848546282 23
97776848578066 66
97776907208485 91
97776907236637 23
97776907244277 66
97776974242723 91
97776974275664 23
97776974283519 66
97777041333113 91
97777041360986 23
97777041368592 23
97777041375564 66
97777108341995 23
97777108375720 66
97777108383754 91
97777191016372 91
97777242577986 23
97777242614160 66
97777242621535 23
97777309671564 66
97777309707581 91
97777387694419 23
97777387725223 66
97777443958029 91
97777510821667 91
97777510855365 23
97777510862967 66
97777586264370 91
97777586298435 23
97777586306056 66
97777645085197 91
97777645134738 23
97777645145411 66
97777713800856 91
97777713831423 23
97777713839332 66
97777713846346 91
97777791053071 23
97777791091986 66
97777846085717 91
97777846121222 23
97777846128864 66
97777922841780 23
97777922877743 66
97777922884982 91
97778047345216 23
97778047379860 66
97778047387608 91
97778124157235 91
97778181630134 23
97778181664987 66
97778181672581 91
97778181679665 23
97778248772770 66
97778248804027 91
97778248811556 23
97778248818437 66
97778326141381 91
97778326178543 23
97778326185819 66
97778382730622 23
97778382761480 91
97778382768971 23
97778382776228 66
97778382783311 91
97778455271905 23
97778455303309 66
97778455310914 91
97778522568212 23
97778522601860 66
97778522609554 91
97778589982868 23
97778590014137 66
97778590021581 91
97778657350623 23
97778657380485 66
97778725461749 91
97778725488204 23
97778725495780 66
97778792200369 23
97778792236811 66
97778859609313 91
97778926881791 23
97778926918521 66
97778926926070 91
97778994309740 91
97778994342941 23
97779061619664 66
97779061650250 91
97779120606590 23
97779120641232 66
97779187517379 23
97779187553669 66
97779187561264 91
97779259140452 91
97779259167593 23
97779259175353 66
97779259182468 91
97779321619020 23
97779321654217 66
97779321661793 23
97779397900607 66
97779397935436 91
97779397943001 91
97779455782215 23
97779455817471 66
97779455825148 23
97779455832072 66
97779522824482 91
97779589812770 23
97779589844743 66
97779589852694 91
97779663897069 23
97779663925503 66
97779663933179 91
97779731208972 23
97779731242747 66
97779798599328 91
97779866019060 91
97779866048433 23
97779933371454 66
97779933401162 91
97779933408788 23
97779992263251 66
97779992296425 23
97779992303954 66
97780059354988 91
97780126463518 23
97780126489725 66
97780126497202 91
97780193504944 91
97780260614513 23
97780260645238 66
97780260652723 91
97780339566042 23
97780339600495 66
97780339608203 23
97780394613980 66
97780394644941 91
97780461792877 91
97780461820783 23
97780535571204 66
97780535602901 91
97780602998714 23
97780603034615 66
97780603042263 91
97780670299381 23
97780670331279 66
97780670338959 91
97780670345955 23
97780737686852 66
97780737719217 91
97780737726899 23
97780805071065 66
97780805102028 91
97780805109308 23
97780872443772 66
97780872477161 91
97780872484885 23
97780872491893 66
97780931246506 91
97780931288037 23
97780931295715 66
97780998288499 91
97780998322827 23
97780998331036 66
97781065416475 91
97781065459213 23
97781065466618 66
97781132589101 91
97781132625364 23
97781132632937 66
97781199515268 23
97781199547719 91
97781199555375 23
97781199562216 66
97781266514887 23
97781266547994 66
97781266555716 91
97781333536785 91
97781417834503 23
97781417874699 66
97781417881981 91
97781474700122 23
97781474735385 66
97781474743017 91
97781474750033 23
97781542025001 66
97781542059269 23
97781542066937 66
97781610186136 91
97781676779996 23
97781744174276 66
97781744203226 91
97781803074145 23
97781803109358 66
97781803116949 91
97781870213239 91
97781870258383 23
97781937159433 66
97781937194767 23
97781937202316 66
97782004255588 91
97782004289717 91
97782071305645 23
97782071342007 66
97782138315814 23
97782138344782 66
97782138352377 91
97782205476240 23
97782205511148 66
97782272557598 91
97782272587646 91
97782346379204 23
97782346418159 66
97782346425951 91
97782413859347 23
97782413902660 66
97782413910250 91
97782481122639 23
97782481152389 66
97782481159920 91
97782548500646 23
97782548529513 66
97782548537150 23
97782548544673 66
97782548551728 91
97782615874433 23
97782674866235 66
