104521994489293 91
104522065023554 23
104522065060704 91
104522119199937 23
104522119235742 66
104522119243273 91
104522196480953 23
104522196527756 66
104522196538254 23
104522196546375 66
104522196553477 91
104522253171404 23
104522253205284 66
104522253212733 91
104522320246294 23
104522320277936 66
104522320285329 91
104522397768222 23
104522397804594 66
104522397812197 91
104522521296545 23
104522521328657 66
104522521336487 91
104522599697780 23
104522599733860 66
104522599741377 91
104522655470055 23
104522655501517 66
104522655508889 91
104522722466683 23
104522722499510 66
104522801215355 91
104522801263774 23
104522856862820 66
104522856910784 91
104522923978246 91
104522924024770 23
104522924035610 66
104523003060766 91
104523003107801 23
104523058035488 66
104523058072682 23
104523058080410 66
104523058087382 91
104523124930451 23
104523124965895 66
104523192009228 91
104523192041675 23
104523270268047 66
104523270305811 91
104523326162329 23
104523326189881 91
104523326197526 23
104523326204391 66
104523393407230 23
104523393452006 66
104523393459796 91
104523472190116 23
104523472222225 66
104523472229804 91
104523527292555 23
104523527328864 66
104523594378347 91
104523661448799 23
104523661481415 66
104523661488765 91
104523739448809 23
104523739480878 66
104523739488645 91
104523795718015 91
104523795749367 23
104523795756610 66
104523862727297 91
104523862760217 23
104523862768035 66
104523941412933 91
104523941448659 23
104523941456433 66
104523996750154 91
104523996783317 23
104523996791102 66
104523996798102 91
104524063770919 23
104524063804781 66
104524063812264 23
104524063819312 66
104524063826376 91
104524197988523 91
104524198021739 23
104524198029212 66
104524198036322 91
104524274585719 23
104524274617819 66
104524274625525 91
104524332255778 23
104524332291486 66
104524332298936 91
104524332305956 23
104524332312777 66
104524405027339 91
104524405059078 23
104524405066670 66
104524487524656 91
104524487560751 23
104524487568346 23
104524533282580 66
104524533313666 23
104524533321008 66
104524533328700 91
104524600489784 91
104524600527289 23
104524600535017 66
104524677837471 91
104524677866622 23
104524677874239 66
104524745835083 23
104524745873637 66
104524745881178 91
104524801685060 91
104524801720357 23
104524801727995 66
104524801735051 91
104524874928576 23
104524874966354 66
104524874973784 23
104524874981205 66
104524935791506 91
104525002916164 23
104525002958087 66
104525002965697 91
104525136960242 23
104525136994415 66
104525137001972 91
104525203924819 23
104525203955904 66
104525203963433 91
104525271124046 23
104525271154066 66
104525271162391 91
104525338019667 91
104525338074037 23
104525338081874 66
104525405245088 91
104525405292147 23
104525405300802 66
104525472311621 91
104525472342065 23
104525472349697 66
104525472357075 91
104525539512891 23
104525539544010 66
104525606394998 23
104525606425034 91
104525606462287 23
104525606471081 66
104525606478029 91
104525680418483 23
104525680455016 66
104525680462626 23
104525680469819 66
104525747746563 91
104525815134210 23
104525815168894 66
104525815176429 91
104525882518296 23
104525882550270 66
104525882557630 91
104525950001252 23
104526008833368 66
104526008862531 91
104526075849994 23
104526075882238 66
104526075889671 91
104526142882231 91
104526142912712 23
104526142919991 66
104526142926909 91
104526209949748 23
104526209986935 66
104526209994595 23
104526210001671 66
104526277140544 91
104526344123805 91
104526344160803 23
104526344168613 66
104526344175814 23
104526344183042 66
104526411232731 91
104526411275912 23
104526411283507 66
104526478266791 91
104526552173193 23
104526552207239 66
104526552214889 91
104526619504845 23
104526619545093 66
104526619552656 91
104526686943511 23
104526686981090 66
104526686988750 91
104526754286154 91
104526754331366 23
104526821649809 66
104526821680300 23
104526821687804 66
104526821694794 91
104526888975699 23
104526889008959 91
104526889016468 23
104526947788942 66
104526947840304 23
104526947850243 66
104526947859920 91
104527014894221 23
104527014938257 66
104527014945852 91
104527081921846 91
104527081958918 23
104527148844656 66
104527148885143 23
104527148892528 66
104527148899489 91
104527216032062 91
104527216063417 23
104527283209194 66
104527283240812 23
104527283248414 66
104527283255418 91
104527350106781 23
104527350140255 66
104527350147671 91
104527423800786 23
104527423834048 66
104527423841718 91
104527491252000 91
104527491287319 23
104527491294879 66
104527558562157 23
104527558594687 66
104527558602453 91
104527625941232 23
104527625971574 66
104527625979050 91
104527693317984 23
104527693350723 66
104527693358021 91
104527819590848 23
104527819625918 66
104527819633489 91
104527886590760 91
104527953753745 23
104527953785900 66
104527953793647 23
104527953800530 66
104527953807351 91
104528020809971 23
104528020850831 66
104528087735686 91
104528154958216 23
104528154998225 66
104528155006038 91
104528221992604 91
104528222029099 23
104528222036714 66
104528289175406 23
104528289213658 66
104528289221282 91
104528374523284 23
104528374566141 66
104528374573728 91
104528430315784 23
104528430355980 66
104528430363400 91
104528497699848 23
104528497734760 66
104528565138614 91
104528565174827 91
104528632895203 23
104528632929849 66
104528632937627 23
104528632944543 91
104528699863075 23
104528699902307 66
104528699909904 91
104528758678664 23
104528758711354 66
104528758719046 91
104528758726087 23
104528825589077 66
104528825625608 91
104528825633139 23
104528892789574 66
104528892826141 91
104528892833875 23
104528892840981 66
104528959814803 91
104528959854896 23
104528959862395 23
104528959869407 66
104529038512719 91
104529038561464 23
104529038568788 66
104529093766232 23
104529093796748 66
104529170282057 91
104529227983184 23
104529228019630 23
104529228027139 66
104529295113479 91
104529371487683 23
104529371522967 66
104529429145589 91
104529496187172 23
104529496225139 66
104529496232752 91
104529563347216 23
104529563382815 66
104529638274385 91
104529697521930 91
104529697552867 23
104529697560388 66
104529764790935 23
104529764829131 66
104529764836463 91
104529831550540 23
104529831580867 66
104529910821666 91
104529910860844 23
104529910868246 91
104529965686727 23
104529965719061 66
104529965726637 91
104529965733552 23
104530032720627 66
104530032753161 23
104530032760503 66
104530032767594 91
104530099801058 23
104530166884945 66
104530166918241 91
104530233949193 91
104530233984094 23
104530233991539 66
104530300923807 23
104530300953686 66
104530300960919 91
104530368248614 23
104530368292966 66
104530368301241 91
104530435172229 23
104530435210918 66
104530435218614 91
104530508681962 91
104530575974059 23
104530576002928 66
104530643524650 91
104530643558920 23
104530643566976 66
104530643574410 91
104530713027091 23
104530713063322 66
104530713070642 23
104530713077672 66
104530713085249 91
104530770485151 23
104530843397483 66
104530843442343 91
104530904575889 23
104530904612312 66
104530904619893 91
104530971744687 91
104530971777756 23
104530971785450 66
104531045525226 91
104531045557503 23
104531045565014 66
104531112915890 23
104531112946841 23
104531112954653 91
104531112961752 23
104531112968716 66
104531180276377 23
104531180309229 66
104531247756387 91
104531247788080 91
104531315094923 23
104531315135016 66
104531315142905 23
104531315186912 66
104531315194431 91
104531382494871 91
104531441243844 23
104531441278158 66
104531441286292 91
104531441293218 23
104531441300000 23
104531508141892 66
104531508171582 23
104531508179217 66
104531508186235 91
104531642316436 23
104531642357054 66
104531642365200 91
104531709338004 91
104531709367487 23
104531709375255 66
104531776510706 91
104531776542262 23
104531776550401 66
104531843720872 91
104531843757292 23
104531843764813 66
104531910490563 23
104531910523141 66
104531910530771 91
104531984624079 91
104531984655557 23
104531984662980 66
104531984669976 23
104532051989269 66
104532052020439 91
104532119387414 23
104532119421456 66
104532119429418 91
104532186762987 91
104532254154330 23
104532254186039 66
104532254193856 23
104532254200957 66
104532254207798 91
104532312977151 23
104532379971160 23
104532380003428 66
104532380010925 91
104532447147100 91
104532514216858 91
104532581290999 23
104532581328954 66
104532581337179 91
104532581344241 23
104532581351474 66
104532648225483 91
104532648258544 23
104532648266222 66
104532648273399 91
104532715411049 23
104532715444418 66
104532782510730 91
104532782540031 23
104532782547357 66
104532782554596 91
104532856349091 23
104532856382371 66
104532856390184 23
104532856397313 66
104532923760739 23
104532923794290 66
104532923801799 91
104532991191548 23
104532991228072 66
104532991235652 91
104533058608053 23
104533058652392 66
104533058659985 91
104533117797124 23
104533117837151 66
104533184986419 91
104533263956426 23
104533263993279 91
104533264001129 23
104533318983649 91
104533395597131 91
104533395645414 23
104533395652998 14
104533395659982 66
104533453524961 23
104533453556481 66
104533453564237 91
104533453571151 23
104533453578016 66
104533520212603 91
104533520242616 23
104533520250109 66
104533587223114 23
104533587254703 66
104533587262244 91
104533654404826 23
104533734808618 66
104533734855580 91
104533734863160 23
104533798785116 66
104533798819191 91
104533855537443 23
104533855568965 66
104533929543036 91
104533989701044 91
104533989746566 23
104533989754007 66
104534056627865 23
104534056659244 66
104534056666456 91
104534056673484 91
104534123843213 23
104534123881918 66
104534123889535 23
104534202055460 66
104534202091884 91
104534202099622 91
104534257949313 23
104534257982235 66
104534330372486 91
104534330407583 23
104534330415343 66
104534330422971 91
104534392071466 23
104534392106709 66
104534392114349 23
104534392121439 66
104534392128310 91
104534459284412 23
104534459320860 23
104534459328405 23
104534459335377 66
104534526074704 91
104534526110569 23
104534526118151 66
104534605376797 91
104534660202258 23
104534660237968 66
104534660245823 91
104534733297193 91
104534733325157 23
104534806662459 66
104534806691799 23
104534806699360 66
104534806706450 91
104534870191667 23
104534870225667 66
104534938507541 91
104534999343622 23
104534999377094 66
104535062802366 91
104535062838438 91
104535140535857 23
104535140571102 66
104535140578754 91
104535140586132 23
104535197035854 66
104535197073596 91
104535197081410 23
104535263791855 66
104535263822520 91
104535263830156 23
104535263837015 66
104535330970931 23
104535331000991 66
104535331008170 91
104535398014687 91
104535398051203 23
104535398058821 66
104535465141553 23
104535465192673 66
104535465203157 91
104535465212482 23
104535532013458 66
104535532049269 91
104535599283605 23
104535599318472 66
104535599325868 91
104535673109103 91
104535740452822 23
104535740494007 66
104535740501657 23
104535740508951 66
104535740516067 91
104535807878405 23
104535807913805 66
104535807921282 91
104535875263175 91
104535875296012 23
104535942721806 66
104535942777349 91
104535942785077 23
104535942791965 66
104536010007097 23
104536010042310 66
104536010049799 91
104536068932478 23
104536068964028 66
104536068971605 91
104536135721954 23
104536135754119 66
104536202775092 91
104536269727548 23
104536269756624 66
104536269763992 91
104536336975517 23
104536337011640 66
104536404005829 91
104536471068625 23
104536471099977 66
104536471107771 91
104536612202493 23
104536612238424 66
104536612246062 91
104536679648650 91
104536679685030 23
104536679692650 66
104536746994600 91
104536747024427 23
104536747031877 66
104536747038871 23
104536814339063 66
104536814371579 91
104536881719401 23
104536881754063 66
104536881761524 91
104536940544627 23
104536940581729 66
104537007625543 91
104537007655649 91
104537007663317 23
104537074703888 66
104537074736583 23
104537074744047 66
104537141686226 91
104537141723225 23
104537141730449 66
104537141737344 91
104537208882320 23
104537208925323 66
104537275879525 91
104537342946324 23
104537342979714 66
104537342987435 91
104537409927889 91
104537409960403 23
104537409997588 66
104537495996575 23
104537496031603 66
104537551309223 91
104537551344736 23
104537551352267 66
104537618697119 91
104537686260376 23
104537686307656 66
104537753435229 91
104537812367251 23
104537812400545 66
104537812408203 91
104537879565505 23
104537879603210 66
104537946429046 91
104537946460212 91
104538013517064 23
104538013552137 66
104538013559907 91
104538080713581 23
104538080746024 23
104538080753597 66
104538080760798 91
104538147915137 23
104538147952704 66
104538147961199 23
104538147968309 66
104538147975203 91
104538214705589 91
104538281892412 23
104538281933493 66
104538281940989 23
104538281948088 66
104538281955086 91
104538369314933 91
104538423025627 23
104538423057952 66
104538423065409 91
104538490409550 23
104538490445950 66
104538490453854 91
104538557810468 23
104538557851175 66
104538557858746 23
104538557865670 66
104538557872555 91
104538625220861 91
104538692518806 23
104538692558668 66
104538692566270 23
104538692573374 66
104538751491175 91
104538818453123 91
104538885517693 23
104538885553317 66
104538885561522 23
104538885568709 66
104538885575494 91
104538952398765 23
104538952432524 66
104538952439972 91
104539019994462 91
104539020028850 23
104539086635466 66
104539086665350 23
104539086673030 66
104539086680008 91
104539153899926 23
104539153932037 91
104539153940148 23
104539220673865 66
104539220710786 91
104539220718450 23
104539294835029 66
104539294866004 23
104539294873710 66
104539294880692 91
104539362097531 23
104539362128119 66
104539362135852 91
104539429446621 23
104539429477036 66
104539429484714 91
104539496978075 23
104539497007682 66
104539497015698 91
104539564277485 23
104539564312147 66
104539564319923 91
104539623122900 23
104539623150993 23
104539623158630 66
104539690128817 91
104539757326508 23
104539757366865 66
104539757374581 91
104539824428729 23
104539824461895 66
104539824469540 91
104539958533617 91
104539958564360 23
104539958572171 66
104539958579318 23
104540025531369 66
104540025567498 91
104540092533869 91
104540092569253 23
104540092577049 66
104540159708777 23
104540159740000 66
104540159747541 91
104540226908266 91
104540226940271 23
104540305219473 66
104540305256024 23
104540305263955 91
104540305271062 23
104540360798749 66
104540360833648 23
104540360840968 66
104540360847900 91
104540427872861 91
104540427906864 23
104540500754578 66
104540500790063 91
104540500797570 23
104540562261231 66
104540562302881 91
104540562310891 23
104540629116889 66
104540629149695 91
104540629157564 23
104540708024950 66
104540708058351 91
104540708065788 23
104540763177710 66
104540763210994 23
104540763218545 66
104540763225529 91
104540830392810 91
104540830424167 23
104540830431827 66
104540830438697 91
104540897584503 23
104540897633020 66
104540897641657 23
104540964475728 23
104540964512124 66
