90649830990827 91
90649893301171 23
90649893325926 66
90649893333648 91
90650027320427 23
90650027351408 66
90650027359174 91
90650095123791 91
90650161515989 23
90650161535681 66
90650161543351 23
90650161550526 66
90650228556371 91
90650302573608 23
90650302611354 66
90650302618831 91
90650369810845 91
90650369840993 23
90650437145971 23
90650437167406 66
90650504511346 23
90650504530260 66
90650504537862 91
90650571919228 23
90650639308188 66
90650639330745 91
90650698019034 91
90650698036792 23
90650764994998 66
90650765011144 91
90650765018625 23
90650765025567 66
90650832134414 91
90650899335884 23
90650899368597 66
90650899376760 91
90650966346339 23
90650966379784 66
90650966387450 91
90651033400769 23
90651033427806 66
90651033435502 91
90651100364405 23
90651100388068 66
90651174166396 23
90651174191952 66
90651174199463 91
90651241530088 91
90651241558737 23
90651308882440 66
90651308912273 91
90651308919458 23
90651376370901 66
90651376402389 91
90651443676780 23
90651443708352 66
90651511050207 23
90651511077865 66
90651511085346 91
90651569889292 91
90651636980691 23
90651637005883 66
90651704412516 23
90651704439613 66
90651704447257 91
90651770983964 23
90651838283248 66
90651838307020 91
90651905209962 91
90651905228325 23
90651972217527 66
90651972234590 91
90652039244775 23
90652039263271 66
90652039270927 23
90652113229725 66
90652113248017 91
90652180555972 23
90652247934204 66
90652247951169 91
90652315306485 23
90652315323719 66
90652382685452 91
90652450071324 23
90652450088357 66
90652508753287 91
90652582746391 91
90652582765496 23
90652582773087 66
90652650098723 91
90652650116919 23
90652650124495 66
90652717606752 91
90652717626162 23
90652784864280 66
90652784884134 91
90652784904404 23
90652852230808 66
90652911195233 23
90652911211430 66
90652911219033 91
90652978277062 23
90652978294711 66
90652978302369 91
90653112427766 91
90653112446553 23
90653112454187 66
90653179512521 91
90653179529182 23
90653246406181 66
90653246426668 23
90653313745819 66
90653313782048 91
90653380877223 23
90653380923668 66
90653380933321 91
90653521852763 91
90653521887791 23
90653521895389 66
90653589269445 23
90653658208143 66
90653658236255 91
90653724016583 23
90653724044376 66
90653791403105 91
90653850232823 23
90653850262375 66
90653850269921 91
90653917264780 91
90653984318869 23
90653984344004 66
90653984351748 23
90653984358783 91
90654051338419 23
90654051369773 66
90654118506833 91
90654118539200 23
90654118546916 66
90654185537785 23
90654185567692 66
90654252553824 91
90654326222660 23
90654326253123 66
90654326260790 91
90654393577992 91
90654461304735 23
90654461356662 66
90654461367126 91
90654528433867 23
90654528479844 66
90654528490674 91
90654595736648 23
90654595764518 66
90654595772393 91
90654663069960 23
90654663093084 66
90654663100768 91
90654730432069 23
90654730448571 66
90654730455969 91
90654788969367 23
90654788987227 66
90654788994654 91
90654856148400 23
90654856166402 66
90654856174133 91
90654923163406 23
90654923182146 66
90654923189618 91
90654990178596 23
90654990195197 66
90654990202722 91
90655057209162 23
90655057226574 66
90655057234270 91
90655124413161 23
90655124431810 66
90655124439218 23
90655191420013 66
90655191436123 91
90655265245167 23
90655265261849 66
90655265269327 91
90655400022264 23
90655400040404 66
90655400048979 91
90655467394440 23
90655534769030 66
90655534786256 91
90655602181538 91
90655602197735 23
90655661078144 23
90655661097497 66
90655727877283 23
90655727895669 66
90655727903240 91
90655795075002 91
90655862092538 23
90655862110434 66
90655862117732 91
90655929251365 23
90655929283723 66
90655929291504 91
90655996218621 23
90655996251293 66
90655996258865 91
90656063321769 23
90656063351539 66
90656136997226 23
90656137021593 66
90656137029017 91
90656204386634 91
90656271850810 23
90656271888306 66
90656271895877 91
90656339176683 23
90656339204818 66
90656406568288 91
90656406606383 23
90656406613790 66
90656473948795 91
90656473978624 23
90656473986167 66
90656541308287 91
90656541342235 23
90656599901338 66
90656599929052 91
90656599936493 23
90656666912509 66
90656666938266 91
90656666946145 23
90656733940027 66
90656733969138 91
90656801084412 23
90656801108194 66
90656801115485 23
90656868029412 66
90656868053806 91
90656935082602 23
90656935103129 66
90656935110662 91
90657002316505 23
90657002339770 66
90657076129015 91
90657143463156 91
90657143484037 23
90657143491530 23
90657210872880 66
90657210891044 91
90657210898818 23
90657210905883 66
90657278202829 91
90657278221071 23
90657278228795 66
90657345617606 91
90657345635675 23
90657412968739 66
90657412986141 91
90657412993935 23
90657471575274 66
90657471592169 91
90657471599846 23
90657538783630 66
90657605790174 23
90657605808610 66
90657605815905 91
90657672805974 91
90657740003091 23
90657740020135 66
90657807258735 23
90657807281517 66
90657807289290 91
90657873997876 23
90657874014432 66
90657947826842 91
90658015167531 23
90658015187292 66
90658015195059 91
90658082533262 23
90658082550175 66
90658149918632 91
90658217308070 23
90658284820544 66
90658284839866 91
90658343628773 91
90658343662658 23
90658343670308 66
90658410744698 91
90658477764302 23
90658477793812 66
90658544750258 23
90658544773745 66
90658544781127 91
90658611769059 23
90658611792457 66
90658679124179 91
90658746033356 91
90658746065210 23
90658813062087 66
90658813100865 91
90658813110807 23
90658886959486 66
90658954330992 91
90658954359386 23
90658954366891 66
90659021675383 23
90659021709880 66
90659021717600 91
90659156417172 91
90659156446759 23
90659156454171 66
90659156461238 91
90659223819961 23
90659223848596 66
90659283038354 91
90659283064791 23
90659283072408 66
90659349450023 91
90659349470468 23
90659349478160 66
90659416651023 91
90659416669868 23
90659416677405 66
90659483703192 23
90659483720513 66
90659550586756 91
90659617838743 23
90659617854839 66
90659617862329 91
90659684840142 23
90659758625136 66
90659758642765 91
90659758650411 91
90659825978308 23
90659825995170 23
90659826003129 66
90659826010216 91
90659893382714 23
90659893404464 66
90659960740815 91
90659960759393 23
90659960767095 66
90660028139883 23
90660028159245 66
90660028166941 91
90660095503435 91
90660154368165 23
90660154383969 66
90660154391307 91
90660221388263 23
90660221406632 66
90660221414382 23
90660288409733 66
90660288426662 91
90660355411390 23
90660355428103 66
90660355435437 91
90660422597727 91
90660489622627 23
90660489639031 66
90660489646463 91
90660556711118 23
90660556730595 66
90660556738454 91
90660623661274 23
90660623678006 66
90660623685557 23
90660697695243 66
90660765157369 91
90660832538243 91
90660899878739 23
90660899904285 66
90660899911994 91
90660967264833 23
90660967291606 66
90660967299237 91
90661026117701 23
90661026141225 66
90661093230098 23
90661093262387 66
90661093270240 91
90661227411493 23
90661227441408 66
90661227449472 91
90661294471095 23
90661361505119 66
90661361534577 91
90661495717901 23
90661495746713 66
90661495754206 91
90661569464267 91
90661569491297 23
90661636847381 66
90661636873679 23
90661636881283 66
90661636888711 91
90661704195409 23
90661771597467 66
90661771624053 91
90661838956381 91
90661906332631 23
90661906349694 66
90661906357072 91
90661965558609 23
90661965581160 66
90662032762789 23
90662032782109 66
90662032789706 91
90662099211033 91
90662166259927 23
90662166285852 66
90662233390760 23
90662233410986 66
90662233418629 91
90662300370516 91
90662367432567 23
90662367450114 66
90662367457655 91
90662441200245 23
90662441227758 66
90662441235464 91
90662508524831 23
90662508546014 66
90662508553444 91
90662575914410 23
90662575933990 66
90662575941602 91
90662643320940 23
90662643341216 66
90662643348719 91
90662643355771 23
90662710661238 66
90662710680625 91
90662778072853 23
90662778089126 66
90662778096581 91
90662836931754 23
90662836949139 66
90662904077798 23
90662904113107 66
90662904123688 91
90662971190384 91
90662971220275 23
90662971227723 66
90663038196056 91
90663038224792 23
90663105203588 66
90663105225911 91
90663172226715 23
90663172246890 66
90663239514127 23
90663239549487 91
90663239557064 23
90663239564126 66
90663306518460 91
90663306553348 23
90663306561138 66
90663380294063 91
90663380327317 23
90663380334762 66
90663447684795 23
90663447711303 66
90663447718721 91
90663515070953 23
90663582454713 66
90663582486016 91
90663649794580 91
90663649820478 23
90663717141753 66
90663717169325 23
90663776025429 66
90663776044110 91
90663842957683 23
90663910020417 66
90663910049306 91
90663910056813 91
90663977083917 23
90663977114234 66
90664044328623 23
90664044357228 66
90664044364815 91
90664111148092 23
90664111174266 66
90664178338489 91
90664245317472 91
90664245340220 23
90664245347576 66
90664319380443 91
90664319405967 23
90664319413311 23
90664386723364 66
90664386744292 23
90664386751985 66
90664454120022 91
90664454144976 91
90664521482389 23
90664521499441 66
90664521506859 91
90664588850569 23
90664588867560 66
90664588875765 91
90664647771003 23
90664647789162 66
90664647796716 91
90664714795419 23
90664714813664 66
90664781858497 91
90664781876015 23
90664781883615 66
90664848801092 23
90664848818441 66
90664915996335 91
90664983016133 91
90665050035509 23
90665050051710 66
90665117049460 91
90665117066360 23
90665117073910 66
90665117080954 91
90665191081448 23
90665191104494 66
90665191112198 91
90665258460237 23
90665258480037 66
90665325822300 91
90665325843117 23
90665325850684 66
90665393196738 23
90665393213740 66
90665460567118 91
90665519509546 23
90665519526623 66
90665519534243 91
90665653829814 91
90665653862634 23
90665653870507 66
90665720811283 23
90665720846020 66
90665720853961 91
90665787960234 91
90665854795968 23
90665854818672 66
90665921985623 23
90665922007285 66
90665922014782 91
90665989047244 91
90666062926580 23
90666062953435 66
90666062961421 91
90666130288196 23
90666130311485 66
90666130318990 23
90666130325933 91
90666197592888 23
90666197619997 66
90666264916768 23
90666264938305 66
90666264945608 91
90666332438154 91
90666399724950 23
90666399750132 66
90666458563621 23
90666458592558 66
90666458600098 91
90666525526347 91
90666592614788 23
90666592638588 66
90666659716971 23
90666659746882 66
90666659754328 91
90666726716930 91
90666793863374 23
90666793886273 66
90666793893769 23
90666793900785 66
90666860896820 91
90667001868519 23
90667001892306 66
90667001899918 91
90667069566973 91
90667069613175 23
90667136689852 66
90667136721805 91
90667204071361 23
90667204094894 66
90667204102393 91
90667271410939 23
90667271436298 66
90667271444290 91
90667330282520 23
90667330301708 66
90667330309247 23
90667330316371 66
90667397383108 91
90667464462315 23
90667464487728 66
90667464495438 91
90667531440217 23
90667531461256 66
90667598590001 91
90667665623535 23
90667665641985 66
90667732632687 91
90667799915536 91
90667799934595 23
90667873574730 23
90667873592791 66
90667873600324 91
90667940983990 23
90667941001588 66
90667941009292 23
90668008532101 66
90668008565980 91
90668075863508 91
90668075896317 23
90668075903892 66
90668143185762 91
90668143215788 23
90668210555390 66
90668210591208 91
90668210599472 23
90668277982153 66
90668278016073 91
90668278025246 23
90668336718988 66
90668336749628 91
90668336757499 23
90668403500531 66
90668403547848 91
90668403555733 23
90668470435873 66
90668470461747 23
90668470469356 66
90668537654457 91
90668604675678 91
90668604706055 23
90668604713725 66
90668671701593 23
90668671733149 66
90668671740290 91
90668738706973 23
90668738736701 66
90668812772142 91
90668880133728 23
90668880160659 66
90668947888854 91
90669014893013 91
90669014931627 23
90669082793069 66
90669082818876 23
90669082826874 91
90669141176579 23
90669141204957 66
90669208201422 91
90669208226071 23
90669208233733 66
90669208240894 91
90669275220032 23
90669275245388 66
90669275252984 91
90669342434285 23
90669342462420 66
90669409458014 91
90669409501247 23
90669409508927 66
90669476448575 23
90669476483659 66
90669476491188 91
90669543630524 23
90669610692209 66
90669610726612 91
90669684523915 23
90669684552551 66
90669751853387 91
90669819274365 23
90669819309504 66
90669819317198 91
90669886614882 91
90669954035139 23
90669954071990 66
90670021435216 91
90670021470430 23
90670021478027 66
90670080151222 23
90670080184430 66
90670080192020 91
90670147105573 91
90670214222407 23
90670214253302 66
90670214261173 91
90670281340363 23
90670281366735 66
90670281374431 23
90670281381413 66
90670348525910 91
90670415714905 23
90670415743410 66
90670415750913 91
90670482438883 91
90670556262639 23
90670556297957 66
90670556305393 91
90670623573573 23
90670623602444 66
90670623609915 91
90670690948324 23
90670690977028 66
90670758389236 23
90670758427199 66
90670758434587 91
90670893079032 23
90670893112882 66
90670893120745 91
90670951992436 23
90670952020645 91
90671018982197 23
90671019011339 66
90671019019055 91
90671086069986 23
90671086099313 66
90671153190870 23
90671153225984 66
90671153233463 91
90671220185452 91
90671220220355 23
90671287277795 66
90671287317483 91
90671354202345 23
90671354234798 66
90671354242212 91
90671354249154 23
90671421469040 66
90671421504412 91
90671495335828 23
90671495371226 66
90671495378771 91
90671562667965 23
90671562697244 66
90671562704984 23
90671630043620 66
90671630072936 91
90671697406714 23
90671764889268 66
90671764919800 91
90671823687708 23
90671823715370 66
90671890881493 91
90671957862418 91
90671957887535 23
90671957894968 66
90672035231147 91
90672035252949 23
90672091971432 66
90672091992436 91
90672091999862 23
90672165566619 66
90672165590248 91
90672226069390 23
90672226089469 66
90672226096839 23
90672226103726 66
90672293125137 91
90672360224498 23
90672360242283 66
90672360250138 91
90672438493685 91
90672438510503 23
90672494642517 23
90672494657153 66
90672561512963 23
90672561535108 66
