83324965775714 91
83325100194570 23
83325100230628 66
83325100238155 91
83325234166128 23
83325234234567 66
83325234250136 91
83325368465372 91
83325435403597 23
83325435437211 66
83325502627398 23
83325502675024 66
83325579997631 91
83325636545794 91
83325636577078 23
83325636584656 66
83325703623808 91
83325703663648 23
83325703671189 66
83325781333808 91
83325781372718 23
83325837947609 66
83325837977703 91
83325904930460 23
83325904967277 66
83325983288490 23
83325983322450 66
83325983330154 91
83326106066636 23
83326106099143 66
83326106106685 91
83326173756336 23
83326250835724 66
83326250868252 91
83326250875740 91
83326307807080 23
83326374258841 66
83326374292600 91
83326452470786 23
83326452501612 66
83326508635407 91
83326508664980 23
83326602121239 66
83326602156829 91
83326602164229 23
83326642517153 66
83326642542389 91
83326709520512 23
83326709550054 66
83326776611658 23
83326776643892 66
83326776651278 91
83326855727072 23
83326855759982 66
83326910785045 91
83326977793279 91
83326977826629 91
83327044921289 23
83327044953357 66
83327122926254 91
83327188964516 23
83327189001171 66
83327246199581 23
83327246232777 66
83327246240493 91
83327313210947 23
83327313245010 66
83327380200189 91
83327380233035 23
83327447218149 66
83327447249327 23
83327514417940 66
83327514451459 91
83327592213705 23
83327592242926 66
83327648603391 91
83327648641855 91
83327715680582 23
83327715718810 66
83327790213933 91
83327790246135 23
83327790253762 66
83327849819405 91
83327849848127 23
83327849855638 66
83327916974563 91
83327917005460 23
83327998625643 66
83327998654795 91
83327998662264 23
83328050934251 66
83328050970446 91
83328127364141 23
83328127402179 66
83328127409691 23
83328197373133 66
83328197404739 91
83328258414657 23
83328258451313 66
83328258458657 91
83328386361227 23
83328386399562 66
83328386406857 91
83328520418188 91
83328520453552 23
83328520461041 23
83328520467776 66
83328587495483 91
83328587527118 23
83328661389666 66
83328661439444 91
83328661446724 23
83328721598818 66
83328721626687 23
83328797857206 66
83328797889310 91
83328867936688 23
83328927560691 66
83328927596017 91
83329056905794 91
83329056937903 23
83329056945155 66
83329131553558 91
83329131585006 23
83329131592594 66
83329208394904 91
83329208431879 23
83329266313445 66
83329266346514 23
83329325296129 66
83329325326428 91
83329392321024 91
83329392351822 23
83329459349900 66
83329459381479 91
83329459388968 23
83329526334399 66
83329526360633 91
83329593525106 23
83329593558231 66
83329660775679 23
83329660850579 66
83329660861719 91
83329727480970 23
83329794980427 66
83329795016135 91
83329868538553 23
83329935913734 66
83329935944060 91
83330003397804 23
83330003455278 66
83330070669016 91
83330138042204 23
83330138079815 66
83330197023263 91
83330264125285 23
83330264227254 66
83330331294075 91
83330398316071 23
83330398352192 66
83330465311042 91
83330532302762 23
83330599538922 66
83330599569845 91
83330666540024 23
83330666569581 66
83330740241475 91
83330807617247 23
83330807648598 66
83330875082529 91
83330875112987 91
83330942367110 23
83331009813816 66
83331009852105 91
83331009859600 23
83331077175746 66
83331077206743 23
83331077214085 66
83331077220819 91
83331203053179 91
83331203084506 23
83331270131616 66
83331270169402 23
83331270176801 66
83331337222843 91
83331404239298 23
83331404274041 66
83331404281656 91
83331538316638 91
83331538352521 23
83331605543781 66
83331605575396 91
83331679372596 23
83331679411509 66
83331679418963 91
83331746796520 23
83331746828891 66
83331746836223 91
83331814110692 23
83331814146062 66
83331894043996 91
83331894083866 23
83331894091391 66
83331948935439 23
83332016800848 66
83332016838803 91
83332074919460 23
83332074979431 66
83332074988760 91
83332149035806 91
83332216267570 23
83332216302216 66
83332283700287 91
83332283736768 23
83332283744233 66
83332351140552 23
83332351187985 66
83332351195736 91
83332477333760 91
83332477372655 23
83332544389023 66
83332544419747 23
83332544427159 66
83332611502879 91
83332678634346 23
83332745816566 66
83332745856283 91
83332824194975 23
83332824226547 91
83332879844409 23
83332879874791 66
83332879882543 91
83332946790607 23
83332946821379 66
83333013807724 91
83333013844363 23
83333013851661 66
83333080829001 23
83333148016123 66
83333148048894 91
83333215063163 23
83333215094963 66
83333215102425 91
83333293405904 91
83333349198849 23
83333349232103 66
83333439004275 91
83333439039904 23
83333439047188 66
83333489539423 91
83333556861706 23
83333556894642 66
83333556901956 91
83333624321406 23
83333624355271 66
83333624362734 23
83333691637427 66
83333691668476 91
83333759022625 23
83333759056271 91
83333826420268 23
83333826452217 66
83333826459537 91
83333893792267 23
83333893829512 66
83333893837047 91
83333952726599 23
83333952758606 66
83333952766004 91
83334019713917 23
83334019747550 66
83334019754950 91
83334086821240 23
83334086848150 66
83334153897915 91
83334153932907 23
83334226472581 66
83334226508259 23
83334226515597 66
83334226522446 91
83334288299086 91
83334355205474 23
83334355233562 66
83334355241094 91
83334422239839 23
83334422275183 66
83334495985821 91
83334496021672 23
83334563397782 66
83334563435015 23
83334563442472 66
83334630845460 91
83334698117962 23
83334698147985 66
83334765502022 91
83334832896843 23
83334832929176 66
83334891720768 91
83334958744430 23
83335025937068 66
83335025972969 91
83335092976414 23
83335093005623 66
83335093013025 91
83335160016029 91
83335226950689 23
83335226979747 66
83335294154071 91
83335294185957 23
83335294193625 66
83335367686705 91
83335435124198 23
83335435165186 66
83335502471651 91
83335502504559 23
83335502512142 66
83335569857302 23
83335569889705 66
83335569897503 91
83335637234637 91
83335704622179 23
83335704657641 66
83335704664999 91
83335771969484 23
83335772001688 66
83335830769142 23
83335830800938 66
83335830808463 91
83335964986899 23
83335965038731 66
83335965046083 91
83336098894059 23
83336098932108 66
83336098940470 91
83336165899551 91
83336232943781 23
83336232978111 66
83336232985487 91
83336307078299 23
83336307117992 66
83336307125658 91
83336374237592 23
83336374274029 66
83336374281523 91
83336441624961 23
83336441658070 66
83336441665517 91
83336508968010 23
83336509003029 66
83336576913567 91
83336643703389 23
83336643736005 66
83336643743564 91
83336702633637 23
83336702667119 66
83336702674664 91
83336769447199 23
83336769480495 66
83336836583634 91
83336903744176 23
83336903779379 66
83336903786689 91
83336970924462 23
83336970966373 66
83336970973890 91
83337037792696 23
83337037823164 66
83337037830769 91
83337104789418 23
83337104818683 66
83337104826329 91
83337178800595 91
83337245913355 23
83337245943408 66
83337245950857 91
83337313367756 23
83337313402439 66
83337313409837 91
83337380661180 23
83337380691447 66
83337448020881 23
83337448052632 66
83337448059894 91
83337515537639 23
83337515576145 66
83337574334161 23
83337574363426 66
83337641395092 91
83337708466618 23
83337708501433 66
83337708508972 91
83337775572039 91
83337842579543 23
83337842649720 66
83337842683939 91
83337919747981 23
83337919783679 66
83337919791472 91
83337976819399 23
83337976861465 66
83337976869233 91
83338044003226 23
83338044058112 66
83338044068877 91
83338121785629 23
83338121837922 66
83338185745691 91
83338185778706 23
83338185786118 66
83338245010362 23
83338245048245 66
83338245055782 91
83338379278435 23
83338379314119 66
83338379321640 91
83338524990964 23
83338525031602 66
83338525039179 91
83338647555573 23
83338647593081 66
83338647600848 91
83338792136367 23
83338792168993 66
83338792176524 91
83338915730075 23
83338915766869 66
83338915774323 91
83339049769685 23
83339049804029 66
83339049812250 91
83339116746556 91
83339183979631 23
83339184015442 66
83339184022876 91
83339261357456 23
83339261388829 66
83339261396266 91
83339318026904 23
83339318058472 66
83339318065943 91
83339385051636 23
83339385081171 66
83339452206802 23
83339452237525 66
83339519231679 91
83339586301636 23
83339664737746 66
83339664783952 91
83339720420260 23
83339787463927 66
83339787493269 91
83339921886989 23
83339921920593 66
83339921928260 91
83339988693627 23
83340055697180 66
83340055730100 91
83340133890546 91
83340190020142 23
83340190054891 66
83340190062309 91
83340190069697 23
83340268947125 66
83340268981510 91
83340330791614 91
83340391096246 23
83340391130776 66
83340391140761 91
83340458124968 23
83340458158143 66
83340458166062 91
83340537089848 23
83340537120050 66
83340592502769 91
83340592535264 23
83340669071082 66
83340669118833 23
83340669127150 66
83340669135355 91
83340804334341 23
83340804367370 66
83340804374895 91
83340928298769 23
83340928339355 66
83340928347017 91
83341061774192 23
83341061806120 66
83341061813671 91
83341128736411 91
83341207709116 23
83341207739185 66
83341207746843 91
83341262974669 23
83341263003564 66
83341339495819 23
83341339535350 66
83341339542696 91
83341397040119 23
83341464300416 66
83341464329723 91
83341539531622 91
83341598283187 23
83341598312569 66
83341598319887 23
83341665260004 66
83341665292381 91
83341742760589 91
83341816119778 23
83341816158087 66
83341866461557 23
83341866496012 66
83341866503423 91
83342007826402 23
83342007866389 66
83342007873827 91
83342134726200 91
83342134761576 23
83342212024929 66
83342212059326 91
83342212067012 23
83342269432965 66
83342269502704 91
83342269513087 23
83342339684277 66
83342339719714 91
83342408517669 23
83342408553560 66
83342408561117 91
83342470662070 23
83342470754928 66
83342470762966 91
83342537120856 23
83342537156500 66
83342615230565 91
83342615264940 23
83342671564771 66
83342671598094 91
83342671605596 23
83342739213535 66
83342739243841 91
83342805409307 23
83342805439465 66
83342805447075 91
83342872634829 23
83342872677473 66
83342872685010 91
83342939709930 23
83342939748581 66
83343006665419 23
83343006698671 91
83343084415808 23
83343084446887 66
83343140838487 91
83343140869038 23
83343207866362 66
83343207906674 91
83343274921781 23
83343274991323 66
83343274999685 91
83343341882092 23
83343341913865 66
83343341921139 91
83343409083166 23
83343409112081 66
83343409151064 91
83343487737085 23
83343487771636 66
83343487779135 91
83343543427246 23
83343543481496 66
83343543491057 91
83343619674702 23
83343619715395 66
83343684656945 23
83343684696389 66
83343684703729 91
83343811500523 23
83343811540079 66
83343811547704 91
83343878632057 23
83343878668126 66
83343957153933 91
83344012628689 23
83344012667634 66
83344012675189 91
83344147380842 91
83344147431477 23
83344147441977 66
83344224350591 91
83344224392812 23
83344224400532 66
83344294168689 91
83344294215423 23
83344348049854 66
83344348092375 91
83344426212717 23
83344426253321 66
83344488345875 23
83344488386481 66
83344488394097 91
83344627544194 23
83344627589978 66
83344627597722 91
83344683424681 23
83344750664716 66
83344750707316 91
83344829424653 23
83344884556070 66
83344884596782 91
83344951665142 91
83345030847957 23
83345030886934 66
83345085776742 23
83345085810312 66
83345162666351 91
83345219780750 91
83345219821441 23
83345286999606 66
83345287038559 23
83345287045872 66
83345354117814 91
83345421068996 91
83345488220702 23
83345488270698 66
83345566023787 91
83345566069967 23
83345622319732 66
83345622355758 91
83345622363609 23
83345689310370 23
83345689353112 66
83345689360804 91
83345764435503 23
83345764467329 66
83345823501692 23
83345823543097 66
83345823550803 91
83345969123985 23
83345969157943 66
83345969165785 91
83346101139664 23
83346101180298 66
83346101188191 91
83346165407887 23
83346225981192 66
83346226019467 91
83346302374902 23
83346302411981 66
83346302419643 91
83346427016521 91
83346427051350 23
83346427058791 66
83346494298655 23
83346494336925 66
83346494344674 91
83346561304264 23
83346628179044 66
83346628217908 91
83346705722141 23
83346705761248 66
83346762415831 91
83346829829878 91
83346829878703 23
83346907623199 66
83346907665819 23
83346963687253 66
83346963731905 91
83347036369148 23
83347036401381 66
83347097770457 91
83347174875182 23
83347232487563 66
83347232531870 91
83347298992616 23
83347299032655 66
83347376824648 91
83347433053981 91
83347433100147 23
83347433108028 66
83347500244424 91
83347500278400 23
83347578168547 66
83347634291868 23
83347634337519 66
83347634344985 91
83347701260960 23
83347779997238 66
83347780030878 91
83347835591783 91
83347835634921 23
83347835644225 66
83347902836386 91
83347902897302 23
83347981360921 66
83347981400916 91
83347981408614 23
83348036605754 66
83348036640040 91
83348113333175 23
83348113372698 66
83348113380018 23
83348113389629 66
83348170881041 91
83348237975064 91
83348238012713 23
83348304941829 66
83348304980136 23
83348371977661 66
83348372016350 91
83348450643810 23
83348450683338 66
83348506228949 91
83348574734212 91
83348574784646 23
83348574792109 66
83348652689330 91
83348652741977 23
83348707367748 66
83348707399393 91
83348707407101 23
83348774434394 66
83348774472520 91
83348774480252 23
83348841477771 66
83348841597608 23
83348908627218 66
83348976237804 91
83349042544011 23
83349042580632 66
83349042588231 91
83349110054237 91
83349187018419 23
83349187061487 66
83349243718809 23
83349243751663 66
83349243759278 91
83349311026372 91
83349388919682 23
83349388951313 66
83349445008297 91
83349445045000 23
83349445052226 66
83349511947388 91
83349511978453 23
83349579188005 66
83349579222594 23
83349656202134 66
83349656233159 91
83349713253628 23
83349713286253 66
83349713293544 91
83349780199387 91
83349858183343 23
83349858219268 66
83349914403638 91
83349914436763 23
83349989272699 66
83349989311597 91
83349989319074 23
83350048812486 66
83350048863725 23
83350048874555 66
