85954147566650 91
85954214380951 23
85954292071145 66
85954292105668 91
85954415870473 23
85954415908958 66
85954415916737 91
85954549718364 23
85954549752553 66
85954549760203 91
85954625037328 91
85954684147284 23
85954684212826 66
85954751040650 23
85954751072733 66
85954751080282 91
85954818068506 23
85954897179199 66
85954897209036 91
85954952115610 23
85954952150759 66
85955019339811 91
85955086338842 23
85955086375303 66
85955086383095 91
85955230377951 23
85955230411547 66
85955230419106 91
85955354590905 91
85955354629188 23
85955421687243 66
85955421719091 91
85955488761649 23
85955488795937 66
85955555775300 23
85955555806279 66
85955555813927 91
85955633655410 23
85955633686783 66
85955690185985 91
85955757019914 23
85955757081196 23
85955757090400 66
85955831668008 91
85955899037368 23
85955899064396 66
85955899071831 91
85955966402441 91
85956025318024 23
85956025351125 66
85956092275971 23
85956092307092 66
85956092317397 91
85956226511255 91
85956226539615 23
85956226547933 66
85956293725384 91
85956293755518 23
85956360538509 66
85956360576148 91
85956431119564 23
85956431144933 66
85956431152452 91
85956494744494 23
85956494785466 66
85956568721507 91
85956568758658 23
85956568766163 66
85956636004968 91
85956703491787 23
85956703535316 66
85956703542783 91
85956770815247 23
85956770845411 91
85956770853357 23
85956838461571 66
85956838491019 91
85956905567978 23
85956905606458 66
85956905613961 23
85956964370778 66
85956964404012 91
85956964411451 23
85957031476903 66
85957031534788 91
85957031543852 23
85957098456920 66
85957098487579 23
85957098495189 66
85957098502285 91
85957165446331 91
85957232591523 23
85957232624178 66
85957232631783 91
85957299463954 23
85957299508160 66
85957299518254 91
85957366534562 23
85957366572668 66
85957366580255 91
85957440359169 23
85957440393399 66
85957507723697 23
85957507762400 66
85957507770167 91
85957634870790 23
85957634898748 66
85957634906323 91
85957768971321 91
85957769006653 23
85957769014316 66
85957835951167 91
85957909886516 23
85957909916057 66
85957977260982 23
85957977296452 66
85958044745716 91
85958112084276 23
85958112118317 66
85958112125763 91
85958246808587 23
85958246841669 66
85958246849413 91
85958379449436 23
85958379487564 66
85958446810259 91
85958514240465 23
85958581596548 66
85958581629025 91
85958648998522 23
85958649033926 66
85958707895041 91
85958774963057 23
85958774995354 66
85958775020358 91
85958909244296 23
85958909282340 66
85958909290255 91
85959043427821 23
85959043479106 66
85959043486726 91
85959110533243 23
85959178047320 66
85959178078369 91
85959251176668 91
85959318550103 23
85959318580372 66
85959385916677 91
85959385946658 23
85959385954243 66
85959385961263 91
85959453290248 23
85959453320362 66
85959453328000 91
85959520879792 23
85959520911158 66
85959598446046 91
85959598481947 23
85959646894537 66
85959646926206 23
85959646934171 66
85959646941382 91
85959780911932 23
85959780946806 66
85959780954654 91
85959915195911 23
85959915232687 66
85959915240229 91
85960049286077 91
85960049324343 23
85960049331873 66
85960049339076 91
85960116270260 23
85960190327673 66
85960190364071 91
85960190372710 23
85960257705420 66
85960257746198 23
85960257753787 66
85960257760827 91
85960392553481 23
85960392602799 66
85960451746814 91
85960518913333 91
85960585753909 23
85960585788746 66
85960585796328 91
85960664552715 23
85960664590797 66
85960664598714 23
85960733564030 66
85960733599991 91
85960786854999 23
85960853948267 66
85960853982103 91
85960921124874 23
85960921158860 66
85960997755483 91
85961055150030 23
85961122169924 66
85961122205533 91
85961189363869 23
85961189395542 66
85961189403069 91
85961323409894 91
85961323445031 23
85961401175944 66
85961401225507 91
85961457639181 23
85961457668766 66
85961524654403 23
85961524683896 91
85961524691392 23
85961599180830 66
85961599213919 23
85961659411347 66
85961659455089 91
85961659462764 91
85961725883638 23
85961725914404 66
85961804222952 91
85961804253725 23
85961859881293 66
85961859910824 23
85961859917935 91
85961927145782 23
85961927180064 66
85961927187852 91
85962006180400 23
85962006212236 66
85962006219833 91
85962067231323 23
85962067264347 66
85962128215419 91
85962128246837 23
85962195322253 66
85962195358387 91
85962195366039 23
85962273492134 66
85962273528604 91
85962329580712 23
85962329652347 66
85962329660055 23
85962329692798 91
85962396462514 23
85962396498696 66
85962396506346 91
85962470085539 23
85962470118067 66
85962530734215 91
85962530767863 23
85962597909888 66
85962597943208 23
85962597950803 66
85962676840514 91
85962731775677 91
85962808617710 23
85962808647498 66
85962808655212 91
85962866013442 23
85962866051300 66
85962866058948 91
85962933097121 23
85962933134973 66
85963000133106 23
85963000186511 66
85963000194384 91
85963067514010 23
85963145942242 66
85963145986652 91
85963201325455 23
85963201358518 66
85963275899908 91
85963347194906 91
85963347229389 23
85963347237184 66
85963402508305 91
85963479113587 23
85963479147366 66
85963536596801 91
85963536632839 23
85963536640599 66
85963603644557 23
85963603674691 66
85963603682439 91
85963744088254 91
85963744118887 23
85963816444895 66
85963816481661 91
85963816489210 23
85963871966177 66
85963871994491 23
85963872002289 66
85963872009300 91
85964018384686 23
85964018415848 66
85964018423484 91
85964140207877 23
85964140237269 66
85964140245067 91
85964207245670 91
85964285645133 23
85964285675529 66
85964285683277 91
85964341604523 23
85964341636355 66
85964341643809 91
85964408501000 23
85964408536411 66
85964408544149 91
85964487626896 23
85964487657501 66
85964487665046 91
85964542865743 23
85964542896414 66
85964609730944 23
85964609763212 66
85964609770709 91
85964676910694 23
85964754921273 66
85964754954231 91
85964810912557 23
85964810940247 66
85964810947724 91
85964954884661 91
85964954922093 23
85965012298854 66
85965012343503 91
85965079233160 23
85965079260230 66
85965079267940 91
85965146228146 23
85965146308041 66
85965220191835 23
85965220227456 66
85965220235044 91
85965354957479 23
85965354990633 66
85965354998361 91
85965422685195 23
85965489683094 66
85965489714634 91
85965548687765 23
85965615628737 66
85965615658827 91
85965682828876 91
85965749873357 23
85965749905163 66
85965749912841 91
85965816919615 23
85965816954939 66
85965883920771 23
85965883952385 66
85965883960033 91
85966028295654 23
85966028330579 66
85966028338332 91
85966085128306 91
85966152197999 23
85966152230322 66
85966152238223 23
85966225264301 66
85966225296577 91
85966286352041 23
85966353502890 66
85966353542899 91
85966443041463 23
85966487538021 66
85966487568734 91
85966554627858 23
85966628368085 66
85966628410329 91
85966700791966 23
85966700834312 66
85966700841986 91
85966825698817 23
85966825736145 66
85966825743869 91
85966900775324 23
85966956996590 66
85966957025616 91
85967098532131 91
85967098561100 23
85967098568468 66
85967098575509 91
85967165853454 23
85967165885835 66
85967233317726 91
85967233353062 23
85967233360662 66
85967300658726 23
85967300695514 66
85967300703681 91
85967426625005 91
85967494915517 23
85967494944265 66
85967494951846 91
85967560635795 23
85967560672944 66
85967627607444 23
85967627641346 66
85967627648970 91
85967694911648 23
85967694952069 66
85967761861973 91
85967828967218 91
85967829008109 23
85967829015837 66
85967902889541 91
85967902924969 23
85967902932858 66
85967902939971 91
85967970209663 23
85968037648873 66
85968037690793 91
85968037699175 23
85968104961976 66
85968104994668 23
85968105002121 66
85968105009121 91
85968231338015 23
85968231373589 66
85968231381363 91
85968365325104 23
85968365356632 23
85968365364515 66
85968365371791 91
85968432553287 23
85968499410498 66
85968499441097 91
85968566505452 23
85968566536779 66
85968633754921 91
85968700647266 23
85968700687156 66
85968774524862 91
85968841917467 23
85968841950266 66
85968910590965 91
85968976668526 23
85968976703709 66
85968976711330 91
85969111420813 23
85969111455580 66
85969111463213 91
85969237303907 23
85969237334484 66
85969237342085 91
85969304368950 23
85969371327542 66
85969371362769 91
85969438324822 23
85969505527294 66
85969505559150 91
85969572569096 23
85969572603014 66
85969639568789 91
85969713686706 23
85969713732568 66
85969713740341 91
85969848362036 23
85969848395187 66
85969848403006 91
85969915785542 23
85969983147680 66
85969983178875 91
85970041966162 91
85970041998881 23
85970109061546 66
85970109093597 91
85970109101444 23
85970109108452 66
85970176281844 91
85970176310793 23
85970176318290 66
85970243269036 91
85970243299641 23
85970243307313 66
85970310269633 23
85970310300159 66
85970310307748 91
85970444509743 23
85970444538242 66
85970444545648 91
85970585333452 23
85970585366173 66
85970585373780 91
85970720172503 23
85970720212765 66
85970720220579 91
85970787494942 23
85970854862713 66
85970854891673 91
85970922216319 23
85970922247891 66
85970922255304 91
85970981244368 91
85971048280872 23
85971048309958 66
85971115023309 91
85971182236804 23
85971182272074 66
85971182279746 23
85971182286665 91
85971249255687 23
85971249284554 66
85971316298646 23
85971316328354 66
85971316336124 91
85971383416235 91
85971383450549 23
85971450678485 66
85971450734517 91
85971524555534 23
85971524591476 66
85971524599218 91
85971591825994 23
85971591858801 66
85971591866497 91
85971659226409 23
85971659257825 66
85971659265917 91
85971726557782 23
85971726588554 66
85971726595910 91
85971793939168 23
85971793970867 66
85971793978577 91
85971852993264 23
85971853023046 66
85971853030559 91
85971919814971 23
85971919848655 66
85971919856220 91
85971986881546 23
85971986911594 66
85972054176974 23
85972054210104 66
85972054217822 91
85972188122944 23
85972188153865 66
85972188161569 91
85972322491501 91
85972322539642 23
85972396159835 66
85972396194290 91
85972396201968 23
85972463556974 66
85972463589437 23
85972530914160 66
85972530947201 91
85972598316494 91
85972665726902 23
85972665760281 66
85972665768058 23
85972733067222 66
85972733102104 91
85972791687581 91
85972791720354 23
85972858853830 66
85972858885925 91
85972925858964 23
85972925891309 66
85972925898611 91
85972992897341 23
85972992929151 66
85972992936873 91
85973060223371 23
85973060258323 66
85973060265884 91
85973127291859 23
85973127320716 66
85973127328209 91
85973194117848 23
85973194145335 66
85973267905554 91
85973267941801 23
85973335440952 66
85973335485122 23
85973402629525 66
85973402658412 91
85973470044939 23
85973470079845 66
85973537494391 91
85973604765809 23
85973604800568 66
85973604808054 91
85973730596735 91
85973730631135 23
85973797969500 66
85973798002595 91
85973864794672 23
85973864830058 66
85973864837628 23
85973931792493 66
85973931825815 91
85973998998552 91
85973999028955 23
85974066018000 66
85974066050148 91
85974133098789 23
85974133134579 66
85974133142154 91
85974206990161 23
85974207021343 66
85974207028919 91
85974274345165 23
85974274376198 66
85974274384288 91
85974341796766 23
85974341828450 66
85974409108400 23
85974476479695 66
85974544003992 91
85974602553718 91
85974602616720 23
85974669762756 66
85974669814445 91
85974736726779 23
85974736758193 66
85974736765374 23
85974803641487 66
85974803672120 91
85974941300929 91
85974941330878 23
85974941338896 66
85975004914652 91
85975004954429 23
85975004962161 66
85975078682991 23
85975078715525 66
85975078723146 91
85975149044821 91
85975227338336 23
85975227372875 66
85975227380777 91
85975280900664 23
85975280936025 66
85975280943773 91
85975348217941 23
85975348254288 66
85975415693998 91
85975415726771 23
85975474512556 66
85975474547114 91
85975541938230 23
85975542003692 66
85975608550558 23
85975608587080 91
85975608594627 23
85975608601772 66
85975675961058 23
85975676025046 66
85975676035441 91
85975810291789 91
85975810322347 23
85975810330154 66
85975876765574 23
85975876803859 66
85975943900426 91
85976018081969 23
85976085155209 66
85976085183346 91
85976219968376 91
85976219998446 23
85976287295048 66
85976287325483 91
85976346204662 23
85976346233569 66
85976346241205 91
85976346249052 23
85976413265332 66
85976413302068 91
85976480519113 23
85976480551154 66
85976480558699 91
85976547450762 23
85976547480936 66
85976547488507 91
85976614491817 23
85976614527451 66
85976614535075 91
85976691776921 23
85976691806771 66
85976748765212 23
85976748798991 66
85976748806791 91
85976882741690 23
85976882773333 66
85976882781165 91
85977016882563 23
85977016917123 66
85977095163088 91
85977218152121 23
85977218185771 66
85977218193206 91
85977291058989 23
85977291091280 66
85977291098992 91
85977419279844 91
85977419313718 23
85977419321194 66
85977498333678 91
85977553489402 23
85977553520268 66
85977553527890 91
85977630205109 23
85977630233926 66
85977687501552 91
85977761427906 23
85977761459631 66
85977821736917 91
85977821763400 23
85977821771100 66
85977888758537 91
85977888787463 23
85977888795070 66
85977955762208 91
85977955795142 23
85978033551687 66
85978089986266 23
85978090018537 66
85978090026090 91
85978164206763 23
85978164236789 66
85978164244390 91
85978224041723 91
85978291314019 23
85978291366295 66
85978358267932 23
85978358301967 66
85978358309755 91
85978492250726 23
85978492283262 66
85978492291344 91
85978567171656 23
85978567201704 66
85978638020323 91
85978693511100 91
85978693547284 23
85978693555023 66
85978769950132 91
85978769983108 23
85978769990410 66
85978839979616 91
85978840009624 23
85978894761518 66
85978894798107 91
85978894805863 23
85978967984040 66
85978968024298 91
85979028935794 23
85979028966749 66
85979028974445 91
85979095907994 23
85979095939362 66
85979095947048 91
85979162955698 23
85979162989590 66
85979230062481 23
85979230100489 66
