90618782980782 91
90618908813114 91
90618908845330 23
90618908853054 66
90618975999886 91
90618976026132 23
90619042895362 66
90619042920029 23
90619110234087 66
90619110252205 91
90619177170815 91
90619177195679 23
90619177202793 66
90619244172598 23
90619244195879 66
90619452499103 91
90619519873176 23
90619519893104 66
90619587243930 91
90619654638668 91
90619654656919 23
90619721995241 66
90619722012876 91
90619722020389 23
90619780697217 66
90619780719017 91
90619780726609 23
90619780733561 66
90619847800878 91
90619847818515 23
90619847826028 66
90619914954715 91
90619914988226 23
90619914995846 66
90619982161715 23
90619982195335 66
90620116094390 91
90620189499574 91
90620189525476 23
90620256842395 66
90620256863793 91
90620256871605 23
90620324248506 66
90620324278598 23
90620324286570 66
90620324293628 91
90620459053547 23
90620459086471 66
90620459094169 91
90620526419505 23
90620526448712 66
90620593779749 91
90620652619955 91
90620652650881 23
90620652658326 66
90620720909752 23
90620720935632 66
90620720943163 91
90620854347596 23
90620854383439 66
90620854391125 91
90620920885124 23
90620920923015 66
90620920930602 91
90620987992443 23
90621054958005 66
90621054980580 91
90621121990337 23
90621196264334 66
90621196285259 91
90621263331076 91
90621263350431 23
90621330685366 66
90621330703451 91
90621330711630 23
90621330718845 66
90621398073618 91
90621398092486 23
90621465430848 66
90621465450569 91
90621465458376 23
90621532845127 66
90621532862265 23
90621532870214 66
90621532877478 91
90621658726730 23
90621658744172 66
90621658759769 91
90621725817627 91
90621792712915 23
90621792746081 66
90621859712784 23
90621859746080 66
90621859753957 91
90621926782151 91
90621926808395 23
90621993905695 66
90621993936515 91
90621993944112 23
90621993951233 66
90622067690120 23
90622067717454 66
90622067724977 91
90622202455856 23
90622202491485 66
90622202499296 91
90622269810349 91
90622269835500 23
90622339327367 66
90622339352462 91
90622404574522 23
90622404601500 66
90622404609206 23
90622404616083 66
90622404623220 91
90622530435586 23
90622530461389 66
90622530469005 91
90622597349324 23
90622597369284 66
90622664555274 91
90622731635342 23
90622731655073 66
90622731662721 91
90622798571360 23
90622798588522 66
90622865616139 91
90622939478011 23
90622939498419 66
90623006883032 91
90623074171432 91
90623141521362 23
90623141548290 66
90623141555833 91
90623208922425 23
90623208951624 66
90623208959161 91
90623276269848 23
90623276293565 66
90623276301030 91
90623343671991 23
90623343694202 66
90623408888563 23
90623408922855 66
90623408930426 91
90623536363630 23
90623536394152 66
90623536401730 91
90623670569818 23
90623670602598 66
90623670610380 91
90623737585143 91
90623804821718 23
90623804856911 66
90623878533750 23
90623878558718 66
90623878566601 91
90623947424175 91
90624013232742 23
90624013258493 66
90624013265859 91
90624080636690 23
90624080658022 66
90624148021445 23
90624148052211 66
90624148059921 91
90624215411240 91
90624273992967 23
90624274009678 66
90624274017080 91
90624341224561 23
90624341243296 66
90624408230122 23
90624408247361 66
90624408254843 91
90624475237141 23
90624475254201 66
90624542245263 91
90624609376305 91
90624609396719 23
90624609404353 66
90624676467342 91
90624676487701 23
90624750190278 66
90624750209633 91
90624819652348 23
90624819677699 66
90624885011356 23
90624885045540 66
90624885053262 91
90625019738655 23
90625019766600 66
90625019774180 91
90625087253757 91
90625087293392 23
90625146058255 66
90625146091010 91
90625146098501 23
90625213039420 66
90625213073479 23
90625213080960 66
90625280038717 91
90625347235203 23
90625414228104 66
90625414259095 91
90625481197130 23
90625481220540 66
90625548480939 91
90625615485273 23
90625615520205 66
90625615527719 91
90625689379132 91
90625756712103 23
90625756739315 66
90625756746963 91
90625824094200 23
90625824123292 66
90625824130920 91
90625891416617 23
90625891436437 66
90625891443996 91
90625958827621 23
90625958848911 66
90625958856540 91
90626026190838 23
90626026214073 66
90626026221680 91
90626084884631 23
90626084907488 66
90626084915105 23
90626152276487 66
90626152295007 91
90626286420760 23
90626286438882 66
90626286446465 91
90626353385667 23
90626420194707 66
90626420215781 91
90626561082860 23
90626561115440 66
90626561123329 91
90626628450717 23
90626628482760 66
90626628490178 91
90626697859587 91
90626764026123 23
90626764055358 66
90626764063015 91
90626830567475 23
90626830600278 66
90626830608035 91
90626897963334 23
90626897995043 66
90626898002619 91
90626956747604 23
90626956777803 66
90626956785537 91
90627023936583 23
90627023965567 66
90627023972903 91
90627090955072 23
90627090980600 66
90627090988435 91
90627158058725 23
90627158098680 66
90627158106225 91
90627224949301 23
90627224972596 66
90627224980316 91
90627292884362 23
90627292913774 66
90627292921456 23
90627292928731 66
90627359192889 91
90627426339856 23
90627426365207 66
90627426372742 91
90627567502750 23
90627567534296 66
90627567544267 91
90627702247272 23
90627702269312 66
90627702276869 91
90627837042746 91
90627837078120 23
90627837085673 66
90627895818825 23
90627895851717 66
90627895859055 91
90627962833217 91
90628029762635 23
90628029780804 66
90628029788523 91
90628098074611 23
90628098102172 66
90628163900054 23
90628163926700 66
90628163934262 91
90628231009971 23
90628231042381 66
90628231050163 91
90628304558014 91
90628371951502 23
90628371983329 66
90628371990869 23
90628371998062 91
90628439255160 23
90628439290089 66
90628439297904 23
90628506634883 66
90628506664124 91
90628574008404 23
90628574034494 66
90628574042029 91
90628708760740 23
90628708791958 66
90628708799753 91
90628834715477 91
90628834753698 23
90628834762705 66
90628901695919 23
90628901721631 66
90628901729072 91
90628968692756 91
90629035749589 23
90629035775532 66
90629035783216 91
90629102879893 23
90629102900121 66
90629102908275 91
90629169894194 23
90629169913307 66
90629236967261 91
90629236989287 23
90629236997115 66
90629310978798 23
90629311018195 66
90629311025941 91
90629378334083 91
90629445724578 23
90629445745809 66
90629445753392 23
90629513057517 66
90629513088818 91
90629580446079 91
90629639345165 23
90629639364035 66
90629639371614 23
90629706383137 66
90629706399646 91
90629773388602 23
90629773406703 66
90629773414286 91
90629840577174 91
90629907734370 23
90629907768523 66
90629907776317 91
90629974711394 23
90629974745229 66
90629974753086 91
90630041814985 23
90630041842136 66
90630041849615 91
90630108970352 23
90630108996459 66
90630175858421 91
90630175887568 23
90630175895145 66
90630250057568 23
90630250089921 66
90630250097317 91
90630384814969 91
90630384848450 23
90630384856208 66
90630452155524 91
90630452185664 23
90630452193193 66
90630519591353 91
90630519620928 23
90630519628564 66
90630519635652 91
90630578509492 23
90630578546973 66
90630645367975 91
90630645397568 23
90630712438169 66
90630712467630 91
90630779591651 23
90630779619571 66
90630779627631 23
90630846498444 66
90630846530604 91
90630913816378 23
90630913839999 66
90630913847349 91
90631047783072 91
90631047810352 23
90631047818092 66
90631047825241 91
90631121704671 23
90631121722895 66
90631121730478 91
90631189102284 23
90631189119752 66
90631256481909 91
90631256500436 23
90631256507988 66
90631323854579 91
90631323871532 23
90631391263817 66
90631391286613 23
90631391294414 66
90631391301512 91
90631517256270 91
90631517279022 23
90631517286621 66
90631584304181 23
90631584325961 66
90631651371909 91
90631718519180 23
90631785503036 66
90631785530521 91
90631852508115 91
90631852533174 23
90631852540830 66
90631919547497 23
90631919598516 66
90631919607190 91
90631993496189 23
90632060893496 66
90632060919113 91
90632128239686 23
90632128268196 66
90632195626642 91
90632263159675 91
90632263196163 23
90632263204014 66
90632330638629 23
90632389067430 66
90632389088546 91
90632456069607 23
90632456093345 66
90632523226938 91
90632523244432 91
90632590487109 23
90632590519559 66
90632590527319 91
90632657230734 23
90632657251909 66
90632657260264 91
90632724477348 23
90632724506239 66
90632724514068 91
90632791440923 23
90632791463007 66
90632791470474 91
90632865142298 23
90632865159798 66
90632865167035 91
90632932549940 23
90632932568229 66
90633011207112 91
90633011230855 23
90633011238698 66
90633067328894 23
90633067354399 66
90633134736132 91
90633202072740 23
90633202100348 66
90633202108147 91
90633327973318 91
90633328002877 23
90633328010314 66
90633328017535 91
90633395189519 23
90633395215705 66
90633395223509 91
90633462266701 23
90633462305469 66
90633462313480 23
90633529223338 66
90633529258821 91
90633596248638 23
90633596278871 66
90633663389363 91
90633730303007 23
90633730328666 66
90633804325467 91
90633871662908 91
90633871690850 23
90633871698417 66
90633941130403 23
90633941157073 66
90633941164530 91
90634006440087 23
90634006464056 66
90634073765769 91
90634073786254 91
90634141149779 23
90634141173199 66
90634199875704 91
90634199896022 23
90634199903830 66
90634266928653 91
90634266947863 23
90634266955328 66
90634334111314 91
90634334129746 23
90634401010367 66
90634401029769 23
90634401037387 66
90634468024754 91
90634535156767 23
90634535179292 66
90634535186775 91
90634675982888 23
90634676004709 66
90634676012005 91
90634743345600 91
90634810735660 23
90634810754908 66
90634810762548 91
90634878134044 23
90634878154836 66
90634878162575 91
90634945477113 23
90634945493109 66
90635012868963 23
90635012886504 66
90635071765193 91
90635138892421 23
90635138919898 66
90635138927339 91
90635205892199 91
90635272908079 23
90635272940790 66
90635272948253 91
90635340039111 23
90635340063708 66
90635407140932 91
90635407168562 23
90635474091913 66
90635474114550 23
90635474121981 66
90635541164405 91
90635615119024 91
90635615146457 23
90635615153976 66
90635682509068 91
90635682535966 23
90635749871012 66
90635749897763 23
90635749905555 23
90635817306632 66
90635817345858 91
90635884613271 23
90635884634750 66
90635952330059 91
90636010699182 23
90636010730747 66
90636077665248 91
90636144874265 91
90636144906777 23
90636211874302 66
90636211904250 23
90636211911682 66
90636211918897 91
90636278893680 23
90636278920825 66
90636345986037 91
90636419450452 23
90636419477275 66
90636419484764 91
90636554184909 23
90636554213657 66
90636554221563 91
90636621561223 23
90636621582341 66
90636688955424 91
90636756306836 23
90636823736715 66
90636823761897 91
90636882432421 23
90636882450784 66
90636949509841 91
90637016592943 91
90637016609228 23
90637016616560 66
90637016623688 91
90637083695265 23
90637083726584 66
90637150909916 91
90637217911235 23
90637217937141 66
90637284897890 91
90637351939881 23
90637351970088 66
90637425946798 91
90637493314226 23
90637560683767 66
90637560707115 91
90637560714561 91
90637628059920 23
90637628082732 66
90637695482793 91
90637695513796 23
90637695521350 66
90637754428462 91
90637754454368 23
90637754461879 66
90637821399711 91
90637821419439 23
90637821426954 66
90637888363660 91
90637888385527 23
90637955456849 66
90637955474492 91
90637955482071 23
90637955489168 66
90638022560710 91
90638022579576 23
90638022587318 66
90638089563847 91
90638089582948 23
90638089590598 66
90638156578108 91
90638156595499 23
90638156603125 66
90638223825945 91
90638223845980 23
90638297609111 66
90638297627030 91
90638297634894 23
90638364982828 66
90638365000233 23
90638365007881 66
90638434446149 91
90638499763654 91
90638499783387 23
90638499790811 66
90638499797851 91
90638567183380 23
90638567209686 66
90638634559806 91
90638634589379 23
90638634596813 66
90638693324061 91
90638693358142 23
90638693366021 66
90638760311879 91
90638760340669 23
90638827609048 66
90638827630923 91
90638827638426 23
90638894667912 66
90638894695511 91
90638894703002 23
90638961708988 66
90638961740632 91
90638961748797 23
90639028622118 66
90639028658126 91
90639028665635 23
90639095599090 66
90639095626714 91
90639095634432 23
90639169393677 66
90639169429325 91
90639169436729 23
90639236781211 66
90639236812025 91
90639236819586 23
90639304150428 66
90639304177458 91
90639371515308 23
90639371542417 66
90639371549821 23
90639371556863 66
90639438890195 91
90639506260517 91
90639506286362 23
90639506294100 66
90639565132365 91
90639565161811 23
90639565169403 66
90639632281812 23
90639632311353 91
90639699267755 23
90639699295994 66
90639699304111 23
90639766251375 66
90639766269999 91
90639833578966 91
90639833603442 23
90639900513038 91
90639900538608 23
90639900546159 66
90639967483321 91
90639967503434 23
90639967511040 66
90640034503522 91
90640034523798 23
90640108421332 66
90640108442287 91
90640108450394 23
90640175812212 66
90640175831330 91
90640175839013 23
90640243176167 66
90640243194343 91
90640243201699 23
90640310574030 66
90640310594354 91
90640310602173 23
90640377943426 66
90640377961250 91
90640377969129 23
90640377976372 66
90640445319128 23
90640445336771 66
90640445344171 91
90640571137452 23
90640571156690 66
90640571164196 91
90640638301645 23
90640638318005 66
90640638325461 91
90640705147799 23
90640705163426 66
90640772175899 91
90640839599038 91
90640906517853 23
90640906555146 66
90640906562868 23
90640980192284 66
90640980222812 91
90641047556394 23
90641047583432 66
90641114930983 91
90641182345390 91
90641182373205 23
90641249688142 66
90641249713135 91
90641249721179 23
90641317069754 66
90641317099375 91
90641375811658 23
90641375865268 66
90641375872884 23
90641444285903 66
90641444326958 91
90641510124261 91
90641510154061 23
90641577141949 66
90641577170950 91
90641577178604 23
90641644164400 66
90641644191191 23
90641711163422 66
