99903228633923 91
99903295903274 23
99903295947648 66
99903295955485 91
99903370420455 23
99903370448602 66
99903429915422 91
99903496969490 23
99903496998146 66
99903497005721 91
99903575659141 91
99903631353814 23
99903631387223 66
99903631395139 91
99903707628745 23
99903707661356 66
99903707669142 91
99903765282747 23
99903765316017 66
99903765323550 23
99903765330580 66
99903832233788 91
99903832264367 23
99903908905351 66
99903908939068 91
99903966464133 23
99903966494729 66
99903966502260 91
99904042851435 91
99904110846746 23
99904110879560 66
99904110887062 23
99904110893960 66
99904110901103 91
99904167668771 91
99904234656158 23
99904234687779 66
99904234695153 23
99904234702157 66
99904311340959 91
99904311375855 23
99904311383394 66
99904368857588 91
99904368885061 91
99904435885426 23
99904435917196 66
99904435924775 23
99904435931739 66
99904435938714 91
99904514085200 91
99904570055462 23
99904570083333 66
99904644397176 91
99904644427964 23
99904644435686 23
99904644442730 66
99904704113448 91
99904704145159 23
99904704152804 66
99904771092539 91
99904771130836 23
99904771140875 66
99904838265957 23
99904838298932 66
99904838307475 91
99904917382061 91
99904972538036 23
99904972569522 66
99904972577031 23
99904972584017 66
99904972591011 91
99905047309830 91
99905118824535 23
99905118868350 66
99905118877212 23
99905173608273 66
99905173642710 91
99905250546428 23
99905250580688 66
99905250588225 91
99905309604468 91
99905309628087 23
99905375018613 66
99905375071134 23
99905375078657 66
99905375085701 91
99905452547697 23
99905452577173 66
99905452584736 91
99905515511846 91
99905515547292 23
99905582916745 66
99905582950968 23
99905582958708 66
99905582965811 91
99905650271201 91
99905717829664 23
99905717866003 66
99905717873649 23
99905717880573 66
99905717887454 91
99905784989345 91
99905785023333 23
99905852402719 66
99905852436230 23
99905852444570 66
99905981613856 91
99905981641757 23
99906045439783 66
99906045470704 91
99906112498671 91
99906112525146 23
99906179553047 66
99906179580777 91
99906254548040 23
99906254582499 66
99906254590114 23
99906254597229 66
99906254604209 91
99906321930675 91
99906380968295 23
99906381013922 66
99906381021527 91
99906447896967 23
99906447924293 66
99906447932118 23
99906447939293 66
99906447946224 91
99906514917429 91
99906581930696 23
99906581966625 66
99906581974039 23
99906581981009 66
99906581987943 91
99906716210443 91
99906716242373 23
99906716250123 66
99906783119967 23
99906783148791 66
99906783156389 91
99906850328123 23
99906924148347 66
99906924179119 91
99906991515742 23
99906991546743 66
99907058988885 91
99907126339204 23
99907126373125 66
99907126380846 91
99907193646505 23
99907193682525 66
99907252614358 91
99907319744563 23
99907319809902 66
99907319817767 91
99907386932402 91
99907386963723 23
99907453896262 66
99907453929772 23
99907453937252 66
99907453944319 91
99907520848215 91
99907588033394 23
99907588063653 66
99907588070983 91
99907655076107 23
99907655110512 66
99907655117800 23
99907728537808 66
99907728584996 91
99907805640173 23
99907805675083 66
99907863223390 91
99907930692677 23
99907930724905 66
99907930732454 91
99907997989309 23
99907998018345 66
99907998025778 91
99908066140623 91
99908132742037 23
99908132776335 66
99908132784007 91
99908191709731 23
99908191742136 66
99908191749748 91
99908258645120 23
99908258677767 66
99908258685265 23
99908258692358 66
99908329008881 91
99908392809021 91
99908392846646 23
99908392854012 66
99908392860970 91
99908459878239 23
99908459911304 66
99908459918839 91
99908526965225 23
99908526995091 66
99908527002747 23
99908594032545 66
99908594061114 91
99908661123803 23
99908661174117 66
99908661184227 91
99908747492668 23
99908747527648 66
99908802353104 91
99908802383974 91
99908869715192 23
99908869744473 66
99908869752111 23
99908869759266 66
99908937098632 91
99909004479858 23
99909004516137 66
99909004523688 91
99909063374296 23
99909063403348 66
99909130510201 91
99909197936380 23
99909198005523 66
99909264914667 91
99909331700605 23
99909331732569 66
99909331740489 91
99909398720618 91
99909465742474 23
99909465774678 66
99909465782165 23
99909532930960 66
99909532965365 91
99909618581037 23
99909618616933 66
99909618624510 91
99909674082308 91
99909741520941 23
99909741555983 66
99909741563774 23
99909741571369 66
99909741578307 91
99909808806295 23
99909876222207 66
99909876251939 91
99909943556166 23
99909943588406 66
99909943595694 91
99910069456965 91
99910069492114 23
99910069499840 66
99910069506812 91
99910137795881 23
99910137824903 66
99910137832454 23
99910203447009 66
99910203483051 91
99910270709192 23
99910270740704 66
99910337700103 91
99910337730497 91
99910404655009 23
99910404684389 66
99910404691654 91
99910478379331 23
99910478415898 66
99910545989249 23
99910546019222 91
99910546026610 23
99910546033556 66
99910616571442 23
99910616605128 66
99910616612478 91
99910673092586 91
99910740130244 23
99910740165262 66
99910740172974 91
99910822075114 23
99910822110808 23
99910822118828 66
99910822125933 91
99910874221170 23
99910874251041 66
99910874258668 23
99910874265566 66
99910941211132 91
99911008310939 23
99911008345913 66
99911085883360 91
99911142405745 91
99911142433812 23
99911142441268 66
99911209509455 23
99911209538545 66
99911209546159 91
99911288069119 23
99911288102460 66
99911344158645 91
99911344199402 23
99911428808512 66
99911428844351 91
99911477791481 91
99911544863152 23
99911544891570 66
99911544899292 23
99911544906403 66
99911611872243 91
99911691049014 91
99911691083163 23
99911691090853 66
99911746120216 23
99911746152086 91
99911746159631 23
99911746166812 66
99911746173706 91
99911813276030 23
99911813318597 66
99911813326237 91
99911887153406 23
99911887186928 66
99911887194861 23
99911954533986 66
99911954563384 91
99912021890879 23
99912021925325 66
99912021932605 91
99912089419673 23
99912089455719 66
99912156659600 91
99912215634853 91
99912215663650 23
99912215671613 66
99912215678961 91
99912282643475 23
99912282678314 66
99912282685723 23
99912282692632 66
99912349651987 91
99912416657981 23
99912416689933 66
99912416697350 91
99912483731369 23
99912483758371 66
99912550850501 91
99912550888265 91
99912617849591 23
99912617880544 66
99912685082549 23
99912685112975 66
99912758843939 91
99912826238320 91
99912826269262 23
99912826276701 66
99912893603331 23
99912893636868 66
99912893644462 91
99912960965509 23
99912960998665 66
99913028395496 91
99913087312255 91
99913087343153 23
99913087350807 23
99913087357789 66
99913154538481 23
99913154574088 66
99913154581836 91
99913221411044 91
99913221445796 23
99913221453076 66
99913288506910 23
99913288541058 66
99913355813339 91
99913422915775 91
99913422949882 23
99913422957218 66
99913422964673 91
99913489659534 23
99913489691473 66
99913556794933 23
99913556824991 66
99913556832755 91
99913630581124 23
99913630608867 23
99913630616537 66
99913697947105 91
99913768024356 23
99913768053219 66
99913832715822 91
99913832751898 91
99913900097178 23
99913900128628 66
99913900136267 91
99913900143235 23
99913967456490 23
99913967486633 66
99913967494055 91
99914027590385 23
99914027619628 66
99914027627092 23
99914093639601 66
99914093672372 91
99914160394562 91
99914160428135 23
99914160435417 66
99914160442367 91
99914227371606 23
99914227399221 66
99914227406704 23
99914294591481 66
99914294619564 91
99914361619667 91
99914361650469 23
99914361658091 66
99914428986792 91
99914429015647 23
99914429023281 66
99914495694749 91
99914495722813 23
99914495730915 66
99914495795683 91
99914569678042 23
99914569707159 66
99914569717244 23
99914569726672 66
99914637032551 91
99914704490976 23
99914704537787 66
99914704545413 91
99914771795626 23
99914771824927 66
99914771832625 91
99914839186505 23
99914898092289 66
99914898123912 91
99914975663340 91
99914975701643 23
99915032369455 66
99915032400764 23
99915032408611 66
99915032415768 91
99915099406317 23
99915177580979 66
99915177612284 91
99915233544129 91
99915233575054 23
99915300518831 66
99915300556052 91
99915300563796 23
99915300570933 66
99915367599198 23
99915367628117 91
99915434892099 23
99915434934600 66
99915434944840 23
99915434954723 66
99915501980801 91
99915568763691 91
99915568795318 23
99915646779150 66
99915646812468 91
99915646820271 23
99915646827398 66
99915702894531 91
99915702935556 23
99915702943471 66
99915775537879 23
99915775573774 66
99915775581573 91
99915837333615 23
99915837361447 66
99915837368955 91
99915914074613 23
99915914116197 66
99915973008513 91
99916038341583 91
99916116092879 23
99916116126171 66
99916116133935 23
99916116140983 66
99916172460948 91
99916239634517 23
99916239669342 66
99916239676915 91
99916317282250 23
99916317312654 91
99916373608130 23
99916373641917 66
99916373649810 91
99916440653802 23
99916440690094 66
99916519313446 23
99916519345630 66
99916519353505 91
99916574836241 91
99916574868220 23
99916641798434 66
99916641833072 23
99916641840794 66
99916641847961 91
99916720560813 23
99916720591852 66
99916775984353 91
99916852433944 91
99916852462869 23
99916922500641 66
99916922529850 91
99916977221162 23
99916977250698 66
99916977258147 23
99916977265231 66
99916977272610 91
99917044321605 91
99917111306791 23
99917111337493 66
99917189733954 23
99917189764052 66
99917189771823 91
99917245679366 23
99917245711219 66
99917245718804 91
99917331869590 91
99917391760677 23
99917391789588 66
99917391797025 91
99917446690045 23
99917446726294 66
99917446736667 91
99917446745637 23
99917521926572 66
99917521961202 91
99917589404231 23
99917589437505 66
99917589445243 91
99917589452237 23
99917648164701 66
99917648193745 23
99917714907848 66
99917714941080 91
99917781991224 23
99917782024240 66
99917782032252 91
99917848978488 23
99917849012321 91
99917916156939 23
99917916191185 66
99917916198943 23
99917916205951 66
99917983178970 91
99917983210746 23
99918050254255 66
99918050287364 91
99918124126231 91
99918124160734 23
99918124168597 66
99918203436337 91
99918203472651 23
99918258867197 66
99918258897784 23
99918258905424 66
99918258912619 91
99918326271503 23
99918326299448 66
99918393708740 91
99918461066679 23
99918461100239 66
99918461107941 91
99918519613434 23
99918519645439 66
99918519653217 91
99918586930068 23
99918586963477 66
99918586971117 91
99918653886482 23
99918720991841 66
99918721025940 91
99918787914165 23
99918787950472 66
99918787958015 91
99918855153419 23
99918855186995 66
99918855194687 91
99918922097074 91
99918922131052 23
99918922138579 66
99918995870275 23
99918995906362 66
99918995914375 91
99919063216443 91
99919130569208 23
99919130602446 66
99919130610083 23
99919130617055 66
99919197981257 91
99919265339817 23
99919265378289 66
99919265385826 91
99919332748395 91
99919332788659 23
99919332796102 66
99919391563978 23
99919391592531 66
99919391600171 91
99919458544677 91
99919458586522 23
99919525753204 66
99919525789053 91
99919525796652 23
99919525803620 66
99919592717563 91
99919592751702 23
99919592758859 66
99919660188313 23
99919660253682 66
99919660264261 91
99919793883097 23
99919793914703 66
99919793922393 91
99919860964770 91
99919861036798 23
99919934917550 66
99919934946688 23
99919934954404 66
99919934961591 91
99920002323756 91
99920069670302 23
99920069700931 66
99920146607744 23
99920146642772 91
99920146650384 23
99920146657502 66
99920204422257 23
99920204452148 66
99920204459616 91
99920263373686 91
99920330532740 23
99920330623261 66
99920330631154 91
99920406479296 23
99920406516626 23
99920406524515 66
99920464579908 23
99920464610273 66
99920464618012 91
99920531682010 23
99920531717674 66
99920531725756 91
99920598795766 23
99920598828819 66
99920665903267 91
99920739268427 91
99920739300954 23
99920739308536 66
99920739315546 91
99920806633001 23
99920806665342 66
99920806672831 91
99920874028257 23
99920874061903 66
99920874069539 91
99920941393722 23
99920941424617 66
99920941432598 23
99920941439621 66
99921008809417 91
99921008841200 91
99921076286977 23
99921076323202 23
99921076330616 66
99921076337540 23
99921076344534 66
99921076351532 91
99921143540316 91
99921202325602 23
99921202358705 66
99921202366222 23
99921202373912 66
99921202380924 91
99921269318675 23
99921336737037 23
99921336784468 66
99921336792160 91
99921403413047 91
99921403439999 23
99921403447624 66
99921470514916 91
99921470547846 23
99921470555391 66
99921470562425 91
99921537700658 23
99921537731943 66
99921537739752 23
99921604611762 66
99921604644654 91
99921678374081 23
99921678405265 66
99921745722947 91
99921745753771 23
99921813115564 66
99921813145811 91
99921880501114 23
99921880534682 66
99921880542275 91
99921947858940 91
99921947891301 23
99921947898812 66
99922015296190 91
99922015330391 23
99922015338027 66
99922074157454 91
99922074184551 23
99922074192154 66
99922141281842 23
99922141315729 66
99922218822238 91
99922218856683 91
99922275322239 23
99922275357502 66
99922342501541 23
99922342541213 66
99922342548851 91
99922409559925 23
99922409591868 66
99922409599552 91
99922543601109 91
99922543634184 23
99922543641532 66
99922543648492 91
99922617767354 23
99922617795050 66
99922684930401 23
99922684961283 66
99922752222560 91
99922819576216 23
99922819607913 66
99922819615842 91
99922886963852 23
99922886997460 66
99922887005045 91
99922954356448 23
99922954387804 66
99922954395387 91
99923013062274 23
99923013123383 66
99923080083155 91
99923159348131 23
99923159384566 66
99923159392378 91
99923214282806 91
99923214312071 23
99923281304352 66
99923281333716 23
99923281341663 66
99923281348770 91
99923348581288 91
99923415577206 23
99923415611003 23
99923415618494 66
99923415625540 91
99923415632391 23
99923482607490 66
99923482668677 91
99923482678035 23
99923556553352 66
99923556582591 23
99923556590371 66
99923556598194 91
99923623936337 91
99923623969102 23
99923691373655 23
99923691416245 66
99923691423798 91
99923758680433 23
99923758706356 66
99923758713810 23
99923826099202 66
