93130589553742 91
93130656552886 91
93130723746440 23
93130723774792 66
93130790741241 91
93130790768141 23
93130790775609 23
93130790782732 66
93130857729759 91
93130857750356 23
93130857758298 23
93130924723550 66
93130924743050 23
93130924751088 66
93130924758166 91
93130998771616 23
93131066145842 66
93131066164858 91
93131133611083 23
93131133644182 66
93131133651911 91
93131211372044 23
93131268344076 66
93131268371662 91
93131327684522 91
93131327708807 23
93131327716425 66
93131395174294 91
93131395198086 23
93131395205625 66
93131461673208 23
93131461704102 66
93131528479762 91
93131595522358 23
93131595555582 91
93131595563149 23
93131662616940 66
93131662647199 91
93131729675705 23
93131729703741 66
93131729711540 91
93131796755365 23
93131796790989 66
93131796799192 91
93131870607491 23
93131870647494 66
93131870654944 91
93131937902164 23
93131937927032 66
93132005322938 23
93132005348357 66
93132005355924 91
93132072645428 23
93132072676932 66
93132072684658 91
93132140048120 91
93132207468371 23
93132207501516 66
93132207509634 91
93132266351154 23
93132266386783 66
93132333242405 91
93132333274501 23
93132333282122 66
93132400427524 23
93132400456751 66
93132467599298 91
93132534705025 23
93132534756938 66
93132534766169 91
93132601621688 23
93132679474952 66
93132679506160 91
93132735684330 23
93132802652939 66
93132802686948 91
93132869831690 23
93132869854744 66
93132869862383 91
93133003839350 91
93133003867384 23
93133003875301 66
93133003882267 91
93133070880816 23
93133070904045 66
93133070911793 91
93133148637827 23
93133148658151 66
93133148666008 91
93133205090960 23
93133205106865 66
93133205114074 91
93133272114360 23
93133272132198 66
93133339174505 23
93133339190961 66
93133339198462 91
93133473279304 23
93133473298906 66
93133473306447 91
93133607543796 23
93133607567343 66
93133607575178 91
93133674565281 23
93133674594082 66
93133674602102 91
93133819132349 23
93133819154570 66
93133819162083 91
93133875928324 23
93133875943905 66
93133875951265 91
93133942803444 91
93134021084150 23
93134021102139 66
93134021109525 91
93134076831016 23
93134076845824 66
93134076853396 91
93134144034551 23
93134144052423 66
93134144060006 91
93134211204761 23
93134211220937 66
93134288329600 91
93134288345718 23
93134288353086 66
93134345227671 91
93134345242908 23
93134412260364 66
93134412278952 91
93134412286373 23
93134412293479 66
93134490269685 91
93134490286848 23
93134490294268 66
93134490301226 91
93134552450370 23
93134552467312 66
93134552474691 91
93134613396337 23
93134613413244 66
93134613420564 91
93134691770603 23
93134691805291 66
93134747764519 23
93134747792593 66
93134747800118 91
93134814763474 23
93134814796118 66
93134814803557 91
93134948776584 23
93134948808633 66
93134948816476 91
93135015937031 91
93135015962539 23
93135094846335 66
93135094870129 91
93135094877904 23
93135149974832 66
93135149993145 91
93135150000716 23
93135226765471 66
93135226788313 91
93135226798039 23
93135284190774 23
93135284209244 66
93135284216859 91
93135284223944 23
93135351190974 66
93135351208757 91
93135351216290 23
93135351223323 66
93135418196981 91
93135418214483 23
93135418221739 66
93135485211300 91
93135485227955 23
93135552413169 66
93135552430625 23
93135552438125 23
93135629974470 66
93135629991280 91
93135686437264 23
93135686455426 66
93135686463200 91
93135753680027 91
93135828549724 23
93135828569467 66
93135828576785 91
93135887735564 23
93135887754749 66
93135887762315 91
93135954912503 23
93135954929562 66
93135954937130 91
93135954944266 23
93136033230126 66
93136033247204 91
93136033255010 23
93136088843981 66
93136088860417 23
93136155921254 66
93136155939203 91
93136155946893 91
93136233485391 23
93136233505580 23
93136233513071 23
93136233520586 66
93136290276196 91
93136290298349 23
93136290305522 66
93136357413332 23
93136357431755 66
93136436512536 91
93136491301367 23
93136491318549 66
93136491325869 91
93136625407981 23
93136625424567 66
93136625431825 91
93136692538611 91
93136769769038 23
93136769799701 91
93136769807494 23
93136769814403 66
93136826695008 23
93136826718382 66
93136826726096 91
93136893655925 23
93136893675350 66
93136971647620 23
93136971670684 66
93136971678140 91
93137027930365 23
93137027953467 66
93137100426250 91
93137162111147 23
93137162145853 66
93137162153477 91
93137238919144 91
93137296226611 23
93137296255967 66
93137296263385 91
93137363179322 23
93137363201537 66
93137363208857 91
93137440876444 23
93137440904007 66
93137440911878 91
93137497299995 23
93137497324350 91
93137497331873 23
93137497339179 66
93137564384602 91
93137564410195 23
93137564417712 66
93137642147114 23
93137642170326 66
93137642178028 91
93137698410801 23
93137698429705 66
93137698437178 23
93137698444120 66
93137765584703 91
93137844097715 91
93137844120757 23
93137844128624 66
93137899731703 91
93137899755919 23
93137899763267 66
93137966729776 23
93137966750138 66
93137966757840 91
93138045375407 91
93138100828932 23
93138100846820 66
93138100854134 91
93138177298725 23
93138177317269 66
93138177324878 91
93138234963644 23
93138234982103 66
93138234989596 91
93138302008166 23
93138369216834 66
93138369233823 91
93138436407146 91
93138436424186 23
93138436431683 66
93138503189454 91
93138503206992 23
93138503214849 66
93138580586814 23
93138580614768 66
93138637737111 91
93138704468041 23
93138704498030 66
93138704505487 91
93138771673048 91
93138839111496 23
93138839139233 66
93138839146816 91
93138917930720 23
93138917957827 66
93138917965472 91
93138972803160 23
93138972831138 66
93139049846152 91
93139049879696 23
93139049889433 66
93139106984867 23
93139107011660 66
93139107019457 91
93139173970488 91
93139241096081 23
93139241124674 66
93139308353803 23
93139308387564 66
93139308395089 91
93139375310597 23
93139375340661 66
93139375348208 91
93139442222247 23
93139509254686 66
93139509280564 91
93139576395729 23
93139576417304 66
93139576425507 91
93139643437571 23
93139643467941 66
93139643475498 91
93139710478263 91
93139784578422 23
93139784606587 66
93139784614641 91
93139851864786 23
93139851890927 66
93139851898603 91
93139919374355 23
93139919408779 66
93139919416300 23
93139986694348 66
93139986733961 91
93140054016772 91
93140054043732 23
93140121388972 66
93140121411915 91
93140121419488 23
93140179928578 66
93140179953289 91
93140179960903 23
93140247082332 66
93140247109221 91
93140247116867 23
93140247123917 66
93140314131184 91
93140314161183 23
93140314169575 66
93140381074427 91
93140381098669 23
93140448304048 66
93140448328798 91
93140448336270 23
93140448343319 66
93140515518660 23
93140515548076 66
93140582407962 91
93140656322760 91
93140656346764 23
93140725661061 66
93140725687313 91
93140790964411 23
93140790988215 66
93140790995901 23
93140858420382 66
93140858452045 91
93140925750477 23
93140993145713 66
93140993178510 91
93141051973908 23
93141052006939 66
93141052014458 91
93141118841310 23
93141186042965 66
93141186069983 91
93141253116329 91
93141253149306 23
93141253157499 23
93141320077296 66
93141320105523 91
93141387084870 23
93141387115901 66
93141387123682 23
93141460896281 66
93141460923954 91
93141527981284 23
93141528016650 66
93141528023970 91
93141595318217 91
93141662710596 23
93141662746560 66
93141662754050 91
93141730096205 23
93141730125900 66
93141730133482 91
93141797455258 23
93141797483929 66
93141797491495 91
93141797498625 23
93141864847999 66
93141864870966 91
93141864878749 23
93141923711960 66
93141923730915 91
93141923738597 23
93141990695091 66
93141990713782 91
93142057795683 23
93142057824898 66
93142057832413 23
93142057839534 66
93142125140342 91
93142191934350 23
93142191952097 66
93142191959600 91
93142259113762 91
93142325953606 23
93142325971064 66
93142325980232 91
93142392992415 23
93142393009519 66
93142467003164 23
93142467023868 66
93142467031494 91
93142534370828 91
93142534389150 23
93142601725300 66
93142601741103 91
93142601748372 23
93142669110424 66
93142669128075 91
93142669135339 23
93142736493665 66
93142736510419 91
93142736517982 23
93142795424175 66
93142795440647 91
93142795448689 23
93142862458034 66
93142862477585 91
93142862484964 23
93142862492030 66
93142862499026 91
93142929643637 23
93142929663270 66
93142996571575 23
93142996591507 66
93142996599339 91
93143063633743 23
93143063654427 66
93143063662262 91
93143197863760 91
93143197890368 23
93143197898205 66
93143264912115 23
93143264934853 66
93143338938023 91
93143406067137 91
93143406084971 23
93143406092679 66
93143473458264 23
93143473475683 66
93143540838745 91
93143608309949 91
93143608342513 23
93143675611410 66
93143675632071 91
93143734469189 23
93143734501439 66
93143734508634 91
93143801412498 23
93143801440868 66
93143868488656 23
93143868513219 66
93143935601792 91
93144002620236 91
93144002646154 23
93144081125065 66
93144081156851 23
93144136920267 66
93144204003703 91
93144277819713 23
93144277842843 66
93144277850577 91
93144412582612 23
93144412611272 66
93144412618858 91
93144547364336 23
93144547396017 66
93144611891136 91
93144673526243 23
93144673552921 91
93144673560525 23
93144740632588 66
93144740654048 91
93144740661386 23
93144807401076 66
93144807422571 91
93144807430140 23
93144875011169 66
93144875030409 23
93144875037820 66
93144941558669 91
93145008580981 23
93145008597313 66
93145008604637 91
93145149577753 23
93145149613990 66
93145149621626 91
93145284309869 23
93145284336310 66
93145284344159 91
93145351664100 23
93145351681339 91
93145351688721 23
93145419055699 66
93145419074422 91
93145419082020 23
93145486407125 66
93145486424031 91
93145486431681 23
93145486438842 66
93145545109149 91
93145545126460 23
93145545134186 66
93145612116916 91
93145612135352 23
93145612143538 66
93145679313843 91
93145679330987 23
93145679338401 66
93145746330107 23
93145746347456 66
93145746355077 91
93145813342334 91
93145880435453 23
93145880451819 66
93145880459380 91
93145947516031 23
93145947533094 66
93145947540830 23
93146014703827 66
93146014720806 91
93146156169697 91
93146156204309 23
93146156211997 66
93146223456904 91
93146223481196 23
93146290816550 66
93146290843586 91
93146290851146 23
93146290858063 66
93146358167319 91
93146358193020 23
93146417037700 66
93146417062783 23
93146484096464 66
93146484118675 91
93146551351209 23
93146551386248 66
93146618204470 91
93146618232790 91
93146685315055 23
93146685342238 66
93146685349804 91
93146752462947 23
93146752486739 66
93146752494518 91
93146819687407 23
93146819717594 66
93146819724596 91
93146886530892 23
93146886556267 66
93146886563900 91
93146886571011 23
93146960385200 66
93146960411444 23
93146960419000 66
93146960425989 91
93147095101158 23
93147095125471 66
93147095132811 91
93147162508768 23
93147162532484 66
93147229861256 91
93147297229394 23
93147297246993 66
93147297255353 91
93147355895936 91
93147423096378 23
93147423116473 66
93147490111085 91
93147490129851 23
93147490137438 66
93147557126943 91
93147557144864 23
93147557152258 66
93147624131631 23
93147624148594 66
93147624155922 91
93147691318776 91
93147758390770 23
93147758408141 66
93147758415662 91
93147832200225 23
93147832218018 66
93147832225805 91
93147899433304 23
93147899451335 66
93147966816321 23
93147966834511 66
93147966841942 91
93148034214588 23
93148034231308 66
93148034238831 91
93148101592752 91
93148168924469 23
93148168943437 23
93148168950844 66
93148227822938 23
93148227841641 66
93148227849202 91
93148294832642 23
93148294850329 66
93148361851268 91
93148429051974 23
93148429075243 66
93148496145683 91
93148563023520 23
93148563045475 66
93148563055344 91
93148697403525 23
93148697437691 66
93148697445067 91
93148771208178 23
93148838594771 66
93148838623436 91
93148906118251 91
93148906146040 23
93148973311836 66
93148973335425 23
93148973342868 66
93148973349918 91
93149053385609 23
93149099727705 66
93149099762047 91
93149166813176 23
93149166872863 66
93149233810293 91
93149300848030 91
93149300888211 23
93149368025280 66
93149368059453 91
93149435005108 23
93149435036527 66
93149502125282 23
93149502156908 66
93149502164443 91
93149569043733 23
93149643164357 66
93149643192938 91
93149710249943 23
93149710268702 66
93149710275984 91
93149777691624 23
93149777713902 66
93149777721509 91
93149912391938 91
93149912412854 23
93149912420498 66
93149979763644 23
93149979782401 66
93149979789924 91
93150038478453 91
93150105644778 23
93150105661361 66
93150105668971 91
93150172638836 23
93150172655623 66
93150239645750 23
93150239661156 66
93150239668418 91
93150306765381 91
93150373893665 23
93150373912282 66
93150373919873 91
93150440970711 23
93150440988283 66
93150440995892 23
93150441003255 66
93150507992011 91
93150581970023 91
93150581989416 23
93150581996947 66
93150582004084 91
93150649358725 23
93150649375674 66
93150649383111 91
93150716720685 23
93150716739275 66
93150716746844 91
93150784125561 23
93150784141959 66
93150784149329 91
93150851495583 23
93150851518321 66
93150910438560 23
93150910456356 66
93150910463963 91
93150977600112 91
93151044793490 23
93151044809950 66
93151044817566 23
93151111596856 66
93151111613628 91
93151178718548 91
93151178749025 23
93151178756542 66
93151178763634 91
93151245706768 23
93151245731655 66
93151312918377 23
93151312950923 66
93151312958743 91
93151379906071 23
93151379934542 66
93151453748550 91
93151521167842 91
93151521200309 23
93151521208102 66
93151588526122 23
93151588559384 66
93151588566917 91
93151655864483 91
93151723266227 23
93151723297902 66
93151723305613 91
93151790731998 23
93151790756717 66
93151849558140 23
93151849596625 91
93151849603879 23
93151849611126 66
93151916410883 91
93151916436258 23
93151916443898 66
93151983597360 91
93151983627106 23
93151983634730 66
93152050605687 23
93152050629286 66
