104549079257761 91
104549156413518 91
104549156450705 23
104549156458467 23
104549156465660 66
104549213601300 23
104549213635280 66
104549213642867 91
104549280559377 91
104549280596640 23
104549347620329 66
104549347652285 91
104549347660333 23
104549414619719 66
104549414645425 23
104549414653011 91
104549414659860 23
104549487465786 66
104549487499850 91
104549487507442 23
104549487514359 66
104549559625505 91
104549559658548 23
104549559665896 66
104549615919752 91
104549615952811 23
104549615960491 66
104549683114452 23
104549683155046 66
104549683162553 91
104549758186067 23
104549758216994 66
104549758224810 91
104549825591199 23
104549825629427 66
104549825637077 91
104549884091436 91
104549884125275 23
104549951261473 66
104549951290977 91
104549951298669 23
104549951305728 66
104550018368737 23
104550018402822 66
104550018410319 91
104550085305778 91
104550085337986 23
104550085345495 66
104550152570351 91
104550152621385 23
104550152628936 66
104550219527186 23
104550219554721 66
104550219562407 91
104550286614075 23
104550286642858 66
104550353634051 91
104550353666233 91
104550429632218 23
104550429668057 66
104550429675608 23
104550429682666 66
104550499674347 91
104550499705233 23
104550499713122 66
104550554878332 91
104550631595757 91
104550631627973 23
104550631635581 66
104550689263381 91
104550689299827 23
104550689307485 66
104550689314887 23
104550689321990 66
104550689328998 91
104550755970754 23
104550822996104 66
104550823028197 91
104550823035891 23
104550890175401 66
104550890207424 91
104550957219185 91
104550957251336 23
104550957259242 66
104551034814519 23
104551034851610 66
104551034859435 91
104551091343666 91
104551091373973 23
104551091381462 66
104551158600044 91
104551158648700 23
104551158656620 66
104551231437305 91
104551231472344 23
104551231481796 66
104551292465287 91
104551292496087 23
104551292503976 66
104551292511020 91
104551292517972 23
104551359746016 66
104551359781555 23
104551359789325 66
104551438344575 91
104551493786419 23
104551493824034 66
104551493831994 91
104551560785700 23
104551560820425 66
104551560828153 91
104551627909734 23
104551627943690 66
104551695033096 91
104551761962518 91
104551761990830 23
104551829039867 66
104551829073690 23
104551829081380 66
104551829088414 91
104551896108197 23
104551896144552 66
104551963210259 91
104551963242439 23
104551963250459 66
104552030182391 91
104552030210926 23
104552030218429 66
104552097411137 91
104552097444528 91
104552171220517 23
104552171256529 66
104552171264895 23
104552171271965 66
104552244821263 91
104552244861384 23
104552244869122 66
104552298455009 91
104552365635146 23
104552365666813 66
104552365674521 91
104552443297965 23
104552443333698 66
104552443341339 91
104552499827672 23
104552499858523 66
104552566750168 91
104552639389782 23
104552639418842 66
104552700967378 91
104552701001509 23
104552768325109 66
104552768376807 91
104552846611522 23
104552846649366 66
104552902124749 91
104552979440171 23
104552979465458 66
104552979473011 91
104553046492831 23
104553046526570 66
104553046534027 91
104553103407818 23
104553103443230 66
104553170411492 91
104553170445760 23
104553237347562 66
104553237375065 91
104553237382678 23
104553315820706 66
104553315852385 91
104553371669099 23
104553371704310 66
104553371711761 91
104553438612205 23
104553438641646 66
104553438649231 91
104553506062401 91
104553506097091 23
104553506104817 66
104553579967904 91
104553580000599 23
104553580008383 66
104553647350216 23
104553647386169 66
104553647393777 91
104553714705006 91
104553714744015 23
104553714751400 66
104553782125510 91
104553782162892 23
104553782170224 66
104553849499666 23
104553849542816 66
104553849550424 91
104553908096211 23
104553908134098 66
104553908141723 91
104553975180085 91
104554042296003 23
104554042329514 66
104554042337039 91
104554042344072 23
104554042350957 66
104554109380911 23
104554109416766 66
104554109424277 91
104554176348322 91
104554176383224 23
104554176390948 66
104554243441204 23
104554243472779 66
104554243480046 91
104554310506508 91
104554310539058 23
104554310546724 66
104554384402477 91
104554384444226 23
104554384451849 66
104554451682873 23
104554451714719 66
104554451722268 91
104554519138737 91
104554519179349 23
104554519186902 66
104554586422857 23
104554586456562 66
104554586464063 91
104554653805819 23
104554653841040 66
104554653848764 91
104554721209330 23
104554721248105 66
104554721255671 91
104554780028539 91
104554780063395 23
104554780070873 66
104554847109059 91
104554847143648 23
104554847151338 66
104554919033294 91
104554919067317 23
104554919074600 66
104554981081473 23
104554981112746 66
104554981120822 91
104555048266876 91
104555048299575 23
104555048307301 66
104555115262961 91
104555115292719 23
104555115300008 23
104555115307602 66
104555182453273 23
104555182487153 66
104555249504049 91
104555323452027 91
104555323482573 23
104555323490315 66
104555390767247 91
104555390795993 23
104555390803402 66
104555390810434 23
104555458145236 66
104555458177583 91
104555525531502 91
104555592940283 23
104555592974815 66
104555592982340 23
104555592989314 66
104555651830746 91
104555718906472 23
104555718937902 66
104555718945415 91
104555786429673 91
104555786469207 23
104555786476816 66
104555786483740 23
104555853144814 66
104555853181834 91
104555920029857 23
104555920060391 66
104555920068850 91
104556054221100 23
104556054258968 66
104556054266399 91
104556121377776 91
104556121418849 23
104556195097112 66
104556195126111 91
104556195133562 23
104556262486486 66
104556262515912 91
104556262523435 23
104556262530686 66
104556329857887 91
104556329887366 23
104556329894776 66
104556397315234 91
104556397348208 23
104556397355614 23
104556397362673 66
104556464818119 91
104556464869452 23
104556464880239 66
104556532016357 91
104556532052805 23
104556532060344 66
104556532067348 23
104556532074207 66
104556590846756 91
104556590880435 23
104556657733977 66
104556657769779 91
104556724922706 23
104556724952328 66
104556724959991 91
104556791911164 91
104556791952375 23
104556791960286 66
104556859065833 91
104556859094913 23
104556859102735 66
104556926178556 91
104556926216684 23
104556926224201 66
104556993388066 91
104556993423953 23
104556993431649 66
104557060520689 91
104557060558604 23
104557060566211 66
104557060573376 23
104557060580177 66
104557127306864 91
104557201731518 91
104557201775596 23
104557201783145 66
104557268986368 91
104557269018690 23
104557269026358 66
104557336346905 91
104557336384629 23
104557336392137 66
104557336399212 91
104557404593844 23
104557404621109 66
104557404628689 23
104557404635608 66
104557404642498 91
104557462556046 23
104557529772031 66
104557529803161 91
104557529810803 23
104557596742059 66
104557596776701 91
104557663904768 23
104557663939949 66
104557663947597 91
104557730779407 91
104557730809493 23
104557730816941 66
104557730823972 91
104557797989999 23
104557798023765 66
104557798031262 23
104557798038361 66
104557873240407 91
104557873273082 23
104557873280232 66
104557873287337 91
104557932068327 23
104557932101704 91
104557932109537 23
104557999024271 66
104557999053399 23
104558066229302 66
104558066260130 91
104558133223045 23
104558133255987 66
104558133263591 91
104558200252143 23
104558200288477 66
104558267248616 91
104558334575928 23
104558334606118 66
104558401504693 91
104558475551043 23
104558475594369 66
104558475602044 91
104558542836550 23
104558542873177 66
104558610235993 91
104558677655041 23
104558677684175 66
104558677691660 91
104558736858189 23
104558736889636 66
104558803988679 91
104558804023659 23
104558804031269 66
104558882400962 91
104558938970216 23
104558938996456 66
104559005141027 91
104559005178123 91
104559078441153 23
104559078475294 66
104559145787844 91
104559145822049 23
104559145829775 66
104559213175391 23
104559213207106 66
104559213214308 91
104559280556581 91
104559280586053 23
104559280593759 66
104559347926168 91
104559347957792 23
104559347965557 66
104559415302399 91
104559415337700 23
104559415345165 66
104559415352358 23
104559482799056 66
104559482846131 91
104559541642281 23
104559541670482 66
104559541677965 91
104559541685029 23
104559541691914 66
104559541698744 91
104559608648876 23
104559608679086 66
104559608686635 91
104559675705162 23
104559675738871 66
104559754170269 91
104559754205226 23
104559754212781 66
104559754219779 91
104559809885606 91
104559876928681 23
104559876965870 66
104559876973308 91
104559876980181 23
104559943937899 66
104559943970177 23
104559943977861 66
104560011156503 91
104560084901119 23
104560084932722 66
104560084940064 91
104560152276115 23
104560152309083 66
104560152316787 91
104560219686119 23
104560219720073 66
104560287034941 91
104560354400922 23
104560354433898 66
104560354441625 91
104560421773542 91
104560421806485 23
104560421814239 66
104560480718929 23
104560480759654 66
104560480766994 91
104560547607439 23
104560547640910 66
104560547648226 91
104560614881651 23
104560614909098 66
104560614916428 91
104560681752066 23
104560681792722 66
104560748889700 91
104560748919128 91
104560816126474 23
104560816171815 66
104560816179275 91
104560816186199 23
104560882992200 66
104560883028459 91
104560883035992 23
104560883043000 66
104560950120381 91
104560950152833 23
104560950160287 66
104561024037706 23
104561024070165 66
104561024077759 91
104561091409115 23
104561091443285 66
104561158760967 91
104561226125000 91
104561226159687 23
104561226167326 66
104561226174377 91
104561293515191 23
104561293548954 66
104561293556628 23
104561293563535 66
104561352366044 91
104561419595878 23
104561419660662 66
104561486672731 91
104561553625908 23
104561553662354 66
104561553669719 91
104561620669080 23
104561620706934 91
104561687861696 23
104561687901672 66
104561687909239 91
104561754743765 23
104561754775325 66
104561754782687 23
104561754789621 66
104561754796496 91
104561822051380 23
104561822091859 66
104561822100501 91
104561895731431 23
104561895761539 66
104561895769118 91
104561963109152 91
104561963144339 23
104562030465502 66
104562030498267 23
104562030505828 66
104562030512768 91
104562097848437 23
104562097883254 66
104562165214683 91
104562232624579 23
104562232660345 66
104562232668349 91
104562291364943 23
104562291400255 66
104562358355114 91
104562425490907 23
104562425523932 66
104562425531537 91
104562492501971 91
104562492537007 23
104562492544506 66
104562559525313 23
104562559560295 66
104562559568069 91
104562626688545 23
104562626724118 66
104562626731919 91
104562703613508 23
104562703648351 66
104562761245003 91
104562761284943 91
104562827905039 23
104562827937296 66
104562827945024 91
104562902281751 23
104562902320997 66
104562902328480 91
104562969592049 23
104562969625635 66
104562969633192 91
104562969640261 23
104563036991493 66
104563037030902 91
104563037038371 23
104563037045230 66
104563104344578 23
104563104375193 66
104563104382722 91
104563163155906 23
104563163188153 66
104563163195742 91
104563230343208 23
104563230374477 66
104563297528341 91
104563364295095 23
104563364324529 66
104563364332471 91
104563431433356 23
104563431467375 66
104563431474731 91
104563498469223 23
104563498500845 66
104563565515047 91
104563632717849 23
104563632748997 66
104563632756511 91
104563706517201 23
104563773886231 66
104563773918833 91
104563841296716 91
104563841327651 23
104563841335324 66
104563908645372 91
104563908678723 23
104563908686196 66
104563976029613 23
104563976061793 66
104563976069620 91
104564035013987 23
104564035050529 66
104564102029110 91
104564102060787 23
104564102068292 66
104564169201265 91
104564236207319 91
104564236237733 23
104564303240634 66
104564303271249 91
104564303278794 23
104564303285863 23
104564303292867 66
104564382358846 91
104564382386708 23
104564382394420 66
104564437571461 23
104564437629022 66
104564437639255 91
104564437648694 91
104564514309168 23
104564514344758 66
104564514352281 23
104564514359973 66
104564514366963 91
104564576846082 91
104564576879571 23
104564649643051 23
104564649675872 66
104564649683530 23
104564649710160 66
104564649717633 91
104564705704950 91
104564779413689 23
104564779451248 66
104564779458904 23
104564779465894 66
104564779472763 91
104564851743330 23
104564851795779 66
104564907182630 91
104564974020540 23
104564974057395 66
104565052918645 91
104565108125595 91
104565108158972 23
104565108166595 66
104565108173760 23
104565184863882 66
104565184897236 91
104565184904900 91
104565242123421 23
104565242159867 66
104565242167943 23
104565242175068 66
104565309354438 91
104565309385510 23
104565309393242 66
104565384754308 91
104565384790576 91
104565443766022 23
104565443797398 66
104565443804919 23
104565510383793 66
104565510413650 91
104565587992988 91
104565644685019 23
104565644722034 66
104565644730114 91
104565711745671 23
104565711777989 66
104565711786053 91
104565789968375 23
104565790005049 66
104565790012504 23
104565790019367 66
104565790026218 91
104565852911006 23
104565912950889 66
104565912985647 91
104565912992869 91
104565979952139 23
104565979986244 66
104565979994087 23
104565980001123 66
104566047029110 91
104566114057548 91
104566114091218 23
104566114098711 66
104566114105677 91
104566193315826 23
104566193365749 66
104566193373298 91
104566193380556 23
104566255873034 66
104566255910868 91
104566255918246 23
104566315257133 66
104566315294571 23
104566315302281 66
104566315309352 91
104566382298614 23
104566382336160 66
104566460544650 91
104566516358919 23
104566516393216 66
104566516400778 91
104566583465346 23
104566583493694 66
104566650658183 91
104566650693310 23
104566650700927 66
104566726296884 91
104566726334002 23
104566784760699 66
104566784803465 91
104566851817617 91
104566851851189 23
104566851858976 66
104566918956044 91
104566918994405 23
104566919002342 66
104566985967735 91
104566986000119 23
104566986007756 66
104566986015042 23
104567053026450 66
104567053056234 91
104567053064749 23
104567120077292 91
104567120108130 23
104567120116017 66
104567120123098 23
104567120129985 66
104567187144195 91
104567260952161 91
104567260985300 23
104567260992880 66
104567328323756 91
104567328354081 23
104567328361578 23
104567328368435 66
104567395728361 23
104567395759175 66
104567395766603 91
104567463099044 23
104567463131679 66
104567463139161 91
104567463146029 91
104567530507445 23
104567530541363 66
104567530548781 23
104567597914367 66
