80946484933061 91
80946612161468 23
80946612194990 66
80946612202525 91
80946679233525 23
80946757582101 66
80946757623309 91
80946813371172 91
80946888324412 23
80946888360042 66
80946947415825 91
80946947447593 23
80947014613478 66
80947014643582 23
80947014650916 66
80947014658021 91
80947160782047 23
80947160816142 66
80947160823532 91
80947215744957 91
80947288679081 23
80947288713186 66
80947288720725 91
80947362026000 23
80947362058995 66
80947416897627 91
80947416926367 23
80947493940600 66
80947493971390 91
80947551112971 23
80947551145904 66
80947618106357 91
80947618135632 23
80947618143243 66
80947695895637 91
80947752241660 23
80947752273037 66
80947752280456 23
80947821125828 66
80947821160599 91
80947886506685 23
80947886537823 66
80947953429833 91
80948087695161 23
80948087728423 66
80948087736001 91
80948154879938 91
80948221836415 23
80948221870759 66
80948221878350 91
80948295940239 23
80948295975509 66
80948363293944 91
80948363331058 23
80948363338643 66
80948430622699 23
80948498026035 66
80948565412125 91
80948624108949 91
80948691132635 23
80948691160748 66
80948758348440 23
80948758380819 66
80948758388213 91
80948892386399 23
80948892415739 66
80948959488467 91
80949096919252 23
80949096947262 66
80949096954777 91
80949167604200 23
80949234994864 66
80949235022622 91
80949302388287 23
80949302425111 66
80949302433175 91
80949437208784 23
80949437245789 66
80949437253640 91
80949496112659 91
80949563122082 23
80949563159200 66
80949563166796 91
80949630237069 23
80949630268914 66
80949697136338 23
80949697167695 66
80949697176644 91
80949831391559 91
80949831427442 23
80949898343974 66
80949898375462 91
80949965524275 23
80949965553671 66
80950039296897 23
80950039330421 66
80950106724212 91
80950241440266 23
80950241473550 66
80950241481152 91
80950308949821 23
80950367835819 66
80950367868533 91
80950435025844 23
80950435059731 66
80950502004776 91
80950569038375 23
80950569072454 66
80950569079901 91
80950703221822 91
80950703264369 23
80950770347294 23
80950770383577 66
80950770391119 91
80950837396470 23
80950837435264 66
80950837442789 91
80950911140957 23
80950911172624 66
80950978439162 91
80951045949528 23
80951045985415 66
80951113198729 23
80951113232695 66
80951113240448 91
80951247949300 23
80951247978956 66
80951247986785 91
80951306878235 91
80951373788119 23
80951373821027 66
80951440917468 91
80951440951752 23
80951507949222 66
80951575001552 23
80951575034340 66
80951575041855 91
80951642542010 91
80951709303011 23
80951709343521 66
80951776193748 91
80951850140600 23
80951850169064 66
80951850176772 91
80951917527516 23
80951917560925 66
80951917568166 91
80951985028895 23
80951985065953 66
80951985073441 91
80952052289415 23
80952052322910 66
80952119650181 23
80952119676679 66
80952119684351 91
80952258476726 23
80952258511519 66
80952258519046 91
80952312886310 23
80952380091471 66
80952380121911 91
80952447057878 23
80952514006371 66
80952514042037 91
80952580944694 23
80952648119631 66
80952648154440 91
80952782187540 23
80952782228737 66
80952782236462 91
80952916392449 23
80952916427532 66
80952916435497 91
80952983359074 91
80953061035499 23
80953061067476 66
80953128066262 23
80953128107739 66
80953128115393 91
80953251732971 23
80953251767589 66
80953251775478 91
80953386106844 23
80953386148248 66
80953386155858 91
80953519967369 23
80953520003650 66
80953520028100 91
80953595047709 23
80953654190231 66
80953654221733 91
80953788363008 23
80953788394774 66
80953788402379 91
80953855323892 91
80953933498902 23
80953933529022 66
80953933536630 91
80953989475088 23
80953989506671 66
80953989513868 91
80954073137266 23
80954073189037 66
80954123517971 23
80954123547170 66
80954123554917 91
80954257594534 91
80954257625652 23
80954336849177 66
80954336885816 91
80954391895680 23
80954391923533 66
80954459127307 23
80954459157363 66
80954459164990 91
80954538028606 23
80954593077752 66
80954593112469 91
80954727090198 23
80954727118906 66
80954727126487 91
80954794290399 23
80954866920482 66
80954866954275 91
80954928321837 23
80954928351363 66
80954928358862 91
80955073249841 23
80955073288083 66
80955129571018 91
80955196753544 23
80955196789141 66
80955196796558 91
80955330945725 23
80955330984138 66
80955330992104 91
80955476521400 91
80955531949162 23
80955531990771 66
80955608395743 91
80955666098282 23
80955666131532 66
80955666139117 91
80955733079154 23
80955733113848 66
80955800303028 91
80955800338986 23
80955800346414 66
80955867271598 91
80955867299069 23
80955945684337 66
80955945718347 91
80955945725896 23
80956001371662 66
80956001406000 23
80956001413348 66
80956068510267 91
80956143099676 23
80956210375383 66
80956210402926 91
80956279334728 23
80956279362974 66
80956336722897 91
80956403929267 23
80956403976509 66
80956403984336 91
80956538127925 23
80956538162806 66
80956538170472 91
80956672291469 91
80956672345343 23
80956748955089 66
80956748988400 91
80956806120231 23
80956806150060 66
80956806157667 91
80956873271068 23
80956873307510 91
80956950869596 23
80956950900628 66
80956950908215 91
80957007329207 23
80957007358663 66
80957074545976 91
80957074578857 23
80957141587749 66
80957141620253 91
80957141627301 23
80957208592196 66
80957208627586 23
80957275603445 66
80957275640598 91
80957275647978 23
80957354137829 66
80957354173262 91
80957409779832 23
80957409808785 66
80957409816268 91
80957476882540 23
80957476919199 66
80957476926992 91
80957543819167 23
80957621375518 66
80957621409355 91
80957678026227 23
80957678066181 66
80957678073773 91
80957745116198 23
80957745153586 66
80957824112898 91
80957879307548 23
80957879343055 66
80957879350552 91
80957946293638 23
80957946326280 66
80958013364552 23
80958013405200 66
80958013412609 91
80958147569403 23
80958147602762 66
80958147610275 91
80958292510241 91
80958292541639 23
80958364066794 66
80958364102287 91
80958415737097 23
80958415773030 66
80958415780153 91
80958493845986 23
80958549922487 66
80958549953308 91
80958549961772 23
80958617179978 66
80958617215103 91
80958695773306 23
80958695805534 66
80958751121228 91
80958751151315 23
80958751158883 66
80958818140328 91
80958897108380 23
80958897144050 66
80958897151474 91
80958952193462 23
80958952222733 66
80958952230161 91
80959029079113 23
80959029124798 66
80959029132297 91
80959086488143 23
80959086519818 66
80959153448117 23
80959153478988 91
80959220456796 23
80959220487594 66
80959300263082 91
80959300299931 23
80959354738961 66
80959354768284 91
80959432237333 23
80959432269613 66
80959432276925 91
80959488815657 23
80959488848054 66
80959488855250 91
80959556069052 23
80959556097346 66
80959630785652 91
80959630813976 23
80959690127770 66
80959690157506 91
80959756978718 23
80959757010839 66
80959824084896 91
80959824119988 23
80959901442624 66
80959901478621 91
80959958186850 23
80959958222116 66
80960033758957 91
80960092402467 23
80960092431994 66
80960159505348 91
80960159538469 23
80960226604467 66
80960226637096 91
80960325168850 23
80960325203925 66
80960360831734 23
80960360858268 66
80960360865624 91
80960494862675 23
80960494892997 66
80960494900530 91
80960562593957 91
80960628902618 23
80960628936308 66
80960628943940 91
80960696167519 23
80960773914940 66
80960773949610 91
80960773957406 23
80960834616407 66
80960834647958 91
80960902736956 23
80960902777668 66
80960902785376 91
80960964354283 23
80960964384626 66
80960964392290 91
80961041193017 23
80961041232044 66
80961098993713 23
80961099021580 66
80961165455830 91
80961243114740 91
80961299540673 23
80961299571990 66
80961299579190 91
80961366663897 23
80961366709342 66
80961366717149 91
80961444414484 23
80961444445813 66
80961500825987 91
80961500857642 23
80961567882342 66
80961567917316 91
80961646389000 23
80961646422835 66
80961646430258 23
80961702050538 66
80961702080125 91
80961702087352 91
80961769088520 91
80961836101654 23
80961836133327 66
80961903138683 91
80961903169551 23
80961970283982 66
80961970314702 23
80962037346346 66
80962037377065 91
80962037401378 23
80962104282653 66
80962104312170 91
80962178023725 23
80962178058763 66
80962178066171 91
80962245496000 23
80962245529950 66
80962312787021 23
80962380270955 66
80962380310030 91
80962447589649 91
80962524296715 23
80962524334556 66
80962524341861 91
80962582310654 23
80962582346354 66
80962640874468 91
80962640904662 23
80962708014827 66
80962708045082 91
80962780192326 23
80962780230512 66
80962780238130 91
80962842319621 23
80962842351348 66
80962909192391 23
80962909224784 66
80963046782663 91
80963117219974 23
80963117250169 66
80963184517958 91
80963251882271 23
80963251913152 66
80963251920524 91
80963319309918 91
80963386739938 23
80963386770388 66
80963386777694 91
80963454090088 23
80963454125523 66
80963512816938 23
80963512847081 66
80963512854461 91
80963646994053 23
80963647026655 66
80963647033900 91
80963714072973 91
80963781017620 23
80963781047506 66
80963781055106 91
80963848031110 23
80963848059182 66
80963915233178 91
80963915263217 23
80963982321681 66
80963982363095 91
80964056221962 23
80964056258648 66
80964123592362 91
80964123624272 23
80964190982601 66
80964191014241 91
80964258355597 23
80964258386834 66
80964325724444 91
80964325758316 23
80964384567939 66
80964384601766 23
80964384608883 66
80964384615645 91
80964451795846 91
80964518813542 23
80964518843135 66
80964518850594 91
80964585831748 23
80964585865384 66
80964652931135 91
80964719913246 23
80964719951021 66
80964787011796 91
80964860485049 23
80964860521582 66
80964860528954 91
80964927927412 23
80964927961104 66
80964995378698 91
80964995414500 23
80965063092052 66
80965063153266 91
80965122430847 23
80965122467661 23
80965122475410 66
80965122482323 91
80965199288029 23
80965199330115 66
80965256544473 91
80965256574498 23
80965323604938 66
80965401234094 91
80965401263681 23
80965401271127 66
80965457736018 91
80965457770760 23
80965524761778 66
80965524792457 23
80965591763165 66
80965591793824 91
80965668446105 91
80965725993168 23
80965726025408 66
80965726032973 91
80965793010393 23
80965793044804 66
80965868503601 91
80965927041483 23
80965927069316 66
80965927076962 91
80965994261085 91
80966071860510 23
80966071894762 66
80966071902339 91
80966128276831 23
80966128306704 66
80966128314010 91
80966195443557 23
80966195475403 66
80966273723085 23
80966273752437 66
80966273759897 91
80966336665283 23
80966336693898 66
80966404072573 91
80966404099113 23
80966404107597 66
80966471505536 91
80966471540058 23
80966530744279 66
80966530772963 91
80966530780418 23
80966530787265 66
80966664821183 91
80966738841651 23
80966738869802 66
80966738877762 91
80966873574664 23
80966873603805 66
80966941203708 91
80967008372339 23
80967008403386 66
80967008410893 91
80967134278132 23
80967134310535 66
80967134317966 91
80967268423153 23
80967268454726 66
80967268462337 91
80967402537869 23
80967402568456 91
80967469643188 23
80967469674314 66
80967469681821 91
80967536686406 91
80967536725105 23
80967536732222 23
80967536738983 66
80967610599193 91
80967610634225 23
80967677956687 66
80967677985866 91
80967677993246 23
80967745351900 66
80967812703460 23
80967812738135 66
80967812745444 91
80967880163372 23
80967880198814 66
80967947459491 91
80967947492001 23
80968006244061 66
80968073244601 91
80968073280538 23
80968140365260 66
80968140398477 91
80968207453394 23
80968207483510 66
80968207490967 91
80968274428385 23
80968274467013 66
80968274477902 91
80968341773651 23
80968341815025 66
80968409603665 23
80968409635442 91
80968475682424 23
80968475715092 66
80968549703733 23
80968549736492 66
80968549744053 91
80968676837011 91
80968743892207 23
80968743922679 66
80968743930077 23
80968810974311 66
80968811012224 91
80968951853268 91
80968951891593 23
80969021450072 66
80969021478969 91
80969021486355 23
80969079316592 66
80969079351942 23
80969146625589 66
80969146660367 91
80969213305102 91
80969280484499 23
80969280522896 66
80969347746799 91
80969347785761 23
80969347793246 66
80969421411158 91
80969488785882 23
80969488824056 66
80969488831606 91
80969556159319 23
80969556190715 66
80969556198151 91
80969623555555 23
80969623588931 66
80969690905648 91
80969758285424 23
80969758318275 66
80969817060308 23
80969817091241 66
80969817098718 91
80969951047940 23
80969951084394 66
80969951092088 91
80970018215945 91
80970101460689 23
80970101508482 66
80970152229877 91
80970219361902 23
80970219391711 66
80970219399316 23
80970293101323 66
80970293133969 91
80970427868408 91
80970427899148 23
80970427906580 66
80970495249644 91
80970562634466 23
80970562667857 66
80970562675199 91
80970630002583 23
80970630032015 66
80970630057370 91
80970688749666 23
80970688785394 66
80970755950992 23
80970755987597 91
80970755995267 23
80970823111512 66
80970823142043 91
80970890135726 23
80970890173117 66
80970890180715 91
80970967290221 23
80970967327021 66
80970967334660 91
80971034587601 23
80971034622744 66
80971091506170 91
80971091538475 23
80971158394123 66
80971158428791 91
80971158436294 23
80971225555888 66
80971292717921 23
80971292751956 66
80971292759541 91
80971426484273 23
80971426515326 66
80971426523058 91
80971493688551 91
80971560688132 23
80971560721760 66
80971560729048 91
80971627711742 23
80971627741796 66
80971627749226 91
80971694737078 23
80971694766047 66
80971761932976 91
80971828932086 23
80971828964069 66
80971902374004 23
80971902405541 66
80971902412927 91
80971969889214 91
80972037274909 23
80972037311621 66
80972037319055 91
80972104661073 23
80972104697197 66
80972172050575 91
80972172086388 23
80972239396741 66
80972239431413 91
80972239438797 23
80972306785767 66
80972306822686 91
80972365469563 23
80972365505514 66
80972365550371 91
80972432448494 23
80972432482987 66
80972499653385 23
80972499681810 66
