106692636884266 91
106692636922404 23
106692636930352 66
106692704238674 91
106692781522795 23
106692781552475 66
106692781560219 91
106692838179108 23
106692838211024 66
106692838218432 91
106692912687574 23
106692912720981 66
106692912728725 91
106692972251994 91
106692972280712 23
106692972288495 66
106693039381319 23
106693039416429 66
106693039424123 91
106693106449873 23
106693106492736 66
106693106500108 91
106693184894366 23
106693184933169 66
106693184943953 91
106693240583322 23
106693240613261 66
106693240620823 91
106693315569959 23
106693315609206 66
106693315617050 91
106693382920274 91
106693382947488 23
106693382955238 66
106693442034319 23
106693442079276 66
106693442086797 91
106693508834043 91
106693586673677 23
106693586710291 66
106693586717969 91
106693642918175 23
106693642950781 66
106693642958274 23
106693642965463 66
106693710248694 91
106693710284779 23
106693788572726 66
106693788607732 91
106693788615010 23
106693844159632 66
106693844191989 91
106693844199737 23
106693844206785 66
106693911312064 91
106693978514894 23
106693978554440 66
106693978562170 91
106694045294952 23
106694045324885 66
106694112329095 91
106694112362646 23
106694112370137 66
106694179656567 91
106694246631630 23
106694246673083 66
106694246680764 91
106694323586252 23
106694323618127 66
106694380692564 91
106694447719517 91
106694447752415 23
106694447759749 66
106694525487393 91
106694525521635 23
106694525529725 66
106694525536960 23
106694525544077 66
106694593194262 91
106694649004928 23
106694649038113 66
106694649045679 91
106694716268590 91
106694716307568 23
106694716315055 66
106694783064913 23
106694783099458 66
106694783107132 91
106694851283183 91
106694851313686 23
106694928807097 66
106694928839983 23
106694928847402 66
106694928854474 91
106694984428198 23
106694984469540 66
106694984477190 91
106695051318223 23
106695051346094 66
106695051353808 91
106695130062814 23
106695130097060 66
106695130104641 91
106695130111721 91
106695185485646 23
106695185520197 66
106695185527565 23
106695185534577 66
106695266008494 91
106695319684141 23
106695319726262 66
106695386670049 91
106695386703102 23
106695453877119 66
106695453910040 91
106695453917740 23
106695520917205 66
106695520957925 91
106695599298055 23
106695599332206 66
106695599339713 91
106695599346780 23
106695654917046 66
106695654950586 91
106695654958318 23
106695721894621 66
106695721926574 91
106695721934084 23
106695721941221 66
106695801248517 91
106695856379893 23
106695856417221 66
106695856424995 91
106695930160740 23
106695930194346 66
106696002564814 91
106696057538664 23
106696057572425 66
106696138512162 91
106696138548745 23
106696191441517 66
106696191475554 91
106696258556670 23
106696258585248 66
106696330943381 91
106696330977367 23
106696403618143 66
106696403655181 91
106696459729183 23
106696459759945 66
106696459767661 91
106696537779073 23
106696537818768 66
106696537826653 91
106696593823967 23
106696593857933 66
106696593883666 91
106696660945274 23
106696660982909 66
106696660990828 91
106696727958901 23
106696727999388 66
106696728007140 91
106696797821332 23
106696797852399 66
106696862031778 91
106696936771120 23
106696936810530 66
106696936818232 91
106697007013793 23
106697007050857 66
106697007058488 91
106697063341469 91
106697063374652 23
106697063382372 66
106697130262993 91
106697130329714 23
106697130337692 66
106697197549864 23
106697197635700 66
106697197645639 91
106697197654459 23
106697197662419 66
106697264437704 91
106697331565992 91
106697331655335 23
106697331663385 66
106697331670582 23
106697331677511 66
106697410142664 91
106697465721634 91
106697465753759 23
106697465761246 66
106697465768387 23
106697465775868 66
106697542021225 91
106697542052311 23
106697542059691 66
106697607167796 91
106697607204115 23
106697677385473 66
106697677416551 91
106697677424195 91
106697677431339 23
106697734040150 23
106697734072012 66
106697734079531 23
106697734086634 66
106697734093626 91
106697801028380 23
106697801060222 66
106697879364179 91
106697935108281 23
106697935144003 66
106698002249932 91
106698069430137 23
106698069471217 66
106698146707921 91
106698146744373 23
106698203802480 66
106698203833115 91
106698203840585 91
106698270397661 23
106698270428421 66
106698270436686 23
106698270443703 66
106698270450674 91
106698348547613 23
106698348580468 66
106698410788952 91
106698471916611 23
106698471973766 66
106698549863438 91
106698605999348 23
106698606032436 91
106698606040216 23
106698673059692 66
106698673107846 91
106698673115377 23
106698673122902 66
106698751837735 23
106698751870182 66
106698751877960 91
106698806973723 23
106698807002494 66
106698874016616 91
106698874051632 23
106698953184701 66
106698953232991 91
106698953240550 91
106699008204107 23
106699008233143 66
106699008240958 23
106699008247942 66
106699008255626 91
106699085080155 23
106699085120162 66
106699142242181 91
106699142272207 23
106699209435348 66
106699209466983 91
106699276484094 23
106699276517810 66
106699276525474 91
106699343451237 23
106699343483204 66
106699343491019 91
106699410632086 91
106699410663240 23
106699410670996 66
106699410677958 91
106699488286147 23
106699488316072 66
106699488323529 91
106699544686948 23
106699544720012 66
106699544727704 23
106699611695393 66
106699611757478 91
106699611765407 23
106699686897580 66
106699686928446 91
106699746297174 23
106699746330728 66
106699746338973 91
106699813037914 23
106699891551635 66
106699891588697 91
106699947262453 91
106699947294671 23
106699947302389 66
106700014186152 23
106700014216950 66
106700087733802 91
106700087768565 91
106700155073682 23
106700155111051 66
106700155118651 23
106700222436192 66
106700222471309 91
106700289890087 23
106700289929201 66
106700289936790 91
106700357348492 91
106700357382249 23
106700357390094 66
106700424565529 23
106700424604830 66
106700424612156 91
106700491939757 23
106700491970891 66
106700491978617 91
106700550693169 23
106700550726984 66
106700550735327 91
106700617839655 23
106700617875988 66
106700617883835 91
106700684826901 91
106700684858500 23
106700684866000 66
106700751897039 23
106700751930430 66
106700751938087 91
106700819020749 23
106700819054182 66
106700886067393 91
106700886098869 23
106700886106589 66
106700953074446 91
106700953107939 91
106701020328266 23
106701020375978 66
106701020383823 23
106701096729462 66
106701096759880 91
106701154346180 23
106701154377950 66
106701154385467 91
106701221346793 91
106701298852390 23
106701298887464 66
106701298895012 23
106701298902227 66
106701355570650 91
106701355602154 23
106701355609756 66
106701355616806 91
106701422501864 23
106701499994047 66
106701500026201 91
106701500033879 23
106701500040979 66
106701556746468 91
106701623750430 91
106701701942540 23
106701701974660 23
106701701982127 66
106701701989100 23
106701701996414 66
106701702003310 91
106701757823798 23
106701757851657 66
106701830468156 91
106701903308046 23
106701903340456 66
106701903348160 91
106701959225541 23
106701959256848 66
106702026169206 91
106702026211480 23
106702105280678 66
106702105313016 91
106702105320896 23
106702160323737 66
106702160359470 91
106702227332454 23
106702227369713 66
106702227377260 91
106702302908286 23
106702302941854 66
106702302949695 91
106702361729222 91
106702438960610 23
106702438997340 66
106702439005163 91
106702439012348 23
106702439019215 66
106702495548928 91
106702495582470 23
106702495589944 66
106702562808818 23
106702562842475 66
106702562849937 91
106702629865672 23
106702629911235 66
106702629919287 91
106702696852261 91
106702696890025 23
106702696897656 66
106702696904871 23
106702696911916 66
106702763938595 91
106702837693751 91
106702837725171 23
106702837732943 66
106702905019128 23
106702905050260 66
106702905057557 91
106702972417479 23
106702972447973 66
106702972455496 91
106703039817239 91
106703039847091 23
106703039854500 66
106703107601887 23
106703107635954 66
106703107643449 91
106703174558100 23
106703233513661 66
106703233544292 91
106703300480901 23
106703300514350 66
106703300521910 91
106703367480806 91
106703367515528 23
106703367523462 66
106703434494107 91
106703434523423 23
106703434531030 66
106703501739346 91
106703501775639 23
106703501783256 66
106703568666058 91
106703568699390 23
106703568706944 66
106703568714044 23
106703635878634 66
106703635919471 91
106703702757748 23
106703702789033 66
106703702796449 91
106703776742671 91
106703776774718 23
106703776782241 66
106703844196632 23
106703844224948 66
106703844232521 91
106703911610919 91
106703911646452 23
106703911653947 66
106703978889671 23
106703978926733 66
106703978937277 91
106704046265675 91
106704046299277 23
106704046307043 66
106704105117080 23
106704105146941 66
106704105154530 91
106704172334677 23
106704172401543 66
106704172410027 91
106704172417214 91
106704249917389 23
106704249953286 66
106704249960851 23
106704249967879 66
106704306292721 91
106704373598864 91
106704373632579 23
106704373640150 66
106704440782516 23
106704440812003 66
106704508126928 91
106704508170529 23
106704574644406 66
106704574680210 91
106704648559168 91
106704648599082 23
106704648606414 66
106704715846704 23
106704715875615 66
106704715882995 91
106704783316361 91
106704783356707 23
106704783364441 66
106704850626247 23
106704850659587 66
106704850666877 91
106704918030405 91
106704918066083 23
106704918073870 66
106704985375879 23
106704985408298 66
106704985415817 91
106705044195503 23
106705044229117 66
106705111149923 91
106705111181946 91
106705111189747 23
106705178400079 66
106705178443049 23
106705178450646 66
106705245365159 91
106705312385699 23
106705389465407 66
106705389497578 91
106705446437735 23
106705446471069 66
106705446478739 91
106705513655967 23
106705513682448 66
106705580524869 91
106705580555480 23
106705580563009 66
106705655776834 91
106705723069166 23
106705723099010 66
106705781899525 91
106705781931084 23
106705781938548 66
106705781945454 91
106705848858460 91
106705915950471 23
106705915991063 66
106705915998324 23
106705916005463 66
106705916012467 91
106706050117642 23
106706050154030 66
106706050161654 91
106706117212743 91
106706117249290 23
106706117256831 66
106706184285684 91
106706184319364 23
106706184327016 66
106706251372911 91
106706251405797 23
106706251414034 66
106706251421091 23
106706251428048 66
106706325338303 91
106706392652831 23
106706392684971 66
106706392692538 91
106706460136671 23
106706460169827 66
106706527458618 91
106706527497178 23
106706527504804 66
106706594810902 91
106706594844520 23
106706594852397 66
106706653688019 91
106706720725534 23
106706720754896 66
106706787854991 91
106706855108567 91
106706855158221 23
106706855169172 23
106706855178211 66
106706929585832 91
106706929625865 23
106706929633540 66
106706929640673 91
106706996985738 23
106706997020070 66
106706997028126 91
106706997035309 23
106707064321685 66
106707064352511 23
106707064360163 66
106707123174032 91
106707190182719 91
106707190213181 23
106707190220646 66
106707190227716 23
106707257395914 66
106707257428098 91
106707324393093 23
106707324424400 91
106707324432064 23
106707324439665 66
106707324446728 23
106707324453555 66
106707391409601 91
106707391439733 23
106707391447473 66
106707458395596 91
106707458425575 23
106707458433028 66
106707458439975 91
106707525703138 23
106707525750117 66
106707592699296 91
106707592732942 91
106707666524498 23
106707666564414 66
106707666572319 91
106707733955343 23
106707733987440 66
106707733995116 91
106707801263686 23
106707801298139 66
106707801305535 23
106707801312646 66
106707801319668 91
106707868652316 91
106707936046803 23
106707936081771 66
106707936089373 91
106707936096443 23
106708003468347 66
106708003501666 23
106708003509675 66
106708003516869 91
106708062272280 23
106708062302030 66
106708129140317 91
106708196212295 91
106708196244825 23
106708196252487 66
106708263347334 23
106708263375591 66
106708263383440 91
106708263390372 91
106708330373619 23
106708330408273 66
106708330415746 23
106708330422931 66
106708330429998 91
106708397445413 23
106708397479483 66
106708397486974 91
106708464431100 91
106708464464264 23
106708538373090 66
106708538430184 91
106708538437629 23
106708605645556 66
106708605675543 23
106708605683394 66
106708605691056 91
106708672980555 23
106708673010158 66
106708740362125 91
106708799802597 91
106708799831745 23
106708799839508 66
106708866801980 23
106708866832814 66
106708866840426 91
106708933923361 23
106708933959232 66
106709007795942 91
106709007828046 91
106709075159579 23
106709075194090 66
106709075201672 23
106709075208730 66
106709142554034 91
106709142585212 23
106709142592707 66
106709142599723 91
106709209975868 91
106709277317974 23
106709277367857 66
106709277375917 23
106709277382967 66
106709277389774 91
106709403376092 23
106709403486435 66
106709403495683 91
106709470484921 91
106709470514709 23
106709470522118 66
106709537630673 23
106709537670306 66
106709604618139 91
106709671560279 23
106709671594189 66
106709671601921 91
106709738770660 23
106709738803810 66
106709738811407 91
106709805785635 91
106709805818515 23
106709879515145 66
106709879546071 23
106709879553663 66
106709879560727 91
106709957389728 91
106710014262302 23
106710014293197 66
106710014300545 91
106710014308973 23
106710014318121 66
106710081747156 91
106710081779111 23
106710081786750 66
106710149029336 23
106710149059112 66
106710149067460 91
106710216736500 23
106710216776341 66
106710216784064 91
106710275263126 23
106710275300417 23
106710275308107 66
106710342330723 91
106710342362076 91
106710409597947 23
106710409627780 66
106710476564869 23
106710476598904 66
106710476606423 91
106710543487784 23
106710543529346 66
106710543539568 91
106710610553933 91
106710610586302 23
106710689578773 66
106710689610492 23
106710689618415 66
106710689625560 91
106710745042372 23
106710745079484 66
106710745087059 91
106710821456862 91
106710879138307 23
106710879179321 66
106710879186917 23
106710879194492 66
106710945974764 91
106710946003558 23
106710946010888 66
106711013006297 91
106711013040521 23
106711088877774 66
106711088923658 91
106711159118910 23
106711159153055 66
106711214188532 91
106711214218481 91
106711290670310 23
106711290708981 66
106711360720737 23
106711360753691 66
