106666146055197 91
106666213106656 91
106666213142648 23
106666213150324 66
106666280080444 23
106666280114557 66
106666280122239 91
106666358101040 23
106666358136068 66
106666414294421 91
106666414333552 91
106666481189436 23
106666481218814 66
106666481226707 91
106666481233904 23
106666548467256 66
106666548503642 23
106666548511219 66
106666548518362 91
106666615535380 23
106666615566713 66
106666615574411 91
106666682887112 23
106666682930701 66
106666682941195 91
106666749601658 91
106666749631378 23
106666749638917 66
106666827349962 91
106666827382798 23
106666827390371 66
106666883606955 91
106666883638322 23
106666883645923 66
106666958193141 23
106666958231358 66
106666958239211 91
106667017728033 23
106667084905566 66
106667084935630 91
106667151971563 91
106667152003988 23
106667152046262 66
106667152053948 23
106667152060919 66
106667230624166 91
106667286103682 23
106667286144045 66
106667286151640 91
106667286158781 23
106667286165950 66
106667431868258 91
106667431901164 23
106667487322260 66
106667487356941 91
106667563745257 23
106667563777453 66
106667563785183 91
106667621419370 23
106667621451067 91
106667621458833 23
106667688352698 66
106667688385334 23
106667688393117 66
106667688400147 91
106667764046486 23
106667764092953 66
106667822688843 91
106667901104919 23
106667901143497 66
106667901151131 91
106667956785218 91
106667956816489 23
106667956823931 66
106668023881397 23
106668023915363 66
106668023923147 91
106668103021908 23
106668103051202 66
106668103058831 91
106668158031249 91
106668225029609 23
106668225062453 66
106668225070372 23
106668225077674 66
106668225084617 91
106668292126172 91
106668370405875 23
106668370443948 66
106668370451509 91
106668426257396 23
106668426290248 66
106668426297843 91
106668493266483 23
106668493294918 66
106668493302593 23
106668493309722 66
106668493316664 91
106668587995773 23
106668588027060 66
106668633030342 91
106668700261731 91
106668700296989 23
106668700304608 66
106668700311727 23
106668767658662 66
106668767690470 91
106668838975035 23
106668839005082 66
106668895755020 91
106668895786200 23
106668895794149 66
106668962795283 91
106669041722115 91
106669041752614 23
106669041760306 66
106669041767426 23
106669096808811 66
106669096858527 91
106669163985940 23
106669164019262 66
106669164026862 91
106669297941762 91
106669297971220 23
106669297978900 66
106669365171946 23
106669365201859 66
106669365209654 91
106669432172812 91
106669432205684 23
106669432213503 66
106669510128220 23
106669510160021 66
106669510167555 91
106669510174384 23
106669573959407 66
106669573998503 91
106669633505287 23
106669633540627 91
106669633548418 23
106669633555613 66
106669700487408 23
106669700521105 66
106669767569396 91
106669767604044 23
106669767611672 66
106669834469237 91
106669834502962 23
106669834510573 66
106669913439825 91
106669913481707 91
106669968665670 23
106669968698523 66
106669968706147 91
106669968713360 23
106670035735460 66
106670035767758 23
106670035775354 66
106670035782822 91
106670102862776 91
106670102896537 23
106670169857429 66
106670169918301 23
106670169926576 66
106670243741988 91
106670311181268 91
106670311212542 23
106670311220295 23
106670311227558 66
106670378504640 23
106670378537829 66
106670378545612 91
106670378552644 23
106670445892523 66
106670445923838 91
106670513241859 23
106670513276233 66
106670580635857 91
106670580669652 23
106670639394521 66
106670639426912 91
106670639434415 23
106670639441167 66
106670639447936 91
106670706581253 23
106670706623018 66
106670773552788 91
106670773585342 91
106670773593623 23
106670840861394 66
106670840891993 91
106670840899498 23
106670840906558 66
106670907920567 23
106670907954469 66
106670907961757 91
106670974683371 91
106670974714429 23
106671048085643 66
106671048120590 23
106671048127936 66
106671048134842 91
106671117448622 23
106671117503531 66
106671182827016 91
106671250285884 23
106671250328021 66
106671250335596 91
106671317610166 23
106671317646007 66
106671317653934 91
106671384993481 23
106671385033383 91
106671385041073 23
106671385048285 66
106671452343553 23
106671452376288 91
106671452384026 23
106671452391674 66
106671452398801 23
106671511197525 66
106671511227559 91
106671578395582 23
106671578427959 66
106671648131640 91
106671712400044 91
106671712429758 23
106671712437412 66
106671712444613 91
106671712451621 23
106671779415135 66
106671779444471 23
106671779451867 66
106671779459511 91
106671846621248 91
106671913686974 23
106671913724237 66
106671913731981 23
106671913739070 23
106671913745957 91
106671913752826 23
106671980677376 66
106671980712181 91
106671980720473 23
106672054532164 66
106672054561542 91
106672054569256 23
106672054576101 66
106672122049413 23
106672122092547 66
106672122100136 91
106672189327536 23
106672189359048 91
106672189366780 23
106672189373746 66
106672256681079 91
106672256715035 23
106672256722741 66
106672324111603 23
106672324146086 66
106672324153784 91
106672391442454 23
106672391476231 66
106672391484249 91
106672450196985 91
106672450237237 23
106672450245079 66
106672517222053 23
106672517253227 66
106672517261008 91
106672584277996 23
106672584309303 66
106672584316699 91
106672651364459 91
106672651398862 23
106672651406505 66
106672651413423 23
106672718433070 66
106672718471506 91
106672801666737 91
106672801705827 23
106672801713255 23
106672801720201 66
106672852570572 23
106672852608736 66
106672852616464 91
106672926293208 23
106672926335496 66
106672926343091 91
106672993643932 23
106672993671694 66
106672993679292 91
106673061106182 23
106673061142522 66
106673061150144 91
106673128391158 23
106673128421855 66
106673128429541 91
106673195825976 23
106673195852161 66
106673263409916 91
106673330773768 23
106673330824596 66
106673330832306 91
106673389303238 23
106673389343737 66
106673389351393 91
106673456383584 91
106673456411478 23
106673456419083 66
106673523163693 91
106673523195410 23
106673523202987 66
106673523210040 23
106673523216879 66
106673590378266 91
106673590407831 91
106673657400969 23
106673657430347 66
106673657438011 91
106673724592495 23
106673724629556 66
106673724636987 91
106673791470151 23
106673791506112 66
106673791513718 91
106673865510456 23
106673865546653 66
106673865554172 23
106673865561126 66
106673865568027 91
106673925864575 91
106673925894667 23
106673992680398 66
106673992713664 23
106673992721317 66
106673992728496 91
106674059689951 91
106674059726371 23
106674146644275 66
106674146678738 23
106674146686460 66
106674146693635 91
106674193878400 23
106674193909870 66
106674193917498 91
106674260878037 23
106674328104050 66
106674328135775 91
106674403144430 23
106674403179368 66
106674403186800 91
106674470400569 91
106674470435756 23
106674470443490 66
106674529287977 23
106674529320525 66
106674529328285 91
106674596327268 23
106674596359641 66
106674596366983 91
106674674539644 23
106674674577333 66
106674730303627 91
106674730330380 91
106674797527775 23
106674797558338 66
106674797566056 23
106674797573682 66
106674797580810 91
106674864413675 23
106674864445171 66
106674864452659 91
106674942100059 23
106674942139949 66
106674942147635 91
106675072581404 91
106675072612068 23
106675072619673 66
106675072626744 23
106675072633709 66
106675140041523 91
106675140074588 23
106675140082996 66
106675140090080 91
106675207372533 23
106675207409137 66
106675274746393 91
106675342124867 23
106675342157465 91
106675342165129 23
106675342172091 66
106675342178992 91
106675401040650 23
106675401072506 66
106675401080112 23
106675401087118 66
106675401094068 91
106675468040444 23
106675468074968 66
106675468082557 91
106675535228263 23
106675535262219 66
106675535269869 91
106675602262711 91
106675669586995 23
106675669632099 66
106675669639483 23
106675669646306 66
106675669653423 91
106675736360047 91
106675736395600 23
106675803536241 23
106675803572502 66
106675803580460 23
106675803587581 66
106675803594667 91
106675870559161 91
106675944385076 23
106675944414830 66
106675944422864 23
106675944430159 66
106675944437047 91
106676079312548 23
106676079357392 66
106676146466754 91
106676213963140 91
106676213995746 23
106676214003846 66
106676281235690 23
106676281264754 66
106676281272336 91
106676350001655 91
106676350037769 23
106676350046203 66
106676350053252 23
106676350060223 66
106676406967747 91
106676407000396 23
106676474241366 66
106676474273721 91
106676541179644 23
106676541209583 66
106676541218977 91
106676608254592 23
106676608290225 66
106676608297873 91
106676675243984 91
106676675281619 23
106676742459004 66
106676742491096 23
106676742498848 66
106676742506061 91
106676809611889 23
106676809641623 66
106676809649371 91
106676883437097 23
106676883467686 66
106676883475987 91
106676950776017 23
106677026537936 66
106677026593087 91
106677085577938 23
106677085608744 66
106677085616558 91
106677152931811 91
106677152960348 23
106677152968171 66
106677220330597 23
106677220366625 66
106677220374269 91
106677279236208 23
106677279273652 66
106677345973078 91
106677413004879 23
106677413042596 66
106677480155790 91
106677480196638 91
106677547066250 23
106677547096354 66
106677547103994 23
106677547111144 66
106677614163652 91
106677614196898 23
106677614204481 66
106677614211427 91
106677681364967 91
106677681394755 23
106677681402795 66
106677755154566 23
106677755185760 66
106677822533297 91
106677822564912 23
106677822572821 66
106677889935915 91
106677889968318 91
106677957289147 23
106677957319247 66
106677957326643 23
106677957333633 66
106677957340496 91
106678024669875 23
106678024700207 66
106678092035208 91
106678150900425 23
106678217886901 66
106678217920275 91
106678285140226 91
106678285182192 23
106678285190305 66
106678351861603 23
106678351896155 66
106678351904004 91
106678419420810 23
106678419462545 91
106678419470506 23
106678419477806 66
106678486128225 91
106678486167974 23
106678486175463 66
106678553203382 91
106678553238651 23
106678553246219 66
106678553253192 23
106678627157748 66
106678627196580 91
106678627203846 91
106678687361248 23
106678687394526 66
106678687402422 91
106678765182017 23
106678765222050 66
106678765229599 91
106678765237195 23
106678821666220 66
106678821701836 23
106678821709451 66
106678821716377 91
106678888444617 23
106678888475964 66
106678967029268 91
106678967060776 23
106678967068390 66
106679022546025 91
106679089688961 23
106679089723977 66
106679156697975 91
106679234292642 23
106679234324564 66
106679291105201 91
106679357911223 91
106679357950214 23
106679357957685 66
106679357964787 91
106679424953826 23
106679424985680 66
106679424993153 91
106679492053939 23
106679492086371 66
106679492094046 23
106679492101177 66
106679559111117 91
106679559145602 91
106679626246868 23
106679626283652 66
106679626291364 23
106679626298427 66
106679700083202 91
106679700116235 23
106679700124132 66
106679767469949 91
106679767507934 23
106679834877348 66
106679834907231 91
106679834914824 23
106679834921764 66
106679902232086 91
106679969727529 91
106679969763746 23
106679969771142 66
106680037039619 91
106680037076922 23
106680037084528 66
106680095649147 91
106680095679874 23
106680095719207 66
106680162817419 91
106680162848722 23
106680162856291 66
106680162863322 23
106680162870380 66
106680229894688 91
106680229928242 23
106680296843561 66
106680296877654 91
106680296885187 23
106680363881105 66
106680363914638 91
106680430977273 91
106680498098431 23
106680498129780 66
106680498137257 91
106680571831668 23
106680571868514 66
106680571876120 23
106680571883289 66
106680571890313 91
106680639308658 91
106680706548641 23
106680706579568 66
106680706587185 91
106680773927248 23
106680773963782 66
106680773971557 23
106680773978494 66
106680773985496 91
106680841436678 23
106680841474956 66
106680841482628 91
106680908706479 23
106680908741032 91
106680967595765 23
106680967623226 66
106680967631447 23
106680967638616 66
106680967645666 91
106681034529940 23
106681034563369 66
106681034571111 91
106681101699196 23
106681101730970 66
106681101738481 91
106681168629978 23
106681168662234 66
106681168669938 91
106681235788742 23
106681235826981 66
106681235834793 91
106681302926780 23
106681302958091 66
106681370112519 91
106681436893939 23
106681436928257 91
106681436935774 23
106681436943041 66
106681436950397 91
106681510932760 23
106681510971398 23
106681510978899 66
106681510986149 23
106681578263627 66
106681578299014 91
106681578306635 23
106681578314834 66
106681578321832 91
106681705312309 23
106681705348610 66
106681705356224 91
106681705363129 23
106681705370011 66
106681839394022 91
106681913145268 23
106681913181626 66
106681913189064 91
106681980558381 91
106681980600189 23
106681980607887 66
106682047821809 23
106682047855809 66
106682047863463 91
106682115243039 91
106682115283187 23
106682115290605 66
106682183100176 91
106682183172717 23
106682183181042 66
106682249945578 23
106682249974529 66
106682249981980 91
106682308920274 23
106682308957308 66
106682375866468 91
106682375900169 23
106682442884587 66
106682442915010 91
106682510040776 91
106682510071305 23
106682510078868 66
106682577076242 91
106682577105898 23
106682577113274 66
106682644137513 23
106682644175470 66
106682644183044 91
106682644190192 23
106682711239904 66
106682711270191 91
106682778382797 23
106682778420839 66
106682778428553 91
106682852165338 23
106682852197379 66
106682852204809 91
106682919593757 23
106682919634435 66
106682919642029 91
106682997406849 23
106682997454216 66
106682997462019 91
106683054351771 23
106683054380670 66
106683054388406 91
106683121666955 23
106683121697687 66
106683121706161 91
106683189086966 91
106683189121262 23
106683189128952 66
106683247864273 23
106683247911142 66
106683247918786 91
106683314701791 23
106683314732239 66
106683314739762 91
106683381941347 91
106683460601558 23
106683460632298 66
106683516322023 23
106683516355758 66
106683516363707 91
106683582989337 23
106683583021985 66
106683583029430 91
106683657246574 23
106683657281638 66
106683657289429 91
106683717408235 91
106683717441925 23
106683717449541 66
106683717456603 23
106683717463541 66
106683793888091 91
106683861111553 23
106683861151052 66
106683861158791 91
106683918425058 23
106683918457562 66
106683918465152 91
106683985505817 23
106683985539578 66
106683985547417 91
106684052466371 23
106684052496079 66
106684052503668 91
106684131130341 23
106684131165168 66
106684131172707 91
106684186772864 23
106684186808558 66
106684186816256 91
106684253890749 91
106684253942465 23
106684253950175 66
106684333056467 23
106684333090908 66
106684333098835 91
106684387839766 23
106684387873771 66
106684387881312 91
106684463040774 91
106684463074414 23
106684463081948 66
106684534460235 23
106684534495244 66
