88275975321785 91
88276032722181 23
88276099790736 66
88276099827168 91
88276177266002 23
88276177299306 66
88276233944928 91
88276300992040 23
88276301030192 66
88276301038075 91
88276444551403 91
88276444583068 23
88276444590832 66
88276502311078 91
88276569247659 23
88276569281235 66
88276569288859 91
88276636224709 23
88276636256885 66
88276636264605 91
88276703394921 23
88276703426857 66
88276782014427 23
88276782054607 66
88276782062126 91
88276837660740 91
88276837705098 23
88276914583361 66
88276914615418 91
88276978637589 23
88276978672674 66
88276978680142 91
88277046013293 23
88277046048806 66
88277046056420 91
88277113493249 23
88277113524691 66
88277180850146 23
88277180885602 66
88277180893171 91
88277307087488 23
88277307119702 66
88277307127358 91
88277374091273 23
88277441271588 66
88277441319452 91
88277508146840 23
88277508177323 66
88277575127199 91
88277642252112 91
88277642283992 23
88277642291592 66
88277642298674 91
88277709495094 23
88277709539514 66
88277776563371 91
88277776596088 23
88277776603923 66
88277850411832 91
88277850447697 23
88277850455242 66
88277917750762 23
88277985141148 66
88277985171409 91
88278052500205 23
88278052532133 66
88278119877649 91
88278187380107 23
88278187422487 66
88278187430177 91
88278245907536 91
88278312913242 23
88278312945009 66
88278312952419 91
88278379941438 23
88278379975323 66
88278379982814 91
88278447155251 23
88278447186970 66
88278447194555 91
88278514224471 23
88278514262104 66
88278514269660 91
88278581210112 23
88278581246352 66
88278581253802 91
88278648368575 23
88278648403714 66
88278722095011 91
88278789576268 23
88278789606457 66
88278789614032 23
88278789621052 66
88278857936735 91
88278924303512 23
88278924348023 66
88278924356217 91
88278991935670 91
88279059007067 23
88279059042578 66
88279059050207 23
88279117746776 66
88279117781106 91
88279184897434 23
88279251900638 66
88279251934574 91
88279318907687 91
88279385943939 23
88279385979294 66
88279385987028 91
88279385993943 23
88279453275360 66
88279453307498 23
88279453315094 66
88279531178827 91
88279587127112 91
88279587161066 23
88279587168544 66
88279661928814 91
88279721341169 23
88279721375246 66
88279721383022 23
88279788345684 66
88279788383788 91
88279855616513 23
88279934384974 66
88279934418037 91
88279989570168 23
88280064940538 91
88280064981550 23
88280064991053 66
88280135672525 91
88280135701712 23
88280135709231 66
88280190882346 23
88280190917323 66
88280190924993 91
88280270144589 91
88280324845151 23
88280324880389 66
88280324887952 91
88280392021822 23
88280392054933 66
88280465622926 91
88280532990763 23
88280533021730 66
88280533029214 23
88280600352121 66
88280600383850 91
88280667821569 23
88280667857198 66
88280667864810 91
88280802626778 91
88280861393437 23
88280861423544 66
88280928571512 91
88280928637465 23
88280928645642 66
88281009596104 23
88281009632389 66
88281009640113 91
88281063904606 23
88281129667800 66
88281129700569 91
88281196765515 23
88281196795068 66
88281263764422 91
88281330962791 91
88281398125397 23
88281398200842 66
88281465220458 91
88281465274464 23
88281465284252 66
88281532068746 91
88281532107389 23
88281599247104 66
88281599281209 91
88281666413221 23
88281666444600 66
88281733277339 91
88281733307471 23
88281733315218 66
88281800418364 23
88281800455873 66
88281800464327 91
88281941684616 91
88281941726942 23
88281941734561 66
88282009011752 91
88282009039964 23
88282076406292 66
88282076440522 23
88282143771225 66
88282143806575 91
88282220886618 23
88282269760439 66
88282269791760 91
88282336969207 23
88282336997422 66
88282337004975 91
88282471025612 91
88282471059908 23
88282471067465 66
88282538142744 23
88282605248600 66
88282605284614 91
88282672239362 23
88282672278168 91
88282745986479 23
88282746020909 66
88282746028539 91
88282813367889 23
88282813406669 66
88282813414047 91
88282880722191 23
88282880750720 66
88282880758231 23
88282948112257 66
88282948149614 91
88283015480999 23
88283015509140 66
88283015516838 91
88283141755631 23
88283141789806 66
88283141797902 91
88283275885443 23
88283275921847 66
88283275929362 91
88283342908095 23
88283342944835 66
88283409966657 91
88283544222680 23
88283544261176 66
88283544269266 91
88283611165994 23
88283611199455 66
88283685079943 91
88283752439831 23
88283819880663 66
88283819912609 91
88283887182983 91
88283887213894 23
88283954577137 66
88283954611202 91
88283954618714 23
88284013639878 66
88284080743353 23
88284080777777 66
88284080785383 91
88284147940514 23
88284147967724 66
88284214672066 91
88284281833266 23
88284281865381 66
88284281873397 91
88284348856844 91
88284416059026 23
88284416096927 66
88284416104371 91
88284482917263 23
88284482953064 66
88284482960691 91
88284550345125 23
88284550379075 66
88284550386653 91
88284617210503 23
88284617249828 66
88284695399946 91
88284695431758 23
88284695439900 66
88284751267322 23
88284751315773 66
88284751323326 91
88284892321295 23
88284892358827 66
88284892366530 91
88284952461288 91
88285019615671 23
88285019646727 66
88285019654115 91
88285098651028 23
88285098696828 66
88285098707933 91
88285153646025 23
88285153678366 66
88285153685780 91
88285230828285 23
88285230861724 66
88285293115131 91
88285293148347 23
88285365833018 66
88285365861322 23
88285365869064 66
88285365876157 91
88285489140119 23
88285489174820 66
88285489182536 91
88285623134578 23
88285623162817 66
88285623170783 91
88285769350076 23
88285769404322 66
88285769412376 91
88285824282568 23
88285901033424 66
88285901065514 91
88285958605316 23
88285958642069 66
88286025427986 91
88286101036038 23
88286101064191 66
88286101071833 91
88286159802973 91
88286226956969 23
88286226989356 66
88286226997066 91
88286304324275 23
88286304367488 66
88286304375104 91
88286373780056 23
88286373817250 23
88286373825039 66
88286373832099 91
88286427840834 23
88286427870952 66
88286509542332 91
88286509571742 23
88286509579575 66
88286569183987 23
88286569218833 66
88286629647714 91
88286696208771 23
88286696246237 66
88286696254275 91
88286830343361 23
88286830378427 66
88286830386165 91
88286970077733 23
88286970118102 91
88286970125753 23
88287037753321 66
88287037783449 91
88287104958788 23
88287105030594 66
88287105038938 91
88287172142060 23
88287172175739 66
88287172183485 23
88287172190509 91
88287239525710 23
88287239561420 66
88287306909556 23
88287306939819 66
88287306947764 91
88287441658514 91
88287441688325 23
88287441695890 66
88287509041673 23
88287509079244 66
88287509107648 91
88287576391211 23
88287635102971 23
88287635167220 66
88287635176133 91
88287702129065 23
88287702162577 66
88287769387379 91
88287836375144 91
88287836407728 23
88287836415639 66
88287903410360 91
88287903442627 23
88287903450230 66
88287970434833 23
88287970465337 66
88287970473281 91
88288037883345 91
88288111313341 23
88288111349661 66
88288178631352 91
88288178667128 23
88288245979285 66
88288246010153 23
88288246017596 66
88288246024682 91
88288380773443 91
88288380808534 23
88288380816069 66
88288448192093 23
88288448224194 66
88288448231842 91
88288574093817 91
88288574126956 23
88288574134435 66
88288641043052 23
88288641074269 66
88288641081944 91
88288775237629 23
88288775278718 66
88288775286223 91
88288909334153 91
88288909365840 23
88288977133196 66
88288977160563 23
88289050330537 66
88289050365382 91
88289117861763 91
88289117899747 23
88289117907181 66
88289185172793 23
88289185214377 66
88289185222173 91
88289320050939 23
88289320083904 66
88289320091785 91
88289445828754 23
88289445862293 66
88289445870011 91
88289512869689 23
88289579984659 66
88289580025210 91
88289646993882 91
88289647026731 23
88289647034276 66
88289714171290 91
88289714208744 23
88289714216199 66
88289781177557 91
88289781208933 23
88289781216836 66
88289848353860 91
88289848397974 23
88289848407633 66
88289915284341 91
88289915323993 23
88289915331911 66
88289915339118 91
88289991753481 23
88289991791670 66
88290061875185 91
88290061919114 23
88290116471492 66
88290116501698 23
88290116508996 66
88290193731892 91
88290250746884 23
88290250783171 66
88290317717769 91
88290395069498 23
88290395104341 91
88290452129361 23
88290452162237 66
88290452169723 23
88290452176872 66
88290528940868 91
88290597092580 91
88290597131798 23
88290653244068 66
88290653279019 91
88290725738081 23
88290725775131 66
88290725782992 91
88290790220363 23
88290790250596 66
88290790258996 91
88290864238927 23
88290864276220 66
88290864283785 91
88290921896633 23
88290921929913 66
88290988446914 23
88290988479038 66
88290988486752 91
88291122601058 23
88291122640133 66
88291122647746 91
88291201693062 91
88291256616072 23
88291256646654 66
88291256654564 23
88291333453125 66
88291333483659 91
88291457847988 23
88291457881405 66
88291457889069 91
88291524858612 23
88291524890313 66
88291591909247 91
88291670779600 23
88291670812730 66
88291726177262 91
88291802663595 23
88291802696656 66
88291860373830 91
88291927291800 23
88291927323288 66
88291994319775 91
88292061394296 23
88292061458322 91
88292139953355 23
88292139990005 66
88292139997383 91
88292195626232 23
88292195657853 66
88292195665350 91
88292262787963 23
88292262825435 66
88292262833055 23
88292343545863 66
88292343587067 91
88292396804621 23
88292396848337 66
88292464072734 91
88292543312054 23
88292543347090 66
88292543354794 91
88292598030598 91
88292675107443 23
88292675144889 66
88292675152468 91
88292732207501 23
88292732252333 66
88292799214484 23
88292799254152 66
88292799261907 91
88292933327409 23
88292933367573 66
88292933375343 91
88293000325097 91
88293000353447 23
88293078461201 66
88293078506498 91
88293134667086 23
88293134705000 66
88293201725933 23
88293201761402 66
88293201769188 91
88293275826169 23
88293343206391 66
88293343241039 91
88293410569539 91
88293478053991 23
88293478089658 66
88293478097093 23
88293536889516 66
88293536921273 91
88293607155934 23
88293607191916 66
88293671073405 91
88293738097506 91
88293738132343 23
88293805105637 66
88293805136872 91
88293805144765 23
88293805152125 66
88293872278880 23
88293872314230 66
88293939301945 91
88294006445766 23
88294006484799 66
88294006494304 91
88294147542405 23
88294147571670 66
88294147579275 91
88294214965759 23
88294214996517 66
88294282999316 91
88294349740294 23
88294349772691 66
88294349780796 91
88294417146240 91
88294475886716 23
88294475926147 66
88294544152569 91
88294544183047 23
88294544190835 66
88294610134627 23
88294610167579 66
88294610174923 91
88294677324845 91
88294744005789 23
88294744042390 66
88294811087728 91
88294811119444 23
88294811127799 66
88294878299323 23
88294878331643 66
88294878339084 91
88294945335985 23
88295019244316 66
88295019276840 91
88295086626844 23
88295086655690 66
88295221429746 91
88295288759375 91
88295347626528 23
88295347661377 66
88295347668834 91
88295414801270 91
88295414835962 23
88295414843978 66
88295481868934 91
88295481905796 23
88295548823057 66
88295548855657 91
88295548863789 23
88295615842708 66
88295615876069 91
88295683036752 23
88295683068785 66
88295683076485 91
88295683083648 23
88295749963207 66
88295749997483 91
88295750005819 23
88295817099209 66
88295817135893 91
88295817143649 23
88295817150659 66
88295890992879 91
88295891031007 23
88295891038642 66
88295958353396 91
88295958379185 23
88295958386797 66
88296025734851 91
88296025770692 23
88296025778623 66
88296093172758 91
88296160546495 23
88296160580168 66
88296160587616 23
88296160594713 66
88296227903273 91
88296227934723 23
88296227942481 66
88296227949523 91
88296286722571 23
88296286755365 66
88296355487168 91
88296355516258 23
88296355523928 66
88296420801008 23
88296420838192 66
88296487761914 91
88296554842031 91
88296554874299 23
88296554882031 66
88296621930721 23
88296689119969 66
88296689156633 91
88296762767725 23
88296762815784 66
88296762823307 91
88296830038582 91
88296897428200 23
88296897459587 66
88296964807975 23
88296964840821 66
88297032256640 91
88297099613577 23
88297099653163 91
88297158521288 23
88297158548482 66
88297158556146 91
88297225454176 23
88297225484996 66
88297292602772 23
88297292636360 66
88297292643901 91
88297359660010 91
88297426679400 23
88297426709919 66
88297493836318 91
88297493868671 23
88297493876393 66
88297560743614 91
88297560775130 23
88297627979326 66
88297628012620 91
88297701764004 23
88297701794991 66
88297701802287 91
88297769208602 91
88297769242142 23
88297769249777 66
88297836652715 91
88297903918686 23
88297903951246 66
88297971270367 91
88297971302207 23
88297971310017 66
88298048024761 23
88298048060238 66
88298048067948 91
88298097375164 23
88298097440408 66
88298164429000 23
88298164456771 66
88298164464268 91
88298231408804 91
88298298722281 23
88298298758045 66
88298365780734 23
88298365841010 66
88298365848775 91
88298432774534 23
88298499812811 66
88298499846309 91
88298573533609 23
88298640831072 66
88298640867064 91
88298708345497 23
88298708390894 66
88298775636754 91
88298843021349 23
88298843053006 66
88298843060652 91
88298969245194 23
88298969283998 66
88298969291698 91
88299036343332 91
88299103369318 23
88299103405283 66
88299103412700 91
88299170373591 23
88299170403784 66
88299170411727 23
88299170418749 91
88299237510519 23
88299237540544 66
88299304514664 23
88299304547564 66
88299304555270 91
88299371637682 91
88299371684916 23
88299438642438 66
88299438734552 91
88299512640204 23
88299512673893 66
88299512681432 91
88299580069818 23
88299580098913 66
88299580106188 91
88299647442554 23
88299647475118 66
88299714726821 23
88299714759190 66
88299714766858 91
88299841043746 23
88299841081854 66
88299841089359 91
88299908074736 91
88299975170466 23
88299975204425 66
88299975212044 23
88300042302671 66
88300042334083 91
88300109316523 23
88300109348150 66
88300176325087 91
88300243462470 91
88300243493939 23
88300310539775 66
88300310570184 91
88300384338958 23
88300384369843 66
88300384377271 91
88300451746311 23
88300451777817 66
88300519178872 23
88300519213190 66
