95759517840602 91
95759567959956 91
95759635177639 23
95759635204154 66
95759635211579 91
95759702136050 23
95759702162862 66
95759702170624 91
95759769154244 23
95759769180447 66
95759836669515 23
95759836700818 66
95759903436489 91
95759977261498 23
95759977296623 66
95760044618541 91
95760112007171 91
95760112041177 23
95760112048966 66
95760179374869 23
95760179406921 66
95760179414679 91
95760246778087 23
95760246811697 66
95760305722138 91
95760372918606 91
95760372944411 23
95760372952000 66
95760439940896 91
95760439976242 23
95760506940871 66
95760506973192 23
95760573932006 23
95760573958427 66
95760573965865 91
95760641211890 23
95760641248043 66
95760641255700 91
95760775215517 23
95760775248280 66
95760775256127 91
95760849039376 23
95760849085282 66
95760849093879 91
95760916338011 91
95760983711794 23
95760983738845 66
95761051102327 91
95761051144150 23
95761051154737 66
95761118499431 91
95761118535194 23
95761118542797 23
95761118549844 66
95761197091064 23
95761197127414 66
95761197135000 91
95761244808717 23
95761244838497 66
95761312019323 91
95761378934820 91
95761378972756 23
95761378980682 66
95761378988006 91
95761445907082 91
95761445945639 23
95761512883714 66
95761512906478 91
95761580129896 23
95761580160722 66
95761580168177 91
95761580175219 23
95761647448073 23
95761647493980 66
95761647505282 23
95761647515589 66
95761647525025 91
95761714186594 23
95761714232855 66
95761788141423 23
95761788170952 66
95761788178262 91
95761855835505 23
95761855862125 66
95761922789988 91
95761990178644 91
95761990214460 23
95762057580256 66
95762057618703 91
95762057626468 23
95762124956758 66
95762124989377 23
95762124996733 66
95762183529482 91
95762250767674 23
95762250798707 91
95762250806347 23
95762250813413 66
95762317787450 23
95762317820805 66
95762317828694 91
95762384781779 91
95762384815608 23
95762451791270 66
95762451818290 91
95762451826045 23
95762451833013 66
95762519065711 91
95762586023763 91
95762586052063 23
95762586059805 66
95762659749054 91
95762659781313 23
95762727136479 66
95762727163811 91
95762727171733 23
95762727178715 66
95762794651135 91
95762794679000 23
95762794686837 66
95762794693884 91
95762862034183 23
95762862065657 66
95762929304539 91
95762929339439 23
95762929347255 66
95762996618201 91
95762996648637 23
95762996656246 66
95763055492781 91
95763055517597 23
95763055525218 66
95763122499537 23
95763122524670 66
95763122532266 91
95763256808899 91
95763256838977 23
95763256846502 66
95763323791943 23
95763323826006 66
95763390799111 91
95763457872733 23
95763457901771 66
95763524934750 91
95763598875209 23
95763598909075 66
95763666230241 91
95763733636582 91
95763801018178 23
95763801051052 66
95763801058792 91
95763868413538 23
95763868442291 66
95763927244216 91
95763927270430 23
95763927278234 66
95763994451817 23
95763994476412 66
95763994484017 91
95764061476017 23
95764061509383 66
95764061517005 91
95764128481091 23
95764128515483 66
95764195442153 91
95764262714016 23
95764262750665 66
95764262758542 91
95764330463283 91
95764330487668 23
95764396836933 66
95764396868604 23
95764396876189 66
95764396883211 91
95764470610621 23
95764537963915 66
95764537995014 91
95764605332922 91
95764605360238 23
95764605368103 66
95764672756699 23
95764672786167 66
95764672793805 91
95764740144172 23
95764740189397 66
95764807467254 91
95764866177545 23
95764866200166 66
95764866207645 91
95764933224527 91
95764933254596 23
95765000420451 66
95765000453581 91
95765000461480 23
95765067428458 66
95765067458971 91
95765134477717 23
95765134503725 66
95765134511071 91
95765201512650 23
95765201550317 66
95765201557830 91
95765268676755 23
95765268704052 66
95765268711517 23
95765268718664 66
95765268725563 91
95765409713933 91
95765409740873 23
95765409748706 66
95765477063832 23
95765477092383 66
95765477100009 91
95765544573880 23
95765544608495 66
95765544616103 91
95765611821988 23
95765685502828 66
95765685535985 91
95765738139129 91
95765738169729 23
95765738177266 66
95765805342896 23
95765805369707 66
95765805377321 91
95765872634007 91
95765939300587 23
95765939329902 66
95765939337817 91
95766006374898 23
95766006411413 66
95766006418892 91
95766074100116 23
95766074125981 66
95766074133738 91
95766140468246 23
95766140496182 66
95766140503892 91
95766207596180 23
95766207625039 66
95766207632560 23
95766281415048 66
95766281444102 91
95766348778028 23
95766348809650 66
95766348817373 91
95766416145583 91
95766416169496 23
95766483545021 66
95766483574437 91
95766559244155 23
95766559278671 66
95766559286358 91
95766618353813 23
95766618385641 66
95766677168762 91
95766677214258 23
95766677223700 66
95766744010022 91
95766744034398 23
95766744041997 66
95766811229218 91
95766811260161 23
95766811267917 66
95766878920383 23
95766878943796 66
95766878951281 91
95767012334209 91
95767012361375 23
95767012368891 66
95767012375966 91
95767079434898 23
95767079466643 66
95767157926821 23
95767157975688 66
95767157984199 91
95767220498729 23
95767220527045 66
95767220534539 91
95767287886681 91
95767355266615 23
95767355303544 66
95767355312642 91
95767422664964 23
95767422694743 66
95767422702252 23
95767422709338 66
95767490035748 91
95767548855630 23
95767548882986 66
95767548890459 91
95767616202894 91
95767616230809 23
95767683065027 66
95767683095284 23
95767683102998 66
95767683110012 91
95767750011152 23
95767750046458 66
95767817081592 91
95767884340066 91
95767884366839 23
95767884374358 66
95767884381326 91
95767951165039 23
95767951197221 66
95768018395712 91
95768018423171 23
95768018430775 66
95768092212895 23
95768092238000 66
95768159634129 91
95768227026452 23
95768227057181 66
95768227064698 91
95768294370038 23
95768294404940 66
95768361766690 91
95768420629471 23
95768420654430 66
95768487808934 91
95768554881254 91
95768554914494 23
95768554922204 66
95768621896027 91
95768621929078 23
95768621936607 66
95768688889574 23
95768688926394 66
95768688934056 91
95768756094854 23
95768756121382 66
95768823094881 91
95768890111023 23
95768890138761 66
95768890146505 91
95768963946870 23
95769031326462 66
95769031351038 91
95769031358622 91
95769098702100 23
95769098728315 66
95769098735830 23
95769098743265 66
95769166142880 91
95769233492480 91
95769300817919 23
95769300848858 66
95769300856391 91
95769359530011 23
95769359550425 66
95769359558083 91
95769359597515 23
95769426781240 66
95769426807769 91
95769426815674 23
95769426822739 66
95769426829658 91
95769493805469 23
95769493838319 66
95769560802642 91
95769560834237 23
95769560842005 66
95769628546411 91
95769628588301 23
95769695192050 66
95769695217101 91
95769762058053 23
95769762085182 66
95769829193651 91
95769829230200 23
95769829237830 66
95769903045357 91
95769903076911 23
95769970465975 66
95769970491252 23
95769970498735 66
95769970505644 91
95770038042976 23
95770105208165 66
95770105243533 91
95770172617278 91
95770172651879 23
95770172659525 66
95770239938909 91
95770239969329 23
95770239976711 66
95770298532071 91
95770298558554 23
95770365569745 66
95770365603526 91
95770365610812 23
95770365617965 66
95770432625437 91
95770432656092 23
95770432663593 66
95770499700137 23
95770499729684 66
95770499736911 91
95770566721325 91
95770634314546 23
95770634345519 66
95770634353138 91
95770701115025 23
95770701149287 66
95770774767474 23
95770774799350 66
95770774807169 91
95770842104378 91
95770909536058 23
95770909562785 66
95770909570497 91
95770976910386 23
95770976943119 66
95770976950862 91
95771044265286 23
95771044298658 66
95771044306495 23
95771044314022 66
95771111665300 91
95771170353550 23
95771170412923 66
95771170421400 91
95771304628696 91
95771304658823 23
95771304666368 66
95771371646811 23
95771371674177 66
95771371681875 91
95771438673963 23
95771438701481 66
95771505688799 91
95771572898809 23
95771572931467 66
95771572938984 91
95771640037082 23
95771640087450 66
95771713823438 91
95771781214261 23
95771781248271 66
95771781255812 91
95771915998098 23
95771916028266 91
95771916035922 23
95771916042970 66
95771983371591 91
95771983399704 23
95771983407179 66
95772042307275 23
95772042336435 66
95772042344119 91
95772109539853 23
95772109568760 66
95772176713092 91
95772176742472 91
95772243478426 23
95772243509576 66
95772243517270 91
95772310610530 23
95772310644627 66
95772377620711 23
95772377647647 66
95772377655428 91
95772444644012 91
95772511709129 23
95772511740997 66
95772585628739 23
95772585659865 66
95772585667518 91
95772652943961 91
95772720297726 23
95772720320647 66
95772720328150 91
95772805915380 23
95772805951236 66
95772805958834 91
95772855083060 23
95772855109847 66
95772855118013 91
95772922454791 23
95772922486530 66
95772981189888 23
95772981245920 66
95773058259409 91
95773115410863 91
95773115441508 23
95773115448870 66
95773182475178 23
95773182510697 66
95773182518399 91
95773249415160 91
95773249445731 23
95773316522000 66
95773316547942 23
95773316555648 66
95773316562732 91
95773383632911 91
95773450624441 23
95773450652518 66
95773450660011 91
95773524670093 23
95773524702380 66
95773524709889 23
95773592087890 66
95773592120162 91
95773659412784 23
95773659439257 66
95773659446695 91
95773726773796 23
95773726801645 66
95773794191976 91
95773853044889 23
95773853080840 66
95773853088265 91
95773920078246 91
95773920105036 23
95773920112550 66
95773987161063 91
95773987204006 23
95773987211499 66
95774055084428 23
95774055116311 91
95774129101379 23
95774129136643 66
95774129144590 23
95774129151632 66
95774196496355 91
95774263889389 23
95774263928823 66
95774263936650 91
95774389602377 23
95774389635267 66
95774389643104 91
95774456662669 23
95774456696834 66
95774456704420 91
95774523636565 23
95774591429994 66
95774591463144 91
95774657895600 23
95774657927126 66
95774724904288 91
95774792860948 23
95774865961298 66
95774865996582 91
95774933324789 23
95774933353629 66
95774933361193 91
95775000825775 91
95775000856144 23
95775068107894 66
95775068138227 91
95775135469684 23
95775135501176 66
95775135508969 23
95775135516128 66
95775135523090 91
95775202834303 23
95775261478062 66
95775261509693 91
95775328445523 23
95775328478287 66
95775402923635 91
95775470236500 91
95775470265087 23
95775545962546 66
95775545998181 91
95775546005664 23
95775546012596 66
95775605048359 91
95775605083415 23
95775605091294 66
95775664904325 23
95775664935531 66
95775664943133 91
95775731134493 23
95775731171720 66
95775797910617 91
95775865132281 23
95775865164889 66
95775865172583 91
95775999202591 23
95775999246661 91
95775999255397 23
95775999262489 66
95776066328379 23
95776066360673 66
95776066368126 91
95776133355099 91
95776207241046 23
95776207271303 23
95776207279017 66
95776207286005 91
95776274570212 23
95776274597679 66
95776274605325 91
95776342016656 23
95776342044256 66
95776342052151 91
95776409374267 23
95776409409529 66
95776476744936 91
95776476772965 23
95776476780604 66
95776476787658 91
95776535629494 23
95776535656852 23
95776535664546 66
95776535671602 91
95776602867633 23
95776602897844 66
95776669942818 91
95776669973133 23
95776669981292 23
95776669988308 66
95776736826102 91
95776736860555 23
95776736868201 66
95776804029321 23
95776804063800 66
95776804071510 91
95776938045198 91
95776938075907 23
95776938083595 66
95777005122217 23
95777005151836 66
95777005159351 91
95777080247999 91
95777080276408 23
95777080283929 66
95777146296837 91
95777146327229 23
95777226268647 66
95777226308595 91
95777226316317 23
95777281058065 66
95777281086635 91
95777348416827 23
95777348442586 66
95777348450237 91
95777348458698 23
95777415804169 66
95777415830242 23
95777415838308 66
95777415845338 91
95777474595304 23
95777546244478 66
95777546277310 91
95777608733955 23
95777675760425 66
95777675788689 91
95777742915963 23
95777742944541 66
95777809944471 91
95777944165698 91
95777944199282 23
95777944206696 66
95778018104974 91
95778018153045 23
95778018161075 66
95778085390513 91
95778085418306 23
95778085425841 66
95778152817596 23
95778152852981 66
95778152860471 91
95778220157216 23
95778220187523 66
95778220195161 91
95778346517839 91
95778346549188 23
95778346556701 66
95778420191403 91
95778420217065 23
95778420224610 66
95778487673589 23
95778487708392 66
95778487715843 91
95778555001516 23
95778622365841 66
95778622400807 91
95778689762242 23
95778689788194 66
95778689795693 91
95778757085069 23
95778757110078 66
95778757117589 91
95778815886186 23
95778883067583 66
95778883102402 91
95778950092203 91
95779017133881 23
95779017162713 66
95779017170214 91
95779084312969 23
95779084347903 66
95779084355579 23
95779151188410 66
95779151219985 91
95779226626071 23
95779226663823 66
95779226671410 91
95779285347075 23
95779352420655 66
95779352451019 91
95779419607653 23
95779419638678 66
95779486619592 91
95779486652772 23
95779553689294 66
95779553718557 91
95779620660440 23
95779620688323 66
95779620696186 91
95779687829608 23
95779754842070 66
95779754872542 91
95779828878449 23
95779828907690 66
95779828915241 91
95779896202387 23
95779896231188 66
95779963566744 91
95780031075953 23
95780031104565 23
95780098331161 66
95780098358976 91
95780165715512 23
95780165742273 66
95780165749871 91
95780224264944 23
95780291339994 66
95780291377030 91
95780291385156 91
95780358405500 23
95780358437129 66
95780358444609 91
95780425487874 23
95780425518058 66
95780492698235 23
95780492723535 66
95780492730944 91
95780559938101 91
95780559971829 23
95780626792474 66
95780626828574 91
95780626836324 23
95780700572779 66
95780700605512 91
95780700613902 23
95780700620941 66
95780767956017 23
95780767993040 66
