86185591847847 91
86185725977637 23
86185726015242 91
86185792948548 23
86185792981460 66
86185792989038 91
86185871140854 23
86185871171022 66
86185871178782 91
86185927017831 23
86185927048564 66
86186011173697 91
86186011215212 23
86186067255895 66
86186067288710 91
86186067296244 23
86186128251729 66
86186128285709 91
86186195231884 23
86186195265034 66
86186195272615 91
86186274454986 23
86186274491798 66
86186274499373 91
86186329342022 23
86186329373094 66
86186406311502 91
86186406345041 23
86186463625178 66
86186463656654 23
86186530664440 66
86186530698979 91
86186607608375 91
86186664712796 23
86186664743343 66
86186731717257 91
86186731748781 23
86186731756505 66
86186809694214 23
86186809743262 66
86186866035902 91
86186938359787 91
86186938393842 23
86187006905532 66
86187006934898 91
86187006942482 23
86187073093097 66
86187073124124 23
86187073131625 66
86187207855860 91
86187275224368 91
86187335850185 23
86187335886668 66
86187335894090 91
86187413781509 23
86187413815807 66
86187469603196 23
86187469642778 66
86187469650297 91
86187536917379 23
86187615688588 66
86187615721319 91
86187737716854 23
86187737751031 66
86187737759351 91
86187805239898 23
86187805268089 66
86187805275833 91
86187938980210 23
86187939015896 66
86187939023643 91
86188087355985 91
86188087392349 23
86188140193962 66
86188140222250 23
86188140229817 66
86188140236872 91
86188286183886 23
86188286218307 66
86188286226530 91
86188341854331 91
86188418147655 23
86188418183912 66
86188475446129 91
86188475478965 23
86188475486630 66
86188549241498 91
86188609752722 23
86188609788905 66
86188676689910 91
86188676724468 23
86188743725891 66
86188743767256 23
86188821553215 66
86188821595587 91
86188877967814 23
86188961931830 66
86188961972955 91
86189019532423 23
86189019577064 66
86189086939214 91
86189146144609 91
86189146178344 23
86189224270211 66
86189224312124 91
86189280317682 23
86189280349717 66
86189280357413 23
86189347602915 66
86189347632015 91
86189426023901 23
86189426059064 91
86189481746783 23
86189481782266 66
86189481790021 91
86189548633198 23
86189548665731 66
86189548673343 91
86189615686968 23
86189615716410 66
86189693270008 23
86189693304859 66
86189693312484 91
86189749752322 23
86189816857502 66
86189816894652 91
86189895374827 23
86189895409451 23
86189950877302 66
86189950912314 91
86190026466062 91
86190096601122 23
86190096638588 23
86190096645894 66
86190096652781 91
86190152199187 23
86190152230850 66
86190219313473 91
86190219346784 23
86190286267669 66
86190286310031 23
86190286317678 66
86190286324697 91
86190420461896 23
86190420502053 66
86190554501971 91
86190628259316 23
86190628290600 66
86190628298331 91
86190695760965 91
86190777798421 23
86190777839308 66
86190777847023 91
86190830399655 23
86190830428822 66
86190898048725 23
86190898083780 66
86190965266575 91
86191034109037 91
86191101692536 23
86191101725748 66
86191158216589 91
86191158251374 23
86191158258959 66
86191225442191 91
86191225476632 23
86191303659976 66
86191303688463 91
86191359291663 23
86191359321059 66
86191426590046 23
86191426633114 66
86191426645563 91
86191493778942 23
86191570906306 66
86191570935812 91
86191627538060 91
86191694738434 23
86191694768152 66
86191694775802 91
86191779287747 23
86191779323224 66
86191828793280 23
86191828821897 66
86191828830325 91
86191895849585 91
86191974212754 23
86191974247167 66
86191974254814 91
86192030062878 91
86192030098574 23
86192097043577 66
86192097081189 91
86192097091138 23
86192176141979 66
86192176175274 91
86192176182877 23
86192239145152 66
86192239182638 91
86192298304050 23
86192298336769 66
86192298344292 91
86192365412143 23
86192365441988 66
86192443571985 91
86192443606450 23
86192443613943 66
86192499480862 91
86192499514396 23
86192499521830 66
86192566610048 23
86192566641489 66
86192566649089 91
86192639942892 23
86192639971938 66
86192700792850 23
86192700828699 66
86192700836200 91
86192767760644 91
86192846746109 23
86192846778687 66
86192846786516 91
86192901908080 23
86192901936831 66
86192981620741 23
86192981650731 66
86193035948743 91
86193103290268 91
86193170208093 23
86193170236733 66
86193170244491 91
86193237243839 23
86193237277388 66
86193237285062 91
86193315935849 23
86193315969369 66
86193371513538 91
86193371552068 23
86193445759915 66
86193445787742 91
86193445795396 23
86193513232326 66
86193513267048 91
86193580500189 23
86193580534648 66
86193580542069 91
86193648037304 23
86193648076160 66
86193648083860 91
86193706795769 23
86193706838527 66
86193773705059 23
86193773739693 66
86193773747339 91
86193908207871 91
86193908237826 23
86193974904830 66
86193974932893 91
86194042127928 23
86194042182273 66
86194042192336 91
86194109154582 23
86194109195246 66
86194176141581 23
86194176208372 66
86194176216257 91
86194250090283 23
86194317456671 66
86194317487908 91
86194385069973 23
86194385104508 66
86194385112188 91
86194519650350 91
86194519684161 23
86194519692332 66
86194578512992 23
86194578541991 66
86194578549637 91
86194712794917 91
86194712836450 23
86194712843911 66
86194779663014 91
86194779695854 23
86194779703423 66
86194846857258 91
86194980952850 91
86194980989238 23
86195047950709 66
86195047989702 23
86195121810714 66
86195121846088 91
86195189259426 23
86195256607653 66
86195256640191 91
86195334638995 23
86195334675735 66
86195334683580 91
86195458792129 91
86195458823629 23
86195458831321 66
86195517442742 23
86195517478387 66
86195584606255 91
86195651706574 23
86195718947732 66
86195718980670 91
86195785776720 91
86195852924131 23
86195852958150 66
86195852965715 23
86195930514625 66
86195930548921 91
86195987148260 23
86196053976890 66
86196054004114 91
86196129464993 91
86196129494224 23
86196188158506 66
86196188194397 23
86196188202407 66
86196255208750 91
86196333727608 23
86196333760129 66
86196333767825 91
86196456388600 91
86196456426213 23
86196529829164 66
86196529865272 91
86196590688228 23
86196590720575 66
86196590728291 91
86196666966616 23
86196666996630 66
86196724885669 91
86196724924706 23
86196812049705 66
86196812084518 91
86196812092067 23
86196858761672 66
86196858789871 23
86196858797632 66
86196858804658 91
86196992915455 23
86196992950743 66
86196992959881 91
86197059935636 91
86197127081883 23
86197127113091 66
86197127120783 91
86197194107892 23
86197194137306 66
86197194145161 91
86197272137021 23
86197272169955 66
86197328320152 91
86197328364302 23
86197400909405 66
86197400947050 91
86197462334934 23
86197462365612 66
86197462373368 91
86197539405727 23
86197539438601 66
86197596463797 91
86197596497936 23
86197663496225 66
86197663524350 91
86197741346472 23
86197741382210 66
86197741389926 23
86197741397113 66
86197797570339 91
86197872463589 91
86197872500898 23
86197942695985 66
86197942725890 91
86197942733449 23
86197998820337 66
86197998852475 91
86197998860720 23
86198066038650 66
86198066104205 23
86198066111963 66
86198066118951 91
86198144607294 91
86198200050031 23
86198200086103 66
86198267446409 91
86198267506905 23
86198346121320 66
86198346169960 91
86198401265291 23
86198401300277 66
86198401308232 91
86198477937437 23
86198477975107 66
86198535490367 91
86198535520592 23
86198602551588 66
86198602584609 91
86198674956265 23
86198675001300 66
86198675008944 91
86198736818387 23
86198736856072 66
86198815133582 91
86198815170570 23
86198871628528 66
86198871660434 23
86198947023969 66
86198947055292 91
86199017060069 23
86199017093753 66
86199017101375 91
86199139046736 91
86199139077723 23
86199139085511 66
86199139092525 91
86199205964199 23
86199205994257 66
86199206017377 91
86199273178010 23
86199273208233 66
86199340198609 23
86199340230970 66
86199407290961 91
86199474426215 91
86199474459964 23
86199474467597 66
86199541622542 91
86199608484058 23
86199608516815 66
86199690152766 23
86199690192427 66
86199690200229 91
86199819520518 23
86199819554961 91
86199819562647 23
86199819569480 66
86199883613846 23
86199883652973 91
86199954800020 23
86199954861364 66
86200020808481 23
86200020840223 66
86200020848057 91
86200077959271 23
86200077992097 91
86200144954419 23
86200144984947 66
86200222812055 91
86200222848481 23
86200222856286 66
86200279069961 23
86200279098186 66
86200279105963 91
86200353961531 23
86200354001654 66
86200421319797 91
86200488632439 23
86200488660642 66
86200488668244 91
86200547508548 23
86200614383533 66
86200614415187 91
86200681636505 91
86200748599008 23
86200748626958 66
86200748634501 91
86200815791964 23
86200815820553 66
86200815828281 91
86200882648564 23
86200882684408 66
86200882691889 91
86200949852227 23
86200949890610 66
86201023461517 23
86201023488791 66
86201023496412 91
86201090831720 91
86201158237365 23
86201158273014 66
86201158280789 23
86201226757975 66
86201226788111 91
86201293040138 23
86201360374538 66
86201360405286 91
86201419383148 23
86201419421568 66
86201419429019 91
86201553408578 23
86201553437767 91
86201553445233 23
86201620451995 66
86201620489976 91
86201687553221 23
86201687589848 66
86201687597866 91
86201754566275 23
86201754598883 66
86201754606939 91
86201821608215 23
86201821637833 66
86201888732404 91
86201888763612 23
86201962573268 66
86201962604744 91
86202030005664 23
86202030041597 66
86202030049384 23
86202105643719 66
86202105681755 91
86202164737174 23
86202164771504 66
86202164779206 91
86202299559713 23
86202299602944 66
86202299610577 91
86202368200011 23
86202425334047 66
86202425367476 91
86202492516859 91
86202492564530 23
86202568580327 66
86202568619121 91
86202568626996 23
86202638636160 66
86202638668672 91
86202638676382 91
86202638683400 23
86202693614114 23
86202693648565 66
86202770572116 91
86202770609160 23
86202770617077 66
86202827666870 91
86202894644137 23
86202894675394 66
86202894682965 23
86202961859972 66
86202961896927 91
86203028859593 23
86203028888570 66
86203028896262 23
86203095879019 66
86203095910643 91
86203173772516 91
86203173805266 23
86203230067842 66
86203230105519 91
86203230113165 23
86203297441052 66
86203297489821 91
86203364170308 23
86203364202826 66
86203364210315 91
86203431272686 23
86203431306630 66
86203498327879 91
86203498361446 23
86203498368983 66
86203565334586 91
86203565370558 23
86203642995754 66
86203643028487 91
86203643036304 23
86203643043356 66
86203699445542 23
86203699478702 66
86203699486529 91
86203766506226 91
86203844304359 23
86203844340888 66
86203900651877 91
86203900683475 23
86203967825295 66
86203967869916 23
86203967879348 66
86203967888838 91
86204102137297 91
86204102173436 23
86204102181047 66
86204168914501 91
86204168944505 23
86204236027607 66
86204236064487 91
86204303259991 23
86204303291575 66
86204379503800 91
86204379545017 23
86204449545975 66
86204449581940 23
86204504311502 66
86204504345541 91
86204581465024 91
86204638350461 23
86204638379012 66
86204716747187 23
86204716776333 66
86204716783880 91
86204772575419 91
86204839628339 23
86204839663292 66
86204839671149 91
86204918718046 23
86204918748779 66
86204918756246 91
86204973898758 23
86204973934271 66
86205041339200 91
86205041376461 23
86205041384052 66
86205107884097 23
86205107916594 66
86205107924186 91
86205241968974 23
86205241998296 91
86205309033283 23
86205309065819 66
86205309073231 91
86205388068696 23
86205388109163 66
86205443100857 91
86205443135970 23
86205510292085 66
86205510322736 91
86205510330611 23
86205577298718 66
86205577331109 23
86205577338801 66
86205577345885 91
86205711437083 23
86205711476208 66
86205711484645 91
86205851222185 23
86205851258472 66
86205851266223 91
86205912819924 23
86205979601704 66
86205979634554 91
86206058449845 91
86206058485157 23
86206113968609 66
86206113998015 91
86206114005460 23
86206114012562 66
86206190324967 91
86206248161180 23
86206248190793 66
86206248198557 91
86206315103371 23
86206315145360 66
86206382240737 23
86206382288481 91
86206382298835 23
86206449352289 66
86206449393151 91
86206516275916 23
86206516312565 66
86206583228390 91
86206583268724 23
86206583276319 66
86206650631639 91
86206724384952 23
86206724423684 66
86206724431482 91
86206784473254 23
86206784502427 66
86206784510157 91
86206851474496 23
86206851508708 66
86206918689424 23
86206918717657 66
86206918725168 91
86206997108462 23
86207052806425 66
86207052851723 91
86207125267001 23
86207125310962 66
86207125318640 91
86207254104091 23
86207254154069 66
86207254161835 91
86207320986987 23
86207400126772 66
86207400161712 91
86207528071139 91
86207528105974 23
86207528113533 66
86207601511178 91
86207601552587 23
86207656447019 66
86207656478594 91
86207733305426 23
86207733339966 66
86207733347668 91
86207790438600 23
86207790468344 66
86207857600439 91
86207857630328 23
86207935448093 66
86207935474741 23
86207935482166 66
86207991761227 91
86208058694673 23
86208058731946 66
86208058742917 91
86208136579270 23
86208192996762 66
86208193026902 91
86208260194233 23
86208260240735 66
86208260248180 91
86208338650215 91
86208394146571 23
86208394186769 66
86208461246644 91
86208461279394 23
86208461287015 66
86208528136128 91
86208605814229 23
86208605843886 66
86208662306725 23
86208662344412 66
86208662352084 91
86208796558532 23
86208796591217 66
86208796598851 91
86208863624366 23
86208863659171 66
86208863668077 91
86209009082175 23
86209009117843 66
86209009125316 91
86209064795791 23
86209131828223 66
86209131858444 91
86209207088186 23
86209207119268 66
86209207127000 91
86209267664754 23
86209333047904 66
86209333079122 91
86209400013820 23
86209467134272 66
86209467169499 91
86209545582811 23
86209545622204 66
86209601357375 91
86209668256144 23
86209668288462 66
86209668296027 91
86209813372446 91
86209813405466 23
86209813413126 66
86209869525768 91
86209869555510 23
86209936607912 66
86209936640498 23
86209936647973 66
86210014802832 91
86210070821390 91
86210070861616 23
86210070869169 66
86210137860046 23
86210137893876 66
