95579898878828 91
95579965821783 23
95579965852280 66
95579965859980 91
95580033037425 23
95580033071779 66
95580099992531 91
95580173720627 23
95580173747350 66
95580173755116 91
95580241132638 91
95580308496422 23
95580308525100 66
95580308532671 91
95580308540007 23
95580376026553 66
95580376060296 91
95580443321546 23
95580443358155 66
95580443367981 91
95580510671352 23
95580510705732 66
95580510713291 91
95580569509471 23
95580569535826 66
95580569544417 91
95580636564473 23
95580636601917 66
95580703595839 91
95580703625545 23
95580703633255 66
95580770635217 23
95580770666225 66
95580770673812 91
95580837747257 23
95580904866783 66
95580904911645 91
95580971816306 91
95580971848512 23
95580971855908 66
95581038977705 91
95581039018935 23
95581039028799 66
95581039037736 91
95581112872172 23
95581112914072 66
95581112921679 91
95581180229614 23
95581180262719 66
95581180270423 23
95581180277528 66
95581247642715 91
95581314962295 91
95581382365504 23
95581382395208 66
95581382403322 23
95581382410503 66
95581441279300 91
95581508514634 91
95581508547983 23
95581508555852 66
95581575475868 23
95581575505161 66
95581575513036 91
95581642454849 23
95581709562077 66
95581709594695 91
95581776720328 91
95581776755163 23
95581776762652 66
95581843739905 23
95581843768527 66
95581843776380 91
95581910899768 23
95581910943504 66
95581993013672 91
95582051968660 23
95582051996895 66
95582052004446 91
95582186668722 23
95582186698521 66
95582186706241 91
95582254077910 23
95582254108728 23
95582254116182 66
95582254123812 91
95582322155881 23
95582380275676 66
95582380299814 91
95582447340230 23
95582447372092 66
95582447379410 91
95582514509651 23
95582581495851 66
95582581532613 91
95582648512982 91
95582648546942 23
95582648554731 23
95582648562244 66
95582648569182 91
95582715515520 23
95582715542472 66
95582715549882 91
95582782719640 23
95582782748494 66
95582782756122 91
95582849575002 23
95582849599703 66
95582923744630 23
95582923781891 66
95582923789434 91
95582991028919 23
95582991064523 66
95583058464560 91
95583125794993 91
95583125828038 23
95583125835728 66
95583193139879 23
95583193164313 66
95583260558386 91
95583319211609 23
95583319243531 66
95583319251308 91
95583386219642 23
95583386249744 66
95583386257245 91
95583454116719 23
95583520441418 66
95583520477675 91
95583587445454 23
95583587473339 66
95583587481164 91
95583721636323 23
95583721670641 66
95583721678325 91
95583795359048 91
95583795384346 23
95583795391563 66
95583862730141 91
95583862753772 23
95583862761382 66
95583930238642 23
95583930285085 66
95583930292393 91
95583997599266 23
95583997637498 66
95583997645037 91
95584132294944 23
95584132321179 66
95584132328614 91
95584190922647 23
95584190946759 66
95584258188143 91
95584325174086 23
95584325209257 66
95584392159731 91
95584459275238 23
95584459309152 66
95584459316923 91
95584593381025 23
95584593416311 66
95584593424013 91
95584667149976 91
95584667180160 23
95584667187768 66
95584734549502 91
95584734581972 23
95584734589454 66
95584734596499 91
95584805537013 23
95584805574847 66
95584869352519 23
95584869387825 66
95584936632999 91
95585003991460 91
95585062860738 23
95585062888988 66
95585129900155 23
95585129932240 66
95585129942460 91
95585197068297 23
95585197102464 66
95585264281678 91
95585331323034 23
95585331350800 66
95585331358420 91
95585473531027 91
95585473561119 23
95585473568776 66
95585532252844 91
95585532319593 23
95585532327804 66
95585599325199 91
95585666589568 23
95585666624082 23
95585666631647 66
95585666638691 91
95585733472255 23
95585733502645 66
95585733510303 91
95585733517335 23
95585800513880 66
95585800544155 23
95585800551753 66
95585800559119 91
95585867667789 91
95585934770764 23
95585934805652 66
95586002143266 91
95586002174523 23
95586002182036 66
95586002189005 91
95586068769107 23
95586068800028 66
95586143178638 91
95586143216555 23
95586143224110 66
95586210584622 23
95586210622876 66
95586210630842 91
95586345241771 23
95586345276717 66
95586345284372 91
95586412589109 23
95586412618475 66
95586471251181 91
95586538291007 23
95586538323859 23
95586538331302 66
95586538338282 91
95586605320825 91
95586605353636 23
95586672475661 66
95586672512984 91
95586739525151 23
95586739554476 66
95586739562207 91
95586806499399 23
95586806528702 66
95586806536422 91
95586873709563 23
95586873743473 66
95586873751138 23
95586947437799 66
95586947469649 91
95587014858134 23
95587014894011 66
95587082224187 91
95587149643486 23
95587149675139 66
95587149683183 91
95587216949965 23
95587284399669 66
95587284427356 91
95587343148312 23
95587343179410 66
95587343187078 91
95587484360058 23
95587484393869 66
95587484401401 91
95587551792758 91
95587551820171 23
95587619132024 66
95587619167315 91
95587619175036 23
95587686534354 66
95587686566206 23
95587686573779 66
95587745497685 91
95587813150972 23
95587813176254 66
95587813184042 91
95587879670030 23
95587879700149 66
95587946709022 91
95588013704099 91
95588013735004 23
95588013742579 66
95588080725181 91
95588080753103 23
95588080760972 66
95588147986367 23
95588148018522 66
95588148026130 91
95588288723090 23
95588288756455 66
95588288764137 91
95588356106320 23
95588356133445 66
95588356141569 91
95588423481786 23
95588490859830 66
95588490894924 91
95588558250525 91
95588558281118 23
95588558289055 66
95588625620955 91
95588684474652 23
95588684504949 66
95588684512553 91
95588751443855 23
95588751472959 66
95588751480517 91
95588818723510 23
95588818749907 66
95588818757348 23
95588818764511 66
95588885631492 91
95588952709722 91
95588952744390 23
95588952752609 66
95589032893386 91
95589032926077 23
95589032933821 66
95589086908033 91
95589086939672 23
95589086947153 66
95589154010888 23
95589154042392 66
95589154049760 91
95589227940280 91
95589227970344 23
95589301460230 66
95589301497638 91
95589362628895 23
95589362667564 66
95589362675536 23
95589430087756 66
95589430129213 91
95589497467582 23
95589497509648 66
95589497517477 91
95589564781519 23
95589564823288 66
95589623881837 91
95589690361054 91
95589690388966 23
95589757449945 66
95589757476793 23
95589757484420 66
95589824502959 91
95589824538748 91
95589891647619 23
95589891675120 66
95589891682718 91
95589958642761 23
95589958671386 66
95589958679044 91
95590025711195 23
95590025735649 66
95590025743182 23
95590099551975 66
95590099581808 91
95590166922743 23
95590166955319 66
95590301673737 91
95590368991592 23
95590369017367 66
95590369024981 91
95590436439360 91
95590436473899 23
95590496270027 23
95590496306727 66
95590496314363 23
95590496321395 66
95590562245569 91
95590629489308 91
95590629524369 23
95590629531954 66
95590696364146 91
95590696400329 23
95590696407868 66
95590763436797 23
95590763465452 23
95590763473106 66
95590830444397 91
95590897657371 23
95590897689539 66
95590897697223 91
95590964734268 91
95590964769308 23
95590964777340 66
95591038641887 91
95591038675035 23
95591105976319 66
95591106001892 23
95591106009209 66
95591106016205 91
95591173402552 91
95591240789591 23
95591240823245 23
95591240830690 66
95591240837911 91
95591308140109 23
95591308167198 66
95591308174582 23
95591308181683 66
95591367045930 91
95591434094571 23
95591501238046 66
95591501271067 91
95591568329860 91
95591568362042 23
95591635598194 66
95591635632478 91
95591635640138 23
95591702371967 66
95591702405430 91
95591769367814 23
95591769394690 66
95591769402347 91
95591836648602 23
95591836679677 66
95591903613031 91
95591903650009 23
95591903658127 66
95591970642278 23
95591970667977 66
95592037770558 91
95592104814737 23
95592104843027 66
95592104850405 91
95592171842417 23
95592238849167 66
95592238874952 91
95592314562840 23
95592314598031 66
95592379906142 91
95592447276910 23
95592447306145 66
95592447314115 91
95592514625248 91
95592514648096 23
95592582147495 66
95592582190718 23
95592582198452 66
95592582205456 91
95592708387404 23
95592708423951 66
95592708431418 91
95592775351217 23
95592775381266 66
95592775388751 91
95592842431832 23
95592842457089 66
95592842464827 91
95592976557971 23
95592976590314 66
95592976597896 91
95593043745744 23
95593110844672 66
95593110873310 91
95593110880945 91
95593177815382 23
95593177842469 66
95593177850118 91
95593251627974 23
95593251656429 66
95593251664000 91
95593318982777 23
95593319017376 66
95593319025042 91
95593386369705 23
95593386393471 66
95593386400899 91
95593386407905 23
95593453741877 66
95593453768782 91
95593453776313 23
95593521126043 66
95593521152697 91
95593521160337 23
95593521167615 66
95593588509648 91
95593588541550 23
95593648861564 66
95593648901555 91
95593714593029 23
95593714671692 66
95593714679519 23
95593714686549 91
95593781718263 23
95593781753990 66
95593781761529 23
95593848506297 66
95593848537789 91
95593915463619 23
95593915490283 66
95593982505376 91
95594049718765 23
95594049751460 66
95594049759037 91
95594190726634 23
95594190760671 66
95594258159217 91
95594325474506 23
95594325500279 66
95594392882531 91
95594460259315 91
95594460288284 23
95594460295827 66
95594519119332 23
95594519144373 66
95594519151878 91
95594586175279 23
95594586203918 66
95594586211463 91
95594720493743 23
95594720527502 66
95594720534952 91
95594787420286 23
95594787447021 66
95594787454634 91
95594921482965 91
95594921519304 23
95594921527139 66
95594988622911 23
95594988655101 66
95594988662679 91
95595062428562 23
95595130151480 66
95595130186518 91
95595197207196 91
95595197236968 23
95595197244583 66
95595264611171 23
95595264651689 91
95595264659256 23
95595264666220 66
95595331936439 23
95595331967237 66
95595331974716 91
95595399370460 23
95595399398871 66
95595458006686 91
95595525149113 23
95595525182615 66
95595592080354 91
95595660290657 91
95595660313117 23
95595660320708 66
95595726337600 23
95595726372644 66
95595726380145 91
95595793479977 23
95595793507647 66
95595793515256 91
95595927478362 23
95595927516411 66
95595927524014 91
95596001539186 23
95596001569037 66
95596068937755 91
95596136274881 23
95596136306564 66
95596203710346 91
95596271154139 23
95596271187932 66
95596271195429 91
95596329968433 23
95596403693600 66
95596403721179 91
95596471070211 23
95596471098327 66
95596471105951 91
95596538547431 23
95596605832264 66
95596605861233 91
95596673215863 23
95596673243092 66
95596673250684 91
95596740620635 23
95596799434070 66
95596799460483 91
95596866426856 23
95596866458350 66
95596866466166 91
95596933406313 23
95596933435108 66
95596933442842 91
95597067585290 23
95597067612971 66
95597146896550 91
95597146933776 23
95597201926567 66
95597201959123 91
95597268921396 23
95597268959762 66
95597268967369 91
95597342800746 91
95597410148891 23
95597410180694 66
95597410188336 23
95597410195461 66
95597477559758 91
95597545020536 23
95597545050982 66
95597545058728 91
95597612391513 23
95597612416866 66
95597612424393 91
95597681759731 91
95597681789529 23
95597738355722 66
95597738387615 91
95597738395127 23
95597805312279 66
95597805344875 91
95597805352692 23
95597872639015 66
95597872680064 91
95597872690280 23
95597939693339 66
95597939718615 91
95597939726239 23
95598006886679 66
95598006914361 23
95598073591654 66
95598073625087 91
95598140735942 23
95598140773223 66
95598140781044 91
95598282142749 23
95598282169733 23
95598282177348 66
95598282185020 91
95598349280370 91
95598416677971 23
95598416708802 66
95598416716538 91
95598483996662 23
95598484021099 66
95598484028576 91
95598551407213 23
95598551434243 66
95598551441519 91
95598551448599 23
95598610192682 66
95598610223407 91
95598610231093 23
95598610238421 66
95598677148490 91
95598677179244 23
95598744408177 66
95598744441369 91
95598744448926 23
95598811384586 66
95598811412560 23
95598811420175 66
95598878443186 91
95598945411279 23
95598945438844 66
95598945446468 91
95599079551341 23
95599079579659 66
95599079587711 91
95599221135992 23
95599221189760 66
95599221197458 91
95599288395342 23
95599288429135 66
95599288436615 91
95599355777559 23
95599423113707 66
95599423136513 91
95599490518817 91
95599490548826 23
95599549190691 66
95599549220909 91
95599549228521 23
95599549235933 66
95599549274924 91
95599616192593 23
95599616228484 66
95599683235406 91
95599683263302 23
95599683271161 66
95599750326128 23
95599750359652 66
95599750367261 91
95599884450628 23
95599884488703 66
95599884496275 91
95599951695040 23
95599951733228 66
95600025410792 91
95600092801514 91
95600092842806 23
95600092850492 66
95600160208754 23
95600160243201 66
95600227597809 91
95600294853477 23
95600294881308 66
95600294888893 91
95600362376108 23
95600420982577 66
95600421020025 91
95600488014866 23
95600488049462 66
95600488057592 91
95600555033508 91
95600622067853 23
95600622098818 66
95600689357701 23
95600689392711 66
95600689400155 91
95600764421312 91
95600831790281 23
95600831818022 66
95600831825947 23
95600890323656 66
95600890351294 91
95600957417121 23
95600957446541 66
95601024563724 91
95601091553339 91
95601091586292 23
95601091593867 66
95601158642377 91
95601158669478 23
95601158677172 66
95601225695820 91
95601225726546 23
95601225734079 66
95601292875757 23
95601292908881 66
95601292916337 91
95601366617231 23
95601433984577 66
95601434013390 91
95601501415483 23
95601501449368 66
95601501456875 91
95601568808391 91
95601568842170 23
95601628266842 66
95601628311433 23
95601628320295 91
95601695259113 23
95601695285357 66
95601695292837 23
95601695299757 91
95601766564086 23
95601766602121 66
95601766609964 23
95601766616990 91
95601850814845 23
95601850853628 66
95601850861262 91
95601903517816 23
95601903545358 66
95601970906205 23
95601970932008 66
95601970939658 91
95602038779042 23
95602120342042 66
95602120389540 91
95602173060175 91
95602173092544 23
95602173101125 66
95602231704330 23
95602231734579 66
95602231742279 91
95602298784035 91
95602372975224 23
95602373011323 66
95602373018757 23
95602373025713 66
