90866985338522 91
90867052300100 91
90867052321697 23
90867119383391 66
90867119409112 91
90867119416987 23
90867186512393 66
90867186530521 91
90867186537891 23
90867253644622 66
90867253681511 23
90867253689271 66
90867320763098 91
90867394483596 23
90867394517510 66
90867394525184 91
90867529214773 23
90867529245808 66
90867529253357 91
90867663988577 23
90867664019670 66
90867664027073 91
90867723318980 23
90867723357717 66
90867723365745 91
90867790081298 91
90867864024893 23
90867864052392 66
90867864059835 91
90867931388462 23
90867931414076 66
90867931422000 91
90867998786582 23
90867998815936 66
90868066174222 91
90868066202238 23
90868066209775 66
90868133649843 91
90868133675874 23
90868133683488 66
90868133690500 91
90868203892649 23
90868203919536 66
90868203927214 91
90868259516316 23
90868259544007 66
90868326676529 91
90868326697817 23
90868326705517 66
90868393687776 23
90868393709432 66
90868460769675 91
90868527769286 91
90868594982325 23
90868595016281 66
90868662122925 91
90868662155850 23
90868662163453 66
90868735764770 91
90868735796023 23
90868735803642 66
90868803115248 91
90868803142723 23
90868803150298 66
90868870482614 23
90868870508480 66
90868870515941 91
90868937894559 91
90868937927196 23
90869005240135 66
90869005261200 91
90869072575533 23
90869072593204 66
90869072600860 91
90869072607832 23
90869131469580 66
90869131495392 91
90869131503255 23
90869131510200 66
90869198427841 91
90869198447829 23
90869198455495 66
90869265428444 91
90869265447150 23
90869265454708 66
90869332607238 23
90869332624057 66
90869399696079 91
90869466604942 91
90869466622957 23
90869466630379 66
90869533796000 91
90869533813776 23
90869600832005 66
90869600851125 91
90869600858617 23
90869674774669 66
90869674792346 23
90869674799815 66
90869742271740 91
90869809597350 23
90869809628402 66
90869876976212 91
90869944333598 23
90869944357778 66
90869944365255 91
90870070433285 23
90870070468484 91
90870070510468 23
90870137452512 66
90870204452035 23
90870204480513 66
90870204488097 91
90870271488874 23
90870271515923 66
90870271523329 91
90870405660387 23
90870405690167 66
90870405697921 91
90870546487905 23
90870546512267 66
90870546520115 91
90870613864392 91
90870681274108 23
90870681292550 66
90870681300356 91
90870748622255 23
90870748640531 66
90870748647905 91
90870816014884 23
90870816033598 66
90870816041200 91
90870883397835 23
90870883414800 23
90870883422277 66
90870883429484 91
90870942081438 23
90870942101028 66
90870942108486 23
90870942115567 66
90871009235338 91
90871076373374 23
90871076394105 66
90871143437049 91
90871210460957 91
90871210487893 23
90871277473116 66
90871277501421 23
90871277508967 66
90871277516035 91
90871350894016 91
90871418257096 23
90871418281819 66
90871418289428 91
90871485618737 23
90871485638838 66
90871552983322 91
90871553001154 23
90871553008757 66
90871620535490 91
90871620552707 23
90871620560588 66
90871687760296 23
90871687778086 66
90871687785804 91
90871755106045 23
90871814050951 66
90871814067173 91
90871881410203 91
90871881444378 23
90871948526362 66
90871948558099 91
90871948565713 23
90872015304923 66
90872015332097 91
90872015339555 23
90872082318838 66
90872082340353 91
90872082347916 23
90872149469492 23
90872149499757 66
90872149507562 23
90872216445432 66
90872216474204 91
90872283509972 23
90872283539718 66
90872357427455 91
90872436547977 23
90872436575607 66
90872436583228 91
90872492147573 91
90872559491034 23
90872559513977 66
90872559521686 91
90872626854468 23
90872626875615 66
90872626883526 91
90872694221493 23
90872694240346 66
90872694247819 91
90872752905755 23
90872752923744 66
90872752931245 91
90872820131665 23
90872820150278 66
90872887308757 23
90872887344859 66
90872887353013 91
90872954227717 23
90873021173180 66
90873021192808 91
90873021200953 91
90873088290787 23
90873088313264 66
90873155450724 91
90873155484262 23
90873155491670 66
90873222414486 23
90873222439180 66
90873222446791 91
90873296424396 91
90873363856237 23
90873363881053 66
90873363888761 91
90873431194326 23
90873431213636 66
90873431221646 23
90873498635492 66
90873498665286 91
90873565999377 91
90873566026763 23
90873566034379 66
90873624828272 23
90873691893592 66
90873691923055 91
90873758856437 23
90873758881090 66
90873758888675 91
90873893060920 91
90873893092317 23
90873893099798 66
90873960197723 91
90873960218803 23
90874027157504 66
90874027192596 91
90874094408256 23
90874094441246 66
90874094449031 91
90874168176000 23
90874168203996 66
90874236544254 23
90874236567241 66
90874236574897 91
90874303348864 91
90874370334692 23
90874370362021 66
90874370371354 23
90874437702527 66
90874437727430 91
90874496691029 23
90874496719222 66
90874563769476 91
90874630840640 23
90874630872339 66
90874630879806 91
90874764815225 23
90874764839473 66
90874764847264 91
90874831994124 91
90874832012053 23
90874899036558 66
90874899058725 91
90874899065906 23
90874899072833 66
90874966051800 91
90874966070509 23
90874966078135 66
90875039871288 23
90875039891698 66
90875039899280 91
90875107242005 91
90875174619051 23
90875174635831 66
90875241988658 23
90875242005128 66
90875309473421 91
90875376755074 23
90875376772815 66
90875435535261 91
90875502701673 91
90875502720913 23
90875502728573 66
90875502735735 91
90875569953340 91
90875636729482 23
90875636748571 66
90875636756092 91
90875703905668 23
90875703922607 66
90875703930124 91
90875771103520 23
90875771123166 66
90875771130653 23
90875837953942 66
90875837971358 91
90875837979021 23
90875904972968 66
90875904989963 91
90875904997520 23
90875905004649 66
90876046327595 91
90876113764366 23
90876113797517 66
90876113805179 91
90876248503936 23
90876248531256 66
90876248539216 91
90876374538327 23
90876374570464 66
90876374578142 91
90876441532621 91
90876508647569 23
90876508678946 66
90876508687017 91
90876575705576 23
90876575737639 66
90876575745413 23
90876575752446 91
90876642711104 23
90876642740925 66
90876710076616 91
90876710107654 23
90876710115450 66
90876776907012 91
90876776933630 23
90876850666531 66
90876850692200 91
90876918309939 23
90876918327421 66
90876985664931 91
90876985684438 23
90876985691772 66
90877052939965 23
90877052978135 91
90877120263091 23
90877120293977 66
90877187604312 23
90877187627722 66
90877187635106 91
90877246271803 91
90877246290345 23
90877313408107 66
90877313429077 91
90877313436690 23
90877313443730 66
90877380494127 23
90877380525070 66
90877380532845 91
90877447639282 23
90877447662917 66
90877514534436 91
90877581641851 91
90877581667085 23
90877581675021 66
90877649049083 91
90877649093956 23
90877716061037 66
90877716088498 91
90877789780843 23
90877789797629 66
90877857137069 23
90877857154346 66
90877857161857 91
90877924533403 23
90877924551980 66
90877991924996 91
90878059385802 23
90878059420239 66
90878126744202 91
90878185501311 91
90878252649969 23
90878252672707 66
90878319414165 91
90878319438627 23
90878319445858 66
90878386536473 91
90878386568432 23
90878386575838 66
90878453669738 91
90878453700409 23
90878531911145 66
90878531942977 23
90878531950796 66
90878531957836 91
90878587759623 23
90878661698095 66
90878661730050 91
90878728934829 23
90878728966331 66
90878796276935 91
90878863685853 23
90878931057101 66
90878931077987 91
90878998416778 91
90878998439960 23
90879057107049 66
90879057125776 23
90879057133283 66
90879191310433 91
90879191331934 91
90879258338080 23
90879258356123 66
90879325342442 91
90879325359210 23
90879325366900 66
90879392424798 23
90879392441105 66
90879392448610 91
90879465822019 91
90879465839481 23
90879533237251 66
90879533258987 23
90879533266430 66
90879600596837 91
90879668038679 91
90879735386690 23
90879735409965 66
90879735417466 23
90879735424408 91
90879802738214 23
90879802758635 66
90879802766232 91
90879870110895 23
90879870129350 66
90879870136690 91
90879937500732 23
90879937519139 23
90879937526533 66
90879996062740 23
90879996081115 66
90879996088606 91
90880130130242 91
90880130148683 23
90880130156319 66
90880197278486 91
90880197304288 23
90880264506500 66
90880264539368 23
90880264547060 66
90880331695089 91
90880398493019 23
90880398521186 66
90880398528862 91
90880539744455 23
90880539777843 66
90880539785254 91
90880607194184 23
90880674629088 66
90880674674395 91
90880741848368 23
90880741877207 91
90880811871470 23
90880811901194 66
90880811908588 91
90880867923696 91
90880935281844 23
90880935306046 66
90881002102808 91
90881069188507 23
90881069221755 91
90881069229254 14
90881136232747 23
90881136259100 66
90881136266613 91
90881203386519 23
90881203418522 91
90881270528326 23
90881270574713 14
90881270585612 91
90881337458979 23
90881337485016 23
90881337492973 14
90881337500040 66
90881411454865 91
90881478867783 23
90881478896508 23
90881478904053 23
90881478911043 91
90881546204414 23
90881546228458 14
90881546235918 23
90881613619968 66
90881613650798 91
90881680977812 23
90881681003133 66
90881681010752 91
90881739851787 23
90881739870051 91
90881806885301 23
90881806908771 14
90881806916242 66
90881806923288 23
90881873823779 66
90881873843413 91
90881941025754 23
90881941042655 66
90882008106139 91
90882008124958 23
90882075030003 23
90882075052393 91
90882075059889 23
90882142241321 23
90882142265365 23
90882142272914 91
90882209118298 23
90882209137853 14
90882209145533 66
90882209152461 91
90882283102641 23
90882283117890 66
90882283125228 91
90882350505203 23
90882350523710 66
90882350531386 91
90882417984115 23
90882418018907 66
90882418026913 91
90882485338227 23
90882485372410 66
90882485380042 91
90882552705439 23
90882552733408 66
90882620061412 91
90882620091625 23
90882620099131 66
90882620106238 91
90882678730140 23
90882678754958 66
90882745825884 91
90882745860490 23
90882745868023 66
90882812886473 91
90882812917225 23
90882880015596 66
90882880050492 91
90882946977118 23
90882947004003 66
90883014116453 91
90883014152304 23
90883014159958 66
90883081092242 91
90883081118192 23
90883081125952 23
90883154939788 66
90883154962860 23
90883222249591 66
90883222276891 91
90883222284145 23
90883289647259 66
90883289675001 23
90883289682410 91
90883357003099 23
90883357027024 66
90883424388173 91
90883424408648 23
90883491726771 66
90883550486857 23
90883550503773 66
90883550511528 91
90883617661214 23
90883617694887 91
90883684712822 23
90883684738944 66
90883684746398 91
90883751738703 23
90883751770388 66
90883818953757 23
90883818981295 66
90883818988751 91
90883886004517 23
90883886032468 66
90884019960409 91
90884093962761 91
90884093987215 23
90884161333931 66
90884161357498 91
90884228698532 23
90884228717235 66
90884228724804 91
90884296078623 23
90884296095107 66
90884363463242 23
90884363480587 66
90884363488263 91
90884489612429 91
90884489657653 23
90884489665516 66
90884556797171 91
90884556814140 23
90884556821333 66
90884623609639 91
90884623627974 23
90884623635637 66
90884699764210 23
90884699799751 66
90884757765397 91
90884824929480 23
90884824959242 66
90884824966846 91
90884891864775 23
90884891894055 66
90885033134254 91
90885100475800 91
90885100504537 23
90885167913527 66
90885235235586 91
90885235270713 23
90885235278359 66
90885303299837 23
90885303322350 66
90885303329903 91
90885361386368 23
90885361416665 66
90885428407987 91
90885428438990 91
90885495542864 23
90885495588918 66
90885562649065 91
90885562679796 23
90885562687434 66
90885629626533 23
90885629654004 66
90885629661754 91
90885696647989 91
90885763755205 23
90885763776597 66
90885763783933 91
90885830881355 23
90885830944081 66
90885904752803 23
90885904773232 66
90885904781171 91
90885972216973 91
90886039534772 23
90886039553786 66
90886039561410 23
90886107625097 66
90886107657321 91
90886174350280 23
90886233201682 66
90886233227089 91
90886300276879 23
90886300310541 66
90886300317986 91
90886441704611 23
90886441735011 66
90886441742685 91
90886509087355 91
90886576487841 23
90886576512586 66
90886643838663 23
90886643857398 66
90886643864887 91
90886702595227 91
90886769683227 23
90886769699944 66
90886769707572 91
90886769714827 23
90886836761622 66
90886836778711 91
90886836786502 23
90886903781460 66
90886903799294 23
90886903806741 66
90886970790708 91
90887038068805 23
90887038091969 91
90887105113513 23
90887105145977 66
90887105153574 91
90887172116240 23
90887172148828 66
90887246083102 23
90887246109352 66
90887246116555 91
90887313442482 23
90887380828809 66
90887380855397 91
90887380863105 91
90887448201786 23
90887448224449 66
90887515598765 91
90887515627481 23
90887515635044 66
90887582969004 23
90887582993092 66
90887583000699 91
90887641585507 23
90887708579754 66
90887708600808 91
90887775635149 23
90887775653776 66
90887842726428 91
90887842744292 91
90887909754548 23
90887909773464 66
90887909781415 91
90887976825929 23
90887976849331 66
90887976856759 91
90888044006468 23
90888044024726 66
90888117800162 23
90888117826080 66
90888117833533 91
90888185146550 91
90888185168267 23
90888252506380 66
90888252527014 91
90888252534633 23
90888319883621 66
90888319901909 91
90888319909342 23
90888319916319 66
90888387262374 91
90888387280691 23
90888387288544 66
90888454634198 23
90888454652221 66
90888513346698 91
90888580433925 91
90888580451355 23
90888580458957 66
90888647705066 91
90888714896413 23
90888714923242 23
90888714931183 66
90888781693699 23
90888781728048 66
90888781735639 91
90888848791399 23
90888848821700 66
90888916275148 91
90888982830816 23
90888982848135 66
90888982855761 91
90889056879902 23
90889056905331 66
90889124219542 91
90889191725856 91
90889259036599 23
90889259066261 66
90889259074033 91
90889326448236 23
90889326482913 66
90889326490299 91
90889385389876 23
90889385418437 66
90889385425867 91
90889452382706 23
90889452409869 66
90889519379380 23
90889519413584 66
90889519421058 91
90889586607949 23
90889653661032 66
90889653700224 91
90889720638985 23
90889720673778 66
90889720681594 91
90889787637811 91
90889787668318 23
90889854821031 66
90889854849420 23
90889854857106 66
