102511016366608 91
102511083492912 91
102511083527250 23
102511156171021 66
102511156205766 91
102511156213522 23
102511217383871 66
102511217422423 91
102511217429703 23
102511217436594 66
102511284655112 91
102511284696748 23
102511284704536 66
102511362898523 91
102511362930347 23
102511362938105 66
102511430077670 91
102511430114623 23
102511430122064 66
102511430129200 91
102511485764800 23
102511485801779 66
102511485809228 23
102511552812568 66
102511552845329 91
102511619848686 91
102511619879021 23
102511686972943 66
102511687007134 23
102511687014814 66
102511754039603 91
102511832104818 91
102511832139009 23
102511832146564 66
102511888353141 91
102511888381678 23
102511888389277 66
102511955119600 23
102511955150689 66
102511955158122 91
102512022374574 91
102512022411611 23
102512089277518 66
102512089308564 91
102512089316241 23
102512089323286 66
102512089330207 91
102512156279038 23
102512156308854 66
102512156318986 91
102512223318020 23
102512223349856 66
102512290502618 23
102512290533000 66
102512290540613 91
102512357872000 23
102512357908138 66
102512431503974 91
102512431534122 23
102512498889295 66
102512498918236 91
102512566265663 23
102512566296509 66
102512633709052 91
102512701056470 23
102512701093027 66
102512701100689 91
102512760048417 91
102512826942883 23
102512826974612 66
102512826982085 91
102512826989167 23
102512894307133 66
102512894342200 23
102512894349634 66
102512961142116 91
102513028161910 23
102513028194444 66
102513028202317 91
102513095171220 23
102513095205011 66
102513095212577 91
102513162624139 23
102513162664060 66
102513162671585 91
102513235876447 91
102513235918125 23
102513303241657 66
102513303277651 91
102513303285317 23
102513303292443 23
102513370681426 66
102513370729075 91
102513370736573 23
102513370743682 66
102513437986615 91
102513438021601 23
102513438029168 66
102513438036223 23
102513517960177 66
102513517998319 91
102513572779599 23
102513572814020 66
102513572821559 91
102513640173748 91
102513698903895 23
102513698937725 23
102513698946100 66
102513698953527 91
102513770650427 23
102513770685281 66
102513832903600 91
102513832935400 23
102513832943108 66
102513900216030 23
102513900249369 66
102513900256773 91
102513967123287 23
102513967152171 91
102513967159943 23
102513967166917 66
102514034371831 23
102514034408235 66
102514101207666 91
102514101244050 23
102514101251372 66
102514175005070 91
102514242343902 91
102514242374523 23
102514309757559 66
102514309788007 23
102514309795455 66
102514309802413 91
102514459137828 23
102514459178770 91
102514459186369 23
102514459193544 66
102514511907290 23
102514511941548 66
102514511948918 91
102514570708680 23
102514570739794 66
102514637760415 91
102514711833954 23
102514711874757 66
102514711882469 91
102514771864166 23
102514771894447 66
102514839477975 91
102514839533861 91
102514906109145 23
102514906144608 66
102514906152921 23
102514906160052 91
102514973132731 23
102514973185830 66
102515040125457 23
102515040155165 66
102515040162883 91
102515118120379 23
102515118152818 66
102515118160353 91
102515174357496 23
102515174389505 66
102515241903179 91
102515320115518 23
102515320149162 66
102515375414297 91
102515442816892 23
102515442885567 91
102515442893098 23
102515442900255 66
102515442907255 23
102515521382718 66
102515521417477 91
102515521425303 91
102515576780736 23
102515576812097 66
102515576819709 23
102515576826697 91
102515653285552 23
102515653319448 66
102515653327548 91
102515710878841 23
102515710911751 66
102515710919206 91
102515710926125 23
102515777868487 66
102515777903585 91
102515777911034 23
102515844886733 66
102515844924823 91
102515844932449 23
102515844939447 66
102515912098991 23
102515912138736 66
102515912146390 91
102515990816714 91
102515990861991 23
102516046177914 66
102516046210174 91
102516132483625 23
102516132520610 66
102516132528224 91
102516132535218 23
102516132542119 66
102516192590527 23
102516192626344 91
102516192633806 23
102516192640748 66
102516247421531 23
102516247457973 66
102516247466041 91
102516393962420 23
102516393994616 66
102516394002135 91
102516448518181 91
102516448548687 23
102516448556196 23
102516448563307 66
102516525859366 91
102516525900270 23
102516525907874 66
102516583056529 23
102516583096005 66
102516583103822 91
102516649728564 23
102516649760787 66
102516716785598 91
102516783929805 23
102516783962683 66
102516850861089 91
102516917952281 23
102516917985624 66
102516985128017 91
102517052163780 23
102517052199169 91
102517052206667 23
102517119140446 66
102517119196840 91
102517119205130 23
102517119212200 66
102517193099735 23
102517193131021 66
102517193138492 91
102517260485015 23
102517260517358 66
102517327857069 91
102517327890992 23
102517395250916 91
102517395286789 23
102517462667228 91
102517529986417 23
102517530017946 66
102517530025310 23
102517530032471 66
102517588787864 91
102517588827691 23
102517588835317 66
102517588842367 91
102517655687918 23
102517655727297 66
102517655734572 91
102517722821806 23
102517722856699 66
102517722864550 23
102517722871411 66
102517789865631 91
102517856934090 23
102517856967100 66
102517856974750 91
102517991139488 23
102517991170777 66
102518064811185 91
102518132169894 23
102518132204858 66
102518132212314 91
102518334379767 23
102518460480649 23
102518460520155 66
102518460530233 91
102518527500262 91
102518527534359 23
102518527542112 66
102518594924190 23
102518594975769 66
102518594986070 91
102518661927496 91
102518661957918 23
102518738808271 66
102518738845212 91
102518795810868 23
102518795848060 66
102518795855764 23
102518795862829 66
102518795869650 91
102518862887891 23
102518862921218 66
102518930025690 91
102518930054287 91
102519011263311 23
102519011300608 66
102519011308429 23
102519011315270 66
102519071314126 91
102519138677542 91
102519138708690 23
102519138716366 66
102519206110907 23
102519206144370 66
102519273412833 91
102519332362305 23
102519332399315 91
102519332407083 23
102519332414242 66
102519399411670 91
102519399449561 23
102519399457643 66
102519466492540 91
102519466528853 23
102519466536352 66
102519534123003 23
102519534151659 66
102519534159138 91
102519600540110 23
102519600570125 66
102519667767301 91
102519734771444 23
102519734805905 66
102519734813472 91
102519808253153 23
102519808285621 66
102519808293723 91
102519875659613 23
102519875695999 66
102519943001309 91
102520010430769 91
102520010465071 23
102520010472765 66
102520077778819 23
102520077811224 66
102520077818737 91
102520145131341 91
102520145164279 23
102520145171629 66
102520145178629 23
102520212521264 66
102520212557125 91
102520271693982 23
102520271734548 66
102520271742095 91
102520338481611 23
102520338514411 66
102520405625394 91
102520472492381 23
102520472528164 66
102520539581357 91
102520606807660 23
102520606864374 66
102520606871955 91
102520683365365 91
102520683401712 23
102520683410074 66
102520740954819 23
102520740992428 66
102520740999744 91
102520814769052 23
102520814802815 66
102520814810464 91
102520882105656 23
102520949511354 66
102520949542627 91
102521016870827 23
102521016902440 66
102521016910025 91
102521085856555 23
102521085898608 66
102521085909377 91
102521210194741 23
102521210226666 66
102521210234319 91
102521277340507 23
102521277374713 66
102521277382278 91
102521344369870 91
102521344399089 23
102521411370636 66
102521411404085 91
102521411411493 23
102521478430881 66
102521478462307 91
102521478469540 23
102521478477101 66
102521545587592 91
102521545626142 23
102521545633882 66
102521612624313 23
102521612654930 66
102521612662338 91
102521753815769 23
102521753845791 66
102521821242728 91
102521888568215 23
102521888603591 66
102521888611263 91
102521955985511 23
102521956025865 66
102521956034145 91
102522014983283 23
102522015020296 66
102522015028073 91
102522082144250 23
102522082173817 66
102522149168759 91
102522149203166 23
102522216129464 66
102522216161422 91
102522283308031 91
102522283339905 23
102522283347591 66
102522350324675 23
102522350355797 66
102522417439895 91
102522484452347 91
102522484485475 23
102522558208059 66
102522558247140 91
102522558254661 23
102522558261663 66
102522625739203 23
102522625785059 66
102522625792940 91
102522692960094 91
102522692990816 23
102522692998240 66
102522760349971 23
102522760385460 66
102522760393263 91
102522827709776 91
102522827747635 23
102522827755321 66
102522895101498 23
102522895137188 91
102522895144908 23
102522895151950 66
102522953908983 91
102522953942076 23
102522953950094 66
102522953957186 23
102523027728323 66
102523027761042 91
102523095055997 23
102523095088501 66
102523095095931 91
102523162507202 23
102523162541237 91
102523162548816 23
102523162555756 23
102523229873263 66
102523229907227 23
102523229914831 66
102523229921925 91
102523297221897 23
102523297253648 66
102523364660636 91
102523423373470 23
102523423407384 66
102523423415337 91
102523490351771 91
102523490380869 23
102523490388543 66
102523557548267 23
102523557579447 66
102523557586880 91
102523624992838 91
102523625024789 23
102523625032312 66
102523691623098 91
102523691653429 23
102523691661262 66
102523758698664 91
102523758738019 23
102523758746467 66
102523758753473 91
102523835728385 23
102523835760715 66
102523835768176 91
102523892905145 23
102523892937971 66
102523892945164 23
102523892952063 66
102523892959182 91
102523959901101 23
102523959935381 66
102523959942878 91
102524037683405 23
102524037715328 66
102524037723166 91
102524094077560 91
102524094112143 23
102524161059554 66
102524161092309 23
102524161162514 66
102524161170892 91
102524228151921 23
102524295270481 66
102524295301436 91
102524362347277 91
102524362384094 23
102524441044319 66
102524441079673 23
102524441087097 66
102524441094401 91
102524496432308 23
102524572890614 66
102524572926729 91
102524637848715 23
102524637883641 66
102524637891029 91
102524705312092 23
102524705343144 66
102524705350673 91
102524772600097 23
102524772627254 66
102524840089016 91
102524840124095 91
102524898905394 23
102524898940364 66
102524898947969 23
102524898955140 66
102524976885551 91
102524976921412 23
102525032927263 66
102525032955852 91
102525100087667 91
102525100122441 23
102525100129922 66
102525167050009 91
102525167083422 23
102525167091154 91
102525234197644 23
102525234246155 66
102525234254396 23
102525234261545 66
102525301276859 23
102525301305380 66
102525301313074 91
102525368389114 23
102525368421529 66
102525368429020 91
102525442221805 91
102525442258666 23
102525509591917 66
102525509626143 91
102525509633849 23
102525576966024 23
102525576997333 66
102525577005797 91
102525577012719 23
102525644340517 66
102525644370012 91
102525644377599 23
102525644384617 66
102525711729197 91
102525711767737 23
102525711776190 66
102525711784031 91
102525770661729 23
102525770697203 66
102525770705024 91
102525837842965 91
102525837876837 23
102525904825366 66
102525904856134 23
102525904864057 66
102525904871166 91
102525971846206 23
102525971876668 66
102526038869937 91
102526038904243 91
102526105946272 23
102526105979170 66
102526105987351 23
102526105994327 66
102526106001313 91
102526173068196 23
102526173101193 66
102526173109540 91
102526246605127 91
102526313914357 23
102526313945576 66
102526313953117 91
102526313960137 23
102526313966976 23
102526381265734 66
102526381298819 23
102526381306214 91
102526381313181 23
102526381320194 66
102526448680230 23
102526448714033 66
102526448721681 91
102526516089258 91
102526516124689 23
102526583531036 66
102526583575790 23
102526583583254 66
102526583590435 91
102526651009984 23
102526651044350 66
102526709666916 91
102526709703598 91
102526776794798 23
102526776823124 66
102526776830585 91
102526843745118 23
102526843777625 66
102526910781396 23
102526910817983 66
102526910825647 91
102526977958509 91
102526977993371 23
102526978001044 66
102526978008131 91
102527045504728 23
102527045554625 66
102527045563516 91
102527112023306 23
102527112057690 66
102527112065579 91
102527112072626 23
102527179008504 66
102527179042658 91
102527253000429 23
102527253032165 66
102527253039543 23
102527320423033 66
102527320456639 91
102527387743540 23
102527387773841 66
102527455156899 91
102527522542466 91
102527522578990 23
102527581721154 66
102527581752267 91
102527581759955 23
102527581767028 66
102527648463718 91
102527648495590 23
102527648502894 66
102527715666449 91
102527715697155 23
102527715704424 66
102527782681012 91
102527782713004 23
102527782720417 66
102527782727419 91
102527850063836 23
102527850137115 66
102527850149546 23
102527850159855 66
102527850168724 91
102527916782697 23
102527916830721 66
102527983970769 91
102527984005171 91
102528050973413 23
102528051032640 66
102528051040543 23
102528124722535 66
102528124755575 91
102528192202478 23
102528192248360 91
102528192256141 23
102528192263475 66
102528259514629 23
102528259552636 66
102528326930219 91
102528394286778 91
102528394325620 23
102528394334424 66
102528461672376 91
102528461710416 23
102528461719964 66
102528461727175 91
102528520494609 23
102528520528523 66
102528520536253 91
102528587437898 23
102528587470762 66
102528587477989 91
102528654647773 23
102528654681654 66
102528654689401 91
102528721659608 23
102528721695589 66
102528721702951 23
102528721709800 66
102528788699344 91
102528788735605 91
102528855786676 23
102528855823911 66
102528855831506 91
102528855838721 23
102528922713213 66
102528922753015 23
102528922760902 66
102528922768389 91
102528996427771 91
102528996460215 23
102529063839932 66
102529063873234 91
102529063880819 23
102529063887815 23
102529063894735 66
102529131224158 91
102529131252386 23
102529198681165 66
102529198735449 23
102529198743021 91
102529266178221 23
102529266222367 66
102529266230592 91
102529266237610 23
102529333362263 66
102529333394966 23
102529333402535 66
102529333409523 91
102529392252002 23
102529392280640 66
102529459397994 91
102529459427840 91
102529526490992 23
102529526524988 66
102529526532525 91
102529526539620 23
102529593500789 66
102529593535150 91
102529593542532 23
102529593549568 66
102529660663800 91
102529660697492 23
102529660705446 66
102529727540410 23
102529727570888 66
102529794595073 91
102529794625954 23
102529861792654 66
102529861826656 91
102529935605386 23
102529935639774 66
102529935647695 91
102530002929551 23
102530002964109 66
102530002972008 91
102530070324260 91
102530137678922 23
102530137711930 66
102530217635175 23
102530217684117 66
102530217691865 91
102530272448754 91
102530272479610 23
102530272487196 66
102530331221454 91
102530331253294 23
102530331260777 66
102530331268356 91
102530398289427 23
102530398321831 66
102530398329516 23
102530465482800 66
