90930171964681 91
90930228432189 91
90930295440266 23
90930295469358 66
90930295476932 91
90930362646124 23
90930362677240 66
90930362684998 91
90930430678780 23
90930430705329 66
90930503556753 91
90930503589772 23
90930570856487 66
90930570880599 91
90930570888335 23
90930638242689 66
90930638264779 23
90930638272184 66
90930638279146 91
90930705633962 91
90930773005635 23
90930773026623 66
90930773034196 91
90930831859308 23
90930831879817 66
90930831887314 91
90930898998852 23
90930899016956 66
90930899024419 91
90930966013276 23
90930966031023 66
90931033003666 91
90931033021532 23
90931033029023 66
90931033036128 91
90931100013288 23
90931100031315 66
90931167238185 91
90931167259854 23
90931167267404 66
90931234334862 91
90931234361571 23
90931301352703 66
90931301387120 91
90931301397938 23
90931375235083 66
90931375263868 23
90931442569884 66
90931442590960 91
90931509974684 23
90931509997482 66
90931510005136 91
90931644990370 23
90931645042846 66
90931645052827 91
90931712189026 23
90931770918870 66
90931770955199 91
90931837865256 91
90931905000291 23
90931905028068 66
90931905035669 91
90931972046935 23
90931972077037 66
90931972084507 23
90932039043985 66
90932039071323 91
90932173290357 23
90932173320884 91
90932173328656 23
90932173335694 66
90932240360718 91
90932240394403 23
90932314318536 66
90932314344342 91
90932381669197 23
90932381689280 66
90932451238001 23
90932451259969 66
90932451267570 91
90932583856268 23
90932583886978 66
90932583894696 91
90932642702579 23
90932642729301 66
90932642736722 91
90932710024147 23
90932776738184 66
90932776767102 91
90932843905854 23
90932910939395 66
90932910964200 91
90932977910255 23
90932977931682 66
90933044949712 91
90933112033896 23
90933112051623 66
90933112059317 91
90933253378638 23
90933253399578 66
90933253407461 91
90933320761240 23
90933320779651 66
90933320787351 91
90933455543922 23
90933455568163 66
90933455575547 91
90933581657586 91
90933581679580 23
90933581717114 23
90933581724734 66
90933648742156 91
90933648776279 23
90933648783845 66
90933715746251 91
90933782757794 23
90933782786110 66
90933782793735 91
90933849947447 23
90933849980749 66
90933916840583 91
90933916865228 23
90933916872687 66
90933983966399 91
90933983995172 23
90934057782391 66
90934057810286 23
90934057817679 66
90934125169978 91
90934192525758 23
90934192554002 66
90934192561770 91
90934259909737 23
90934259946996 66
90934327320365 91
90934394671627 23
90934453592723 66
90934453618106 91
90934520393685 23
90934520419285 66
90934520427508 91
90934654653577 91
90934654683874 23
90934654691515 23
90934654698618 66
90934721648022 91
90934721669545 23
90934788829806 66
90934788849010 91
90934788856961 23
90934788864166 66
90934856032222 23
90934856049917 66
90934856057739 91
90934996938758 23
90934996972670 66
90934996980189 91
90935064265629 23
90935064295391 66
90935064302972 91
90935131636791 91
90935199000806 23
90935199032113 66
90935199039620 23
90935199047044 66
90935266436724 91
90935325292968 23
90935325315887 66
90935325323685 91
90935397798706 91
90935459543451 23
90935459575239 66
90935459582762 91
90935526523452 23
90935526548125 66
90935593532368 23
90935593553145 66
90935593560509 91
90935660527713 23
90935727748451 66
90935727772796 91
90935727780352 91
90935794861024 23
90935794880471 66
90935794888255 91
90935868656019 23
90935868692836 66
90935868700540 91
90935936032407 23
90935936066106 66
90936003353409 23
90936003383996 66
90936003391543 91
90936070712146 91
90936138128923 23
90936138159674 66
90936205482760 91
90936205512626 23
90936205520171 66
90936264212862 91
90936331303598 23
90936331337351 66
90936331344717 91
90936398306789 23
90936398334381 66
90936398342029 23
90936465545937 66
90936465585384 91
90936532424796 91
90936532452721 23
90936532460564 23
90936599507844 66
90936599534944 23
90936599542457 91
90936666693658 23
90936666727329 66
90936736065722 23
90936736091773 66
90936736099592 91
90936807702980 91
90936807728606 23
90936807736393 66
90936875049467 91
90936875072662 23
90936875080921 66
90936942373063 91
90936942390497 23
90936942398163 66
90937009794774 23
90937009812198 66
90937009819908 91
90937135991269 91
90937136010789 23
90937136018469 66
90937203169676 91
90937203188198 23
90937270237683 66
90937270256606 23
90937270264308 66
90937270271786 91
90937337204992 91
90937404219944 23
90937404236839 66
90937404244798 91
90937471416110 23
90937471432786 66
90937538515425 91
90937605586983 23
90937605611393 23
90937679441475 66
90937679475429 91
90937746771381 91
90937814176578 23
90937814206382 66
90937881563572 91
90937948908708 23
90937948934964 66
90937948942718 91
90938016362608 23
90938016397285 66
90938074967447 91
90938075000886 23
90938075008403 66
90938142037849 91
90938209223438 91
90938209248508 14
90938276664514 91
90938343257920 23
90938343284496 14
90938343292550 66
90938343299674 91
90938410291167 23
90938477992057 66
90938478019092 91
90938544497850 23
90938544523851 66
90938544531416 91
90938678751775 91
90938678781984 23
90938678789577 14
90938678796513 66
90938745613299 91
90938812628781 23
90938812648445 66
90938812656867 23
90938879760955 66
90938879783629 23
90938946873391 66
90938946897070 91
90939020616064 23
90939020634407 66
90939020641823 91
90939088008483 23
90939088026426 66
90939155377819 91
90939222724209 23
90939222741874 66
90939222749297 91
90939357528683 91
90939357552509 23
90939357560116 66
90939416216278 91
90939483246623 23
90939483264038 66
90939483271561 91
90939550874858 23
90939550891388 66
90939617522433 23
90939617547275 66
90939617555074 91
90939684501127 23
90939751506675 66
90939751527350 91
90939818684040 91
90939818704117 23
90939818711507 66
90939885815072 91
90939885849328 23
90939959792794 66
90939959826762 91
90940027158636 23
90940027185465 66
90940027193249 91
90940094563750 23
90940094601489 66
90940161941167 23
90940161971537 66
90940161979054 91
90940288249385 23
90940288275727 91
90940288283395 23
90940288290475 66
90940355292756 91
90940355326818 23
90940355334343 66
90940422277540 23
90940422305067 66
90940489304785 91
90940556491967 91
90940623487897 23
90940623512790 66
90940690592221 23
90940690620307 66
90940690627856 91
90940757560004 91
90940831456320 23
90940831478388 66
90940831486388 91
90940898946911 23
90940898966241 66
90940966236670 91
90940966261254 23
90940966268815 66
90941033610425 91
90941033632135 23
90941033639501 66
90941100968323 23
90941100986644 66
90941100994494 91
90941226949202 23
90941226967822 66
90941226975458 91
90941294042311 91
90941294059392 23
90941361076318 66
90941361095635 23
90941361103270 66
90941428302792 91
90941495286242 23
90941495305874 66
90941495313413 91
90941562300153 91
90941629375034 23
90941629392339 23
90941629400318 66
90941629407531 91
90941703149828 23
90941703168990 66
90941703176559 23
90941703183595 66
90941770556435 91
90941770572454 91
90941837889229 23
90941837907244 66
90941837914818 91
90941905410039 23
90941905443144 66
90941905450820 91
90941972731225 23
90941972766577 66
90942040107440 23
90942040137339 66
90942040145160 91
90942098932439 23
90942098957106 66
90942165919750 91
90942165943787 91
90942233141003 23
90942233173052 66
90942300033373 23
90942300058241 66
90942300065549 91
90942367113390 23
90942434294540 66
90942434318680 91
90942501274396 91
90942501296299 23
90942568448285 66
90942568482438 23
90942568489929 66
90942568497007 91
90942709703586 23
90942709738071 66
90942709745777 91
90942844437661 23
90942844466091 66
90942844473815 91
90942911762651 91
90942911783556 23
90942970721825 23
90942970747793 66
90942970755294 91
90943037806612 23
90943037827630 66
90943037835145 91
90943104870593 23
90943104895276 66
90943172032676 91
90943172054833 23
90943172062380 66
90943239214265 91
90943239232198 23
90943239239616 66
90943306000038 91
90943306017498 23
90943306025371 23
90943306032397 66
90943373023608 23
90943373041838 66
90943440233961 91
90943514013177 23
90943514032083 66
90943514039511 91
90943581348387 91
90943648732642 23
90943648749764 66
90943648757297 23
90943716085864 66
90943716103044 91
90943783563522 91
90943850983117 23
90943851021671 66
90943851029311 91
90943909841487 23
90943909876348 66
90943976787246 91
90943976819309 23
90943976827017 66
90944043787458 23
90944043815239 66
90944043822535 91
90944110797740 91
90944177993498 23
90944178018579 66
90944178026416 23
90944245258047 66
90944245310559 91
90944312079660 91
90944312114031 23
90944312122035 66
90944312129181 91
90944379108971 23
90944379137842 66
90944379145323 91
90944453094323 23
90944453122268 66
90944520774929 91
90944520798196 23
90944587848171 66
90944587872642 23
90944587880125 66
90944587887123 91
90944655257346 23
90944722616284 66
90944722634908 91
90944722642385 91
90944781448215 23
90944781466913 66
90944781474493 91
90944848665821 23
90944848686825 66
90944848694322 91
90944915856246 23
90944915882293 66
90944982616212 23
90944982637405 66
90944982644986 91
90945049843810 91
90945049870339 23
90945049877534 66
90945116799932 91
90945116834192 23
90945183874519 66
90945183902276 91
90945183910121 23
90945251099142 66
90945251127375 91
90945324821527 23
90945324847646 66
90945324855765 91
90945392230121 23
90945392257574 66
90945392265203 91
90945392272207 23
90945459580858 23
90945459608778 66
90945459616025 23
90945459623210 66
90945526953167 91
90945594309265 23
90945594328688 66
90945594336331 91
90945720544712 23
90945720565825 66
90945720573736 91
90945787413498 23
90945854713626 66
90945854747308 91
90945921720134 23
90945921754012 66
90945921761643 91
90945988800762 23
90946055741412 66
90946055769100 91
90946122956740 91
90946122984219 23
90946122992063 66
90946189951774 91
90946189978604 23
90946263952604 66
90946263980582 23
90946263988284 66
90946331349811 91
90946466097142 23
90946466127574 66
90946466135364 91
90946533428150 23
90946592234819 23
90946592257617 66
90946592265313 91
90946659380291 91
90946726415300 23
90946726435367 66
90946726442632 23
90946726449950 66
90946793424814 91
90946860432477 91
90946860450516 23
90946860458135 66
90946927634520 23
90946927653052 66
90946927660479 91
90946994733280 91
90947061769508 23
90947061789657 66
90947061797230 91
90947135616336 23
90947135634735 66
90947135642397 23
90947202972919 66
90947202992438 91
90947270390027 91
90947337777617 23
90947337800749 66
90947405129079 23
90947405150014 66
90947405157771 91
90947472489099 91
90947531232359 23
90947531249505 66
90947531256947 91
90947608589019 23
90947608625618 66
90947608633113 91
90947665463258 23
90947665496217 66
90947665503768 91
90947732493959 23
90947732528166 66
90947732536118 91
90947799608249 23
90947799648173 66
90947799655606 91
90947866520163 23
90947866553216 66
90947933765846 91
90947933802616 23
90947933810137 66
90948006303871 23
90948006338575 66
90948074753667 91
90948142108401 91
90948142135472 23
90948209526743 66
90948209555354 23
90948276940070 66
90948344380061 91
90948403062753 91
90948403096646 23
90948403104356 66
90948470431821 91
90948470477783 23
90948470488668 66
90948537298005 23
90948537338296 66
90948604266114 91
90948671867280 91
90948738399846 23
90948738425494 66
90948738432953 23
90948738439975 66
90948805422422 91
90948872410712 23
90948872429073 91
90948872436443 23
90948872443471 66
90948946413300 23
90948946432160 66
90948946439751 91
90949013807480 23
90949081212521 66
90949081233688 91
90949148595501 91
90949148619896 23
90949148627407 66
90949215928360 23
90949215950509 66
90949215957879 91
90949341917172 23
90949341940222 66
90949341947853 91
90949409059171 23
90949409083868 66
90949409091658 91
90949543092334 91
90949543116239 23
90949610421853 66
90949610440628 91
90949677291004 23
90949677310596 66
90949677318228 23
90949677325304 91
90949744478663 23
90949744513484 66
90949744520907 23
90949818222143 66
90949818257704 91
90949885558635 23
90949952959211 66
90949952988267 91
90950020675342 23
90950020696660 66
90950087711709 91
90950155093878 91
90950155124268 23
90950155131932 66
90950213923517 91
90950213957775 23
90950213965630 66
90950213972759 91
90950280885200 23
90950280912415 66
90950347899205 91
90950347927004 23
90950347934981 66
90950415151433 91
90950482214052 23
90950482244054 66
90950482251961 23
90950549087981 66
90950549109303 91
90950616240208 23
90950616265736 66
90950616273329 91
90950757236057 23
90950757262417 66
90950757270155 91
90950824636106 91
90950824658860 23
90950892006586 66
90950892025617 91
90950892033349 23
90950959399484 66
90950959421005 91
90950959428476 23
90951026756487 66
90951026776387 23
90951026783880 66
90951094198307 91
90951152763077 23
90951152784224 66
90951152791765 91
90951219848627 23
90951286798705 66
90951286816271 91
90951353936596 91
90951353952712 23
90951353960241 66
90951420968017 23
90951420984267 66
90951420991768 91
90951555241898 91
90951555267655 23
90951555275375 66
90951628942687 91
90951628960481 23
90951696479782 66
90951696514186 23
90951696521699 66
90951763819504 91
90951831123378 23
90951831151432 66
90951831159263 91
90951965883769 91
90951965911131 23
90952024710282 66
90952024742267 23
90952091717426 66
90952091743668 91
90952158714724 23
90952158743273 66
90952158750635 91
90952225772268 23
90952225799574 91
90952292950904 23
90952292982543 66
90952292990019 23
90952359977513 66
90952360008868 91
90952426972733 23
90952427002650 66
90952500710882 91
90952568101873 23
90952568131020 66
90952568138899 91
90952635490073 91
90952635516214 23
90952635523455 66
90952702866957 23
90952702899698 91
90952702907202 23
90952770252925 66
90952770281000 91
90952770288476 23
90952770295925 66
90952770302854 91
90952837587174 23
90952837614382 66
90952896414756 91
90952896436661 23
90952896444435 66
90952896451717 91
90952963462275 23
90952963485403 66
90953030597611 23
90953030618004 66
