104630105156681 91
104630105193399 23
104630105201773 66
104630161924907 91
104630229038694 91
104630229072023 23
104630229079622 66
104630229086841 91
104630303729085 23
104630303766810 66
104630303774492 23
104630303781361 66
104630303788317 91
104630363253251 91
104630430362142 23
104630430396756 66
104630430404321 91
104630518290518 23
104630518326152 66
104630518333664 91
104630518340733 23
104630564289857 66
104630564324894 23
104630564332734 66
104630564339789 91
104630631541332 91
104630631577465 23
104630704516678 66
104630704552684 23
104630704560352 66
104630704567467 91
104630765643863 23
104630765671774 66
104630765679315 91
104630911710766 23
104630911746737 66
104630911754433 91
104630966738991 23
104630966768075 66
104630966775618 91
104631043595352 91
104631043627699 23
104631100771416 66
104631100808639 91
104631100815971 23
104631168013806 66
104631168046304 23
104631168054473 66
104631244882371 91
104631302059735 91
104631302090233 23
104631302097591 66
104631369087081 91
104631369118554 23
104631369126116 66
104631459124532 23
104631459177075 66
104631459184589 91
104631503328740 23
104631503366331 66
104631503374073 91
104631575581342 23
104631575615756 66
104631575623529 91
104631648188343 23
104631648227334 66
104631704637856 91
104631704670951 91
104631771500763 23
104631771532501 66
104631771540500 91
104631771581360 23
104631850080553 66
104631850110735 91
104631850118252 23
104631905724347 66
104631905760289 91
104631905769360 23
104631972887664 66
104631972935276 23
104631972943108 66
104631972950143 91
104632051615265 23
104632051669311 66
104632051680344 91
104632106835690 23
104632106868194 66
104632106875690 91
104632183379827 91
104632183413674 23
104632183421191 66
104632240982898 91
104632241025269 23
104632241032914 66
104632307916894 91
104632307955746 23
104632307963561 66
104632375084415 91
104632375123178 23
104632375133839 23
104632375143337 66
104632375152343 23
104632442214509 66
104632442247791 91
104632442255244 91
104632509319098 23
104632509351833 66
104632509359982 23
104632509367102 91
104632586767392 23
104632586813745 66
104632586824200 23
104632586832319 66
104632586840451 91
104632643328622 23
104632643360059 66
104632643367989 91
104632788512265 23
104632788546132 66
104632788554080 91
104632852931440 23
104632852965619 66
104632852973635 91
104632911689104 91
104632911725321 23
104632990045915 66
104632990075945 23
104632990083762 66
104632990090923 91
104633045775234 91
104633045813967 23
104633045821685 66
104633112910269 23
104633112947236 66
104633112955121 91
104633191827951 23
104633191862661 66
104633191871055 91
104633246975067 91
104633247006947 23
104633314052291 66
104633314096315 23
104633314103812 91
104633314110886 23
104633409435040 66
104633409472246 91
104633409479812 23
104633448344811 66
104633448371985 91
104633448379367 23
104633448386337 66
104633524999323 23
104633525028663 66
104633525036433 91
104633582244404 23
104633582275630 66
104633659664199 91
104633659710924 91
104633726278098 23
104633726311404 66
104633726318943 91
104633726325858 23
104633783854478 66
104633783886027 23
104633783893632 66
104633783900656 91
104633850472883 23
104633850505894 66
104633928263800 91
104633984698638 23
104633984728857 66
104633984736287 91
104633984743368 91
104634051760167 23
104634051793906 66
104634118740671 23
104634118772338 66
104634118779941 91
104634118787110 23
104634118793973 66
104634185957129 91
104634253068591 91
104634253107214 23
104634253114781 66
104634319917402 91
104634319949266 23
104634319956568 66
104634397570462 91
104634397606890 23
104634397614393 66
104634397621413 91
104634454158669 23
104634454194707 66
104634454202310 23
104634454209431 66
104634528568991 91
104634528601885 23
104634528610035 66
104634588376611 91
104634655617402 23
104634722497222 66
104634800827484 91
104634856641692 23
104634856677167 66
104634856684969 91
104634931501778 23
104634931531027 66
104634931538578 91
104635057648887 23
104635057682352 66
104635057689877 91
104635124706475 91
104635124739166 23
104635124746896 66
104635204121662 23
104635204159365 66
104635204167007 91
104635258878603 91
104635258910171 23
104635258917696 66
104635334514071 91
104635334548931 23
104635334556598 66
104635405278650 91
104635405314727 23
104635405322280 66
104635405329167 23
104635460208586 66
104635460239796 91
104635537175418 91
104635537205715 23
104635537213458 66
104635537220444 23
104635604579040 66
104635604615168 91
104635661357916 23
104635661391637 66
104635661399223 91
104635735189008 91
104635735222094 23
104635735229645 66
104635795438342 23
104635795468235 66
104635795475754 91
104635862607649 23
104635862645471 66
104635862653032 91
104635940970296 23
104635941013301 66
104635941022932 91
104635996883073 91
104636063786589 23
104636063853986 66
104636063861857 23
104636063868992 66
104636142396004 91
104636203349795 23
104636203386603 66
104636203394289 91
104636265065025 23
104636265104978 66
104636265112603 91
104636332219411 23
104636332273975 66
104636409687134 91
104636466119874 23
104636466156232 66
104636466163638 91
104636533266113 91
104636533297875 23
104636533305559 66
104636533312649 23
104636606273983 66
104636606307042 91
104636667378862 23
104636667410535 66
104636667418044 91
104636734566706 91
104636734600071 23
104636734607467 66
104636812913764 91
104636812948094 23
104636812955820 66
104636868528651 23
104636868561565 66
104636868569305 91
104636935598685 91
104636935633790 23
104636935641719 66
104637002858950 91
104637002894290 23
104637002901519 66
104637069795445 91
104637069829196 23
104637069836912 66
104637069843854 91
104637136789933 23
104637136823875 66
104637136831617 91
104637203866183 23
104637203898136 66
104637282069166 23
104637282096880 66
104637282104483 91
104637337980125 23
104637338025394 66
104637338032838 91
104637404975494 23
104637405009102 66
104637472184779 91
104637546837578 23
104637546870414 66
104637546877818 91
104637606298776 23
104637606329204 66
104637684284107 91
104637740442739 23
104637740477979 66
104637807546352 91
104637807580121 23
104637885851589 66
104637885883111 91
104637941671564 91
104637941708509 23
104637941716155 66
104638015000692 91
104638015037687 23
104638015045299 66
104638015052373 23
104638075784347 66
104638075818611 91
104638142698381 91
104638142727525 23
104638142734986 66
104638142742040 91
104638219090823 23
104638219125280 66
104638219132719 91
104638289218261 23
104638289250693 66
104638289258196 91
104638343954922 23
104638343988695 66
104638343996347 91
104638411052785 23
104638411093405 66
104638411101058 23
104638411108736 66
104638478062634 91
104638556406504 23
104638556440575 23
104638556448259 66
104638556455309 91
104638612441329 23
104638612489360 66
104638612497104 91
104638679176771 23
104638679204026 91
104638758400655 23
104638758440213 66
104638758447975 91
104638813507103 23
104638813541467 66
104638813548793 23
104638813555970 66
104638880754603 91
104638947492547 91
104638947527875 23
104638947535458 66
104639025594888 23
104639025634659 66
104639025642192 91
104639081646817 23
104639081677592 66
104639081684977 91
104639148676113 23
104639148710286 66
104639148718288 91
104639230059614 91
104639282916962 23
104639282950964 66
104639282958543 23
104639349960051 66
104639349987711 91
104639428923277 91
104639428954715 23
104639428962500 66
104639484232631 91
104639484263049 23
104639484270670 66
104639560821325 91
104639560858614 23
104639560866883 66
104639618455042 91
104639618504583 23
104639618511983 66
104639691910636 91
104639691940332 23
104639691947859 66
104639752470078 23
104639752502274 91
104639752509604 23
104639752516530 66
104639819427725 23
104639819464534 66
104639819472222 91
104639819479298 23
104639886459581 66
104639886492163 91
104639964008743 23
104639964041152 66
104639964048832 91
104640020702817 23
104640020743622 66
104640095024701 91
104640154709904 23
104640154743003 66
104640154750711 91
104640221865446 23
104640221895505 66
104640221902942 91
104640367276188 23
104640367309593 66
104640367317154 91
104640422973387 91
104640423008723 23
104640423016429 66
104640423023338 23
104640495645905 66
104640495684075 91
104640495692133 91
104640557219432 23
104640557250230 66
104640557257713 23
104640624423537 66
104640624459545 91
104640691325830 91
104640691360519 23
104640691368275 66
104640691375315 91
104640770528079 23
104640770560035 66
104640770567381 91
104640825323743 23
104640825355723 66
104640825363409 91
104640898478138 23
104640898509919 66
104640898517621 91
104640971881027 23
104640971914760 66
104640971922226 91
104640971929711 23
104641027034616 66
104641027073710 91
104641027081110 23
104641103782566 66
104641103820054 91
104641103827660 23
104641160673547 66
104641160703261 91
104641160710740 23
104641160717698 66
104641227859640 23
104641227894113 66
104641227901644 91
104641305841297 23
104641305892405 66
104641305900230 91
104641361913446 91
104641361944867 23
104641361952450 66
104641428956273 91
104641428988071 23
104641428995584 66
104641507059095 91
104641507089370 23
104641507096972 66
104641563187451 23
104641563218890 66
104641563226325 91
104641563233170 23
104641630182421 66
104641630217910 91
104641709153422 23
104641709192489 66
104641831466015 91
104641898415940 23
104641898451793 66
104641976222950 91
104641976252877 23
104641976260490 66
104642032693100 91
104642032728372 91
104642099774700 23
104642099809311 23
104642099816909 66
104642166664897 91
104642166698821 23
104642166706571 66
104642233986808 91
104642234023767 23
104642234031165 66
104642234038272 91
104642300993564 23
104642301033291 66
104642301040902 91
104642379466142 23
104642379497397 66
104642379505650 23
104642379514859 66
104642379524081 91
104642434919092 23
104642434951246 66
104642523585900 91
104642577549262 23
104642577583166 66
104642636229801 91
104642636263872 91
104642712675264 23
104642712707879 66
104642712715486 91
104642770370848 23
104642770404598 66
104642770412341 23
104642837308197 66
104642837343496 91
104642904451525 91
104642904482713 23
104642904490111 66
104642971527017 23
104642971563944 66
104643045694043 91
104643105588153 23
104643105619468 66
104643172776927 91
104643251969979 23
104643252001758 91
104643252009321 23
104643252016490 66
104643306926321 91
104643306969077 23
104643306977131 66
104643306984268 91
104643394172122 23
104643394208870 66
104643394216572 23
104643394223526 66
104643394230556 91
104643446479429 91
104643514746796 23
104643514774108 66
104643514781788 91
104643514788977 23
104643514795875 66
104643581200003 91
104643581233319 23
104643581241569 66
104643648782851 91
104643648817452 23
104643648825187 66
104643648832146 91
104643715977713 23
104643716011909 66
104643716019526 91
104643783366619 23
104643783399917 66
104643783407289 91
104643850754822 23
104643850781074 23
104643850788875 66
104643850796032 23
104643850803372 66
104643918158556 91
104643985502964 91
104643985534997 23
104643985542429 66
104644052885324 91
104644052915804 23
104644052923212 66
104644052930210 91
104644111591928 23
104644111619528 66
104644111627525 23
104644111634407 66
104644178812085 91
104644257242656 23
104644257277314 66
104644257285591 91
104644312909223 23
104644312948694 66
104644379949077 91
104644379978950 23
104644453686384 66
104644453719737 91
104644514018300 91
104644514053620 23
104644514061131 66
104644590363173 23
104644590397286 66
104644590404849 91
104644652284612 91
104644652325478 23
104644652333349 66
104644715249719 23
104644715280527 66
104644715287921 91
104644782403533 23
104644782435301 66
104644782442759 91
104644856664158 23
104644856705339 23
104644856712934 66
104644916465135 91
104644916496306 23
104644916503746 66
104644916510788 91
104644983534227 91
104645050539239 23
104645050569830 66
104645050577154 23
104645050584092 66
104645050591049 91
104645129779060 23
104645129816299 66
104645184946804 91
104645259515216 23
104645259549930 66
104645259557429 91
104645330989044 23
104645331020411 66
104645331027857 91
104645397221217 91
104645397258146 23
104645462819655 66
104645462856148 23
104645462863759 66
104645462870812 91
104645520020258 23
104645520051305 66
104645587135918 91
104645587167217 91
104645664962127 23
104645665004877 66
104645665012346 23
104645665019658 66
104645721168088 91
104645721198860 23
104645800142205 66
104645800176199 91
104645855401014 23
104645855434198 66
104645932004157 91
104645989416173 23
104645989447675 66
104645989455061 91
104646056624815 23
104646056660050 66
104646056667637 91
104646130571540 23
104646190719738 66
104646190754648 91
104646257671948 23
104646257727564 66
104646257735610 91
104646335355432 23
104646335396394 66
104646391929989 91
104646458884643 91
104646458918770 23
104646458926436 66
104646531419301 23
104646531454476 66
104646531461840 91
104646593031738 91
104646593065765 23
104646593073014 66
104646660181750 91
104646660215889 23
104646660223571 66
104646738573761 23
104646738601819 66
104646738609511 91
104646794396460 91
104646794431518 23
104646794439055 66
104646861583618 23
104646861615901 66
104646938529139 91
104646995526066 91
104646995557588 23
104646995565211 66
104647062539681 91
104647062573932 23
104647062581675 66
104647129530324 91
104647129567117 23
104647129574708 66
104647129581726 23
104647208635307 66
104647208670444 91
104647263912696 23
104647263940824 66
104647263948208 91
104647331243996 91
104647331294408 23
104647331302257 66
104647397789238 23
104647397823571 66
104647397831228 91
104647464871228 23
104647464907658 66
104647464915155 91
104647532046082 23
104647532079447 66
104647532087012 91
104647599175815 23
104647599220050 66
104647599227685 91
104647677005480 91
104647733139669 23
104647733172836 66
104647733180896 23
104647800310546 66
104647800344212 91
104647878274519 23
104647878310440 66
104647934422122 91
104647934450737 23
104647934458212 66
104648001376850 91
104648080355911 23
104648080390893 66
104648135613523 91
104648202674440 23
104648202701336 66
104648202708825 91
104648269635626 91
104648269665750 23
104648269673301 66
104648347519438 91
104648347550473 23
104648347557807 66
104648403794389 91
104648403831900 23
104648403839334 66
104648476316175 91
104648476348247 23
104648476355816 66
104648549441714 23
104648549471896 66
