106850174758596 91
106850251170664 23
106850251206767 66
106850251214547 91
106850308715480 91
106850308744419 23
106850308751948 66
106850375650439 23
106850375683784 66
106850375691478 91
106850454117631 23
106850454149310 66
106850454156689 91
106850509951550 91
106850509989379 23
106850509997058 66
106850582215268 91
106850582249968 23
106850582257568 66
106850582264668 91
106850644074033 23
106850644105744 66
106850711208277 23
106850711244600 66
106850711252423 91
106850711259508 23
106850711266363 66
106850778100518 91
106850856443573 23
106850856478104 66
106850912392594 91
106850985118164 23
106850985151054 66
106850985158658 91
106851046466518 23
106851046499720 66
106851046507193 91
106851123568801 91
106851123602387 23
106851123609954 66
106851180627587 23
106851180659113 66
106851247524183 91
106851325543614 91
106851325581394 23
106851382023219 66
106851382062924 23
106851382070541 66
106851382077942 91
106851448904838 23
106851448940363 66
106851526831738 91
106851583010979 23
106851583045763 66
106851650045050 91
106851650078741 91
106851728901535 23
106851728938289 66
106851728946377 23
106851784163103 66
106851784193722 91
106851851245047 23
106851851282613 66
106851851290187 91
106851930141594 91
106851930176956 23
106851985475719 66
106851985522120 23
106851985529663 66
106851985536800 91
106852119573637 23
106852119613050 66
106852119620599 91
106852186626154 91
106852186666243 23
106852186673867 23
106852186680792 66
106852186687706 23
106852186694567 66
106852253518573 91
106852320603207 23
106852320632438 66
106852399321035 91
106852454769884 23
106852454802185 66
106852454809673 91
106852531281113 91
106852531322057 23
106852531330226 66
106852588934497 91
106852588977575 23
106852588986939 66
106852662120332 91
106852662169762 23
106852662177217 66
106852662184130 23
106852662191092 66
106852662197969 91
106852722985110 91
106852723021935 23
106852790275501 23
106852790313281 23
106852790320822 66
106852790328073 91
106852790335645 23
106852857094385 66
106852857124135 91
106852857131767 23
106852924344739 66
106852924376358 91
106852924383945 23
106852924391136 66
106852991438790 23
106852991471080 66
106852991478681 91
106853058446080 91
106853058481131 23
106853058489040 66
106853135822161 23
106853135861140 66
106853135868798 91
106853192503464 23
106853192538581 66
106853192546504 91
106853259482942 23
106853259519216 66
106853259529164 91
106853337798168 23
106853337841852 66
106853337849568 91
106853407811498 91
106853460922212 23
106853460954929 66
106853460962864 91
106853528140014 23
106853528178222 66
106853528185797 91
106853528192878 23
106853528199821 66
106853594967018 91
106853594997617 23
106853595004969 66
106853661921453 91
106853661952496 23
106853661959881 66
106853661966999 91
106853741029187 23
106853741061928 66
106853741069763 23
106853741076868 66
106853741083892 91
106853796187361 91
106853873049435 23
106853873098241 66
106853873108685 23
106853873118266 66
106853930306632 91
106853997377594 23
106853997411411 66
106854074233169 91
106854131662026 23
106854131722143 66
106854198417069 91
106854276139588 23
106854276175091 66
106854276182602 91
106854332657381 23
106854332690926 66
106854332698425 91
106854332705327 23
106854399650454 66
106854399716659 91
106854399724515 23
106854399731515 66
106854466838413 91
106854466876148 91
106854533876735 23
106854533911139 66
106854533919499 91
106854600912251 23
106854600953321 66
106854600962230 91
106854600971006 23
106854667888400 66
106854667921879 23
106854667929315 66
106854667936410 91
106854735130056 23
106854735159671 66
106854735167242 91
106854735174314 23
106854802127259 66
106854802160424 91
106854869256411 23
106854869289890 66
106854869297667 91
106854943178109 23
106854943209492 66
106854943217089 91
106855010597017 23
106855010633460 66
106855077907004 91
106855077943674 91
106855145287548 23
106855145317290 66
106855145325153 91
106855212687925 23
106855212717717 66
106855212725813 23
106855212732697 66
106855212739626 91
106855271531504 91
106855271562788 23
106855271570601 66
106855338530670 91
106855338567322 23
106855338574790 66
106855405628799 23
106855405683556 66
106855405691525 91
106855472710350 23
106855472738777 66
106855472746539 91
106855540040266 23
106855540078889 66
106855607147883 91
106855673894901 91
106855673931569 23
106855673939224 66
106855673946186 91
106855747493460 23
106855747525286 66
106855747532958 23
106855747539799 66
106855747546855 91
106855814844526 23
106855814875237 66
106855882286738 91
106855882322605 23
106855949635646 66
106855949671850 91
106856017044129 23
106856017074963 66
106856017082528 91
106856084409027 23
106856084441692 66
106856084449464 91
106856084456533 23
106856143344550 66
106856143375374 91
106856210417799 23
106856210454557 66
106856277543778 91
106856344618100 91
106856344653325 23
106856344660943 66
106856344668070 23
106856411593428 66
106856411626324 91
106856478694246 23
106856478729487 66
106856478737370 91
106856545810169 91
106856545843172 23
106856545850660 66
106856545857622 23
106856612841087 66
106856612872392 91
106856686710417 23
106856686760705 66
106856686770469 91
106856753976069 23
106856754011298 66
106856754019066 91
106856831217556 91
106856831253102 23
106856831260578 66
106856888738640 23
106856888775187 66
106856888782680 91
106856956162618 23
106856956192143 66
106856956199831 91
106857023510242 23
106857023542643 66
106857023549947 91
106857082416769 91
106857149716844 23
106857149754194 66
106857149761765 23
106857149768886 66
106857149775884 91
106857216667319 23
106857216698702 66
106857283491672 91
106857358184506 23
106857358221763 66
106857358229544 91
106857417773529 91
106857417815350 23
106857417822843 66
106857417829919 23
106857417836935 66
106857484709323 91
106857551707198 91
106857551736405 23
106857551744210 66
106857625783350 23
106857625817504 66
106857625825181 91
106857693088069 23
106857693123761 66
106857693131278 91
106857760440794 23
106857760470047 66
106857827806561 91
106857827837146 91
106857895221137 23
106857895257368 66
106857895265919 91
106857954103194 23
106857954140254 66
106857954147879 91
106857954154944 23
106858021402471 66
106858021435761 23
106858021443570 91
106858021450606 23
106858021458081 66
106858088651145 23
106858088699421 66
106858088707087 91
106858155330860 23
106858155366878 66
106858222358075 91
106858222394909 23
106858298693604 66
106858298722587 91
106858368814100 91
106858368857531 23
106858368865235 66
106858368872162 23
106858368879321 66
106858423672702 91
106858423707521 91
106858490627256 23
106858490663249 66
106858490670583 91
106858490677686 23
106858570168521 66
106858570211048 23
106858570218939 66
106858624906403 91
106858701970383 23
106858702006893 66
106858702014485 91
106858758877963 23
106858758910436 66
106858758918862 91
106858825981932 23
106858826012237 66
106858826019806 91
106858899225945 91
106858899262872 23
106858960087075 66
106858960116737 23
106858960124242 66
106858960131378 91
106859027291752 23
106859027324598 66
106859027332209 91
106859105231255 23
106859105263756 66
106859105271919 91
106859161303789 23
106859161333931 66
106859161342917 91
106859228331159 23
106859228365885 66
106859301877395 91
106859301907265 23
106859301914804 66
106859362655363 91
106859440425311 91
106859440470431 23
106859440479557 66
106859508538095 23
106859508575255 66
106859563867547 91
106859640411423 91
106859640442066 23
106859640449710 66
106859698167304 23
106859698241724 66
106859698250114 91
106859765127526 23
106859765165369 66
106859765173143 91
106859832113853 91
106859832148228 23
106859832155948 66
106859832162956 91
106859899011047 23
106859899040552 66
106859899048195 23
106859899055328 66
106859899062270 91
106859977682359 91
106860033272793 23
106860033312693 66
106860033320236 23
106860033327256 66
106860107702093 91
106860175063803 23
106860175102344 91
106860175109794 23
106860175116969 66
106860175123935 23
106860175131510 66
106860242462125 91
106860309836988 23
106860309869113 66
106860309876638 91
106860368575030 23
106860368613375 66
106860368621047 91
106860435629798 23
106860502679946 66
106860502710216 91
106860502718063 23
106860569863053 66
106860569895866 91
106860636906848 23
106860636955012 66
106860703746618 91
106860770974037 23
106860771005406 66
106860771013029 91
106860837960971 23
106860837992686 66
106860838000416 91
106860912028577 91
106860912061599 23
106860912069158 66
106860912076350 23
106860979426984 66
106860979463527 91
106861046761471 23
106861046798404 66
106861046806697 91
106861114163232 23
106861114190367 66
106861114198113 91
106861181511785 23
106861181545805 66
106861240398373 91
106861307416233 23
106861307449229 66
106861374476808 91
106861374505309 23
106861374513007 66
106861441644558 91
106861508808905 91
106861508847982 23
106861508855809 66
106861508862913 91
106861575709023 23
106861575747853 66
106861575755507 91
106861643054438 23
106861643122260 66
106861643134282 23
106861643143767 66
106861643153007 91
106861709968359 91
106861710002232 23
106861710010135 66
106861796301879 23
106861796342827 66
106861796350782 91
106861851120504 23
106861851156769 66
106861851164421 91
106861918506549 23
106861985919866 66
106861985961375 91
106861985969069 23
106862053217466 66
106862053251283 91
106862112167865 23
106862112201005 66
106862112208705 91
106862179391251 23
106862179421862 66
106862246513221 91
106862246564023 91
106862313375040 23
106862313409867 66
106862313417542 23
106862313424715 66
106862380539710 91
106862380577681 23
106862380585167 66
106862447600139 91
106862447634906 91
106862514565138 23
106862514594569 66
106862514601967 23
106862581637356 66
106862581673217 91
106862581680684 23
106862655425949 66
106862655457848 91
106862722794187 91
106862722829050 23
106862722836621 66
106862790285503 23
106862790322197 66
106862790329762 91
106862857551315 23
106862857583443 66
106862857591215 91
106862984119027 23
106862984165376 66
106862984172865 91
106862984180000 23
106862984187119 66
106863051105177 91
106863051135867 23
106863128297730 66
106863128337040 91
106863128344742 23
106863185276271 66
106863185305299 91
106863252463714 23
106863252517445 66
106863252525716 91
106863330471949 23
106863330509986 66
106863330517558 91
106863386586314 91
106863386625350 23
106863386633142 66
106863453656790 23
106863453692667 66
106863520634571 91
106863520667384 23
106863520675468 66
106863587852372 91
106863587888358 23
106863654736932 66
106863654774173 91
106863721825513 91
106863721858479 23
106863721866081 66
106863721872968 91
106863788836827 23
106863788866496 66
106863788874118 91
106863862675910 23
106863862707006 66
106863862714628 91
106863862721684 23
106863862728624 66
106863930077943 91
106863930113257 23
106863930120744 66
106863997515639 91
106863997563650 23
106863997571444 66
106864064811851 23
106864064844417 66
106864132196365 91
106864132226854 23
106864199562149 66
106864199594361 91
106864258689471 23
106864258737192 66
106864258745006 91
106864258752049 91
106864325277402 23
106864325303623 66
106864325311408 23
106864325318854 66
106864392496388 91
106864392528417 91
106864459605513 23
106864459640889 66
106864459648885 23
106864459655993 66
106864459662933 91
106864526599880 91
106864526636682 23
106864593639097 66
106864593677237 91
106864593685044 23
106864660816377 66
106864660850731 23
106864660858930 66
106864660866093 91
106864727891944 23
106864727925862 66
106864727933353 91
106864801881749 23
106864801924053 66
106864801931471 91
106864869292170 91
106864869336204 23
106864869343793 66
106864936645372 91
106864936680939 23
106864936688474 66
106865003996912 23
106865004036830 66
106865004044369 91
106865071265272 23
106865071299289 66
106865071306772 91
106865130177753 91
106865130203770 23
106865130211339 66
106865197336310 23
106865197413626 91
106865197423034 23
106865197430100 66
106865264296786 23
106865264323824 66
106865264331570 91
106865331261959 23
106865331297969 66
106865331305638 91
106865398543583 91
106865398580239 23
106865465510328 66
106865465548008 23
106865465555587 66
106865465562593 91
106865532580122 23
106865532616707 66
106865532624709 91
106865599663997 23
106865599701730 66
106865599709710 91
106865673505683 91
106865673539527 23
106865673547110 66
106865673554114 91
106865740853908 23
106865740890604 66
106865740898099 23
106865740905028 66
106865740911978 91
106865824938148 23
106865824973250 23
106865824981055 66
106865824988236 91
106865875608844 23
106865875637221 66
106865943065095 91
106866019990985 91
106866020036433 23
106866020044171 66
106866020051481 23
106866020058352 66
106866077819600 91
106866077860054 23
106866077867569 66
106866136165741 91
106866136208316 23
106866136215845 66
106866203206857 91
106866270361944 23
106866270397435 66
106866270405656 91
106866337350128 23
106866337383728 66
106866337391500 91
106866404493205 91
106866404529088 23
106866471824722 66
106866471882330 23
106866471892471 66
106866471901821 91
106866548126299 23
106866548173624 66
106866605574213 91
106866605606339 91
106866672802068 23
106866672836939 66
106866672844617 23
106866672851778 66
106866672858684 91
106866749943569 23
106866749976644 66
106866806782458 91
106866880906630 23
106866880960017 66
106866880967643 91
106866941011623 91
106866941041977 23
106866941049393 66
106866941056486 91
106867008032502 23
106867008066106 66
106867008073729 23
106867008080582 66
106867075034472 91
106867075068012 23
106867153265414 66
106867153301850 91
106867209237973 23
106867281540442 66
106867281579558 91
106867348964533 23
106867348999901 66
106867349007195 91
106867416294533 23
106867416329802 66
106867416338164 91
106867483756029 23
106867483792194 91
106867483799779 23
106867483806894 66
106867551125622 91
106867551160885 23
106867551168296 66
106867618706136 91
106867618737240 23
106867618744872 66
106867685799207 91
106867685855551 23
106867685863831 66
106867685870951 23
106867685878716 66
106867753198263 91
106867753227387 23
106867753235081 66
106867753242178 91
106867820628472 91
106867888034117 23
106867888065861 66
106867888073595 91
106867888080607 23
106867955360403 66
106867955397843 23
106867955405827 66
106867955413000 91
106868014070360 23
106868014103532 66
106868014112664 91
106868081114842 91
106868081148110 23
106868148482743 66
106868148527752 23
106868148538031 66
