86218252692432 91
86218386875773 23
86218386911161 23
86218386918875 66
86218386925926 91
86218521053746 23
86218521084172 66
86218521091939 91
86218599179311 91
86218655185219 23
86218655221878 66
86218655229349 91
86218729905242 23
86218729937477 66
86218729944941 91
86218801391545 23
86218801429612 66
86218856287864 23
86218856320223 66
86218856328064 91
86218923410715 91
86219002486914 23
86219002526480 66
86219058533866 23
86219058578630 66
86219058586290 91
86219203692434 23
86219203723294 91
86219203730974 23
86219203738161 66
86219258943520 91
86219335655214 23
86219335692127 66
86219335699889 91
86219393121392 23
86219393160359 66
86219459999644 91
86219460036249 23
86219533617495 66
86219533652813 91
86219594296955 23
86219594337215 66
86219594345102 91
86219661248742 23
86219661279923 66
86219739039785 91
86219739078158 23
86219739085814 66
86219795258110 23
86219795290326 66
86219862295439 91
86219862332454 91
86219940883111 23
86219940914303 66
86220001835285 91
86220001869440 23
86220001877152 66
86220063476833 91
86220063512800 23
86220130711751 66
86220130747594 91
86220208083293 23
86220208117463 66
86220208125175 91
86220264720072 23
86220264751540 66
86220264758952 91
86220331705940 23
86220331734998 66
86220404759220 91
86220477117864 91
86220477154457 23
86220532966760 66
86220533000913 23
86220533008368 66
86220533015229 91
86220667144205 91
86220667176325 23
86220734213283 66
86220801313841 23
86220801349620 66
86220801357557 91
86220868567668 23
86220868602983 66
86220868610736 91
86221014617297 91
86221014648274 23
86221014655970 66
86221069574919 23
86221069606036 66
86221069613781 91
86221203731262 23
86221203762022 66
86221203769619 91
86221270727874 91
86221347824631 23
86221347859629 66
86221347867102 91
86221404959500 23
86221404993556 66
86221471938797 91
86221471969287 23
86221471976914 66
86221549796158 91
86221549833391 23
86221549841014 66
86221605984748 23
86221673304822 66
86221673354892 91
86221740178213 91
86221816985846 23
86221817016576 66
86221817024256 91
86221874230605 23
86221874262266 66
86221941457758 91
86221941493056 23
86221941500854 66
86222018955722 23
86222018985395 66
86222018993113 91
86222154315219 91
86222154346630 23
86222209679731 66
86222209706271 91
86222286201997 23
86222286235177 66
86222286242654 91
86222343726754 23
86222343763023 66
86222410922238 91
86222410951463 23
86222410959306 66
86222477963364 91
86222477994372 23
86222545111321 66
86222545152673 91
86222545160180 23
86222623586975 66
86222623626173 23
86222623633727 66
86222681084776 91
86222746123744 91
86222746161807 23
86222746169493 66
86222825529726 91
86222825559494 23
86222825567077 66
86222880299597 91
86222956759519 23
86222956790646 66
86223014417788 91
86223092775481 23
86223148579346 66
86223148612871 91
86223215543412 91
86223294735639 23
86223294773431 66
86223357647843 23
86223357680516 66
86223357688242 91
86223425054120 23
86223425084819 66
86223484289148 91
86223551092415 91
86223618058190 23
86223618089300 66
86223618097112 23
86223685093071 66
86223685131723 91
86223752135643 23
86223752166242 66
86223819292414 91
86223886406292 91
86223953488559 23
86223953520594 66
86223953527982 91
86224027267984 23
86224027303531 66
86224094627614 23
86224094662135 66
86224094670328 91
86224162062993 91
86224229365700 23
86224229397544 66
86224229404996 91
86224296918956 23
86224296969461 66
86224296977020 23
86224379071982 66
86224379112958 91
86224422803975 23
86224422840707 66
86224489805441 91
86224556993100 23
86224557026887 66
86224557034821 91
86224691207952 91
86224691244266 23
86224691251851 66
86224758118456 91
86224758147466 23
86224825280988 66
86224825315475 23
86224825323107 66
86224825330028 91
86224966355967 23
86224966395531 91
86224966403327 23
86225034022808 66
86225034054270 23
86225101132136 66
86225101164982 91
86225168529027 23
86225168559260 66
86225168566888 91
86225235845073 91
86225295213199 23
86225295252874 66
86225361840010 23
86225361883152 66
86225361890707 91
86225428766778 91
86225495866139 23
86225495903613 66
86225495911450 91
86225563027802 23
86225563074248 66
86225629997872 23
86225630030271 66
86225630037891 91
86225697003393 91
86225770701330 23
86225770733850 66
86225838092187 23
86225838125964 66
86225838133708 91
86225972913999 23
86225972952923 66
86225972960662 91
86226040174939 23
86226040208131 66
86226107563569 91
86226166487252 91
86226166522684 23
86226233698713 66
86226300985839 91
86226301012749 23
86226301020075 66
86226367755186 23
86226367789852 66
86226367797484 91
86226434920478 91
86226501890995 23
86226501924013 66
86226501931685 91
86226568993545 23
86226569033006 66
86226636017702 91
86226709780588 23
86226709810632 66
86226777177755 23
86226777214835 66
86226777222303 91
86226844549148 23
86226844580081 66
86226844587801 91
86226971330508 23
86226971361944 66
86227038320456 91
86227179355366 23
86227179387767 66
86227179395439 91
86227246742509 91
86227314136852 23
86227314181414 66
86227381621611 23
86227381662941 66
86227381670814 91
86227516222531 91
86227516257344 23
86227574928403 66
86227574990478 23
86227574997824 66
86227642104337 91
86227709200914 91
86227776174073 23
86227776210172 66
86227776218040 91
86227843243506 23
86227843287180 66
86227843295023 91
86227918442296 23
86227918498585 66
86227918508176 91
86227985866839 23
86227985909140 66
86228044296521 23
86228044326659 66
86228111401359 91
86228245657734 23
86228245691730 66
86228245699507 91
86228323247194 23
86228323276494 66
86228381133992 91
86228446847757 91
86228446878752 23
86228525412466 66
86228525446845 91
86228525454535 23
86228580879913 66
86228580911170 23
86228654088108 66
86228654124548 91
86228715086583 91
86228715121844 23
86228792720632 66
86228792766878 23
86228849213619 66
86228849243461 91
86228916499894 23
86228916541214 66
86228916549037 91
86229050571127 91
86229050606721 23
86229117400942 66
86229117430943 91
86229186580310 23
86229186608148 66
86229186615673 91
86229261738468 23
86229261770843 66
86229318936602 23
86229318967028 66
86229385695930 91
86229452658216 91
86229519839786 23
86229519872417 66
86229598992602 91
86229599022714 23
86229599030221 66
86229653972555 91
86229654001716 23
86229730924167 66
86229730957950 91
86229788228350 23
86229788264813 66
86229788272810 91
86229855149052 23
86229855181391 66
86229855188858 23
86229922151387 66
86229922186192 91
86229989173983 23
86229989208947 66
86230068298796 91
86230123425506 23
86230123458039 66
86230200099360 91
86230257671441 23
86230257706363 66
86230257714212 91
86230391776120 23
86230391809593 66
86230391817194 91
86230458655341 23
86230458687657 66
86230458695269 91
86230603628072 91
86230603679033 23
86230603686564 66
86230659888949 91
86230659914907 23
86230726988851 66
86230727021308 91
86230804651113 23
86230804683432 66
86230804691106 91
86230861221917 23
86230861258534 66
86230861266283 23
86230928221838 66
86230928252873 91
86231006617443 23
86231006655488 66
86231062305442 91
86231129484846 91
86231129523093 23
86231129530720 66
86231129537825 91
86231196415853 23
86231196444354 66
86231273929206 91
86231273964285 23
86231273971844 66
86231330733571 23
86231330769772 66
86231330777309 91
86231409545863 91
86231475862527 23
86231475896727 66
86231475904258 91
86231531843436 23
86231531879259 66
86231606960655 91
86231665905986 23
86231665937653 66
86231665945284 23
86231665952433 66
86231732934872 91
86231800040732 23
86231800069907 66
86231879194562 91
86231934240371 23
86231934272885 66
86232001328270 91
86232068543188 23
86232068581637 66
86232068589396 91
86232212335490 91
86232212371918 23
86232269661590 66
86232269708423 23
86232336577297 66
86232336607325 91
86232403562419 23
86232403598079 66
86232403605650 91
86232537759474 91
86232537790793 23
86232537798477 66
86232615540147 23
86232615570472 66
86232615577953 91
86232739021346 91
86232739056052 23
86232739063685 66
86232813534326 23
86232873204881 66
86232873235164 91
86232940219757 91
86232940288117 23
86233018788143 66
86233018824342 23
86233074429292 66
86233074465475 91
86233141532670 91
86233141568847 23
86233220876209 66
86233220911273 91
86233281756255 23
86233281788742 66
86233281796322 91
86233342500998 23
86233342533819 66
86233409715183 23
86233409744613 66
86233409752204 91
86233488191241 91
86233543746926 23
86233543783874 66
86233543791354 91
86233610913781 23
86233610941674 66
86233684620647 23
86233684655285 66
86233752088652 91
86233819376071 91
86233887975695 23
86233888007312 66
86233888014923 91
86233954271804 23
86233954313621 66
86233954321134 91
86234021586491 23
86234021621539 66
86234080363371 91
86234080394813 23
86234147497255 66
86234147535621 23
86234147544035 66
86234214401821 91
86234281593670 91
86234281632276 23
86234348598561 66
86234348628234 91
86234415662131 23
86234415694719 66
86234482664608 23
86234482702207 66
86234482709501 91
86234623766818 91
86234623800939 23
86234623808711 66
86234691116622 23
86234691148725 66
86234691156691 91
86234758479128 23
86234825980446 66
86234826016721 91
86234893274239 23
86234952143843 66
86234952175455 91
86235019170681 23
86235019213969 91
86235086816410 23
86235086846786 66
86235153424832 91
86235153458154 23
86235153465653 66
86235220537742 91
86235287507173 23
86235287544027 23
86235287551424 66
86235354530872 91
86235354565315 23
86235354573474 66
86235421657107 23
86235421692455 66
86235421700302 91
86235562818889 23
86235562849704 66
86235562857482 91
86235630242891 23
86235630279585 91
86235697947708 23
86235697981584 66
86235697989338 91
86235764976971 23
86235765012232 66
86235832393979 23
86235832425513 66
86235891286739 91
86235958129958 23
86235958162162 66
86235958169868 91
86236092437453 91
86236092472198 23
86236159585398 66
86236159637902 91
86236226433652 23
86236226466729 66
86236226474063 91
86236293418448 23
86236293451569 66
86236370926391 23
86236370971571 66
86236370981695 91
86236427630945 23
86236427663094 66
86236427670639 91
86236561651048 91
86236561687490 23
86236628918566 66
86236628946272 91
86236628954286 23
86236695875587 66
86236695910438 23
86236695918140 66
86236695925110 91
86236830016609 23
86236830048594 66
86236830056143 91
86236900203165 23
86236964104918 66
86236964140214 91
86237031139992 91
86237104882860 23
86237104916763 66
86237172257982 91
86237172292254 23
86237239624502 66
86237239659991 91
86237307020172 23
86237307054341 66
86237374363260 23
86237374393766 66
86237441745491 91
86237500711928 23
86237500751919 66
86237500760164 91
86237634925911 23
86237634960092 66
86237634968050 91
86237702162575 23
86237768904797 66
86237768938057 91
86237836589892 91
86237836645192 23
86237903051687 66
86237903083765 91
86237970105914 23
86237970136827 66
86237970144358 91
86238043948179 23
86238043979534 66
86238043987248 91
86238111343696 23
86238111374665 66
86238191422628 23
86238191470763 66
86238191478333 91
86238313513643 23
86238313542355 66
86238313550094 91
86238380834741 23
86238449343325 66
86238449379137 91
86238506605811 23
86238573789922 66
86238573827344 91
86238640805766 23
86238707907525 66
86238707942247 91
86238774855531 23
86238842068989 66
86238842115133 91
86238915663512 23
86238915694527 66
86238915702112 91
86238983057792 91
86239050423243 23
86239050454623 66
86239117818396 91
86239117851785 23
86239185218474 66
86239185247308 91
86239185254974 23
86239252568511 66
86239252600134 23
86239252608109 66
86239311454905 91
86239378470843 91
86239378499320 23
86239445522737 66
86239445552865 91
86239445560581 23
86239512710867 66
86239512740645 23
86239579638533 66
86239579670640 91
86239646711583 23
86239646746247 66
86239646753937 91
86239713900508 23
86239781125324 66
86239781157918 91
86239848001362 91
86239922234948 23
86239922269192 66
86239922277023 91
86239989513684 23
86239989543792 66
86239989551271 23
86240056997569 66
86240057037762 91
86240124284214 23
86240124313081 91
86240191656661 23
86240191693045 66
86240191701481 91
86240250438821 23
86240250473000 66
86240250480497 91
86240317493183 23
86240317525876 66
86240317533672 91
86240384561253 23
86240384592133 66
86240451473827 91
86240451507857 23
86240518789992 23
86240518826254 66
86240585706283 23
86240585742601 91
86240585769370 23
86240652912754 66
86240652946960 91
86240719786751 23
86240719823503 66
86240719831266 91
86240793954000 23
86240793988204 66
86240861264956 23
86240861301535 66
86240861309058 91
86240928697117 91
86240995987445 23
86240996019725 66
86241063376497 91
86241063409578 23
86241063417131 66
86241122235022 23
86241122272932 66
86241122280391 91
86241189278224 91
86241256389386 23
86241256417979 66
86241256425895 91
86241323404916 23
86241323434225 66
86241390436011 23
86241390469856 66
86241390477337 91
86241457462503 91
86241524836548 23
86241524874593 66
86241524882273 91
86241591741705 23
86241591770373 66
86241591777757 91
86241665733471 23
86241665765277 66
86241732996564 91
86241733031564 23
86241800353824 66
86241800386688 91
86241800394418 23
86241867712543 66
86241867745789 91
86241867754071 23
86241935164517 66
86241935205753 91
86241994010142 23
86241994045572 66
86242061130971 91
86242061166277 23
86242061173911 66
86242128146439 91
86242128181065 23
86242128188628 23
86242195390289 66
86242195428878 91
86242195436753 23
86242195443817 66
86242262266159 91
86242341430402 23
86242341468118 66
86242341475744 91
86242396598637 23
86242396641607 23
86242396649462 66
86242463679644 91
86242463715008 23
86242463722669 66
86242537437439 23
86242537495032 66
86242604713805 91
86242739429813 23
86242739462323 66
86242739470423 91
86242806830345 91
86242874291421 23
86242874327672 66
86242874335209 91
86242933079709 23
86242933113317 66
86242933121105 91
86243000268468 23
86243000340285 66
86243067069246 23
86243067098196 66
