100216773003206 91
100216828428276 91
100216904978997 23
100216905014129 66
100216905021813 23
100216905028711 66
100216974997649 91
100217029795068 23
100217029844615 66
100217106864980 91
100217106896047 23
100217178268948 66
100217178305027 91
100217242222471 23
100217242251811 66
100217297931945 91
100217365062774 23
100217365093115 66
100217365100753 91
100217444242461 23
100217444275798 66
100217499123209 91
100217566384284 91
100217566414624 23
100217566422511 66
100217633202191 23
100217633231352 66
100217633238852 91
100217711438387 23
100217711468855 66
100217711476392 91
100217767528232 23
100217767564650 66
100217834793656 91
100217913414820 23
100217913450997 66
100217968629502 91
100218035637954 23
100218035674623 66
100218035682036 91
100218102831837 23
100218180637458 66
100218180671437 91
100218236845238 23
100218236876398 66
100218303934028 91
100218380790641 23
100218380838018 66
100218380845623 91
100218438080894 23
100218438113239 91
100218438120979 23
100218438128017 66
100218505118592 91
100218505150193 23
100218505158205 66
100218583903987 91
100218583934897 23
100218583942167 66
100218639351622 91
100218639385675 23
100218715799920 66
100218715829829 23
100218715837519 66
100218715844551 91
100218773404652 23
100218773437298 66
100218840447998 91
100218917112169 91
100218974661555 23
100218974691927 66
100218974699385 91
100219041728159 23
100219041760222 66
100219041767825 23
100219041775117 66
100219041781998 91
100219119096156 23
100219119127243 66
100219175816152 91
100219242822069 23
100219242854842 66
100219242862393 91
100219317030284 23
100219317061637 66
100219317069677 91
100219384550656 91
100219451842051 23
100219451869719 66
100219451877173 23
100219451884131 66
100219519248780 91
100219586569916 23
100219586604697 66
100219586612624 91
100219645329312 23
100219645371260 66
100219645379227 91
100219712309834 91
100219779471447 23
100219779498753 66
100219779507060 91
100219846511881 23
100219846542989 66
100219913752835 23
100219913787046 66
100219913794714 91
100219980538676 23
100219980570436 66
100219980578003 91
100220047691414 23
100220047727271 66
100220047734794 91
100220121386360 91
100220121428642 23
100220121436869 66
100220188812492 91
100220256140681 23
100220256173730 66
100220256181206 23
100220323509053 23
100220323537727 66
100220323545334 91
100220390892696 23
100220390924993 66
100220390932317 91
100220458305848 91
100220458338338 23
100220517176104 66
100220517206262 91
100220517214626 23
100220584247517 66
100220584278492 91
100220584286222 23
100220651259336 66
100220651292288 91
100220651299708 23
100220651306793 66
100220718478326 23
100220718511842 66
100220718519435 91
100220852450578 23
100220852482223 66
100220852490021 91
100220919459494 91
100220919492048 23
100220919499873 66
100220919506690 91
100220989020546 23
100220989067556 66
100220989075053 91
100221060480088 23
100221060509603 66
100221060519375 91
100221127893125 23
100221127925106 66
100221127932806 91
100221195338920 23
100221195374560 66
100221195382221 91
100221262662969 23
100221262703454 66
100221262711200 23
100221262718355 66
100221330017381 91
100221388900239 23
100221388931417 66
100221456149695 91
100221523123287 23
100221523157491 66
100221523164939 91
100221596453918 91
100221596488889 23
100221596496459 66
100221596503425 91
100221657389618 23
100221657420625 66
100221657428114 23
100221657435033 66
100221724549227 91
100221791319075 91
100221791358116 23
100221791365989 66
100221791373156 91
100221858439822 23
100221858466788 66
100221858474263 91
100221932179693 23
100221932211150 66
100221932218885 91
100221999669889 23
100221999703117 66
100221999710833 91
100222067139397 23
100222067192191 66
100222067201804 23
100222067210479 66
100222067219125 91
100222134365090 23
100222201724390 66
100222201759320 91
100222269170390 23
100222269200818 66
100222269208467 91
100222327977468 91
100222394997486 23
100222395033049 66
100222395040498 91
100222462095757 23
100222462132155 66
100222529185275 23
100222529217948 66
100222596207548 91
100222663172895 91
100222663204873 23
100222663212672 66
100222730359281 91
100222730394212 23
100222730401910 66
100222730409096 91
100222798526419 23
100222798552985 66
100222798560349 91
100222871294012 23
100222871322622 23
100222871330201 66
100222938655197 23
100222938685297 66
100222938693029 91
100223006053746 23
100223006084978 66
100223073423749 91
100223140782225 23
100223140811500 66
100223140818764 91
100223266834910 23
100223266866987 66
100223333991550 91
100223400856260 23
100223400885767 66
100223468057741 91
100223535085102 91
100223535115940 23
100223535123590 23
100223602099471 66
100223602130229 91
100223602137961 23
100223602145042 23
100223602152068 66
100223602159070 91
100223675629171 23
100223675658026 23
100223675665633 66
100223675672772 91
100223743024053 23
100223743061324 23
100223743068981 66
100223743075994 91
100223810408845 23
100223810438162 66
100223810445810 91
100223877730045 23
100223877759940 66
100223945224450 23
100223945256907 66
100224012524682 91
100224079959158 23
100224079988840 66
100224079996403 91
100224147348060 91
100224147378329 23
100224205811259 66
100224205844843 91
100224205852328 23
100224205859579 66
100224272765794 91
100224272797154 23
100224272804606 66
100224340007432 23
100224340050790 66
100224340058906 91
100224406868403 91
100224406898091 23
100224474093525 66
100224474123504 91
100224474131075 23
100224541116509 66
100224541146412 91
100224541154044 23
100224608118125 66
100224608151267 23
100224608158951 66
100224608166448 91
100224682097452 23
100224749491274 66
100224749523283 91
100224816883810 23
100224816915887 66
100224816923372 91
100224888277365 91
100224888311911 23
100224943397846 66
100224943432445 23
100224943441762 66
100224943449692 91
100225077630481 23
100225077704172 23
100225144839499 91
100225144870546 23
100225144878137 23
100225144885894 66
100225222124288 23
100225222158375 66
100225222166268 91
100225287141919 23
100225287172975 66
100225287180645 91
100225357486553 91
100225412904977 23
100225412939133 66
100225412946567 91
100225489363119 23
100225489396216 66
100225489403950 91
100225489411178 23
100225559791153 66
100225559821028 23
100225559828754 66
100225559835710 91
100225688155457 23
100225688184288 66
100225688192091 91
100225755296235 91
100225755322581 23
100225822963453 66
100225823003572 91
100225883387588 23
100225883416525 66
100225883424152 23
100225949477675 66
100225949511484 91
100226027063847 91
100226027099496 23
100226027106983 66
100226083771140 91
100226083803713 23
100226083811165 66
100226157540308 91
100226157572118 23
100226157579989 23
100226157587188 66
100226224886983 91
100226224919565 23
100226224927084 66
100226224934086 23
100226292303999 66
100226292339632 91
100226362704216 23
100226362740139 66
100226362747732 91
100226418980869 91
100226419015098 23
100226419022740 91
100226419029716 66
100226486004477 23
100226486039056 66
100226486046639 91
100226564675149 23
100226564709602 66
100226564717183 91
100226620231070 23
100226620268705 66
100226620276437 23
100226620283350 66
100226620290282 91
100226695132621 23
100226765950172 66
100226765986558 91
100226821302348 23
100226821333162 66
100226821340891 91
100226897838291 91
100226897870410 23
100226965888956 66
100226965930135 23
100226965938312 23
100226965945561 66
100226965952706 91
100227022577353 23
100227089622339 66
100227089655612 91
100227156756767 23
100227156817421 66
100227156825339 91
100227223780662 91
100227290843127 23
100227290874602 66
100227290881916 23
100227357806609 66
100227357837916 91
100227424853685 91
100227424886444 23
100227491935667 66
100227491967167 91
100227491974786 23
100227558999955 66
100227559026248 91
100227559033805 23
100227559040742 66
100227632880739 23
100227632911388 66
100227700346964 91
100227767647803 91
100227767676265 23
100227767684016 66
100227835070727 91
100227835104648 23
100227835114207 66
100227902400858 91
100227902431519 23
100227902439157 66
100227969753492 91
100227969784642 23
100227969792222 66
100227969799135 91
100228028548578 23
100228028583572 23
100228028591031 66
100228028598025 91
100228095735015 23
100228095767639 66
100228095775398 91
100228162665921 23
100228162697485 66
100228162705443 23
100228162714585 66
100228229748526 91
100228297002756 23
100228297033363 66
100228297040888 91
100228430910202 91
100228430943948 23
100228430951662 66
100228430958628 91
100228497915913 23
100228497948669 66
100228571975809 91
100228572011627 23
100228572019034 66
100228639400231 23
100228639434811 66
100228639442241 91
100228706791846 23
100228706830700 66
100228706838382 91
100228774126013 23
100228774159307 66
100228841615871 91
100228841652694 23
100228900430597 66
100228900465143 91
100228967420831 91
100229034612787 23
100229034645252 66
100229034652906 91
100229101614962 23
100229101644147 66
100229101651915 23
100229168615575 66
100229168646546 91
100229235651578 91
100229235680042 23
100229235687618 23
100229235694567 66
100229235701465 91
100229302845984 23
100229302875388 23
100229302883219 23
100229302890124 66
100229302896981 91
100229369875560 23
100229369908963 66
100229443686034 23
100229443720591 66
100229443731391 91
100229511132090 23
100229511165591 66
100229511172990 91
100229578461144 23
100229578499050 66
100229645878001 91
100229645912325 23
100229713269016 66
100229713313249 91
100229780600300 23
100229780629558 91
100229780637288 23
100229780644404 66
100229839351632 91
100229839384981 23
100229839392452 66
100229906407177 23
100229906442810 66
100229973392852 91
100229973424062 91
100230040603221 23
100230040638117 66
100230040645591 91
100230107583834 23
100230107613857 66
100230107621495 91
100230174740214 23
100230174776367 66
100230174783956 23
100230174790884 66
100230241623287 91
100230315476518 23
100230315512286 66
100230382930618 91
100230452505854 91
100230452561443 23
100230452571913 66
100230509901250 23
100230509933766 66
100230509941490 91
100230576971308 23
100230644058660 66
100230644091572 91
100230722832378 91
100230778276298 23
100230778304668 23
100230778312159 66
100230778319048 23
100230778326129 66
100230778333197 91
100230845302555 23
100230924077629 66
100230924108296 91
100230979433528 23
100230979474317 66
100231055933434 91
100231113585151 91
100231113620153 23
100231180579447 66
100231180609099 23
100231180616638 66
100231180623565 91
100231247757013 23
100231247787519 66
100231314692926 91
100231314756706 91
100231393262636 23
100231393300375 66
100231393307746 23
100231448941064 66
100231448970557 91
100231515909370 23
100231515939653 66
100231515947309 91
100231595275636 91
100231595306112 23
100231650069236 66
100231650103500 91
100231724154671 23
100231724187197 66
100231796509852 23
100231796537689 66
100231796545592 91
100231851401768 91
100231928411276 23
100231928442742 66
100231928450542 91
100231985756137 23
100231985800346 66
100231985807881 91
100232052511715 23
100232052539892 66
100232052547592 23
100232052554687 91
100232124984041 23
100232125016293 66
100232125023913 91
100232192320507 23
100232192351981 66
100232192359367 23
100232192366427 91
100232192373222 23
100232259714228 23
100232259747075 66
100232259754701 91
100232259761645 23
100232327085911 66
100232327114597 91
100232327122431 23
100232394461806 66
100232394492087 23
100232394500298 66
100232394507278 91
100232461848247 91
100232529251364 23
100232529283467 66
100232529291081 23
100232596589509 66
100232596621931 91
100232663988348 23
100232664020449 66
100232731370366 91
100232790280270 23
100232790316706 66
100232790324346 91
100232857275226 91
100232857308806 23
100232924318752 66
100232924348719 91
100232924356475 23
100232991430789 66
100232991471361 23
100233058536390 66
100233058569282 91
100233058577098 91
100233125550685 23
100233125585618 66
100233125593250 91
100233192630073 23
100233192662633 66
100233192670832 91
100233259603994 23
100233259667631 66
100233259677882 91
100233259684831 23
100233333616731 66
100233333654668 91
100233333662079 23
100233333669077 66
100233333676056 91
100233401015147 23
100233401046002 66
100233401053593 23
100233468348887 23
100233468381375 66
100233468389425 91
100233535757882 91
100233535790965 23
100233535798693 66
100233603102221 91
100233603131639 23
100233603139107 23
100233603146150 66
100233676750353 91
100233676784643 23
100233676792172 66
100233729158717 91
100233729227014 23
100233729235039 66
100233796243370 23
100233796274190 66
100233796281629 91
100233863255889 23
100233863285068 66
100233939108438 91
100233997296843 91
100233997329606 23
100234064525016 66
100234064556937 91
100234064564266 23
100234131560037 66
100234131589399 91
100234131597009 23
100234131604093 66
100234131610896 91
100234205292818 23
100234205320641 66
100234205327854 91
100234272666987 23
100234272698686 66
100234272706489 23
100234340053716 66
100234340086381 91
100234407429382 91
100234407459289 23
100234407466691 66
100234474795875 91
100234474826671 23
100234474834252 23
100234474841291 66
100234542192772 91
100234542227617 23
100234542235086 91
100234542242038 66
100234601137250 23
100234601167229 66
100234601175040 91
100234668262278 23
100234668359902 66
100234668370020 23
100234668379022 66
100234735189661 91
100234813110688 23
100234813146430 66
100234813154176 91
100234936336599 91
100234936369187 23
100234936376650 66
100235015052777 23
100235015086396 23
100235015094293 66
100235015101307 91
100235070432531 23
100235070467032 66
100235137528983 91
100235137560353 23
100235204635946 66
100235204666058 91
100235282252561 23
100235282282796 66
100235282291250 91
100235338799271 91
100235405744894 23
100235405779829 66
100235405787324 91
100235405794477 23
100235472940485 66
100235472975231 91
100235472982633 23
100235539955844 66
100235539988136 23
100235539995621 66
100235607040249 91
100235685661381 23
100235685710950 66
100235685719430 91
100235741150574 23
100235741184972 66
100235741192308 91
100235808200643 23
100235808236812 66
100235893915333 91
100235893950176 23
100235942431529 66
100235942465712 91
100236019738678 91
100236019770039 23
100236019777286 66
100236019784146 91
100236076433416 23
100236076467291 66
100236143722108 91
100236143755942 23
100236143763225 66
100236210626789 23
100236210656227 66
100236210663599 91
100236277844583 23
100236277886764 66
100236351732103 91
100236412015216 23
100236412049777 66
100236412057192 91
100236478846211 91
100236478876561 23
100236558014502 66
100236558048154 91
100236612913569 23
100236612943862 66
100236612951143 91
100236689979322 23
100236690025957 66
100236747327361 23
100236747356747 66
