81285507154463 91
81285629789300 91
81285696758213 23
81285696796001 66
81285696803410 91
81285763756094 23
81285763793128 66
81285840369465 23
81285840399883 66
81285840407408 91
81285897931581 91
81285965121490 23
81285965157087 66
81286031974419 91
81286099205719 23
81286099252477 66
81286099261233 23
81286166308735 66
81286166345109 91
81286243658110 23
81286300403167 66
81286300448031 91
81286367342588 91
81286367372676 23
81286441659060 66
81286501456147 23
81286501487076 66
81286568543650 91
81286646884519 23
81286646913550 66
81286702706712 91
81286769758600 91
81286850758744 23
81286850787197 66
81286909828085 91
81286909856226 23
81286970909520 66
81286970936335 23
81286970944188 66
81287038083139 91
81287116176927 91
81287172081110 23
81287172110804 66
81287239169735 91
81287239200057 23
81287312747057 66
81287312780663 91
81287373378786 23
81287373412435 66
81287440392844 91
81287440427047 23
81287519438920 66
81287519479013 23
81287574604367 66
81287574635804 91
81287651272014 91
81287651302047 23
81287708807761 66
81287708840716 91
81287708847828 23
81287775663088 66
81287775696977 91
81287775704263 23
81287842967871 23
81287842996377 23
81287843003719 66
81287909931806 91
81287991846376 23
81287991877162 66
81288044444382 91
81288044479189 23
81288044486501 23
81288111426565 66
81288111456416 91
81288189880075 23
81288189909091 66
81288189916610 91
81288245309887 23
81288245345017 66
81288321860632 91
81288321892894 23
81288321900077 66
81288379480439 23
81288379521194 91
81288446583798 23
81288446630057 66
81288446640002 23
81288446648450 91
81288523742904 23
81288523773629 66
81288586727453 91
81288659302506 23
81288659354394 66
81288714768752 91
81288781782870 23
81288781817300 66
81288781824797 91
81288861056645 23
81288861089782 66
81288861097263 91
81288915822069 23
81288915857876 66
81288983030063 91
81288983061565 23
81289050030862 66
81289050060325 91
81289128296963 23
81289128328441 66
81289128335735 91
81289184133937 23
81289184169872 66
81289251192689 23
81289251226418 66
81289251234098 91
81289385413489 91
81289385446502 23
81289453054713 66
81289453094969 91
81289453102590 23
81289519501525 66
81289519531925 23
81289597522288 66
81289597552907 91
81289653594696 91
81289653636273 23
81289720711820 66
81289720745295 91
81289797540427 23
81289797569336 66
81289797576776 91
81289854762262 23
81289854792805 23
81289854800346 66
81289854807189 91
81289921983379 23
81289922015300 66
81290000886289 91
81290000936918 23
81290055905917 66
81290055938139 91
81290055945563 23
81290132712164 66
81290132745898 91
81290190331119 23
81290190360338 66
81290190367883 91
81290257542218 23
81290257573066 66
81290257580829 91
81290336726160 23
81290336756628 66
81290391273237 23
81290391309863 66
81290391317337 91
81290535911027 23
81290535942101 66
81290535949594 91
81290595240931 91
81290659531275 23
81290659566186 66
81290733901974 23
81290733934964 66
81290733942333 91
81290868649856 23
81290868682633 91
81290868690172 23
81290868697048 66
81290936019447 91
81291003572561 23
81291003619326 66
81291062006376 23
81291062034905 66
81291062042448 91
81291129022137 91
81291129054066 23
81291196027284 23
81291196058565 66
81291263372794 91
81291330276543 23
81291330304450 66
81291330312166 23
81291397227158 66
81291397255469 91
81291464469166 91
81291538248896 23
81291538277783 66
81291605618946 91
81291605651397 23
81291673010241 66
81291673043260 23
81291740433774 66
81291740469096 91
81291807819357 91
81291807851929 23
81291807859677 66
81291884275769 91
81291884310901 23
81291933834978 66
81291933896298 91
81292001045643 23
81292001075323 66
81292067927133 91
81292140387581 23
81292140421335 66
81292202102019 91
81292202135146 23
81292202142631 66
81292269410521 91
81292336580155 23
81292336614827 66
81292336622177 91
81292403538603 23
81292403584227 66
81292477357939 23
81292477395764 66
81292544740855 91
81292612319671 91
81292612363452 23
81292679625719 66
81292679667279 23
81292679677550 66
81292679687102 91
81292805750032 23
81292805780442 66
81292805788646 91
81292882241808 91
81292939836703 23
81292939869662 66
81293006959691 23
81293006995425 66
81293080252165 91
81293141005525 23
81293208016322 66
81293208046889 91
81293285499714 91
81293285533514 23
81293285540990 66
81293343213761 91
81293409320536 23
81293409353997 66
81293409361520 91
81293543455421 23
81293543488076 66
81293543495468 91
81293688756913 91
81293688789441 23
81293744692145 66
81293744722462 23
81293811787674 66
81293811825891 91
81293890735104 23
81293951697505 66
81293951736504 91
81294018780275 91
81294086154141 23
81294086194254 66
81294086201694 91
81294153511900 23
81294153541938 66
81294153549374 91
81294221949957 23
81294221977872 66
81294221985619 91
81294288232854 23
81294355649671 66
81294355682106 91
81294355689551 23
81294422995949 66
81294423028925 23
81294423036505 66
81294490385741 91
81294557756115 23
81294557787983 66
81294627234486 91
81294683604644 91
81294683632263 23
81294750549872 23
81294750582566 66
81294750590091 91
81294817688748 23
81294817719967 66
81294884729086 91
81294884758363 23
81294884765727 66
81294951824714 91
81294951855103 23
81295018879478 66
81295018915640 91
81295092603504 23
81295092638067 66
81295092645568 91
81295159951926 23
81295159984876 66
81295159992389 23
81295227347339 66
81295227379215 91
81295294696264 91
81295362159902 23
81295362192142 66
81295362199702 23
81295429479580 66
81295429512538 91
81295488431832 23
81295488470939 66
81295488478977 91
81295622561129 23
81295622602739 66
81295622610525 91
81295689474019 91
81295756554864 23
81295756587148 66
81295756594498 91
81295823584792 23
81295823617229 66
81295890776957 91
81295957899024 23
81295957937387 66
81295957944821 91
81296045077138 23
81296045113737 66
81296045121180 91
81296099059322 23
81296099091361 66
81296166462419 91
81296166491068 23
81296233828494 66
81296233856463 91
81296301310976 23
81296301344564 66
81296301351799 91
81296360113725 23
81296360147490 66
81296360155136 91
81296430104380 23
81296430130690 66
81296494543441 91
81296494578156 23
81296494585133 66
81296561380942 91
81296628502831 23
81296628538362 66
81296695611150 23
81296695643808 66
81296695651385 91
81296762577309 91
81296830478086 23
81296830507059 66
81296830514363 91
81296903440267 23
81296903481625 66
81296970921343 23
81296970970715 66
81296970978421 91
81297038157984 91
81297105554197 23
81297105589531 66
81297172948415 91
81297172981613 23
81297240280755 66
81297299227540 23
81297299260963 66
81297366239846 91
81297433245925 91
81297500341737 23
81297500377182 66
81297500384680 91
81297567457673 23
81297567489525 66
81297567497176 91
81297634343135 23
81297634374684 66
81297701474779 23
81297701506753 66
81297701514109 91
81297842494147 91
81297842526729 23
81297909907472 66
81297909936833 91
81297977249025 23
81297977281126 66
81297977288233 91
81298044665628 23
81298044702342 66
81298112018200 91
81298112050557 23
81298179389563 66
81298179423765 23
81298179431288 91
81298238055972 23
81298238087544 66
81298238095049 91
81298305238538 23
81298305276525 66
81298305284111 91
81298381528171 23
81298439281172 66
81298439317462 91
81298506538826 23
81298506583535 66
81298573506170 23
81298573536882 66
81298573544461 91
81298646873583 91
81298714221580 23
81298714255478 66
81298714262836 91
81298781620984 23
81298781653890 66
81298781661292 23
81298848963830 66
81298916360904 91
81298983731368 91
81299063640037 23
81299063685946 66
81299110072067 91
81299110099836 23
81299177010637 66
81299177040355 91
81299243955871 23
81299243985330 66
81299243992893 23
81299311201371 66
81299311235925 91
81299378176297 91
81299445190936 23
81299445218793 66
81299445226483 91
81299512191768 23
81299512222069 66
81299585954129 23
81299585989029 66
81299585997073 91
81299720682487 23
81299720715327 66
81299720722929 91
81299788055900 91
81299856759814 23
81299856789450 66
81299922823352 91
81299922857859 23
81299922865453 66
81299981721793 91
81299981754602 23
81300048837541 66
81300115904638 23
81300115939404 66
81300115947213 91
81300195943310 91
81300250006221 23
81300250036105 66
81300317063185 91
81300384094942 23
81300384123157 66
81300384130463 91
81300451275947 23
81300451308873 66
81300451316038 91
81300525041366 23
81300525076133 66
81300607992840 91
81300659798195 23
81300659831314 66
81300727172974 91
81300794699874 91
81300862139374 23
81300862170259 66
81300862177677 91
81300920755300 23
81300920788243 66
81300987700712 91
81300987730852 23
81301055060507 23
81301055110738 66
81301121927301 91
81301188959751 23
81301188991191 66
81301188999494 91
81301267548186 23
81301267581253 66
81301323167517 23
81301323201159 66
81301323208288 91
81301390190055 91
81301469610063 23
81301469644731 66
81301469652351 91
81301530133180 23
81301530166178 66
81301591408553 23
81301591441455 66
81301591448781 91
81301736802220 23
81301736838231 66
81301736845648 91
81301792458906 23
81301859531546 66
81301859563967 91
81301933019216 91
81301993661843 23
81301993692569 66
81302061043696 23
81302061075136 66
81302061082534 91
81302127958979 91
81302205984340 23
81302206013099 66
81302261940156 91
81302329125677 23
81302329157875 66
81302407283763 23
81302407317650 66
81302407325550 91
81302463111354 23
81302530418154 66
81302530452333 91
81302530459987 91
81302609261572 23
81302664341808 66
81302664373467 91
81302741114175 23
81302741144756 66
81302741152039 91
81302804124295 23
81302804153904 66
81302804161367 91
81302876487829 23
81302876517885 66
81302876542391 91
81302932736347 23
81302932779650 66
81302999797854 23
81302999828020 66
81302999835151 91
81303134134248 91
81303134167687 23
81303134175363 66
81303200906409 91
81303200938368 23
81303268047792 66
81303268074419 23
81303268082048 66
81303345711658 91
81303402128232 91
81303481570569 23
81303481604967 66
81303481612649 91
81303547626137 23
81303547656553 66
81303603311372 91
81303603340688 23
81303670321835 66
81303670352653 91
81303670359816 23
81303737522326 66
81303737558034 23
81303804551425 66
81303804585349 91
81303871553752 91
81303871585240 23
81303938655010 66
81303938698961 23
81304005684236 66
81304005718011 91
81304079475146 91
81304079508473 23
81304146844880 66
81304146877563 91
81304214364826 23
81304214402618 66
81304214410218 23
81304274001849 66
81304274038810 91
81304350972097 91
81304408036069 23
81304408071379 66
81304475312779 23
81304475347699 66
81304475355387 91
81304552871625 91
81304616708241 23
81304616737975 66
81304676279658 23
81304676316267 66
81304676325894 91
81304754171540 23
81304819249460 66
81304819290366 91
81304878815264 91
81304878843477 23
81304956180264 23
81304956211977 66
81304956219973 91
81305011891910 23
81305011921891 66
81305078719242 91
81305157399675 23
81305157430197 66
81305157437978 91
81305213135053 23
81305213167134 66
81305293371877 91
81305293426221 23
81305346969676 66
81305347004797 91
81305414152572 23
81305414183312 66
81305414190682 23
81305481163313 66
81305481200097 91
81305555600472 91
81305622965992 23
81305622996832 66
81305690367459 91
81305690400470 23
81305690407934 23
81305757788709 66
81305757818669 91
81305816516768 23
81305816552036 23
81305816559567 66
81305883652396 91
81305950671639 23
81305950704004 66
81306017695690 91
81306017727202 23
81306017734403 66
81306084719831 91
81306151900092 23
81306151934294 66
81306151942123 91
81306218883644 23
81306218913846 66
81306218921550 91
81306286104983 23
81306286136325 66
81306286143882 91
81306359921231 23
81306359954557 66
81306427382146 91
81306494700281 23
81306494738038 66
81306494745529 91
81306562117973 23
81306562164822 66
81306629533172 91
81306629572903 23
81306629580334 66
81306688463895 91
81306755343321 23
81306755380180 66
81306822436787 91
81306822469624 23
81306889552133 66
81306889582635 91
81306956730934 23
81306956761891 66
81306956769367 23
81307023912973 66
81307023947959 91
81307090705008 91
81307157789096 23
81307157822585 66
81307231640880 91
81307231670020 23
81307299029837 66
81307299061012 23
81307299068518 23
81307366404276 66
81307366439226 91
81307433777021 91
81307501224327 23
81307501255477 66
81307501263140 23
81307568545190 66
81307568581029 91
81307637510899 91
81307694382848 23
81307694411801 66
81307694419207 91
81307694426089 23
81307761363102 66
81307840477866 91
81307895627044 23
81307895658446 66
81307962595938 91
81308040665043 91
81308096696277 23
81308096726945 66
81308096734572 91
81308163758625 23
81308163787114 66
81308243512366 23
81308243541937 66
81308297863529 91
81308374665899 91
81308437520297 23
81308437551039 66
81308437558409 91
81308509890686 23
81308509920774 66
81308566141051 23
81308566178656 66
81308566185889 91
81308633419401 91
81308711843985 23
81308711875008 66
81308767349994 23
81308767379968 66
81308767387294 91
81308901509239 91
81308968470279 23
81308968499631 66
81309035714598 23
81309035750852 91
81309102908713 23
81309102941937 66
81309102949323 91
81309169716984 23
81309169750669 66
81309236759768 23
81309236789456 66
81309236796880 91
81309303849104 91
81309370912654 23
81309370944619 66
81309444918488 91
81309512100041 23
81309512132935 66
81309579485650 91
81309579517156 23
81309579524564 66
81309647066631 91
81309714230478 23
81309714265599 66
81309714272997 91
81309785292227 23
81309785329380 66
81309840380244 23
81309840410953 66
81309840418702 91
81309917202905 91
81309974642326 23
81309974676489 66
81310052213924 91
81310052250207 23
81310108679963 66
81310108720913 23
81310108728434 91
81310175748188 23
81310175809955 66
81310242741722 91
81310320289050 23
81310320318389 66
81310320325888 23
81310376866922 66
81310376901554 91
81310444121962 91
81310444156200 23
81310522251032 66
81310522282402 91
81310578128963 23
81310578158823 66
81310578166405 91
81310645129573 23
81310645166955 66
81310712451033 91
81310712484742 23
81310712492842 66
