91023597049713 91
91023717905727 91
91023717935368 23
91023784956424 66
91023784980908 23
91023784988590 66
91023852156392 91
91023919133114 23
91023919152418 66
91023919160070 91
91023919167281 91
91023986159132 23
91023986179069 66
91023986186671 91
91024053301551 23
91024053338604 66
91024053346308 91
91024120361667 23
91024120419906 66
91024120427859 91
91024194293813 23
91024194319300 66
91024261641275 91
91024261662032 23
91024261669587 66
91024328995492 91
91024329013904 23
91024329021300 66
91024396438716 23
91024396468464 66
91024396476514 91
91024522742398 23
91024522772828 66
91024522780560 91
91024657014603 23
91024657047668 66
91024657055262 91
91024723857911 23
91024791138347 66
91024791175465 91
91024858102382 91
91024858134072 23
91024925088178 66
91024925117214 23
91024925124832 66
91024992264996 91
91025066048983 91
91025133410532 23
91025133437208 66
91025133444790 91
91025200774949 23
91025200801503 66
91025268175739 91
91025268209997 23
91025268217377 66
91025335516940 91
91025335540536 23
91025402944168 66
91025402975109 23
91025402982835 66
91025402990203 91
91025528802128 91
91025528831235 23
91025528838913 66
91025595898166 23
91025595932937 66
91025595940460 91
91025662891479 23
91025662926725 66
91025662934232 91
91025797065454 91
91025797099416 23
91025797107174 66
91025864084711 91
91025864108364 23
91025864116402 23
91025931186926 66
91025931244930 23
91025931252467 66
91026005136646 91
91026072544393 23
91026072576784 66
91026139870027 91
91026207287315 91
91026207317000 23
91026207324555 66
91026274588837 91
91026274610563 23
91026274617889 66
91026333477888 91
91026333495050 23
91026400468012 66
91026400485766 91
91026400494566 23
91026467696242 66
91026467713985 91
91026534688601 23
91026534707171 66
91026534714628 91
91026601845613 23
91026601870067 66
91026601877431 91
91026668736801 23
91026668756298 66
91026735925096 91
91026735944714 23
91026735952454 66
91026803109595 91
91026803127683 23
91026803135220 66
91026869964184 23
91026869982641 66
91026869990265 91
91027011538325 23
91027011559128 66
91027011566721 91
91027078906270 91
91027146266936 23
91027146283588 66
91027146291249 91
91027213706411 23
91027213723786 23
91027213731609 66
91027213738651 23
91027272411981 66
91027272428230 91
91027339421386 23
91027339437271 66
91027339444824 91
91027473702851 23
91027473736477 66
91027473744012 91
91027540713650 91
91027607822231 23
91027607848316 66
91027674900047 23
91027674927490 91
91027674935164 23
91027674942290 66
91027741903741 91
91027741936257 23
91027741943847 66
91027820886073 91
91027820921417 23
91027820928761 66
91027820935843 91
91027883356121 23
91027883391326 66
91027950731736 91
91027950765857 23
91028018093275 66
91028018125393 91
91028018133028 23
91028085485819 66
91028085516507 91
91028085523847 23
91028085530748 66
91028152843742 23
91028152873934 66
91028152881524 91
91028211451359 91
91028278589233 23
91028278634630 66
91028278645249 91
91028345492296 23
91028345527724 66
91028345535589 23
91028345542754 66
91028412604502 91
91028479588612 23
91028479607342 66
91028479614991 91
91028546619820 23
91028620243869 66
91028620267918 91
91028687661613 23
91028687687429 66
91028687695193 91
91028754990638 91
91028822359763 23
91028822379234 66
91028822386592 91
91028889724985 23
91028889744171 66
91028957128912 23
91028957148339 66
91028957155744 91
91029024506058 91
91029024525035 23
91029083133643 66
91029083151292 91
91029083158725 23
91029083165950 66
91029150214126 91
91029150233845 23
91029217417146 66
91029217436504 91
91029217443908 23
91029284639479 66
91029284664235 91
91029351435487 23
91029351460846 66
91029351468340 91
91029418470878 23
91029418489370 66
91029485622488 23
91029485645468 66
91029485653009 91
91029559421596 23
91029626769660 66
91029626805229 91
91029694160148 91
91029694187847 23
91029694195561 66
91029763588079 23
91029763617429 91
91029828882838 23
91029828906861 66
91029896287176 23
91029896323252 66
91029896330920 91
91029955237525 23
91029955263178 66
91030022168526 91
91030089155002 91
91030156380694 23
91030156408670 66
91030156416268 91
91030223382621 23
91030223409034 66
91030299710790 91
91030299746842 23
91030299754485 66
91030357562972 23
91030357609942 66
91030424525800 91
91030498492608 23
91030565815538 66
91030565845302 91
91030633197031 23
91030633224504 66
91030700555941 91
91030767998737 91
91030826939471 23
91030826965542 66
91030826973059 91
91030894085615 23
91030894134297 66
91030894142164 91
91030961122163 23
91030961138851 66
91030961146468 91
91030961153384 23
91031027990363 66
91031028008782 91
91031028017162 23
91031095200708 66
91031095218249 23
91031095225695 66
91031162228438 91
91031229195901 23
91031229212633 66
91031296436576 91
91031370145407 23
91031370165095 66
91031370172453 91
91031437508732 91
91031504893156 23
91031504909793 66
91031572265103 91
91031572282033 23
91031639670589 66
91031639687292 91
91031639694783 23
91031707029360 66
91031707046697 23
91031765837895 66
91031832953132 91
91031900134842 23
91031900169860 66
91031967100221 91
91032034167547 23
91032034201183 66
91032034208843 91
91032101138804 23
91032101164835 66
91032168363392 91
91032235413464 91
91032309269040 23
91032309298156 66
91032309305633 91
91032376624590 23
91032376644750 66
91032376652311 23
91032444260007 66
91032444297901 91
91032511475238 91
91032578826145 23
91032578859495 66
91032646356879 23
91032646407269 66
91032646810775 91
91032706054432 23
91032706084111 66
91032771903019 91
91032838885124 91
91032906092804 23
91032906121021 66
91032906128395 23
91032906135498 66
91032973104908 91
91033040148668 23
91033040172620 66
91033040180385 91
91033180994298 23
91033181026067 66
91033181033785 91
91033248373387 23
91033315725225 66
91033315746854 91
91033383099593 91
91033383119829 23
91033383127416 66
91033383134473 91
91033450481092 23
91033450498846 66
91033517918801 91
91033517953513 23
91033517960883 66
91033576723787 23
91033576745811 66
91033576753469 91
91033710715414 91
91033710735649 23
91033710743412 66
91033777727973 23
91033777744937 66
91033777752563 91
91033911933421 23
91033911952699 66
91033911960057 91
91033987492692 23
91034052050826 66
91034052087773 91
91034113227736 23
91034113255082 91
91034180243159 23
91034180268516 66
91034254856767 91
91034254884712 23
91034254892312 66
91034314503735 91
91034314539237 23
91034314546569 66
91034381504500 23
91034381530519 66
91034381538084 91
91034448536701 91
91034523202849 23
91034523230245 66
91034589691581 91
91034589713985 23
91034589721538 66
91034657019636 91
91034657044313 23
91034724376637 66
91034724399432 91
91034724407170 23
91034791735829 66
91034791753971 23
91034859121603 66
91034859139075 91
91034918001051 23
91034918025213 66
91034918033118 91
91034984988544 91
91035052193792 23
91035052222899 66
91035052230516 91
91035119144260 23
91035119165677 66
91035186151068 23
91035186169868 66
91035186177622 91
91035253307264 23
91035320455983 66
91035320482543 91
91035387502442 23
91035387540366 66
91035387548944 91
91035528730419 23
91035528762530 66
91035528770059 91
91035596124476 23
91035596159228 66
91035596166822 91
91035730857161 23
91035730884750 66
91035730892466 91
91035798216954 91
91035856890861 23
91035856911525 23
91035856919133 66
91035856926117 91
91035923889209 23
91035923908352 66
91035923916058 91
91035990953940 23
91035990970362 66
91036058134372 91
91036058168517 23
91036058176193 66
91036125165373 91
91036125197985 23
91036125205888 66
91036192195250 23
91036192227135 66
91036192234644 91
91036333084222 23
91036333115292 91
91036333122855 23
91036333129954 66
91036400492535 91
91036400527080 23
91036400534599 66
91036467816915 23
91036467845696 66
91036467853217 91
91036535255808 23
91036602659949 66
91036602685789 91
91036670097689 23
91036670139641 66
91036670150193 91
91036795858426 91
91036795888589 23
91036795896349 66
91036862843279 91
91036862863887 23
91036929981136 66
91036930000177 91
91036997028510 23
91036997050598 66
91036997058241 91
91037064046884 23
91037064066466 66
91037131033012 91
91037131052306 23
91037131060137 66
91037205129122 91
91037205151063 23
91037205158900 66
91037272135912 91
91037272153627 23
91037339523130 66
91037339542539 91
91037406890408 23
91037406909314 66
91037406916847 23
91037406923983 23
91037474304853 66
91037474323719 91
91037542086909 23
91037542105419 66
91037542114702 91
91037609034253 91
91037609054360 23
91037667872269 66
91037667891927 23
91037667899573 66
91037667906677 91
91037801756175 23
91037801790584 66
91037801798055 91
91037868843371 91
91037936040804 23
91037936072837 66
91037936080346 91
91037936087280 23
91038003106625 66
91038003139887 91
91038070124891 23
91038070147669 66
91038070154961 23
91038143957701 66
91038143977464 91
91038211363372 91
91038211398676 23
91038211406645 66
91038278711020 23
91038278748132 66
91038346041968 91
91038413390535 91
91038413414701 23
91038413422361 66
91038413429687 91
91038480780844 23
91038480807392 66
91038539610212 91
91038539644544 23
91038539653089 66
91038606579007 23
91038606606337 66
91038673680391 91
91038740815975 91
91038807833996 23
91038807857590 66
91038807865367 91
91038874791389 23
91038874816800 66
91038874824647 91
91038942023416 23
91038942052412 66
91039009007082 91
91039009029333 23
91039009037005 66
91039082956385 23
91039082975746 66
91039082983398 91
91039217710591 23
91039217730650 66
91039217738085 91
91039352477164 91
91039352501517 23
91039352509008 66
91039411404540 91
91039478466435 23
91039478486807 66
91039545470373 23
91039545490494 66
91039545498097 91
91039612557731 23
91039612576748 66
91039612584391 91
91039679634917 91
91039679652922 23
91039746815438 66
91039746833127 91
91039814023518 23
91039814043792 66
91039814051944 91
91039880832244 23
91039880850488 66
91039880858029 91
91039954685322 23
91039954703514 66
91039954710900 91
91040022049904 23
91040022069744 66
91040089604344 91
91040089640174 23
91040089647916 66
91040089654874 91
91040156905441 23
91040156939419 66
91040156947550 91
91040224220460 23
91040224250717 66
91040291620266 91
91040291649825 23
91040291657342 66
91040350385075 91
91040350412968 23
91040350420660 66
91040433025229 23
91040433059150 66
91040484548067 91
91040551601362 91
91040551631656 23
91040551639344 66
91040618583868 91
91040618614153 23
91040618621812 66
91040685593989 23
91040685622564 66
91040685630147 91
91040752825994 91
91040752857276 23
91040819819399 66
91040819846964 91
91040893858916 23
91040893895314 66
91040893903108 23
91040961210188 66
91040961242551 91
91041095896969 23
91041095923030 66
91041095930917 91
91041163297579 23
91041222571934 66
91041222596259 91
91041289745706 23
91041289765533 66
91041289773229 91
91041358563672 91
91041423332624 23
91041423353360 66
91041490504992 91
91041490523230 23
91041490530906 66
91041557394667 23
91041557412269 66
91041557419692 91
91041624452867 91
91041698112758 23
91041698131694 23
91041698139388 66
91041765487621 91
91041765507028 23
91041765514465 66
91041832876593 91
91041900243457 23
91041900264883 66
91041900272444 23
91041900279356 66
91041967654987 91
91042035000750 23
91042035022543 66
91042035029945 91
91042161114589 23
91042161133612 66
91042161141139 91
91042228252615 23
91042228286595 66
91042295253931 91
91042362285758 23
91042362313014 66
91042362320636 91
91042496431614 91
91042496459675 23
91042496467469 66
91042563489379 23
91042563522014 66
91042563529402 91
91042704639906 91
91042704673544 23
91042704681011 23
91042704687995 66
91042772005699 91
91042772035654 23
91042772043047 66
91042839380854 23
91042839410699 66
91042839418238 91
91042974167315 91
91042974199818 23
91043032991420 66
91043033024073 23
91043033031346 66
91043033038218 91
91043167136325 23
91043167169128 66
91043167176941 91
91043234152997 23
91043234180583 66
91043234188033 91
91043368352244 91
91043368383623 23
91043368391243 66
91043435336678 91
91043435360587 23
91043502393122 66
91043502420418 91
91043502456160 23
91043576305317 66
91043576324332 91
91043576332034 23
91043643677042 66
91043643696960 91
91043711059046 23
91043711079918 66
91043711087642 23
91043778454606 66
91043778473049 91
91043845812042 23
91043845831068 66
91043913195765 91
91043972025093 23
91043972041740 66
91043972049370 91
91044038840328 91
91044106006447 23
91044106024273 66
91044173023930 91
91044173041003 23
91044173048456 66
91044240035968 23
91044240053520 66
91044240061190 91
91044307050357 23
91044307067201 66
91044374175914 91
91044448018073 91
91044448035213 23
91044515456976 66
91044515491477 23
91044515499386 66
91044515506596 91
91044650227409 91
91044650259027 23
91044650266740 66
91044717604487 91
91044784949387 23
91044784977604 66
91044784985117 91
91044784993155 23
91044843811202 23
91044843839854 66
91044843847196 23
91044843854141 66
91044910779804 91
91044977889202 23
91044977927652 66
91044977935104 91
91045111956792 91
91045111993498 23
91045112001297 66
91045179020634 23
91045179052786 66
91045246020133 91
91045319752472 91
91045319770572 23
91045319778223 66
91045387134939 91
91045387158962 23
91045454496874 66
91045454516919 91
91045521884138 23
91045521903425 66
91045521911115 91
91045589252953 23
91045589271052 66
91045589278439 91
91045589285495 23
91045656655488 66
91045724010506 91
91045782616773 23
91045782635223 66
91045782642910 91
91045916715920 23
91045916739378 66
91045916746835 91
91045983802327 91
91046051010137 23
91046051029675 66
91046051037317 91
91046118215842 23
91046118236243 66
91046118243880 91
91046185127050 23
91046185166296 66
91046185173692 23
91046258827362 66
91046258849290 91
91046326203322 91
91046326223978 23
91046393774183 66
91046393810951 91
91046393818492 23
91046461067671 66
91046461106624 23
91046461114270 66
