93221396499437 91
93221463720775 23
93221463743778 66
93221530590439 91
93221604600809 23
93221604620874 66
93221604628292 91
93221671959943 91
93221739328478 23
93221739346342 66
93221739355792 91
93221806737560 23
93221806760097 66
93221806767737 91
93221874108252 23
93221874127496 66
93221874134989 91
93221941482673 23
93221941503435 66
93221941511061 91
93222000206431 23
93222000238025 66
93222000245639 23
93222067221011 66
93222067247881 91
93222134226751 91
93222134246050 23
93222134253695 66
93222201580411 23
93222201597855 66
93222268427143 91
93222335632642 91
93222335654624 23
93222402929506 66
93222402961018 23
93222402968627 66
93222402975748 91
93222543754001 91
93222543786810 23
93222543794376 66
93222543802118 91
93222611111700 23
93222611138429 66
93222678578116 91
93222678615037 23
93222678622695 66
93222745875933 91
93222745897402 23
93222745905014 66
93222813291638 23
93222813324454 66
93222813332059 91
93222872184778 23
93222939160265 66
93222939189410 91
93223006131391 91
93223073142418 23
93223073165755 66
93223073173429 91
93223140395060 23
93223140422035 66
93223140429616 91
93223207407020 23
93223207437872 66
93223207445166 91
93223274396368 23
93223274421256 66
93223274429164 91
93223341385674 23
93223341406354 66
93223415452632 91
93223415478120 23
93223415485810 66
93223482824744 91
93223482850597 23
93223482858394 66
93223550178707 91
93223550198295 23
93223617577889 66
93223617595882 91
93223684914046 23
93223684930715 66
93223684938151 91
93223743797024 23
93223743813616 66
93223811029399 23
93223811046617 23
93223811054394 66
93223811061623 91
93223878039025 23
93223945024145 66
93223945041422 91
93224012073084 23
93224012090789 66
93224012098620 91
93224079131133 91
93224146237858 23
93224146263303 66
93224146271067 91
93224213389992 23
93224213426098 66
93224213433674 91
93224354522866 23
93224354550192 66
93224354557773 91
93224354564922 23
93224421917468 66
93224421939753 91
93224489332633 23
93224489356743 66
93224556678943 91
93224556705748 23
93224556713378 66
93224624042894 23
93224624064441 66
93224624072451 91
93224682740917 23
93224682759445 66
93224749749487 91
93224816865081 23
93224816883535 66
93224816891072 91
93224884112056 91
93224884152163 23
93224884159631 91
93224951151852 23
93224951185750 66
93224951193458 91
93225018079629 23
93225018105824 66
93225018114488 91
93225085131746 23
93225085154487 66
93225085161785 91
93225158954098 23
93225158987873 23
93225158995733 66
93225159002842 91
93225238849245 23
93225238883612 66
93225293673674 23
93225293703170 91
93225293710886 23
93225361016665 23
93225361044818 66
93225361053063 91
93225428407419 23
93225428437503 23
93225428444746 66
93225495785730 23
93225495815055 66
93225554721841 23
93225554747019 23
93225554754373 66
93225554761492 91
93225688706530 23
93225688737513 66
93225688745131 91
93225755893224 91
93225755919539 23
93225822799520 66
93225822820021 91
93225822827592 23
93225889928331 66
93225889952948 91
93225889960515 23
93225956940373 66
93225956960806 23
93225956968538 66
93225956975665 91
93226024118536 91
93226097939738 23
93226097958219 66
93226165320694 91
93226165339139 23
93226165347149 23
93226165354239 66
93226232731169 23
93226232754532 66
93226232762144 91
93226300079931 23
93226367452159 66
93226367469568 91
93226434825107 23
93226434843836 66
93226434851297 91
93226493670126 91
93226560824532 23
93226560844057 66
93226560851643 91
93226627629903 23
93226627648606 66
93226694719651 23
93226694744491 66
93226694752307 91
93226761848758 91
93226761867917 23
93226828848228 66
93226828865889 91
93226895874117 23
93226895891035 66
93226895898591 91
93226895905671 23
93226969807682 66
93226969824209 23
93227037028083 23
93227037046442 66
93227037054293 91
93227104406146 91
93227104424885 23
93227171793312 66
93227171810669 91
93227171818094 23
93227239169462 66
93227239185383 91
93227306649571 23
93227306682286 66
93227365460960 91
93227365496354 23
93227365503938 66
93227432590377 23
93227432619025 66
93227432626682 91
93227499603939 23
93227566571815 66
93227566596585 91
93227633611087 23
93227633638228 66
93227633645688 91
93227700727107 23
93227767950082 66
93227767983384 91
93227834864432 23
93227834925780 66
93227834934870 91
93227908827357 23
93227908854625 66
93227908862319 91
93227976171452 91
93228043556186 23
93228043581865 66
93228043589583 91
93228110913515 23
93228110945262 23
93228110954113 66
93228110961286 91
93228178317163 23
93228178341719 23
93228178349115 66
93228245720718 23
93228245746853 66
93228245755388 91
93228304615498 23
93228304635059 66
93228304642798 91
93228371414450 91
93228438431804 23
93228438448958 66
93228438456541 91
93228505417341 23
93228505435989 66
93228505443277 91
93228572616524 23
93228572634010 66
93228572641635 91
93228639851104 23
93228639873860 66
93228707104438 91
93228707132543 23
93228707141060 66
93228773689392 23
93228773708696 66
93228773716197 91
93228847905729 23
93228847931657 66
93228847939482 91
93228982623332 23
93228982646016 66
93228982653834 91
93229050245274 23
93229117432516 66
93229117461037 91
93229176884427 91
93229176910921 23
93229243261531 66
93229243279832 91
93229243287268 23
93229243294190 66
93229310242902 23
93229310258964 66
93229377276030 91
93229444484193 23
93229511479377 66
93229511495939 91
93229578517767 23
93229578534587 66
93229578542054 91
93229645664515 91
93229719655386 23
93229719689326 66
93229719696931 91
93229719704052 23
93229787003331 66
93229787030279 91
93229787038164 23
93229787045683 66
93229854337908 91
93229854358005 23
93229854365534 66
93229854372576 91
93229921753569 23
93229921785505 66
93229921793169 91
93229989145093 23
93229989178140 66
93229989185920 91
93230048047852 23
93230048074826 66
93230115101514 23
93230115135555 66
93230115143669 91
93230249294055 23
93230249324330 66
93230249331905 91
93230316400349 23
93230316430986 66
93230383550428 91
93230450478341 23
93230450505669 66
93230450513061 91
93230517463972 23
93230517482393 66
93230517489669 91
93230658678138 23
93230658705834 66
93230658713333 91
93230726059905 23
93230793437695 66
93230793459936 91
93230860799654 23
93230860820242 66
93230860827873 91
93230987070993 23
93230987098981 66
93230987106691 91
93231054000769 23
93231054020568 91
93231121024067 23
93231121042804 66
93231188016686 23
93231188034228 66
93231188041657 91
93231255225267 23
93231322255131 66
93231322274711 91
93231389321483 23
93231389338981 66
93231389346546 91
93231462999804 91
93231463016534 23
93231530383449 66
93231530400877 23
93231530408480 66
93231530415513 91
93231597777476 23
93231597795215 66
93231665185794 91
93231732508636 23
93231732524865 66
93231732532390 91
93231799895991 91
93231858865417 23
93231858887107 66
93231858896497 91
93231927291614 23
93231927322507 66
93231927330074 91
93231927337070 23
93231993033126 23
93231993066682 66
93232060004793 23
93232060032397 66
93232060039873 91
93232127041961 23
93232194040602 66
93232194065719 91
93232261275799 23
93232328333327 66
93232328360054 91
93232402147050 91
93232402173438 23
93232469546922 66
93232469575400 91
93232469582853 23
93232536898967 66
93232536923573 91
93232536930980 23
93232604250392 66
93232604269763 91
93232604277418 23
93232604284963 66
93232671677037 91
93232671696345 23
93232671703619 66
93232739007991 23
93232739028076 91
93232739035539 23
93232739042661 66
93232809514357 91
93232864739215 23
93232864762863 66
93232864770633 91
93232931875163 23
93232931894623 66
93232998913683 23
93232998937782 66
93232998945494 91
93233066008568 91
93233132949520 23
93233132969273 66
93233132976955 23
93233132984033 66
93233199983461 91
93233273983705 23
93233274019673 66
93233341288756 91
93233408595731 23
93233408617511 66
93233408625117 91
93233543376929 23
93233543402256 66
93233543409928 91
93233543416954 91
93233610743288 23
93233610766325 66
93233610774056 91
93233669657714 23
93233669677163 66
93233669684555 91
93233736696500 23
93233736713655 66
93233736721133 91
93233803581024 23
93233803597395 66
93233803605007 91
93233870781040 23
93233870797405 66
93233870804584 91
93233870811506 23
93233937849460 66
93233937866628 91
93233937874107 23
93234004870886 66
93234004887416 91
93234004894836 23
93234071951739 66
93234071985019 91
93234071992498 23
93234071999590 66
93234139203706 91
93234139238311 23
93234212964037 66
93234212990569 23
93234212998025 66
93234280310082 91
93234347778351 23
93234347809016 66
93234347816559 91
93234415110387 23
93234415140580 66
93234482458689 91
93234549871776 23
93234549901979 66
93234549909590 91
93234608833933 23
93234675673165 66
93234675708443 91
93234742590386 23
93234742622199 66
93234809643311 91
93234876885709 23
93234876915180 66
93234876922846 91
93234944019083 23
93234944040479 66
93234944047803 91
93235010864273 91
93235084646948 23
93235084669751 66
93235152046726 91
93235152070957 23
93235152078636 66
93235219384115 23
93235219402555 91
93235219410041 23
93235219417059 66
93235286770947 23
93235286788425 66
93235286796213 91
93235354159504 23
93235354179148 66
93235354186484 91
93235480248022 91
93235480266558 23
93235547454286 66
93235547472707 91
93235547480246 23
93235614459143 66
93235614476007 23
93235614483411 66
93235681470630 91
93235748508445 23
93235748525508 66
93235748532824 91
93235882732157 23
93235882754783 66
93235882762444 91
93235949735667 23
93236023741668 66
93236023759371 91
93236023767502 91
93236091120373 23
93236091138133 66
93236158484529 91
93236158501422 23
93236158508947 66
93236225900477 23
93236225922167 66
93236225929803 91
93236293302455 91
93236352217481 23
93236352252002 66
93236352259774 91
93236419296604 23
93236419323465 66
93236419332272 23
93236419339314 66
93236486249705 91
93236553494129 23
93236553521922 66
93236553529423 91
93236620605388 91
93236687825949 23
93236687852801 66
93236687860207 91
93236754672811 23
93236754703821 66
93236821695056 23
93236821719165 66
93236821726558 91
93236895523700 23
93236895549002 66
93236895556588 91
93236962895865 91
93237030279004 23
93237030308126 66
93237097655682 23
93237097683559 66
93237097691094 91
93237164995529 91
93237165022698 23
93237232368833 66
93237232397308 23
93237232404529 66
93237358234363 91
93237358265020 91
93237425555054 23
93237425574194 66
93237425581849 91
93237492372633 23
93237492406746 66
93237492414436 23
93237559486157 66
93237559516299 91
93237626503907 23
93237626528369 66
93237626535954 91
93237693509307 91
93237693532389 23
93237760551218 66
93237760577943 23
93237760585699 66
93237834565452 91
93237901935959 91
93237901956719 23
93237901964395 66
93237969340769 91
93237969364346 23
93237969372239 66
93238036693309 23
93238036713299 66
93238036720812 91
93238104059573 91
93238162976056 23
93238162993377 66
93238163001186 91
93238229940060 23
93238229957355 66
93238229964797 91
93238297190967 23
93238297213552 66
93238364177787 91
93238364197698 23
93238364205429 66
93238431207735 23
93238431226506 91
93238431233945 23
93238498205393 66
93238498224041 23
93238498231912 66
93238498239600 91
93238565982054 91
93238632571167 23
93238632605019 66
93238706347381 23
93238706375786 66
93238706383490 91
93238841098842 23
93238841133246 66
93238841141025 91
93238908460890 23
93238908487391 66
93238975852183 91
93239043212941 23
93239043237146 66
93239043245125 91
93239169268229 23
93239169298871 66
93239169306402 91
93239236037673 91
93239303099403 23
93239303119220 66
93239303126983 23
93239370194737 66
93239370219607 91
93239437299485 91
93239437335754 23
93239437343285 66
93239437350299 91
93239504344048 23
93239504379459 66
93239504386978 91
93239578054626 23
93239578082821 66
93239578090247 91
93239645414739 23
93239645442485 66
93239645449797 91
93239713090093 23
93239713114466 66
93239713121975 23
93239713128987 66
93239780155458 91
93239847536249 91
93239847558224 23
93239847566345 66
93239914919757 23
93239914949652 91
93239914957406 23
93239914964587 66
93239973808885 23
93239973834244 66
93240041102550 91
93240108072258 23
93240108111044 66
93240108118959 91
93240175004120 91
93240241992527 23
93240242013364 66
93240242020917 23
93240309090550 66
93240376144781 91
93240443264426 91
93240443287397 23
93240517089676 66
93240517109339 91
93240517116789 23
93240517123779 66
93240584484944 23
93240584503744 91
93240584511476 23
93240651876720 66
93240651893914 91
93240719260721 23
93240719277898 66
93240786630582 91
93240786647939 23
93240786655565 66
93240854188027 23
93240854220122 66
93240854227719 91
93240912957579 23
93240979949107 66
93240979975239 91
93241046793912 91
93241046825637 23
93241046833182 66
93241113911521 23
93241113938958 66
93241113946348 91
93241181127305 91
93241248303268 23
93241248327221 66
93241248334609 91
93241315164975 23
93241315195581 66
93241315203048 91
93241382180181 23
93241382207469 66
93241382214873 91
93241382221935 23
93241456239283 66
93241456267674 91
93241456275205 23
93241523652007 66
93241590996629 91
93241591022891 91
93241658643962 23
93241658701080 66
93241725764650 91
93241725793240 23
93241725800799 66
93241784562671 91
93241851626845 23
93241851651230 66
93241851658789 91
93241918578375 23
93241918597183 66
93241985894704 23
93241985926021 66
93241985933761 91
93242052877682 23
93242052904801 66
93242119893644 91
93242186935818 23
93242186963010 66
93242186970722 91
93242254171569 91
93242327912698 23
93242327937074 66
93242327947059 23
93242327955571 66
93242395320985 91
93242395344523 91
93242462670696 23
93242462691471 66
93242462699275 91
93242532330027 23
93242532354978 66
93242532362602 91
93242597542377 23
93242597565343 66
93242597574819 91
93242656413522 23
93242656432663 66
93242723416989 23
93242723434563 66
93242723441996 91
93242857540962 23
93242857560268 66
93242857568179 91
93242924726925 91
93242924744222 23
93242924751826 66
93242991917524 91
93242991935450 23
93242991942768 66
93243058811046 23
93243058838089 66
