106954394853095 91
106954394887681 91
106954461950061 23
106954461986196 66
106954461993830 91
106954540099781 23
106954540129938 66
106954540137708 23
106954540144748 66
106954540151776 91
106954595997326 91
106954596031034 23
106954596038342 66
106954663344608 23
106954663397987 66
106954663408373 91
106954741392565 91
106954741426139 23
106954741433887 66
106954741441036 91
106954810450634 23
106954810488026 66
106954810495734 91
106954810502708 23
106954864345181 66
106954864377039 91
106954864384478 23
106954864391536 66
106954943292298 91
106954943326268 23
106954943333773 66
106954998449369 91
106954998478656 23
106954998486278 66
106954998493563 23
106954998500620 66
106954998507529 91
106955065635278 91
106955132630500 23
106955132669366 66
106955132676988 23
106955132684020 66
106955132690935 91
106955210686889 23
106955210729058 66
106955266673943 91
106955333845299 23
106955333876815 66
106955333884459 91
106955406559583 23
106955406596023 66
106955473951236 91
106955473979582 23
106955541295289 66
106955541325237 91
106955608666950 91
106955608696640 23
106955608704252 66
106955676078586 91
106955676114205 23
106955676121511 66
106955676128644 23
106955676135509 66
106955743470657 91
106955810858901 91
106955810889623 23
106955810897314 66
106955810905403 91
106955878202904 23
106955878231906 66
106955878239370 23
106955878246304 66
106955878253129 91
106955945588064 23
106955945618989 66
106956006528429 91
106956006562916 23
106956006570589 66
106956071595514 91
106956071628264 91
106956138545985 23
106956138587164 66
106956138595035 91
106956138602115 23
106956205616398 66
106956205646593 91
106956205654363 23
106956205661403 66
106956272701586 23
106956272732917 66
106956339942359 91
106956339978735 23
106956339986230 66
106956407123525 91
106956473892484 23
106956473923858 66
106956547856065 91
106956624915246 23
106956624950479 66
106956624957984 91
106956682558037 91
106956682593699 23
106956682601230 66
106956750021447 91
106956750058980 23
106956750066786 66
106956750073905 23
106956750080836 66
106956885533522 91
106956943370766 91
106956943438037 23
106956943445737 23
106956943452841 66
106956943459972 91
106957010420079 23
106957010452499 66
106957010460122 23
106957010467046 66
106957010474376 91
106957077557929 91
106957144604559 23
106957144639255 66
106957144646975 91
106957144653967 23
106957144660879 23
106957211601869 66
106957211636601 91
106957211644021 23
106957284604593 66
106957284640916 23
106957284648341 66
106957284655433 91
106957345832114 23
106957345861305 66
106957345870021 91
106957412909315 23
106957412984024 66
106957412992790 91
106957486879888 23
106957486912373 66
106957554375137 91
106957554423010 91
106957621823414 23
106957621860367 66
106957621868073 91
106957621875210 23
106957688994506 66
106957689024922 23
106957689033324 66
106957689040457 91
106957756388911 23
106957756422099 66
106957817348488 91
106957882306627 23
106957882336180 66
106957882343689 91
106957949319802 23
106957949351973 66
106957949359337 91
106958016501569 91
106958016537251 23
106958016544917 66
106958016551853 91
106958083472086 23
106958083505577 66
106958083513090 91
106958150512550 23
106958150542049 66
106958150549642 23
106958150556759 66
106958150563699 91
106958217516985 91
106958217554264 23
106958217562318 66
106958284612693 91
106958284643833 23
106958284682946 66
106958284690952 23
106958358783293 66
106958358817223 91
106958358824798 91
106958425976621 23
106958426009971 66
106958426017621 23
106958426024740 66
106958493326475 91
106958560735284 91
106958560767625 23
106958560775102 66
106958628081180 91
106958628114796 23
106958628122331 66
106958628129269 23
106958628136607 66
106958699333717 91
106958699367595 91
106958754103862 23
106958754134450 66
106958754141975 23
106958754149072 66
106958754156108 91
106958831353673 91
106958831422026 23
106958888385264 66
106958888420769 23
106958888428433 66
106958888435519 91
106958962621889 23
106958962660856 66
106958962668272 91
106959022373966 91
106959022408875 23
106959022416718 66
106959089682596 23
106959089716048 66
106959089723438 91
106959168129790 23
106959168167906 66
106959168175684 91
106959223728103 23
106959223764746 66
106959300024237 91
106959300063073 23
106959300072486 66
106959370091958 91
106959424816075 23
106959424846205 66
106959424853712 91
106959491838675 23
106959491869648 66
106959558871275 91
106959637400632 91
106959637436125 23
106959637443555 66
106959693061828 91
106959693094710 23
106959693102450 66
106959693109416 91
106959760139539 23
106959760175702 66
106959760183343 23
106959760190307 66
106959760197283 91
106959839274450 23
106959839306677 66
106959839331513 91
106959894393891 23
106959894431403 66
106959961294794 91
106960040582255 23
106960040612837 66
106960040620284 91
106960095575415 23
106960095605787 66
106960095613593 91
106960172449114 23
106960172481100 66
106960229518257 91
106960229550727 91
106960296710720 23
106960296741964 66
106960296749759 23
106960296756787 66
106960296763717 91
106960373823490 23
106960431035031 66
106960431065075 91
106960497921816 23
106960497955281 66
106960497962886 91
106960575747777 23
106960575782431 66
106960575789854 91
106960632003326 91
106960632034590 23
106960699009385 66
106960699043388 23
106960699051263 66
106960766004684 91
106960842987059 23
106960843021753 66
106960843029343 91
106960900507208 23
106960900540260 66
106960900547659 91
106960967312424 23
106960967343805 66
106960967351670 91
106961044960111 91
106961044994763 23
106961045002278 66
106961101464557 23
106961101498375 66
106961101505871 91
106961176145831 23
106961176185357 66
106961176193277 91
106961235489072 23
106961302653921 66
106961302687247 91
106961369713249 23
106961369752493 91
106961369760113 23
106961369767032 66
106961369774036 91
106961448248763 23
106961448280356 66
106961448287867 91
106961503855864 23
106961503887344 66
106961503895024 91
106961503902004 23
106961578949949 23
106961578983833 66
106961578991543 91
106961578998587 23
106961579005607 66
106961646345358 91
106961646377689 23
106961646385125 66
106961704982252 23
106961705010608 91
106961705018163 23
106961705025155 66
106961705032060 91
106961772063230 23
106961772092648 66
106961772100074 91
106961839157743 23
106961839188100 66
106961839195863 23
106961839202704 66
106961906264884 91
106961906296986 91
106961973241602 23
106961973273356 66
106961973281130 91
106961973288269 23
106962040432615 66
106962040463650 91
106962040471366 23
106962040478375 66
106962107522375 91
106962107553775 23
106962107561402 66
106962185142736 23
106962185176791 66
106962185184344 91
106962241821891 23
106962241857181 66
106962241865039 91
106962308864646 23
106962308902929 66
106962308910846 91
106962375695203 23
106962375728441 66
106962375735669 91
106962442833509 23
106962442863231 91
106962442870683 23
106962510103758 66
106962510157369 23
106962510165207 66
106962510172203 91
106962589877488 91
106962589912387 23
106962654331157 66
106962654363196 91
106962654370666 23
106962654377713 66
106962654384640 91
106962711319629 23
106962711350992 66
106962711359264 91
106962778136114 23
106962778169084 66
106962778176913 91
106962855635642 23
106962855667078 66
106962855674524 91
106962855681412 23
106962855688367 66
106962912159475 91
106962912193305 23
106962912200882 66
106962979317051 23
106962979348567 66
106962979355780 91
106963057752995 91
106963057794977 23
106963057804868 66
106963113345058 91
106963113380696 23
106963113388261 66
106963180553549 23
106963180585632 66
106963247572281 91
106963314597233 23
106963314631792 66
106963460851349 91
106963460887841 23
106963515863476 66
106963515908915 91
106963592924888 91
106963592968773 23
106963592976298 66
106963661661292 23
106963661697547 66
106963661704877 91
106963717107163 23
106963717143270 66
106963784206472 91
106963784251859 23
106963858049579 66
106963858077850 91
106963925556414 23
106963925604933 66
106963925612665 91
106963992831755 23
106963992867072 66
106963992874642 91
106964060210924 23
106964127616636 66
106964127649089 91
106964127656832 23
106964186510054 66
106964186541045 91
106964253546183 23
106964253577878 91
106964253585222 23
106964253592381 66
106964320646307 23
106964320677006 66
106964320685324 91
106964387790194 91
106964387818407 23
106964387826238 66
106964387833087 91
106964454700525 23
106964454729943 66
106964454737480 23
106964454744625 66
106964454751516 91
106964521703203 23
106964588984072 66
106964589021564 91
106964655964737 91
106964655999049 23
106964656007383 66
106964656014712 23
106964656021861 66
106964656028777 91
106964729793944 23
106964729827158 66
106964797128418 91
106964864669755 91
106964864710122 23
106964864717721 66
106964864724846 23
106964864731743 66
106964931900450 91
106964999292741 23
106964999328029 66
106965066775702 91
106965066804927 23
106965066812885 66
106965066819993 91
106965125635675 23
106965125689000 66
106965209834833 91
106965266717066 23
106965266751948 66
106965266759454 91
106965334147581 91
106965334178540 23
106965401503376 66
106965401535012 23
106965401542443 66
106965401550008 91
106965469063377 23
106965469101839 66
106965469109482 91
106965527761652 23
106965527795851 66
106965527803404 91
106965594839461 23
106965594872180 66
106965594879609 91
106965661845310 23
106965661875040 66
106965661882734 91
106965729105765 23
106965729138965 66
106965729147130 91
106965796041622 23
106965796079414 66
106965863061277 91
106965863093166 91
106965863100868 23
106965930186802 66
106965930219147 91
106965930242548 23
106966003647513 66
106966003677738 91
106966003685472 23
106966003692629 66
106966064272671 23
106966064303992 66
106966064312189 91
106966131932567 23
106966131971700 66
106966131979123 91
106966198474012 23
106966198502014 66
106966265509073 91
106966332514292 23
106966332546323 66
106966332553898 91
106966399645785 23
106966399679684 66
106966466640918 91
106966540639752 23
106966540677305 66
106966540685295 91
106966607993805 91
106966608025518 23
106966608033146 66
106966675335512 91
106966675370915 23
106966675378756 66
106966675385679 91
106966742741246 23
106966742773088 66
106966742780645 23
106966742787631 66
106966742794607 91
106966810265833 23
106966810297327 66
106966877614420 91
106966877650317 91
106966936124445 23
106966936161386 66
106966936169112 91
106966936176267 23
106967003190882 66
106967003222046 91
106967003229673 23
106967070254629 66
106967070286278 23
106967070293930 66
106967070301046 91
106967137295067 23
106967137328026 91
106967137336019 23
106967137342995 66
106967137349981 23
106967204490413 66
106967204524548 91
106967204531946 23
106967204539012 66
106967204545835 91
106967271561689 23
106967271604027 66
106967271611848 91
106967338548923 91
106967338583608 23
106967338591004 66
106967412357187 23
106967412392195 66
106967412400293 91
106967479719726 23
106967479756192 66
106967479763639 91
106967479770721 91
106967547174188 23
106967547218384 66
106967547225939 91
106967614437721 23
106967614472043 66
106967614479632 91
106967682636816 23
106967682676609 66
106967682684271 91
106967682691694 23
106967682698687 66
106967749191975 91
106967749224769 23
106967749232346 66
106967808129117 91
106967808166386 23
106967808173953 66
106967808180979 91
106967875142110 23
106967875189668 66
106967875197376 91
106967875204279 23
106967942046264 66
106967942081871 23
106967942089998 66
106967942097084 91
106968009138882 91
106968009174168 23
106968076250944 66
106968076282542 23
106968076290091 66
106968076297089 91
106968143283774 23
106968210525746 66
106968210559402 91
106968210566992 23
106968210573990 66
106968277498958 91
106968351479092 23
106968351515566 66
106968351523316 91
106968418816388 23
106968418855361 66
106968486232694 91
106968486279991 23
106968553572807 66
106968553608803 91
106968620902569 23
106968620939449 66
106968620947835 91
106968688342755 23
106968688378455 66
106968688386004 91
106968746836414 23
106968746867848 66
106968746875530 91
106968813934731 23
106968813971630 66
106968881106371 91
106968948320068 23
106968948350419 66
106969015183549 91
106969015216135 23
106969015223917 66
106969082155250 91
106969149311468 23
106969149348978 66
106969149356425 91
106969149363433 23
106969223135817 66
106969223169812 91
106969223177314 91
106969283348998 23
106969283381666 66
106969283389091 23
106969283396290 66
106969283403352 91
106969350465108 91
106969350501518 23
106969350508967 66
106969427928038 23
106969427966065 66
106969427973676 91
106969484770383 23
106969484809207 66
106969484816834 91
106969551697753 23
106969551731498 66
106969624683424 91
106969691381641 23
106969691419867 66
106969758858601 91
106969758895466 23
106969758902874 66
106969826103112 91
106969893607572 91
106969893644231 23
106969893651913 66
106969960822811 91
106969960857893 23
106969960865452 66
106970028201996 23
106970028236650 66
106970028243965 91
106970095643162 23
106970095679789 66
106970095687384 91
106970162960202 91
106970162995369 23
106970230350751 66
106970230385409 91
106970230392709 23
106970297725536 66
106970297759410 23
106970297767391 66
106970297774518 91
106970356582234 23
106970356611342 66
106970356618873 91
106970423591494 23
106970423623165 66
106970423630805 91
106970490613449 23
106970490645975 66
106970490653391 91
106970557647040 91
106970557677749 23
106970557685379 66
106970624851894 91
106970624893996 23
106970624905339 66
106970692049492 23
106970692084697 66
106970692092294 91
106970758905605 23
106970758936594 66
106970758944173 91
106970834545181 23
106970834596064 66
106970834603554 91
106970899919038 91
106970899948442 23
106970899955967 66
106970967358206 91
106970967391078 23
106970967398821 66
106971034709509 23
106971034744416 66
106971034751901 91
106971102080786 91
106971102114541 23
106971102122337 66
106971169471946 23
106971169518255 66
106971169526126 91
106971228385539 23
106971228416315 66
106971228423953 91
106971295417443 91
106971295451477 23
106971295458898 66
106971362699437 23
106971362734379 66
106971362742019 91
106971429497581 23
106971429538064 66
106971429545644 91
106971496547831 91
106971496582809 23
106971563735183 66
106971563766341 91
106971630788738 23
106971630823929 66
106971630831537 91
106971630838879 23
106971697777215 66
106971697806935 91
106971697814412 23
106971697821430 66
106971771664792 91
106971771702051 23
106971771709805 66
106971771717081 23
106971839335470 66
106971839379125 91
106971906419757 91
106971906457713 23
106971906464911 66
106971973903021 23
106971973952399 66
