91085425109276 91
91085492511302 23
91085492535299 66
91085492543068 91
91085559849158 23
91085559869112 66
91085559876613 91
91085694725615 23
91085694760029 66
91085694767564 91
91085762049404 23
91085820966931 66
91085820993847 91
91085888083022 23
91085888111012 23
91085888118583 66
91085888125660 91
91085955245986 91
91086022053357 23
91086022084080 66
91086089099409 23
91086089130959 66
91086089138460 91
91086156331219 91
91086156362041 23
91086223367328 66
91086223399013 91
91086223406446 23
91086223413460 66
91086290353659 91
91086364253361 23
91086364280818 66
91086364288233 23
91086431557448 66
91086431578044 91
91086498946629 91
91086498966265 23
91086498973569 23
91086498980565 66
91086566324490 91
91086566343458 23
91086633710482 66
91086633732987 91
91086701109944 23
91086701135619 66
91086701143102 91
91086759748487 23
91086759768244 66
91086826948616 23
91086826970344 66
91086826978026 91
91086893982919 23
91086894010079 66
91086894017883 91
91087027972613 91
91087027995353 23
91087028002823 66
91087095159669 91
91087095191046 23
91087095198899 66
91087162258911 91
91087229172953 23
91087229194422 66
91087303285477 91
91087303305075 23
91087303312709 23
91087303319952 66
91087370680443 91
91087370701013 23
91087438090170 66
91087438111630 23
91087438119399 66
91087438126387 91
91087572861733 91
91087572896117 23
91087572904051 66
91087631900626 23
91087631934606 66
91087698681449 91
91087765851248 23
91087765876838 91
91087765884472 23
91087832859259 66
91087832881138 91
91087899909403 23
91087899938121 23
91087899945929 66
91087967099289 23
91087967131157 66
91087967138865 91
91088034258514 91
91088101035845 23
91088101060860 66
91088175023725 91
91088175045994 23
91088175053519 66
91088242414318 23
91088242438850 66
91088309781972 91
91088377225936 23
91088377262525 66
91088377270209 91
91088444564592 23
91088503437243 66
91088503459213 91
91088570607089 23
91088637628941 66
91088637647913 91
91088704665254 23
91088704683303 66
91088704691063 91
91088771708303 23
91088838885295 66
91088838906659 91
91088905904611 23
91088905923981 66
91088905931412 91
91088972956535 91
91089046733906 23
91089046754063 66
91089046761497 91
91089114105196 23
91089114124082 66
91089114131412 91
91089181495478 23
91089181515494 66
91089248949308 91
91089248984041 23
91089316354477 66
91089316387710 23
91089316395431 66
91089383692173 91
91089442465765 23
91089442492369 66
91089442500119 91
91089509493136 91
91089576676408 23
91089576705664 66
91089576713354 91
91089643692665 23
91089643723219 66
91089710744383 23
91089710766160 66
91089710773548 91
91089844827629 23
91089844855665 66
91089844863164 91
91089911898560 23
91089911926863 66
91089985912681 91
91089985945855 91
91090053263811 23
91090053291552 66
91090053299366 91
91090120677295 23
91090120708700 66
91090188001290 23
91090188026785 66
91090188034260 91
91090255495867 23
91090255529067 66
91090255536722 91
91090381411682 23
91090381434396 66
91090381442224 91
91090448425446 91
91090515458164 23
91090515482915 66
91090582431108 23
91090582453902 66
91090582461701 91
91090649615052 23
91090649633381 66
91090716628563 91
91090783700248 23
91090857577453 66
91090857607595 91
91090924955482 91
91090992314149 23
91090992337573 66
91090992345162 91
91090992352033 23
91091061909020 66
91091061940967 91
91091127097115 23
91091127115911 66
91091127123591 91
91091194496549 23
91091194531776 66
91091194539273 91
91091253555794 23
91091253601411 66
91091253611306 91
91091320298769 23
91091320337136 66
91091387454579 23
91091387492709 66
91091387500383 91
91091454433476 91
91091454464026 23
91091454471479 66
91091521499796 91
91091521531390 23
91091588502185 66
91091588535445 23
91091588542994 66
91091588550253 91
91091655711096 91
91091655739930 23
91091729305523 23
91091729332256 66
91091796773607 91
91091796801440 23
91091796808929 66
91091864033481 91
91091864054316 23
91091931401576 66
91091931421027 91
91091931428196 23
91091998825759 66
91091998851440 91
91092066169331 23
91092066190559 66
91092125078753 91
91092125102323 23
91092125110035 66
91092192228425 91
91092192248958 23
91092192256304 66
91092259094270 23
91092259114254 66
91092259121982 91
91092393304427 23
91092393324902 66
91092393332590 91
91092460326910 23
91092460345426 66
91092460352609 91
91092594605842 23
91092594637437 66
91092594645187 91
91092668386927 23
91092668408061 66
91092668415792 91
91092803097326 91
91092803114044 23
91092803121490 66
91092870579048 91
91092870613670 23
91092870621203 66
91092937927820 23
91092937960125 66
91092937967459 91
91093063947772 23
91093063980338 66
91093063988220 91
91093198155433 23
91093198183355 66
91093198191119 91
91093265133451 91
91093265162543 23
91093332326986 66
91093332351234 23
91093399292647 66
91093399316322 91
91093466325186 23
91093466351512 66
91093466359339 91
91093540396374 91
91093607704272 23
91093607723687 66
91093607731369 91
91093674837078 23
91093674855208 23
91093674862888 66
91093674869846 91
91093742298986 23
91093742333095 66
91093742340568 91
91093809685526 23
91093809714166 23
91093809721817 66
91093809728819 91
91093877021240 23
91093877053242 66
91093944469667 91
91094003256423 23
91094003279799 66
91094003287117 91
91094070038181 23
91094070065729 66
91094070073435 91
91094136995871 23
91094137019975 23
91094137027216 66
91094204050476 91
91094204077014 23
91094271275946 66
91094271301745 23
91094271309733 66
91094338464373 91
91094405232747 23
91094405254698 66
91094479161710 91
91094546549964 23
91094546566515 66
91094546574265 91
91094613935058 91
91094681290838 23
91094681308189 23
91094681316209 66
91094748766760 91
91094748800998 23
91094748808553 23
91094816162473 66
91094816193997 91
91094874803832 23
91094874831708 91
91094874839210 23
91094874846367 66
91094941901075 91
91094941924708 23
91094941932428 23
91095019277329 66
91095019311700 91
91095075965045 23
91095075998508 23
91095076005685 66
91095143152322 23
91095143184076 91
91095143191514 23
91095143198381 23
91095210243607 66
91095210286446 91
91095277180023 23
91095277204040 23
91095277211235 23
91095350956263 66
91095350981385 91
91095350989081 23
91095418271790 66
91095418292218 91
91095485768803 23
91095485805378 66
91095553097733 23
91095553128181 66
91095553135890 91
91095620453520 23
91095620473663 66
91095620481333 23
91095687829918 66
91095687850202 91
91095746526223 23
91095813671432 66
91095813699346 91
91095880766953 23
91095880802106 91
91095947905824 23
91095947936437 66
91095947944426 91
91096014934841 23
91096014959007 66
91096014966618 91
91096082121146 23
91096082139360 66
91096149276986 23
91096149294971 66
91096149302514 91
91096290080140 91
91096290108168 23
91096290115723 66
91096357462027 91
91096357491473 23
91096424802787 66
91096424833561 91
91096492159334 23
91096492184027 66
91096492191530 23
91096492198602 66
91096559573689 91
91096618381610 91
91096618398804 23
91096618406263 66
91096685747337 91
91096685790333 23
91096752676789 66
91096752711063 91
91096819693731 23
91096819723400 66
91096819731263 91
91096886686595 23
91096886713620 66
91096886721283 91
91096953845213 23
91096953866185 66
91096953873673 91
91097020894182 23
91097020921339 66
91097087960094 23
91097087988695 66
91097087996220 91
91097161817289 23
91097161843533 66
91097161851098 91
91097296810120 23
91097296839621 66
91097296847590 91
91097364101551 23
91097431277542 66
91097431303747 91
91097557417441 23
91097557448786 66
91097557458912 91
91097624445525 91
91097691562802 23
91097691581255 66
91097691588835 91
91097758565776 23
91097758584419 66
91097758592436 23
91097758599527 66
91097825567823 91
91097892777953 23
91097892796094 66
91097892803601 91
91097959850667 91
91098026858411 23
91098026878025 66
91098026885671 91
91098100876757 23
91098100900225 66
91098168176257 23
91098168195626 66
91098168202833 91
91098235557845 23
91098235576154 66
91098302963188 91
91098370313264 23
91098370332834 66
91098370340276 91
91098429281000 23
91098496605695 66
91098496643654 91
91098563724380 23
91098563757475 66
91098630549723 91
91098630581006 91
91098697538028 23
91098697565473 66
91098697573388 91
91098764666923 23
91098764696438 66
91098764704046 91
91098831677024 23
91098831707496 66
91098831715420 23
91098898718553 66
91098898755906 91
91098972653066 23
91098972686863 66
91098972694486 91
91099107340019 91
91099107373829 23
91099107381529 66
91099107388997 91
91099174790100 91
91099174825658 23
91099242117517 66
91099242150543 91
91099309472579 23
91099309504378 66
91099309512127 23
91099368259615 66
91099368285340 91
91099368292798 23
91099368299997 66
91099435165488 91
91099435189046 23
91099502390115 66
91099502414202 91
91099502422035 23
91099569387613 66
91099569410138 91
91099636396033 23
91099636415373 66
91099636422858 91
91099703571140 23
91099703607643 66
91099703615456 91
91099703622689 23
91099770618440 66
91099770646540 23
91099770653935 66
91099844280651 91
91099911620039 23
91099911640446 66
91099911647915 91
91100046426689 91
91100046452897 23
91100046460444 66
91100113766073 23
91100113787287 66
91100113794952 91
91100181206246 23
91100239962791 66
91100239980666 91
91100313904687 23
91100313937556 66
91100381242048 91
91100448632250 23
91100448663221 66
91100448670716 91
91100515994986 91
91100583496338 23
91100583526024 66
91100650792612 91
91100650823479 23
91100709586894 66
91100709615678 23
91100709623416 66
91100709630509 91
91100776584974 91
91100843617416 23
91100843643500 23
91100843651604 66
91100910808166 91
91100910842116 23
91100910849534 66
91100977928177 91
91100977954336 23
91100977961736 66
91101044818099 91
91101044846807 23
91101044854225 66
91101120311172 91
91101120341710 23
91101120349366 66
91101178973336 91
91101246030120 23
91101246055026 66
91101313081601 91
91101313115086 23
91101313122539 66
91101380257938 91
91101380285819 23
91101447297501 66
91101447328852 91
91101447336454 23
91101514312146 66
91101514341347 91
91101514349043 23
91101581342897 66
91101581368366 91
91101581376177 23
91101655177941 66
91101655207729 91
91101722534787 23
91101722564499 66
91101789844354 91
91101789863861 23
91101789871304 66
91101789878354 91
91101857235433 23
91101857254520 66
91101924589417 91
91101924608464 23
91101924616112 66
91101991964452 91
91101991982595 23
91101991990651 66
91101991997860 91
91102050893030 23
91102050911256 66
91102050918804 91
91102117923483 23
91102117944413 66
91102117951968 91
91102184940546 23
91102184957696 66
91102184965247 91
91102251924815 23
91102251941199 66
91102251948849 91
91102319122440 23
91102319142852 66
91102319150341 91
91102394127651 23
91102394146593 66
91102461587687 23
91102461626217 91
91102461633845 23
91102461641090 66
91102520345162 91
91102520377133 23
91102520384708 66
91102587465018 23
91102587492614 66
91102587500257 91
91102654466254 23
91102654494131 66
91102721684579 91
91102788894280 91
91102788923350 23
91102788931079 23
91102855667858 66
91102855697048 91
91102923019394 23
91102923042017 23
91102923049665 66
91102923056755 23
91102989717996 66
91102989740988 91
91103063735117 91
91103063758467 23
91103131151094 66
91103131173085 91
91103131180564 23
91103198472837 66
91103198495225 23
91103198502736 66
91103198509756 91
91103265839751 23
91103333218090 66
91103333235982 91
91103392084170 23
91103392101243 66
91103459202038 91
91103526320830 23
91103526342979 66
91103526351105 91
91103593351899 91
91103660317445 23
91103660335617 66
91103727318617 23
91103727335387 66
91103727342898 91
91103794602539 91
91103861727625 23
91103861771081 66
91103935495135 23
91103935530433 91
91103935538069 23
91103935545095 66
91104002898761 91
91104002931482 23
91104002939154 66
91104070245023 91
91104070272135 23
91104137645760 66
91104137668775 23
91104137676650 66
91104137683803 91
91104204961185 91
91104272595847 23
91104272618977 66
91104272626593 91
91104331245104 23
91104331270362 66
91104331278006 91
91104398206303 23
91104398236200 66
91104398244065 23
91104398251188 66
91104465197200 91
91104532277196 91
91104532307441 23
91104532314779 66
91104599287140 91
91104599312200 23
91104599319533 66
91104666420214 91
91104666453438 23
91104739841645 66
91104739872304 91
91104807212562 23
91104807243183 66
91104807250555 91
91104874588857 23
91104941924794 66
91104941956533 91
91105009338054 91
91105009368575 23
91105076771983 66
91105076796743 91
91105146175030 23
91105146199576 66
91105146207156 91
91105202855551 23
91105202877758 66
91105270096243 23
91105270127812 66
91105270135433 91
91105337104846 23
91105337137192 66
91105337145047 91
91105404035665 91
91105471078121 23
91105471097596 66
91105471105383 91
91105538256707 23
91105538274100 66
91105605279695 91
91105605297604 23
91105605305115 66
91105605312561 91
91105672296273 23
91105672315079 66
91105746257171 23
91105746276397 66
91105746283938 91
91105813609117 91
91105881021909 23
91105881044721 66
91105948398335 23
91105948418957 66
91105948426629 91
91106015756296 91
91106015774242 23
91106083154865 66
91106083173915 23
91106083181768 66
91106142023869 91
91106208880698 23
91106208913550 66
91106343076855 91
91106410042854 23
91106410065300 66
91106410072984 91
91106544381596 23
91106544415791 66
91106544423533 91
91106611355532 23
91106611385053 91
91106685399350 23
91106685429180 66
91106685436777 23
91106752792934 66
91106752828441 91
91106820165653 23
91106820199050 66
91106820206241 91
91106887594205 23
91106954902252 66
91106954929371 91
91107013736617 91
91107013760821 23
91107013768660 66
91107080729274 91
91107080748339 23
91107147800572 66
91107147819675 91
91107147827430 23
91107214773849 66
91107214792252 23
91107281818445 66
91107281837701 91
91107349037029 23
91107349058751 91
91107416038535 23
91107416060635 66
91107416068399 91
91107483106727 23
91107483124219 66
91107483131974 23
91107483139467 91
91107557050853 23
91107557068056 66
91107624470617 23
91107624496539 66
91107624504074 91
91107691866557 23
91107691890321 66
91107691897852 91
91107759210336 23
91107826620071 66
91107826640292 91
91107885520513 91
91107885539041 23
91107952553510 66
91107952572085 23
91107952579742 66
