106980090897369 91
106980148100523 91
106980148130639 23
106980148138154 66
106980215495503 91
106980215535944 23
106980215543514 66
106980292881167 23
106980292918066 66
106980349420328 91
106980416547625 23
106980416586660 66
106980416594378 91
106980494238637 91
106980494274249 23
106980550501944 66
106980550532370 91
106980550540092 23
106980550547140 66
106980636255321 91
106980636285912 23
106980636293479 66
106980696264662 91
106980696301285 23
106980696308731 66
106980696315882 23
106980696322862 66
106980696329933 91
106980751941101 91
106980751976769 23
106980818863963 66
106980818903143 23
106980818910801 91
106980818917760 23
106980818924700 66
106980885816032 91
106980885847631 23
106980885855158 66
106980952943604 91
106980952972158 23
106980952979894 66
106980952986876 91
106981019955809 23
106981019990035 66
106981019998350 91
106981087052509 23
106981087084188 66
106981087091606 23
106981087098538 66
106981154238547 91
106981154274790 91
106981221100833 23
106981221133536 66
106981221141355 91
106981295142298 23
106981295173435 66
106981295181204 23
106981295188610 66
106981295195522 91
106981362512253 23
106981362544449 66
106981362551760 91
106981436242991 91
106981436290203 23
106981436297740 66
106981497283673 91
106981497313349 23
106981497320938 66
106981564647429 91
106981564678768 23
106981564686496 66
106981564693597 23
106981564700552 66
106981564707595 91
106981623514542 91
106981690783177 23
106981690830161 66
106981690838163 23
106981690845360 66
106981690852382 91
106981757674344 23
106981757706518 66
106981757714473 91
106981824676620 91
106981824707675 23
106981824715343 66
106981891702302 91
106981891733357 23
106981891741069 66
106981959071173 91
106981959116580 23
106981959124316 66
106981959131558 23
106982025953300 66
106982025991464 91
106982099498682 23
106982099535723 66
106982099543421 91
106982166884570 23
106982166922044 66
106982166929541 91
106982234247445 91
106982311757883 23
106982311793105 66
106982311801221 23
106982311808283 66
106982311815119 91
106982369031352 91
106982369067264 23
106982436555674 66
106982436600802 23
106982436608638 66
106982503781047 91
106982562598935 91
106982562630996 23
106982562638594 66
106982562645668 23
106982562652591 66
106982562659577 91
106982629464331 91
106982629496181 23
106982696730392 66
106982696770508 23
106982696777823 66
106982696784793 91
106982763639237 23
106982763672517 66
106982830691567 91
106982830722232 91
106982897861272 23
106982897897831 66
106982897905205 91
106982964974868 23
106982965006851 66
106982965016224 91
106982965023262 23
106982965030172 66
106983031951190 23
106983031982046 66
106983031989752 91
106983105972360 91
106983106002967 23
106983106010685 66
106983106017643 23
106983106024727 66
106983173349255 91
106983173386660 23
106983173394407 66
106983240767800 91
106983308088252 23
106983308128134 66
106983308136230 91
106983375470912 23
106983375504986 66
106983375514885 91
106983434413337 23
106983434444759 66
106983434452379 91
106983501356948 91
106983569063404 23
106983569117298 66
106983569126171 23
106983569134742 66
106983642939204 91
106983642978601 23
106983642986383 66
106983710309843 91
106983710350743 23
106983777735687 66
106983777772729 91
106983845032249 91
106983845063098 23
106983845070598 66
106983845077663 91
106983903718139 23
106983903783125 66
106983903791201 91
106983903798360 23
106983903805217 66
106983970864362 23
106983970895703 66
106984038067880 91
106984038133038 91
106984104958601 23
106984104994339 66
106984105002194 23
106984105009335 66
106984105016473 91
106984171976295 91
106984172017879 23
106984239158141 66
106984239190408 91
106984239197567 23
106984239204806 66
106984317267400 23
106984317302120 66
106984317310088 91
106984381176621 23
106984381210543 66
106984440266920 91
106984440306983 91
106984507496080 23
106984507531603 66
106984507539486 23
106984507546586 66
106984574470255 91
106984641558847 91
106984641593891 23
106984641601555 66
106984720804515 23
106984720838029 66
106984720845554 91
106984720852582 23
106984775569006 66
106984775605318 91
106984842650143 23
106984842683111 91
106984842690783 23
106984842697960 66
106984921875942 23
106984921907729 66
106984921915349 91
106984977162328 23
106984977197799 91
106984977205684 23
106985053893335 66
106985053938783 91
106985053946253 23
106985110951542 66
106985110979210 91
106985110986815 23
106985177930326 23
106985177964378 66
106985177971917 23
106985177979032 66
106985253755681 91
106985253787377 91
106985312366253 23
106985312415486 66
106985312423967 23
106985379227586 66
106985379255906 91
106985446321833 23
106985446351189 66
106985446358769 91
106985513336681 91
106985580481573 23
106985580518821 66
106985580529756 91
106985580561847 23
106985647551592 66
106985647589309 91
106985647596786 23
106985647603800 66
106985714743339 23
106985714773243 91
106985714780964 23
106985714788020 66
106985714795054 23
106985788580161 66
106985788613371 91
106985848616762 91
106985848653230 23
106985848660952 66
106985915655229 23
106985915688627 66
106985915696311 91
106985982807377 23
106985982839915 66
106986049835356 91
106986116933756 91
106986116971159 23
106986116979018 66
106986190890739 23
106986190925689 66
106986190933216 91
106986258154027 23
106986258191668 66
106986258199110 91
106986325576166 23
106986325619902 66
106986325627527 91
106986392898109 91
106986392926897 23
106986392935058 66
106986460274062 91
106986460307425 23
106986460314928 66
106986527647023 91
106986527683964 23
106986527691400 66
106986586608594 23
106986586643173 66
106986586650634 91
106986653531372 23
106986653558406 66
106986653565941 91
106986720451945 91
106986720484618 23
106986720492722 66
106986787698793 23
106986787740091 66
106986787747694 91
106986854598994 23
106986854626593 66
106986921663069 91
106986995181558 23
106986995220545 66
106986995228275 91
106986995235316 23
106986995242147 66
106987055787644 91
106987123061994 23
106987123095043 66
106987123102855 91
106987189900190 23
106987189931908 66
106987257012260 91
106987324036978 23
106987324069219 66
106987324076933 91
106987391230420 23
106987391266088 66
106987458396687 91
106987525259736 23
106987525294669 66
106987525302725 91
106987599410739 23
106987599441975 66
106987666773058 91
106987734130854 91
106987734162460 23
106987734170092 66
106987734177243 91
106987801540182 23
106987801575458 66
106987801582908 23
106987801589989 66
106987801597121 91
106987868973602 23
106987869009650 66
106987869017388 91
106987927782790 23
106987927818480 66
106987994756568 91
106987994786571 23
106987994794297 66
106988061762644 91
106988129273315 91
106988129303525 23
106988129311346 66
106988195962266 91
106988195997315 23
106988196004661 66
106988196011687 91
106988263381020 23
106988263437943 66
106988263448610 23
106988263458617 66
106988263468365 91
106988330288686 23
106988330323634 66
106988397386999 91
106988464205340 23
106988464240006 66
106988464247821 91
106988541746786 23
106988541779091 66
106988541786668 91
106988598428620 91
106988665966881 23
106988666002780 66
106988743084801 23
106988743121875 66
106988743129917 91
106988799697450 23
106988799730014 66
106988799737627 91
106988866655715 23
106988866690433 66
106988866697861 91
106988945073836 23
106988945109621 66
106988945117246 91
106989000744436 23
106989000771239 66
106989000778647 91
106989067930343 91
106989067963533 23
106989134943856 66
106989134977554 91
106989134985355 23
106989134992220 66
106989201966637 23
106989201996584 66
106989202004234 91
106989268952795 23
106989268989426 66
106989268997241 91
106989336164287 23
106989336196469 66
106989336204213 91
106989414195531 91
106989414228110 23
106989414236105 66
106989470248231 23
106989470284554 66
106989543044173 91
106989543084230 23
106989610350197 66
106989610385887 91
106989677777088 23
106989677825871 66
106989745119904 91
106989812572115 23
106989812614322 66
106989812621871 91
106989879845056 23
106989879878382 66
106989879886318 91
106989947332440 91
106989947367466 23
106989947375214 66
106990014735225 23
106990014771744 66
106990014779504 91
106990087842728 23
106990087877589 66
106990087885462 91
106990140906884 23
106990140941850 66
106990140949525 91
106990207889779 23
106990275223242 66
106990275261549 91
106990275269267 91
106990351131795 23
106990351167545 66
106990351175235 23
106990351182430 66
106990351189390 91
106990409141799 23
106990409179589 66
106990476227771 91
106990543332941 23
106990543360812 66
106990543368382 91
106990610524583 23
106990610559235 66
106990610567664 91
106990684350637 91
106990684386715 23
106990684394328 66
106990684401316 23
106990684408525 66
106990766193449 91
106990818965290 91
106990818998902 23
106990819006423 66
106990886329078 23
106990886362938 66
106990886370963 91
106990953713814 23
106990953748226 66
106990953756107 91
106991012703008 23
106991012737915 66
106991012745537 91
106991079759321 23
106991079790423 66
106991079798135 91
106991146891968 91
106991146929999 23
106991213878641 66
106991213911456 91
106991213919024 23
106991213926078 66
106991286925482 91
106991286988198 23
106991286996445 66
106991287003562 23
106991348115561 66
106991348152168 91
106991348159796 23
106991415091756 66
106991415123311 91
106991482205642 23
106991482236521 66
106991482243951 91
106991555912528 23
106991555945587 91
106991555953074 23
106991555960173 66
106991623334732 23
106991623373689 66
106991623381282 91
106991690647364 91
106991690680853 23
106991690688334 66
106991690695225 91
106991758116699 23
106991758154921 66
106991758162794 23
106991758169738 66
106991825452778 91
106991892805376 23
106991892835490 66
106991892843215 91
106991951707675 23
106991951738765 66
106991951746521 91
106992018960104 23
106992018995774 66
106992019002792 91
106992086133148 23
106992086167197 66
106992086174611 91
106992152765581 23
106992152803210 66
106992219863218 91
106992219895362 23
106992219902975 66
106992286872289 91
106992354066215 23
106992354103508 66
106992421128673 91
106992421160629 91
106992495105087 23
106992495158788 66
106992562414279 23
106992562448710 66
106992562456293 91
106992629784860 91
106992629822668 23
106992629830595 66
106992629837597 91
106992697318023 23
106992697358416 66
106992697366796 23
106992697374550 66
106992697381742 91
106992764516263 23
106992764546810 66
106992832005852 91
106992890708890 23
106992890748050 66
106992890755766 91
106992957724096 23
106992957763141 66
106992957770801 91
106993024653492 23
106993024695995 66
106993024703612 91
106993158789867 91
106993158827263 23
106993158834959 66
106993158842188 23
106993158849186 66
106993158856180 91
106993225854132 91
106993293025225 23
106993293064724 66
106993366802986 23
106993366843204 66
106993366850900 91
106993434205843 23
106993434241473 66
106993434249070 91
106993501474014 23
106993501506603 66
106993568865092 91
106993568895627 23
106993636350535 66
106993636391097 91
106993703628968 23
106993703657004 66
106993703664436 91
106993762481444 23
106993762514154 66
106993829535787 91
106993896522633 23
106993896562334 66
106993896570036 91
106993963625255 91
106993963657298 23
106993963664750 66
106993963671710 23
106993963678690 66
106993963685775 91
106994030718784 23
106994030751710 66
106994030759135 91
106994097924028 23
106994165169689 66
106994165202778 91
106994165210438 91
106994165217663 23
106994231796275 66
106994231838550 91
106994231848109 23
106994231856310 66
106994305858115 91
106994305891007 23
106994305898582 66
106994373279307 23
106994373310029 66
106994373317684 91
106994440803994 23
106994440833467 66
106994440840954 91
106994516335322 23
106994516371340 66
106994575361239 91
106994634383034 91
106994634425919 23
106994634433694 66
106994701276595 23
106994701309395 66
106994701318094 91
106994768478681 23
106994768506953 66
106994768514564 91
106994835487537 23
106994835522326 66
106994835529796 91
106994902726099 23
106994902771985 66
106994902779448 91
106994969828059 23
106994969880462 66
106995036799447 91
106995110168879 23
106995110203987 66
106995177581367 91
106995177612149 23
106995177619812 66
106995244929316 91
106995244957964 23
106995244965427 66
106995312342545 91
106995379701427 23
106995379733969 66
106995447100544 91
106995447134356 23
106995447142303 66
106995514440160 91
106995514472274 23
106995514479859 66
106995573273145 91
106995573304492 23
106995573312039 66
106995640404478 91
106995707513094 91
106995707552457 23
106995707559994 66
106995774431382 23
106995774458847 66
106995774466513 91
106995841620647 23
106995841653028 66
106995841660696 91
106995908587709 91
106995908636029 23
106995984016050 66
106995984060325 23
106995984067894 66
106996042659125 91
106996116785483 91
106996116825058 23
106996116832647 66
106996184039128 23
106996184074406 66
106996184081900 91
106996184089104 91
106996251456923 23
106996251522839 66
106996251531360 91
106996310913971 23
106996310943983 66
106996310951407 23
106996310958262 66
106996310965013 91
106996389618855 91
106996389649392 23
106996389656933 66
106996445238458 91
106996445269183 23
106996445276300 66
106996521516486 91
106996521552202 23
106996521559824 66
106996579455422 91
106996579494539 23
106996579502062 66
106996579509088 91
106996654381052 23
106996654418699 66
106996654426490 23
106996654433606 66
106996654440806 91
106996713403228 91
106996713436661 23
106996713444135 66
106996780421531 91
106996780453826 23
106996780461448 66
106996780468661 91
106996847448292 23
106996847489815 66
106996847497187 91
106996847504159 23
106996924783579 66
106996924816190 23
106996924823498 66
106996924830504 91
106996981726966 91
106996981773174 23
106996981780400 66
106997055112874 23
106997055151517 66
106997055159241 91
106997115845029 23
106997115883630 66
106997115891157 91
106997182931685 91
106997182970996 23
106997182978672 66
106997249977941 91
106997250017799 23
106997250025102 66
106997250031897 23
106997328334314 66
106997328383468 91
106997328390937 23
106997328398281 66
106997383966220 91
106997383997042 23
106997451118654 66
106997451150818 91
106997451158416 23
106997451165494 66
106997525455710 91
106997593069516 91
106997593100131 23
106997593107769 66
106997660151397 23
106997660185311 66
106997660192919 91
106997727535385 91
106997727574152 23
106997727581577 66
106997727588383 91
106997786405654 23
106997786440292 23
106997786447747 66
106997786454656 23
106997786461719 66
