88689771223492 91
88689828584664 91
88689895727811 23
88689895767120 66
88689895775224 91
88689973176547 23
88689973212412 66
88689973220124 91
88690029853397 23
88690029886013 66
88690096812044 91
88690096844976 23
88690163798226 66
88690163830062 91
88690231124123 23
88690231156020 66
88690231163607 91
88690297950750 23
88690297981427 66
88690297989006 91
88690376462766 23
88690376495638 66
88690376502990 91
88690432358156 23
88690432385404 66
88690432392939 91
88690499280506 23
88690499319297 66
88690499326957 91
88690566420394 23
88690566455672 66
88690643754527 23
88690643788403 66
88690643796163 91
88690700676421 91
88690700711182 23
88690767530760 23
88690767567219 66
88690767574756 91
88690834659732 23
88690834694117 66
88690901650983 23
88690901681677 66
88690901689242 91
88690968790399 91
88691046963245 23
88691046996875 66
88691102949977 91
88691102985796 23
88691102993760 66
88691169906599 91
88691169937465 23
88691169944783 66
88691244967198 91
88691245001372 23
88691245009088 66
88691312370442 91
88691371158792 23
88691371206346 66
88691371214322 91
88691505219315 91
88691505248939 23
88691505256882 66
88691572262982 91
88691639337205 23
88691639371501 66
88691639379183 91
88691706310645 23
88691706341594 66
88691706348978 91
88691773444708 23
88691773474814 66
88691847181626 23
88691847213196 66
88691847220930 91
88691914615782 91
88691981946352 23
88691981979801 66
88691981987266 23
88692049308671 66
88692049339630 91
88692116711521 23
88692116740800 66
88692116748230 91
88692184113487 91
88692243014590 23
88692243040961 66
88692243048671 23
88692309966106 66
88692309999900 91
88692377052035 23
88692377080354 66
88692444126793 91
88692511224567 91
88692511259541 23
88692511267068 66
88692578274177 91
88692578307174 23
88692578314870 66
88692645451166 23
88692712410300 66
88692712445867 91
88692786309489 91
88692786338931 23
88692786346214 66
88692786353756 91
88692853667365 23
88692853702369 66
88692853709675 91
88692921122066 23
88692921156179 66
88692988422088 23
88692988456394 66
88693056008327 91
88693123249699 91
88693181928189 23
88693181962849 66
88693181970690 91
88693248941850 23
88693248975414 66
88693248983792 23
88693316165940 66
88693316208077 91
88693383353279 23
88693383388032 91
88693383395730 23
88693450077819 66
88693450107202 91
88693450114309 23
88693517229579 66
88693517270609 23
88693517278040 66
88693584170219 91
88693731549995 23
88693731585667 91
88693731593383 23
88693792777613 66
88693792809529 23
88693792817000 66
88693792824006 91
88693927502526 23
88693927535655 66
88693927543319 91
88693994898739 91
88694053850498 23
88694053880683 66
88694053888196 91
88694120821699 23
88694120849962 66
88694120857497 91
88694187942975 23
88694187970389 66
88694187977830 91
88694254863798 23
88694254898592 66
88694254906397 91
88694322334313 23
88694322361360 66
88694389064963 91
88694389098710 23
88694389106473 66
88694389113483 91
88694464444144 23
88694464479300 66
88694523227410 91
88694523288272 23
88694523296167 66
88694590306612 91
88694590345218 23
88694657383090 66
88694657418400 91
88694729747336 23
88694729779622 66
88694729787389 23
88694797093318 66
88694797124848 91
88694867666107 23
88694867705836 66
88694867713556 91
88694999261048 23
88694999293306 66
88695066607602 91
88695134013331 91
88695134045235 23
88695201478921 66
88695201520492 91
88695201528120 23
88695268755780 66
88695268804659 91
88695336131277 23
88695336161560 66
88695336169177 91
88695395064579 23
88695395096813 66
88695462298406 91
88695462330644 23
88695462338521 66
88695529100158 23
88695529144435 66
88695529152029 91
88695671016466 23
88695671047516 66
88695671055160 91
88695738340379 91
88695738372808 23
88695805810219 23
88695805842791 66
88695805850489 23
88695867640700 66
88695867667668 91
88695931485042 91
88695998782894 23
88695998819654 66
88695998827470 91
88696066082215 91
88696066118975 23
88696066126448 66
88696066133428 91
88696132748680 23
88696132783712 66
88696132791382 91
88696207913445 23
88696207947005 66
88696270009331 23
88696270038687 66
88696334087329 23
88696334118789 66
88696334126396 91
88696401032922 91
88696468032605 23
88696468065347 66
88696468073016 91
88696546471022 23
88696546503063 66
88696546510693 91
88696602106286 23
88696602139620 66
88696602147358 23
88696669249079 66
88696669281496 91
88696747725936 91
88696808676897 23
88696808711240 66
88696870524247 23
88696870557652 91
88696870565285 23
88696870572317 66
88696937813843 23
88696937848728 66
88697014970444 91
88697071733351 91
88697138795479 23
88697138826185 66
88697138833649 91
88697211682901 23
88697211715441 66
88697211723261 91
88697211730310 23
88697273137522 66
88697273175911 23
88697273183805 66
88697339927382 91
88697425331174 23
88697425370957 66
88697425380735 91
88697541303185 23
88697541333625 66
88697541341255 91
88697608481513 23
88697608513973 66
88697608522343 91
88697742218742 91
88697742250715 23
88697742258310 66
88697821497946 23
88697821533686 66
88697821541089 91
88697876514967 23
88697962720558 66
88697962757600 91
88698010595011 23
88698010625213 66
88698010632958 91
88698077808695 23
88698154715162 66
88698154756312 91
88698211767985 91
88698278802056 23
88698278831569 66
88698278839386 91
88698356676992 23
88698356704871 66
88698413033149 91
88698413061793 23
88698413069294 66
88698480007645 23
88698480038372 66
88698480045815 91
88698547121476 91
88698623905522 23
88698623937877 66
88698623945352 91
88698681161033 23
88698681196268 66
88698748268625 91
88698748297773 23
88698825985686 66
88698826034509 91
88698888540314 23
88698888577384 66
88698888585184 91
88698961269367 23
88698961307726 66
88699016506793 91
88699016532369 23
88699016540172 66
88699093097264 91
88699093124980 23
88699150684628 66
88699150703628 91
88699217717596 23
88699217735790 66
88699217743148 91
88699284939065 23
88699284961807 66
88699351906878 23
88699351943214 66
88699351953452 91
88699430442789 91
88699430473219 23
88699485990700 66
88699486019559 91
88699553117292 23
88699553150843 66
88699553158389 23
88699553165475 91
88699632399539 23
88699632429869 66
88699687161766 23
88699687192956 66
88699687200864 91
88699763616187 23
88699833683183 66
88699833711980 91
88699888404418 91
88699965625043 23
88699965660212 66
88700022481574 91
88700022503811 23
88700022511664 66
88700089576087 23
88700089601049 66
88700089608747 91
88700223660494 23
88700223695019 66
88700223702446 91
88700290810164 91
88700290835072 23
88700368777214 66
88700368796456 23
88700368804620 66
88700424842156 91
88700492043036 23
88700492062668 66
88700492070334 91
88700626224508 91
88700626260512 23
88700626268157 66
88700693146907 23
88700693175921 66
88700693183562 91
88700827307312 23
88700827342806 66
88700827350454 91
88700903966430 23
88700903998744 66
88700904007374 91
88700961565363 23
88701029018946 66
88701029061678 91
88701095572331 91
88701162667900 23
88701162692346 66
88701241244143 23
88701241265793 66
88701241273547 91
88701296777600 23
88701296799457 66
88701296807127 91
88701363915200 23
88701430755129 66
88701430773787 91
88701508563221 91
88701565111480 23
88701565142990 66
88701632042496 23
88701632065836 66
88701632073721 91
88701710425330 91
88701766507921 23
88701766533586 23
88701766541155 66
88701766548324 91
88701833247672 23
88701833270499 66
88701833278418 91
88701911818089 23
88701911855933 66
88701911863698 91
88701967486003 23
88701967508341 66
88701967516011 91
88702034525194 23
88702034553203 66
88702113759578 23
88702113788910 66
88702113796536 91
88702168751128 91
88702242236825 23
88702242267281 66
88702242275532 23
88702242282665 66
88702315048011 91
88702369949661 91
88702369975434 23
88702446923700 66
88702446952167 91
88702504098393 23
88702504137639 66
88702570991807 23
88702571018906 66
88702571026576 91
88702638162524 23
88702705209649 66
88702705238699 91
88702772244169 91
88702772275308 23
88702839235941 66
88702839260410 23
88702839268133 66
88702839275265 91
88702973497422 91
88702973518810 23
88702973526669 66
88703040436357 91
88703040456424 23
88703040464394 23
88703107574407 66
88703107594267 91
88703107601651 23
88703174599600 66
88703174632285 91
88703241639996 23
88703241661662 66
88703241669284 91
88703319344327 23
88703319368733 66
88703319376221 91
88703375927168 23
88703375954405 66
88703442836758 23
88703442865064 66
88703442872344 91
88703510001036 23
88703577142284 66
88703577170922 91
88703644143767 91
88703644172173 23
88703644180008 66
88703722644077 91
88703722670011 23
88703722677987 66
88703778340593 91
88703778372210 23
88703778379847 66
88703845487425 23
88703845515827 66
88703845523264 91
88703979402412 91
88703979433079 23
88703979441290 66
88704055820926 91
88704055854067 23
88704113474921 66
88704113507204 91
88704113515014 23
88704180652337 66
88704180685157 91
88704314660323 23
88704314691059 66
88704314698644 91
88704381831995 91
88704448983949 23
88704449011776 66
88704516052494 91
88704516079335 23
88704595083813 66
88704595105465 23
88704650192211 66
88704650223566 91
88704726995927 91
88704727022521 23
88704784139099 66
88704862359396 23
88704862390904 66
88704862398767 91
88704918424417 23
88704918454913 66
88705064261742 91
88705119582666 23
88705119603129 66
88705119610892 91
88705253757977 23
88705253797427 66
88705253805384 91
88705331564058 91
88705387876522 23
88705387900431 66
88705454841261 23
88705454861909 66
88705454869589 91
88705533460204 91
88705589141906 23
88705589160319 66
88705589167764 91
88705656490659 23
88705656546826 66
88705656557811 23
88705656567233 66
88705723121784 91
88705800742586 23
88705800766243 66
88705800773983 91
88705857474474 23
88705924512215 66
88705924539014 91
88705991766131 23
88705991807988 66
88705991817446 91
88706125540361 23
88706125576323 66
88706125584041 91
88706204068626 23
88706259704601 66
88706326661951 91
88706405955292 91
88706460872894 23
88706460893204 66
88706527940092 91
88706527969202 23
88706527977130 66
88706607258868 91
88706607283849 23
88706661928091 66
88706661947986 23
88706661955892 66
88706661962946 91
88706796115118 23
88706796131942 91
88706796139149 23
88706796146071 66
88706869913394 23
88706869934611 66
88706869942577 91
88706997375659 91
88706997408672 23
88706997416140 66
88707064429462 91
88707142389281 23
88707142412009 66
88707198551104 91
88707198566025 23
88707198573134 66
88707198580057 91
88707265591871 23
88707265611403 66
88707265619109 91
88707343736981 23
88707343770943 66
88707399697267 23
88707399720381 66
88707399728089 91
88707466893329 23
88707466923095 91
88707545697943 23
88707545725531 66
88707600956135 23
88707600979201 66
88707600986913 91
88707673604458 91
88707746973908 23
88707746996957 66
88707747004372 91
88707802129397 23
88707802156582 66
88707878854933 23
88707878878581 66
88707878886293 91
88707936260038 91
88708003473101 23
88708003508757 66
88708003516741 91
88708080789093 23
88708080820629 66
88708137562293 23
88708137589754 66
88708137597315 91
88708204580917 23
88708282070784 66
88708282102091 91
88708338749764 91
88708338777084 23
88708405826592 66
88708405860339 91
88708472822047 23
88708472853268 66
88708472860871 91
88708546801744 23
88708546833200 66
88708546840747 91
88708607105759 23
88708607141785 66
88708607149535 23
88708685336021 66
88708685367436 91
88708741085707 91
88708808029915 23
88708808057072 66
88708887326846 91
88708887351734 23
88708887359808 66
88708947537863 91
88708947562234 23
88709009365819 66
88709009392694 91
88709009400354 23
88709088660675 66
88709088694446 23
88709088702031 66
88709220493544 91
88709277488617 91
88709344670030 23
88709344690458 66
88709344697913 91
88709411793572 23
88709411828186 66
88709411836051 91
88709478751809 23
88709478779723 66
88709545766339 23
88709545794607 66
88709623755197 91
88709679970252 91
88709679989920 23
88709679997795 66
88709747122398 91
88709747140964 23
88709747148595 66
88709820719162 23
88709820739352 66
88709948267444 91
88710027049684 23
88710027079144 66
88710027087054 91
88710158892573 23
88710158921653 66
88710158929653 91
88710216443164 91
88710283721786 23
88710283752210 66
88710350684723 91
88710350708610 23
88710417648640 66
88710417667787 91
88710496170068 23
88710496187616 66
88710496195244 91
88710551835228 23
88710551854256 66
88710551861807 91
88710626584793 23
88710626611739 66
88710626619397 91
88710686037011 23
88710686073421 66
88710753203432 91
88710753240977 23
88710753248477 66
88710820157776 91
88710820187438 23
88710907757744 66
88710907794934 91
88710907802664 23
88710954215096 66
88710954242076 91
88710954249768 23
88711029445176 66
88711029475608 91
88711029483232 23
88711100841202 66
88711100894289 91
88711155504271 23
88711155536767 66
88711155544575 91
88711232681690 23
88711232713624 66
88711289661011 23
88711289690097 66
88711289697956 91
88711356579443 91
88711434606912 23
88711434633635 66
88711497652925 91
88711497680559 23
88711497688344 66
88711570052314 23
88711570083637 66
88711570091194 91
88711624879596 91
88711701855344 23
88711701882916 66
88711701890583 91
88711759093482 23
88711759117799 66
88711826121587 23
88711826145671 66
88711826153135 91
88711893136401 23
88711893158614 66
88711960275857 91
88712039163980 91
88712039190715 23
88712094362436 66
88712094389694 91
88712171076083 23
88712171106873 66
88712228700822 91
88712228727428 23
88712228735067 66
88712301282679 91
88712362517102 23
88712362543437 66
88712362551396 91
88712429700316 23
88712429729724 66
88712496895396 91
88712496923032 23
88712496930523 66
88712574293539 91
88712574321636 23
88712574329692 66
88712630909629 23
88712630933881 66
