88720745919825 91
88720880039803 23
88720880073884 66
88720880081862 91
88720947019053 91
88720947048827 23
88721024544095 66
88721024577842 91
88721081272095 23
88721081303044 66
88721081310692 91
88721148279955 23
88721148310427 66
88721148317942 91
88721226534967 23
88721226570429 66
88721226578041 91
88721283000433 23
88721283031677 66
88721355242307 23
88721355271188 66
88721355278852 91
88721416614107 23
88721416643021 66
88721416650511 91
88721493768517 91
88721550608080 23
88721550641863 66
88721617785096 23
88721617817221 91
88721695694796 23
88721695731327 66
88721695742016 91
88721751843026 23
88721751873293 66
88721751880973 91
88721818965313 23
88721818992337 66
88721897005011 23
88721897031509 66
88721953116072 91
88722020046817 91
88722099072371 23
88722099107711 66
88722099115694 23
88722099122968 66
88722154297308 91
88722221308871 91
88722221334654 23
88722300362623 66
88722300388080 91
88722300395728 23
88722355376924 66
88722355400022 23
88722355407769 66
88722432122629 91
88722489801494 23
88722489835890 66
88722489843743 91
88722556718077 91
88722623685840 23
88722623716523 66
88722623724151 23
88722691018975 66
88722691060941 91
88722769447643 23
88722769480267 66
88722769487832 91
88722901358252 91
88722901391544 23
88722959069683 66
88722959102909 91
88723032174587 23
88723032206689 66
88723032214491 91
88723093079063 23
88723093113023 66
88723160295147 91
88723160324221 23
88723160331670 66
88723227363551 91
88723294357236 23
88723294391353 66
88723294398983 23
88723294406133 66
88723361529697 91
88723428603741 23
88723428636607 66
88723428644572 91
88723502474558 23
88723502509833 66
88723562613453 91
88723704708706 91
88723704759681 23
88723704767960 66
88723772060596 91
88723772092172 23
88723772099930 66
88723830837610 91
88723898090223 23
88723898122936 66
88723898130604 23
88723898137940 66
88723965172128 91
88724032011475 91
88724099059227 23
88724099090401 66
88724166253979 91
88724166287239 23
88724166294937 66
88724233308411 91
88724300426167 23
88724300459423 66
88724300467075 91
88724374099771 23
88724374128860 66
88724374136501 91
88724441550152 23
88724441583481 66
88724441591275 23
88724508866262 66
88724508894111 91
88724576246421 91
88724643813145 23
88724643847374 66
88724711103634 23
88724711145221 66
88724711152720 91
88724769902115 23
88724769937900 66
88724769945425 91
88724903958433 91
88724903993212 23
88724980547591 66
88724980599699 23
88724980609481 66
88724980618581 91
88725038058831 23
88725105184875 66
88725105214906 91
88725172248612 91
88725239278512 23
88725239311559 66
88725306389296 23
88725306433979 66
88725306441687 91
88725440455402 91
88725440488485 23
88725440496107 66
88725507782535 91
88725507816336 23
88725574654355 66
88725574687269 91
88725641839221 23
88725641880798 66
88725641888446 91
88725708762439 23
88725708793460 66
88725708801645 23
88725786880214 66
88725786912600 91
88725842957376 23
88725842993871 66
88725843001748 91
88725909915294 23
88725982925992 66
88725982957001 91
88726044070791 91
88726111220107 23
88726111250658 66
88726194563643 91
88726194593272 23
88726194601172 66
88726245535076 91
88726322131459 23
88726322168304 66
88726322176108 23
88726379433712 66
88726379463784 91
88726453243533 23
88726453274681 66
88726453282496 91
88726513640105 91
88726580711912 23
88726580732045 66
88726580739767 91
88726647965778 23
88726648018763 66
88726725378464 91
88726725419126 23
88726725427150 66
88726781887813 91
88726781917927 23
88726781925859 66
88726856060550 91
88726856089838 23
88726916065684 66
88726916090572 91
88726916098326 23
88726983258196 66
88726983284643 23
88726983292357 66
88726983299671 91
88727128565825 23
88727128597846 66
88727128605637 91
88727184136526 23
88727184172460 66
88727258974106 91
88727329846346 91
88727385312495 23
88727385344744 66
88727385352321 23
88727461743578 66
88727461775710 91
88727531812237 23
88727531844153 66
88727531851821 91
88727586568144 91
88727659784058 23
88727659808283 66
88727659815987 91
88727733122133 23
88727733145464 66
88727787737791 23
88727787757283 66
88727787764850 91
88727865056021 91
88727922052261 23
88727922083600 66
88727989067374 91
88727989098035 23
88727989105617 66
88728067020268 23
88728067058597 66
88728067066108 91
88728123253799 23
88728190293022 66
88728190323140 91
88728268327470 91
88728324272085 23
88728324298894 66
88728324306662 91
88728391278199 23
88728391306714 66
88728470245493 23
88728470277146 66
88728470284762 91
88728530844405 23
88728530868784 66
88728592608769 91
88728659821379 23
88728659849200 66
88728737505007 91
88728737535282 91
88728793781986 23
88728793813993 66
88728793821794 91
88728860783315 23
88728860813465 66
88728860821077 91
88728927867546 23
88728927898869 66
88728995113558 91
88728995145736 23
88728995153253 23
88728995160235 66
88729062411108 91
88729062439180 23
88729140748225 66
88729140778421 91
88729196171860 23
88729196207037 66
88729272730630 91
88729272762747 23
88729272770584 66
88729330275867 23
88729330301895 66
88729330309215 91
88729397422702 91
88729473913231 23
88729473938680 66
88729531461054 23
88729531482742 66
88729531490309 91
88729598540637 23
88729675921411 66
88729675954044 91
88729732721590 91
88729799695373 23
88729799718109 66
88729866723642 23
88729866747483 66
88729866755040 91
88729933985314 23
88729934009500 66
88729934017258 91
88730001030879 91
88730079192304 23
88730079222821 66
88730079230651 91
88730135024636 23
88730135055712 66
88730202138349 91
88730202168588 23
88730269473320 66
88730269505044 91
88730336254964 23
88730336291265 66
88730336299114 91
88730336306259 23
88730419434103 66
88730419471724 23
88730482424325 66
88730482453930 91
88730537534360 23
88730537563136 66
88730537570746 91
88730683754628 91
88730683790823 23
88730683799430 66
88730738792071 91
88730738821557 23
88730815653978 66
88730815683931 91
88730815691691 23
88730815698607 66
88730872938970 91
88730872975962 23
88730872983871 66
88730939828127 23
88730939863097 66
88731015684562 91
88731074089264 23
88731074120019 91
88731074127540 23
88731141337877 66
88731141371634 91
88731141378864 23
88731218883956 66
88731218915912 91
88731218923842 23
88731275246748 66
88731275278282 91
88731275286020 23
88731342458200 66
88731342491048 23
88731342498722 66
88731342505678 91
88731483817502 23
88731483843368 91
88731483850891 23
88731483857917 66
88731483864901 91
88731543536691 23
88731543569097 66
88731610454122 23
88731610475771 66
88731610483936 91
88731744813919 23
88731744845340 66
88731744852825 91
88731811920398 91
88731884619801 23
88731884645765 66
88731945767439 91
88731945791374 23
88732012926856 66
88732012947256 23
88732012955176 66
88732012962447 91
88732091285182 91
88732147041949 23
88732147071071 66
88732214172364 23
88732214197804 66
88732214205534 91
88732281106390 23
88732348164489 66
88732348187058 91
88732415203180 23
88732415221858 66
88732415229237 91
88732482368256 91
88732560529339 23
88732560560758 66
88732616785358 91
88732616813096 23
88732616820666 66
88732683850891 91
88732750701831 23
88732750733789 66
88732750741578 23
88732817770054 66
88732817798949 91
88732884785260 91
88732884816679 23
88732963796408 66
88732963829477 23
88732963836829 66
88733018893837 91
88733095685367 91
88733160759660 23
88733160791496 66
88733231065613 23
88733231095144 66
88733287229821 91
88733354187500 23
88733354215820 66
88733354223522 91
88733433008560 91
88733433037051 23
88733488441255 66
88733488472415 91
88733488480010 23
88733561596571 23
88733561628914 66
88733561636741 91
88733634337878 23
88733634370941 66
88733689666432 23
88733689699953 66
88733689707672 91
88733823724924 23
88733823764501 91
88733823772130 23
88733823779217 66
88733890898649 91
88733890934500 23
88733957904415 66
88733957936054 23
88733957943509 66
88734024878183 91
88734091975995 91
88734092009373 23
88734169488869 66
88734169517742 23
88734169525285 66
88734169532414 91
88734293201136 23
88734293237172 66
88734293244992 91
88734369402244 23
88734369437175 66
88734427209608 91
88734494298760 91
88734561267374 23
88734561286231 66
88734561293911 91
88734638813754 23
88734638852073 66
88734695614046 91
88734695644289 23
88734695652140 66
88734762555622 23
88734762578650 66
88734762586436 91
88734829559085 91
88734896731572 23
88734896766371 66
88734963913169 23
88734963932111 66
88734963940185 91
88735041894152 91
88735098196852 23
88735098232041 66
88735164966183 23
88735164992572 66
88735164999890 91
88735240486762 23
88735240511580 66
88735240519266 91
88735366492937 23
88735366514359 66
88735366522312 91
88735500408539 23
88735500442593 91
88735500450730 23
88735577075669 66
88735577111169 91
88735577119014 23
88735641237829 66
88735641261058 23
88735641268847 66
88735641275851 91
88735778359186 91
88735778382373 23
88735778389922 66
88735778396934 91
88735835662706 23
88735835684140 66
88735902750801 23
88735902780296 66
88735902788169 91
88735980275970 23
88736036908453 66
88736036931696 91
88736109403598 91
88736109429885 23
88736170979967 66
88736171012157 91
88736171019789 23
88736238076442 66
88736238121741 91
88736305196229 23
88736305232933 66
88736383585705 91
88736383626519 23
88736449540085 66
88736449575279 23
88736449583184 66
88736449590202 91
88736506334797 23
88736573468956 66
88736573497274 91
88736640643511 23
88736707676766 66
88736707707057 91
88736786820478 91
88736786863134 23
88736786871837 66
88736786879075 91
88736841742150 23
88736841773077 66
88736841781147 91
88736908762242 23
88736908805000 66
88736975768970 23
88736975801385 66
88736975809115 91
88737042851651 91
88737109896275 23
88737109928270 66
88737109935986 91
88737188680416 23
88737188713003 66
88737244036962 91
88737244073412 23
88737320559099 66
88737320592818 91
88737320600542 23
88737390595241 66
88737390626454 23
88737390634389 66
88737390641389 91
88737450761597 91
88737512307008 23
88737512340667 66
88737579546967 23
88737579593784 66
88737579601643 91
88737646407734 23
88737713463179 66
88737713493824 91
88737780710771 91
88737847685037 23
88737847719221 66
88737847726858 23
88737914876635 66
88737914919068 91
88737991170939 91
88737991205969 23
88738061140714 66
88738115941437 23
88738115970081 66
88738115977670 91
88738192993082 91
88738250018669 23
88738250054093 91
88738250061934 23
88738250069046 66
88738317152675 23
88738317179893 66
88738317187563 91
88738394376378 23
88738394412548 66
88738451256625 91
88738451290496 23
88738451298309 66
88738518463256 23
88738518496918 66
88738518504608 91
88738596255396 23
88738652541750 66
88738652572973 91
88738719442014 91
88738719474181 23
88738801644387 23
88738801676368 66
88738863566255 91
88738863603795 23
88738863611391 23
88738920724407 66
88738920757232 91
88738987728362 23
88738987763757 66
88738987771644 91
88739065462612 23
88739065490035 66
88739065497560 91
88739127655987 23
88739127684518 66
88739189023885 23
88739189065557 66
88739189073044 91
88739256305034 23
88739256346739 66
88739256354435 91
88739390110736 23
88739390142643 91
88739457301494 23
88739457334577 66
88739532685035 91
88739532710247 23
88739532718140 66
88739604080257 91
88739604108933 23
88739658349988 66
88739658376578 91
88739658384033 23
88739735987264 66
88739736016706 23
88739736024504 66
88739859664837 91
88739937975791 23
88739938003980 91
88739993660656 23
88739993680459 66
88740060903466 91
88740060933288 23
88740127977504 66
88740128020467 23
88740128029964 66
88740128038394 91
88740195032990 91
88740261992942 23
88740262023290 66
88740262030899 91
88740341252504 23
88740341289343 66
88740396219670 91
88740396247678 23
88740396255589 66
88740463177657 91
88740542528652 23
88740542564315 66
88740542571850 91
88740597459120 23
88740597489870 66
88740674392902 23
88740674424007 66
88740674431715 91
88740731420962 91
88740806633872 23
88740806665823 66
88740806673100 91
88740874076998 23
88740874109630 66
88740933212408 23
88740933255368 66
88740933263208 91
88740999681234 91
88741066872184 23
88741066904147 66
88741066911756 23
88741066918809 66
88741133884793 91
88741200964874 23
88741200996610 66
88741201004153 91
88741276265139 23
88741276296456 66
88741276304647 91
88741335122918 91
88741402125492 23
88741402158701 66
88741469217460 91
88741543622017 23
88741543649536 66
88741543657230 91
88741610956496 23
88741610982923 66
88741610990538 23
88741678354954 66
88741678388439 91
88741737423540 91
88741804600674 23
88741804631745 66
88741804639536 91
88741871630783 23
88741871660571 66
88741871668245 91
88741938590379 23
88741938619367 66
88742005698219 23
88742005726480 66
88742005734252 91
88742072848702 23
88742139758328 66
88742139781193 91
88742217883013 23
88742217920137 66
88742217928670 91
88742348648382 23
88742348677914 66
88742348685689 91
88742408102887 23
88742408129451 66
88742408137147 91
88742542244982 23
88742542270003 66
88742542277683 91
88742621214933 23
88742621256458 66
88742621264100 91
88742751601897 91
88742751633311 23
88742751641371 66
88742822462075 23
88742822490127 66
88742822497948 91
88742877470138 91
88742954326783 23
88742954348123 23
88742954355646 66
88742954362765 91
88743016093263 23
88743016118785 66
88743078899666 23
88743078934751 66
88743078942199 91
88743152381458 91
88743212985596 23
88743213008159 66
88743213015960 91
88743280202092 23
88743280220855 66
88743357603665 91
88743357625759 23
88743357633600 66
88743414006972 91
88743414025228 23
88743481463519 66
88743481503121 91
88743481511037 23
88743559568312 66
88743559597046 91
88743615266948 23
88743615295735 66
88743682463494 23
88743682486661 66
88743760880870 91
88743816502244 91
88743816532318 23
88743883664442 66
88743883702510 91
88743962836683 23
88743962866206 66
88744023466624 91
88744023493300 23
88744084715242 66
88744084740084 91
88744084748242 23
88744151782845 66
88744151807804 23
88744230089446 66
