102647495102248 91
102647573594835 91
102647629288368 23
102647629323241 66
102647629330678 91
102647629337821 23
102647696323834 66
102647696355523 23
102647696364371 66
102647696371468 91
102647763461099 23
102647763490083 66
102647763497636 91
102647830464538 91
102647830494622 23
102647830502288 66
102647900811794 23
102647900848102 66
102647900855832 91
102648031851215 23
102648031887329 66
102648031895029 91
102648108589681 23
102648108628591 23
102648108636444 66
102648108643522 91
102648171561475 23
102648171593591 66
102648243911279 91
102648243944601 91
102648300077255 23
102648300111294 66
102648300119046 91
102648300126084 23
102648367035588 66
102648367062118 91
102648367069548 23
102648367076725 66
102648445887495 23
102648445920061 66
102648445927702 91
102648501183339 23
102648501215318 66
102648568280443 91
102648635233059 91
102648635265040 23
102648713103216 23
102648713135001 66
102648713142733 91
102648769579613 23
102648769619754 91
102648769627181 23
102648769634350 66
102648836789025 91
102648836821241 23
102648836828728 23
102648836835750 66
102648915091473 23
102648915127694 66
102648915135330 91
102648915142259 23
102648970464748 66
102648970495451 23
102649046399969 66
102649046441301 91
102649116367861 23
102649116398894 66
102649187456289 91
102649187492504 91
102649187499982 23
102649248303177 66
102649248342800 91
102649248350520 23
102649248357447 66
102649305915339 23
102649305948865 66
102649305956145 91
102649373109725 91
102649373151715 23
102649439963714 66
102649439994744 23
102649440002192 66
102649440009450 91
102649507174876 23
102649507209049 66
102649507216614 91
102649585615005 23
102649641617709 66
102649641698511 91
102649708316422 91
102649708358696 23
102649708366579 66
102649787549261 91
102649787588154 23
102649787595689 66
102649787602759 91
102649850596918 23
102649850633780 66
102649850641631 91
102649909476525 23
102649909511185 66
102649909518979 91
102649909525879 23
102649984666697 66
102649984702383 91
102649984709970 23
102649984716992 66
102650054779465 91
102650054814125 23
102650054821604 66
102650110800594 91
102650110836060 23
102650110843668 66
102650110851054 91
102650177698932 23
102650177730126 66
102650177737675 23
102650251318407 66
102650251351822 91
102650251359475 23
102650311928695 66
102650311965343 91
102650311972755 23
102650378937100 66
102650378970622 91
102650458052581 23
102650458083194 66
102650513117687 91
102650589947830 91
102650589983206 23
102650589990818 66
102650647384946 23
102650647431301 66
102650647438826 91
102650714208626 23
102650714236320 66
102650714243730 91
102650781335027 23
102650781365992 66
102650848504764 91
102650927329304 91
102650927368579 23
102650927376327 66
102650982502210 23
102650982532173 66
102650982539815 91
102651057157920 23
102651057189422 66
102651057196832 91
102651124503812 23
102651124536617 91
102651124544377 23
102651191918482 66
102651191952213 23
102651191960158 91
102651250854843 23
102651250897065 66
102651250906975 23
102651250919258 91
102651317913431 23
102651317946728 66
102651317954285 23
102651384926920 66
102651384958271 91
102651451942243 23
102651451977008 66
102651451984501 91
102651519119636 23
102651519150824 66
102651586151298 91
102651653437585 23
102651653487804 66
102651653496928 91
102651653504431 91
102651720231546 23
102651720272617 66
102651720298571 91
102651803751288 23
102651803787863 66
102651803795482 91
102651803802525 23
102651803809478 66
102651861505315 91
102651861541884 23
102651861549290 66
102651929022194 23
102651929052839 66
102651929060651 91
102652063629432 23
102652063662002 66
102652063669893 91
102652131028143 23
102652131068478 66
102652131077314 91
102652189794322 91
102652189829453 23
102652256856782 66
102652256888029 91
102652323912246 23
102652323943145 66
102652323950774 23
102652323957859 66
102652390928158 91
102652457961156 23
102652457994169 66
102652458001567 91
102652525123187 23
102652525153198 66
102652525160442 91
102652592074721 23
102652665821027 66
102652665854005 91
102652665861534 23
102652733284400 66
102652733319110 91
102652800563854 23
102652800594919 91
102652800602631 23
102652800610208 66
102652800617359 91
102652867979091 23
102652868014697 66
102652935333315 23
102652935364517 66
102652935372002 91
102653002709302 23
102653002741054 66
102653002748637 91
102653135393339 23
102653135429306 66
102653135437014 91
102653202764479 23
102653202797371 66
102653202805427 91
102653270130144 23
102653270162822 66
102653337489444 91
102653404883887 23
102653404917555 66
102653404925306 91
102653472277787 23
102653472312316 66
102653531059082 91
102653598059433 23
102653598090792 66
102653598098289 91
102653665078773 23
102653665112693 66
102653665121079 91
102653743482235 91
102653799305368 23
102653799338990 66
102653799346594 23
102653799353756 66
102653866802814 91
102653933836484 91
102653933884060 23
102654000671762 66
102654000704680 23
102654000712352 66
102654067632401 91
102654067671837 23
102654134637150 66
102654134673356 91
102654212502836 91
102654212536670 23
102654212544132 66
102654269172952 91
102654269212912 23
102654269220509 66
102654269227634 23
102654341233152 66
102654341265388 91
102654403045445 23
102654403077577 66
102654403085301 91
102654479771236 23
102654479804883 66
102654537230197 91
102654604194142 91
102654604234213 23
102654604241696 66
102654681679687 91
102654681710374 23
102654681717944 66
102654681725119 91
102654738478898 23
102654738518683 66
102654738526411 23
102654738533391 66
102654738540297 91
102654817070324 23
102654872314338 66
102654872348710 91
102654948943167 23
102654948979846 66
102654948987573 91
102655006518694 23
102655080700188 66
102655080745762 91
102655140913983 23
102655140950252 66
102655140958006 91
102655140964990 91
102655207734822 23
102655207766930 66
102655207774378 91
102655286293690 23
102655286325572 66
102655286333119 91
102655286340188 23
102655341794520 66
102655341829031 23
102655341836681 66
102655408945107 91
102655408974930 23
102655408982362 66
102655475979262 91
102655554267105 91
102655554301095 23
102655554308827 66
102655554316064 91
102655610144164 23
102655610180172 66
102655610187641 91
102655677181637 23
102655677207027 66
102655677214421 23
102655677221324 66
102655677228310 91
102655755474125 91
102655755510278 23
102655811492876 66
102655811527526 91
102655811536019 23
102655811543210 66
102655878398321 91
102655878431969 23
102655878440172 66
102655957476337 23
102655957513307 66
102655957520995 91
102656012487225 23
102656012521855 66
102656012529473 91
102656079970599 91
102656080002435 23
102656158726985 66
102656158761774 91
102656158769068 23
102656213722656 66
102656213754669 91
102656213762421 23
102656213770097 66
102656290633380 23
102656290665290 66
102656290672940 91
102656356426796 23
102656414940909 66
102656414982728 91
102656491977395 23
102656492009929 66
102656492017752 91
102656549028725 23
102656549060229 66
102656549067742 91
102656616219106 23
102656616251847 66
102656616259559 91
102656750226490 23
102656750258415 66
102656750265875 91
102656817259448 23
102656817295810 66
102656817303568 91
102656884595059 23
102656884649950 66
102656884657870 91
102656961142460 23
102656961185386 66
102656961193146 91
102657018426582 91
102657085510507 91
102657085545634 23
102657085553466 66
102657085560505 91
102657163087005 23
102657163125075 66
102657163132900 23
102657163140107 66
102657219983385 91
102657220023213 23
102657220030664 66
102657294229032 91
102657294260436 23
102657294268210 66
102657294275301 91
102657361615341 23
102657361644596 66
102657361652105 91
102657361659183 23
102657428984721 66
102657429018852 91
102657429026622 23
102657487888902 66
102657487917079 23
102657487924244 66
102657487931357 91
102657555102590 23
102657628981932 66
102657629061782 91
102657689136257 23
102657689169499 66
102657756243797 91
102657756281444 23
102657756289108 66
102657823383383 91
102657890488503 23
102657890526337 66
102657890533804 91
102657957401793 91
102657957436570 23
102657957443779 66
102658031341341 91
102658031410462 23
102658031422873 66
102658098578461 91
102658098622130 23
102658098630305 66
102658165997655 91
102658166043650 23
102658166051427 66
102658166084242 91
102658233349219 23
102658233379772 66
102658233387293 91
102658300746994 23
102658300782947 66
102658300790365 23
102658300797297 66
102658368061122 91
102658368094738 91
102658426947011 23
102658426981187 66
102658426989184 91
102658493867046 23
102658493899537 66
102658493907298 23
102658493914479 66
102658561051402 91
102658628071160 23
102658628103968 66
102658628111535 91
102658695162428 23
102658695198088 66
102658762110175 91
102658829322944 23
102658829353402 66
102658829362033 91
102658896487764 23
102658896525870 66
102658896533178 91
102658970276889 23
102658970310708 91
102658970318263 23
102659040635653 66
102659040668130 23
102659040675903 66
102659097538313 91
102659164506168 23
102659164537841 66
102659164545368 91
102659164552390 91
102659242648936 23
102659242685745 66
102659242693296 91
102659298930544 23
102659298966199 66
102659298973839 91
102659366282425 23
102659366323321 66
102659366333385 91
102659432810216 23
102659432842951 66
102659432850392 91
102659432857587 23
102659509836076 66
102659509869493 91
102659509877402 23
102659577839944 66
102659577878291 23
102659634075534 66
102659634109176 91
102659711823958 23
102659711856933 66
102659711864768 91
102659774045842 23
102659774076075 66
102659774083789 91
102659835736769 23
102659913076496 66
102659913110951 91
102659969711931 23
102659969740878 66
102659969748621 91
102660036405268 23
102660115054488 66
102660115086338 91
102660170738165 23
102660170768259 66
102660170775833 91
102660250358324 23
102660250401185 66
102660250408480 91
102660316375245 23
102660316406250 91
102660316413822 23
102660371872024 66
102660371903918 91
102660371911668 23
102660371918737 66
102660438789865 91
102660438819207 23
102660505865267 66
102660505903771 23
102660505911256 66
102660505918397 91
102660584312678 91
102660584353739 23
102660584361405 66
102660640068903 91
102660640101554 23
102660640109073 66
102660707125391 23
102660707158794 66
102660707166384 91
102660774124457 23
102660774157106 66
102660841288840 91
102660841321279 23
102660841328595 66
102660908302927 91
102660975459785 23
102660975497229 66
102660975505130 91
102661049367869 91
102661116733155 23
102661116762332 66
102661116770595 23
102661116777687 66
102661184099542 91
102661184132084 23
102661184139540 66
102661251743897 91
102661318919043 23
102661318951056 66
102661318958669 91
102661399575376 91
102661399611151 23
102661399618611 66
102661444784663 23
102661444816362 66
102661579052676 91
102661645999115 23
102661646033956 66
102661646041618 91
102661713032674 23
102661713067740 66
102661713075330 91
102661780163401 91
102661780196480 23
102661847356041 66
102661847391013 91
102661847398660 23
102661847405666 66
102661921128558 23
102661921163759 66
102661921171300 91
102661988444384 23
102662055846457 66
102662055879047 91
102662123189088 23
102662123218277 66
102662123225679 91
102662190577263 23
102662190608246 66
102662190616065 91
102662258099657 91
102662258142949 23
102662258150777 66
102662316861431 23
102662316899251 66
102662316907174 91
102662383820178 23
102662383853593 66
102662383861213 91
102662460922996 23
102662460958762 66
102662517966975 91
102662584947529 91
102662584991597 23
102662584999124 66
102662660916715 23
102662660948539 66
102662660956116 91
102662719202573 91
102662719233172 23
102662719240516 66
102662719247781 91
102662786208480 23
102662786240998 66
102662786248137 91
102662853235437 23
102662853269025 66
102662853276403 91
102662920244748 23
102662920283539 66
102662920290754 23
102662920298038 66
102662987418980 91
102663054510633 23
102663054542570 66
102663054550139 91
102663132492753 91
102663132529324 23
102663132537352 66
102663195693814 23
102663195726195 66
102663195733702 91
102663263068074 23
102663263098071 66
102663330465502 91
102663397850344 23
102663397887915 66
102663397895285 91
102663465206975 23
102663465241899 66
102663465250062 91
102663524146627 23
102663524181334 66
102663524189062 91
102663657942049 23
102663657977735 66
102663657985465 91
102663725149564 23
102663725183570 66
102663725191159 91
102663792143092 91
102663792174465 23
102663859192914 66
102663859226441 91
102663859234109 23
102663932731184 66
102663932781047 91
102663932788836 23
102663932795878 66
102664006364178 23
102664006407956 66
102664006415359 91
102664067414481 23
102664067451571 66
102664067459026 91
102664135083483 91
102664202184067 23
102664202215975 66
102664202223309 23
102664202230360 66
102664202237309 91
102664269591020 91
102664269630676 23
102664336924567 66
102664336961214 23
102664336968697 91
102664396049425 23
102664396085590 66
102664396093421 23
102664396100372 66
102664396107306 91
102664462900202 91
102664529898372 23
102664529929305 66
102664529936900 91
102664596880725 23
102664596916477 66
102664596923909 91
102664596930885 23
102664663999591 66
102664664031564 23
102664664054008 66
102664731048081 91
102664798565473 23
102664798596128 66
102664798603814 91
102664865297273 23
102664865333953 66
102664865341536 91
102664939249621 23
102664939295638 66
102664939303869 91
102664999354793 23
102664999392372 66
102665066331986 91
102665133401338 23
102665133433387 66
102665133440938 91
102665211636247 23
102665211679472 66
102665211686933 91
102665267534910 91
102665267566535 23
102665334721487 66
102665334754916 23
102665334762729 23
102665334771692 66
102665412814405 91
102665412847468 23
102665412854977 91
102665468739410 23
102665468770319 66
102665468777771 23
102665468784719 66
102665535918485 91
102665614835453 91
102665614868992 23
102665614876541 66
102665669910069 23
102665669941273 66
102665669948579 91
102665736997777 91
102665812341342 23
102665812381016 66
102665812388634 91
102665871127609 23
102665871158645 66
102665871166214 91
102665871173174 23
102665938277583 66
102665938310707 91
102665938318318 23
102665938325360 66
102666005389015 91
102666005423243 23
102666005430953 66
102666072414337 23
102666072451154 66
102666072458872 91
102666139336926 23
102666139371103 66
102666139378717 91
102666206543958 23
102666206577325 66
102666206584979 91
102666340566204 23
102666340626548 66
102666340634558 91
102666414518098 23
102666414552295 66
102666414559999 91
102666482046826 23
102666482089025 66
102666549462772 91
102666549513983 91
102666616727327 23
102666684028807 66
102666684062379 23
102666684070115 66
