81383612769780 91
81383679919517 91
81383746842870 23
81383746911659 66
81383825390247 91
81383825421193 23
81383881085792 66
81383881117485 91
81383953709177 23
81383953744923 66
81383953754150 91
81384015233066 23
81384015267748 66
81384082410255 91
81384082443465 23
81384149318154 66
81384149353297 91
81384228668517 23
81384228701592 66
81384283475534 91
81384283507506 23
81384283514921 66
81384356678696 91
81384417578490 23
81384417611861 66
81384417619446 91
81384484613435 23
81384484644298 66
81384551719842 91
81384551746672 23
81384618915862 66
81384618948442 91
81384697983581 23
81384698028025 66
81384698035397 91
81384752894244 23
81384752924133 66
81384819997300 91
81384820026982 23
81384820035010 66
81384887071272 91
81384887103633 23
81384965106369 66
81384965139710 91
81385021122582 23
81385021153488 66
81385088423061 91
81385088466133 23
81385167101911 66
81385167135572 91
81385227698407 23
81385227736008 66
81385227743525 23
81385289383618 66
81385289416631 91
81385356576029 91
81385356615689 23
81385434422302 66
81385434453000 91
81385498128450 23
81385498166764 66
81385498174326 91
81385557640080 23
81385557665763 66
81385630589291 91
81385699442373 23
81385699477524 66
81385699485010 91
81385758882044 23
81385758915077 66
81385826038600 23
81385826074091 66
81385826081624 91
81385903550730 91
81385961949212 23
81385961977658 66
81385961985012 91
81386027091699 23
81386027125798 66
81386104852965 91
81386104884235 23
81386161323723 66
81386161359177 91
81386228362431 23
81386228392507 66
81386228399805 91
81386306889073 23
81386306931680 66
81386362444317 91
81386429516095 23
81386429549403 66
81386429556918 91
81386503793923 23
81386503823372 66
81386503830846 91
81386563721404 23
81386563771617 66
81386639963350 91
81386639994891 23
81386640002408 66
81386710092459 23
81386710127791 66
81386710135360 91
81386842143441 23
81386842177747 66
81386842185365 91
81386977344207 91
81386977388595 23
81387033240237 66
81387033273246 91
81387033280843 23
81387100139259 23
81387100170506 66
81387100177882 91
81387179237799 23
81387179271244 66
81387234256564 91
81387234287193 23
81387234294561 66
81387301448228 23
81387301481939 91
81387380674860 23
81387380709896 66
81387380717366 91
81387435489261 23
81387435521133 66
81387435528821 91
81387512559621 23
81387512595462 66
81387569806828 91
81387569852000 23
81387636820252 66
81387636854654 23
81387712485138 66
81387712520221 91
81387770927070 23
81387770959753 66
81387770967300 91
81387837926196 91
81387904937480 23
81387904972872 66
81387972099302 91
81387972134600 23
81388039166746 66
81388039201869 91
81388039209294 23
81388106210133 66
81388106247551 91
81388180045904 23
81388180083125 66
81388247330150 91
81388247376118 23
81388337687242 66
81388382062581 23
81388382090947 66
81388382098275 91
81388449462005 91
81388516799869 23
81388516834631 66
81388516842202 91
81388575851173 23
81388575904373 66
81388575911853 91
81388642680012 23
81388642719666 66
81388642729842 91
81388709734313 23
81388709768108 66
81388776980813 91
81388844171003 23
81388844204681 66
81388911001179 23
81388911042550 91
81388911049924 23
81388911056811 66
81388978164775 91
81388978194189 23
81389045159008 66
81389045200191 91
81389119035113 23
81389119067152 66
81389186392269 23
81389186423753 66
81389186431736 91
81389253975364 91
81389321136978 23
81389321170606 66
81389321178183 91
81389388698789 23
81389388732230 66
81389464260987 91
81389464297952 23
81389514595245 66
81389514626711 23
81389514663375 91
81389581676480 23
81389581714877 66
81389648795839 91
81389648827383 23
81389648835121 66
81389715880995 23
81389715915291 66
81389715922647 91
81389849942482 91
81389849982535 23
81389917146616 66
81389917197434 91
81389990755470 23
81389990785727 66
81389990793258 91
81390058162455 23
81390058202011 66
81390058209431 91
81390125499922 23
81390125531131 66
81390192870658 91
81390260261173 23
81390260291868 66
81390260299437 91
81390319347596 23
81390319385927 66
81390386443166 91
81390386472625 23
81390460292766 66
81390460324954 91
81390527675006 23
81390527705081 66
81390595110179 91
81390595142265 23
81390662460728 66
81390729816351 91
81390729853161 23
81390729861219 66
81390797209223 91
81390797244499 23
81390855985731 66
81390856017782 23
81390856025293 66
81390856032219 91
81390990335232 91
81391057151504 23
81391057186300 66
81391057193870 91
81391124054525 23
81391124087746 66
81391191320230 91
81391258282148 23
81391258314046 66
81391332002163 91
81391399389680 91
81391399420452 23
81391459533710 66
81391459566287 91
81391526552022 23
81391526583456 66
81391526590758 91
81391604188691 23
81391604223182 66
81391660794550 91
81391660825889 23
81391660833565 66
81391727816117 91
81391727846856 23
81391800244067 66
81391861842112 91
81391861877347 23
81391929111160 66
81391929140761 91
81392007447209 23
81392007475985 66
81392007483496 91
81392063160979 23
81392063194499 66
81392063201947 91
81392130084678 23
81392130119171 66
81392219837315 91
81392219874861 23
81392264329980 66
81392264384351 91
81392334317590 23
81392334348651 66
81392334356228 91
81392410728477 23
81392410764234 66
81392465623405 91
81392465659203 23
81392542599154 66
81392542632579 23
81392542640100 66
81392542647011 91
81392673415472 91
81392673456456 23
81392673463995 66
81392733790824 91
81392800780824 23
81392800815798 66
81392800823228 91
81392867871050 23
81392867906205 66
81392945975998 91
81393004117359 23
81393004159403 66
81393004167057 91
81393069310161 23
81393069340480 66
81393147180657 91
81393147216882 23
81393203227622 66
81393203261525 91
81393270352675 23
81393270387899 66
81393270395498 91
81393349115557 23
81393349147735 66
81393404304700 91
81393404334924 23
81393477242911 66
81393477280418 91
81393477287818 23
81393550461769 66
81393550498094 91
81393605579706 23
81393605611430 66
81393605618888 91
81393682368479 23
81393682403799 66
81393682411906 91
81393741028208 23
81393741054794 66
81393806776060 91
81393884289614 23
81393884331158 66
81393884341270 91
81393884350126 23
81393940994883 23
81393941028042 66
81393941035298 91
81394008283064 23
81394008317185 66
81394075055129 91
81394143546633 23
81394143574905 66
81394209144080 23
81394209180727 66
81394209187940 91
81394276258070 91
81394343376285 23
81394343407491 66
81394343415010 91
81394410325794 23
81394410387080 66
81394410394874 91
81394484302622 91
81394484337562 23
81394551711771 66
81394551744675 91
81394619047493 23
81394619081276 66
81394619089871 91
81394686463531 23
81394686499038 66
81394686508239 91
81394753830964 23
81394753863679 66
81394812723853 91
81394812758032 23
81394879938698 66
81394879970204 91
81394946812484 23
81394946841540 66
81395013888568 91
81395013919641 23
81395081138300 66
81395081174627 91
81395148295670 23
81395148328011 66
81395215219707 91
81395215251569 23
81395215258883 66
81395282210651 91
81395355999312 23
81395356031164 66
81395356038558 23
81395423386478 66
81395423414864 91
81395423422445 23
81395490769168 66
81395490801521 91
81395558412443 23
81395558461414 66
81395558471146 91
81395625524424 23
81395625551710 66
81395692954325 23
81395692986296 66
81395692993869 91
81395751697199 91
81395818719504 23
81395818749338 66
81395818757060 91
81395885910558 23
81395952996979 66
81395953044497 91
81395953055108 23
81396019958231 66
81396019991719 23
81396019999575 66
81396087118878 91
81396164150507 91
81396164182425 23
81396221308019 66
81396221342205 91
81396221349722 23
81396288171096 66
81396288204073 91
81396288211764 23
81396366247302 66
81396366283139 91
81396422377518 23
81396422407270 66
81396422414654 91
81396489402536 23
81396489432115 66
81396489439777 91
81396556390714 23
81396556426283 66
81396623639006 23
81396623674671 66
81396623682019 91
81396757628787 91
81396757659244 23
81396835294256 66
81396835325780 91
81396891965920 23
81396892007301 66
81396958866962 23
81396958898001 66
81396958905321 91
81397036643984 91
81397092931996 23
81397092965185 66
81397092972624 91
81397160144497 23
81397160177011 66
81397238544761 91
81397238576550 23
81397294154901 66
81397294187194 91
81397369023174 23
81397369054229 66
81397369061674 91
81397439853285 23
81397439887607 66
81397495384366 91
81397495419864 23
81397562594335 66
81397562623690 91
81397629496072 23
81397629530103 66
81397629537366 23
81397629544171 91
81397707888823 23
81397707928152 66
81397771975917 91
81397772008014 23
81397830794559 66
81397830823762 91
81397909092766 23
81397909128512 66
81397909135653 91
81397964807065 23
81397964840870 66
81398031993192 91
81398032025947 23
81398111076281 66
81398111114576 91
81398111122254 23
81398166050918 66
81398166080974 91
81398166088125 23
81398233183748 66
81398233229491 91
81398300267053 23
81398300300649 66
81398300308150 91
81398378273720 23
81398378308627 66
81398434291232 91
81398434322207 23
81398501347649 66
81398501383416 91
81398501390872 23
81398580336313 66
81398580369092 23
81398580376505 66
81398635590055 91
81398710497948 91
81398710530031 23
81398777779536 66
81398845251826 91
81398845287892 23
81398903828520 66
81398903861006 91
81398970988358 23
81398971021661 66
81399038027877 91
81399038061658 23
81399105137612 66
81399105171517 91
81399172030223 23
81399172063268 66
81399172070737 23
81399250478549 66
81399250528959 91
81399306302308 91
81399306328924 23
81399373583683 66
81399373616225 91
81399373624293 23
81399451644720 66
81399451682166 91
81399507579568 23
81399507619313 66
81399507626846 91
81399574534150 23
81399574563590 66
81399653549013 91
81399653581633 23
81399653589209 66
81399708536379 91
81399781526950 23
81399781559868 66
81399781567511 91
81399854872728 23
81399854921990 66
81399909787235 91
81399909816211 23
81399986756554 66
81400044062935 23
81400044095286 66
81400110978633 91
81400111010088 91
81400188743377 23
81400188774156 66
81400245035594 91
81400312256818 23
81400312290764 23
81400312298220 66
81400379228825 91
81400379260928 23
81400446339583 66
81400446379062 91
81400513363426 23
81400513396010 66
81400580455040 91
81400580495095 23
81400580502859 66
81400653961766 23
81400653995710 66
81400721357543 91
81400788755503 91
81400788786450 23
81400788794013 66
81400857712558 91
81400934593075 23
81400934629923 66
81400934638132 91
81400990871285 23
81400990901694 66
81401058254333 23
81401058282413 66
81401058289998 91
81401184215746 91
81401184249117 23
81401184256716 66
81401251037585 91
81401318192186 23
81401318222658 66
81401318229895 91
81401385299369 23
81401385332054 66
81401452722760 91
81401519301339 23
81401519336174 66
81401519343552 23
81401593054483 66
81401593081206 91
81401660451483 91
81401660486089 23
81401727815219 66
81401727846799 91
81401795200278 23
81401795238973 66
81401795246269 91
81401862768446 23
81401862826480 66
81401929983923 91
81401930013954 23
81401988808748 66
81401988840474 23
81401988848137 66
81402122969813 91
81402190005997 23
81402190072483 66
81402190080139 91
81402335077370 91
81402335113700 23
81402391241313 66
81402391270299 23
81402458302872 66
81402458331998 91
81402592358591 91
81402592389544 23
81402592397085 66
81402659495261 23
81402659527740 91
81402737862212 23
81402737895685 66
81402793670289 23
81402793700409 66
81402793707661 91
81402935808290 23
81402935842120 91
81402935849510 23
81402935856419 66
81403002987729 91
81403003024177 23
81403061942107 66
81403061979090 91
81403141066414 23
81403141100213 66
81403141109138 91
81403196025725 23
81403196059233 66
81403263235942 23
81403263273543 66
81403263281078 91
81403330131022 91
81403404104152 23
81403404136639 66
81403404143957 91
81403464385453 23
81403464420520 66
81403531538342 91
81403610333239 91
81403665439333 23
81403665469803 66
81403665477245 91
81403742161292 23
81403799636049 66
81403799669723 91
81403799677172 23
81403866672255 66
81403866705382 91
81403933642428 91
81403933673821 23
81404000823039 66
81404000854436 91
81404067857630 23
81404067885644 66
81404067893362 91
81404141692316 23
81404141725409 66
81404141732717 91
81404209065550 23
81404209099657 66
81404209107323 91
81404276418556 23
81404276454184 66
81404343827671 91
81404411199298 23
81404411228225 66
81404411235598 91
81404478576555 23
81404478613196 66
81404537417773 23
81404537451191 66
81404537458596 91
81404604365147 23
81404604398439 66
81404604405946 91
81404673544218 23
81404673567489 66
81404738467982 91
81404738502747 23
81404815079979 66
81404815114407 91
81404872578488 23
81404872616434 66
81404939767990 91
81404939802103 23
81405006783600 66
81405006816502 91
81405080774942 23
81405080809831 66
81405148141588 23
81405148174015 66
81405148181299 91
81405215534976 91
81405282909582 23
81405282942960 66
81405282950375 91
81405350287128 23
81405350321702 66
81405350332248 91
81405417698150 23
81405417731601 66
81405417739048 91
81405476564719 23
81405476603410 66
81405543329660 91
81405543357697 23
81405543365065 66
81405610516093 23
81405610545077 66
81405610552600 91
81405677698525 91
81405744518573 23
81405811605708 66
81405811642002 91
81405811649322 23
81405878540670 66
81405878602010 91
81405952494952 23
81405952523937 66
81406019864549 91
81406019897753 23
81406019905400 66
81406087385378 91
81406087438922 23
81406154614394 66
81406154645890 91
81406221999852 23
81406222032132 66
81406222039599 91
81406289381987 23
81406289418375 23
81406289426016 66
81406348225863 91
81406415212707 23
81406415250021 66
81406415257632 91
81406482307452 23
81406482352727 66
81406482360040 91
81406549244694 23
81406549281247 66
81406632512136 91
81406691563525 23
81406691598406 66
81406750514590 91
81406750540744 23
81406817614202 66
81406817689129 91
81406894765318 23
81406894814264 66
81406951716407 91
81406951751429 23
81406951759376 66
81407018801496 23
81407018831839 91
81407085918975 23
81407085948308 66
81407085955845 91
81407153291450 23
81407153336956 66
81407226401397 23
81407226437980 66
