95788950304274 91
95789017717064 23
95789017749262 66
95789017756980 91
95789085046258 23
95789085082037 66
95789085090008 91
95789152658110 91
95789211111013 23
95789211145813 66
95789278304033 23
95789278342116 66
95789278350017 91
95789345304030 91
95789345338925 23
95789345346533 66
95789412295251 91
95789412324866 23
95789412332325 66
95789412339403 91
95789479316427 23
95789479350490 66
95789479358097 91
95789546513746 23
95789546542824 66
95789613597491 23
95789613627823 66
95789613635265 91
95789680633013 23
95789680664875 66
95789754636657 91
95789822005563 91
95789822031388 23
95789889381405 66
95789889411972 91
95789889419730 23
95789956758487 66
95789956791104 23
95789956798749 66
95790024138094 91
95790083013199 23
95790083039276 66
95790083046851 91
95790150025591 91
95790150059132 23
95790217056454 66
95790217088568 91
95790217096067 23
95790284259665 66
95790284288865 23
95790284296726 66
95790284303616 91
95790351208847 23
95790418363762 66
95790418398412 91
95790485313220 23
95790485345724 66
95790485353341 91
95790626399954 23
95790626432613 66
95790626440113 91
95790693775714 23
95790693805865 66
95790693813124 91
95790761135407 23
95790761162938 66
95790761170459 91
95790828477318 91
95790895847975 23
95790895879686 66
95790963294463 23
95790963322492 66
95791022092070 91
95791089021613 23
95791089066103 66
95791089074011 91
95791223043967 23
95791223074727 66
95791223082351 91
95791290053239 23
95791290084576 66
95791290092051 91
95791357251499 91
95791424379920 23
95791424417185 66
95791498060651 23
95791498091888 66
95791498099397 91
95791565459602 91
95791565487974 23
95791632827435 66
95791632860592 91
95791632868574 23
95791632876001 66
95791700247386 23
95791700280431 66
95791767600670 91
95791834969788 23
95791893845312 66
95791893873406 91
95791960964492 23
95791960992613 66
95791960999961 91
95792027816795 23
95792027847492 66
95792095004972 91
95792161947440 23
95792161979294 66
95792161986986 91
95792229029017 23
95792229057307 66
95792296043899 91
95792296075993 91
95792369772590 23
95792369800908 66
95792369808803 23
95792437200229 66
95792437231908 91
95792504515657 91
95792504540348 23
95792504547973 66
95792571938562 23
95792571969612 66
95792571977115 91
95792706671217 23
95792706699865 66
95792706707360 91
95792774043124 23
95792774066008 66
95792832696896 91
95792899726144 23
95792899757176 66
95792899764666 91
95792966775747 91
95793033883777 23
95793033908917 91
95793033916561 23
95793033923601 66
95793101123593 23
95793101154540 66
95793168010278 91
95793168045097 23
95793168052878 66
95793235013798 91
95793235045442 23
95793235053849 66
95793308866511 91
95793308892860 23
95793308900511 66
95793376255274 91
95793376281170 23
95793376288771 66
95793443652179 91
95793443680686 23
95793443688553 66
95793511077836 91
95793511110948 23
95793578539731 66
95793578584708 23
95793578592177 66
95793578600168 91
95793645753463 91
95793704439032 23
95793704465129 66
95793704472549 91
95793704479660 23
95793771630863 66
95793771660605 91
95793838666876 23
95793838697992 66
95793838705647 23
95793838712774 66
95793905643302 91
95793972760978 91
95793972784003 23
95793972792015 66
95794039925020 91
95794039959127 23
95794039966715 66
95794107012157 23
95794107046749 66
95794107054618 91
95794173934328 23
95794173962748 66
95794247964799 91
95794315363768 23
95794315395218 66
95794315402888 91
95794382758861 23
95794382792046 66
95794382800251 91
95794517447824 91
95794517474503 23
95794517482221 66
95794576411349 91
95794576445588 23
95794576453017 66
95794576460029 91
95794643411812 91
95794710420161 23
95794710449718 66
95794710457257 91
95794777590994 23
95794777616977 66
95794777624655 91
95794777632274 23
95794844796707 66
95794844822497 91
95794911637816 23
95794911665197 66
95794911672849 91
95794978844219 23
95794978877336 66
95794978885074 23
95795045907375 66
95795045938595 91
95795045946191 23
95795119702751 66
95795119732211 23
95795119739714 66
95795187094104 91
95795187117357 23
95795254793189 66
95795254844340 91
95795321891537 23
95795321925089 66
95795321932745 91
95795389205424 23
95795389235204 66
95795456618811 91
95795515370622 23
95795515393927 66
95795515401265 91
95795649432554 23
95795649465897 66
95795649474039 91
95795716504965 23
95795716531829 66
95795716539372 91
95795850526452 91
95795850555209 23
95795850562846 66
95795917842697 23
95795917876842 66
95795917884550 91
95795984756139 91
95795984783863 23
95796058795823 23
95796058828049 66
95796058835522 91
95796126174051 23
95796126200486 66
95796126208096 91
95796126215223 23
95796193544419 66
95796193572357 91
95796193580047 23
95796193587203 66
95796260961509 91
95796260990833 23
95796260998503 66
95796328305709 91
95796328337994 23
95796328345626 66
95796387147480 91
95796387173879 23
95796387181836 66
95796462974385 91
95796463012334 23
95796463019676 66
95796521326419 91
95796521358436 23
95796521366009 66
95796588280685 23
95796588316069 66
95796588323580 91
95796655390023 23
95796655420774 66
95796722463649 91
95796789612985 23
95796789648287 66
95796789656021 91
95796856585280 91
95796930500655 23
95796930531490 66
95796930539109 91
95796997931720 23
95796997967800 66
95796997975247 91
95797065295166 23
95797065327690 66
95797065335277 91
95797132632655 23
95797132656717 66
95797132664431 91
95797200016880 23
95797200045134 66
95797267401403 23
95797267423018 66
95797267430559 91
95797326323567 91
95797326352331 23
95797326359619 66
95797393138778 23
95797393168484 66
95797393176053 91
95797460198402 91
95797527370522 23
95797527420450 66
95797527428172 23
95797594263504 66
95797661468249 91
95797728485469 23
95797728516977 66
95797728524775 91
95797869599247 91
95797869623858 23
95797869631411 66
95797937001813 91
95797937030364 23
95797937037575 66
95798004393947 91
95798004428194 23
95798004435830 66
95798071772384 91
95798071802691 23
95798139148422 66
95798139180021 91
95798139187827 23
95798197961306 66
95798197983450 91
95798265009866 23
95798265041968 66
95798265049553 23
95798332009876 66
95798332039638 91
95798399000372 91
95798399027530 23
95798466137397 66
95798466167547 23
95798466175341 66
95798533371682 91
95798612838454 23
95798612875389 66
95798612882924 91
95798667471111 91
95798741304281 23
95798741328173 66
95798741335690 91
95798808708978 23
95798808739169 66
95798876088054 91
95798876120014 23
95798876127493 66
95798876134634 91
95798943494322 23
95798943526659 66
95798943534210 91
95799010888645 23
95799010922186 66
95799069716317 23
95799069749851 66
95799069757329 91
95799136865472 91
95799203900039 23
95799203931541 66
95799203939547 91
95799203946690 23
95799270927505 66
95799270960898 23
95799338063825 66
95799338088516 91
95799405288973 23
95799405314597 66
95799405322106 91
95799472134871 23
95799472171412 66
95799472179322 91
95799613067101 23
95799613104005 66
95799613111701 91
95799680431482 23
95799680464382 66
95799747812717 91
95799815199302 91
95799882565284 23
95799882597913 66
95799882605391 91
95799949933413 23
95799949960520 66
95799949968202 91
95800008729537 23
95800008750527 66
95800075970640 23
95800076004386 23
95800076011968 66
95800076018988 91
95800142769650 91
95800142798765 23
95800209938182 66
95800209967989 91
95800209975824 23
95800276946877 66
95800276973220 91
95800276980791 23
95800344017683 66
95800344050607 91
95800411051992 23
95800411083518 66
95800411091011 91
95800484785028 23
95800484814943 23
95800484822594 66
95800484829832 91
95800552226938 23
95800552273172 66
95800552280864 91
95800619509582 23
95800619538560 66
95800619546220 23
95800619553264 91
95800686926731 23
95800686963892 66
95800754282944 23
95800754318117 66
95800754325936 91
95800821676554 23
95800880530374 66
95800880560206 91
95800947694748 91
95800947720415 23
95800947727833 23
95800947734954 66
95801014808721 23
95801014842202 91
95801081830663 23
95801081861141 66
95801081868598 91
95801148828552 23
95801148858578 66
95801215853472 23
95801215874086 66
95801215881699 91
95801282903334 91
95801282931565 23
95801350005780 66
95801350035474 23
95801350043098 66
95801350050540 91
95801423865947 91
95801491268108 23
95801491295392 66
95801491303063 91
95801558647821 23
95801558678003 66
95801558685683 23
95801626079818 66
95801626111948 91
95801693391418 23
95801693419291 91
95801760769824 23
95801760799620 66
95801760807251 91
95801760814249 23
95801760821161 66
95801819433424 91
95801819459392 23
95801819467052 66
95801886524978 91
95801886554702 23
95801886562370 23
95801953629320 66
95801953656089 23
95801953663734 66
95801953670930 91
95802020639789 23
95802020668147 66
95802087637963 91
95802087664310 23
95802154705245 66
95802154728482 91
95802221851118 23
95802221873769 66
95802295617265 91
95802362951542 23
95802362976287 66
95802362983714 91
95802430377815 23
95802430407555 23
95802430415054 66
95802497698173 91
95802565152607 23
95802565183089 66
95802632497249 91
95802691247728 23
95802691269450 66
95802691276832 91
95802758328056 91
95802758354373 23
95802758361984 66
95802825541875 91
95802825573476 23
95802825581266 66
95802892570084 23
95802892604808 66
95802892612934 91
95802959585688 23
95803026734172 66
95803093870264 91
95803160810778 23
95803160840206 66
95803160847867 91
95803234684139 23
95803234711952 66
95803234719499 91
95803303112424 91
95803370191553 23
95803370216600 66
95803370224049 91
95803451442363 23
95803451476227 66
95803451483929 91
95803451491064 23
95803504224457 66
95803504255714 91
95803571578431 23
95803571608572 66
95803571616278 23
95803571623370 66
95803630448751 91
95803697371109 91
95803697415211 23
95803697425574 66
95803764334474 91
95803764368758 23
95803764376875 66
95803831532988 23
95803831562293 66
95803831570076 91
95803898467428 91
95803898496756 23
95803965773303 66
95803965805680 23
95803965813085 66
95803965820262 91
95804032656451 91
95804106422065 23
95804106451571 66
95804106458917 91
95804173784237 23
95804173813052 66
95804173820758 23
95804241158976 66
95804241191071 91
95804308511982 23
95804308543915 66
95804308551192 91
95804375935737 23
95804443293424 66
95804443325195 91
95804502209087 91
95804569199893 23
95804569227199 66
95804569234636 91
95804569241688 23
95804636212690 66
95804636236830 91
95804636244264 23
95804703277397 66
95804703315852 23
95804703323631 66
95804703330691 91
95804770249540 23
95804837465427 66
95804837503346 91
95804912897522 23
95804912942547 66
95804971502974 91
95805045488659 91
95805045520743 23
95805045528897 23
95805045535905 66
95805112862412 23
95805112898289 66
95805180286696 91
95805247646539 91
95805247674109 23
95805247681809 66
95805315039357 91
95805315073939 23
95805373917624 66
95805373946872 91
95805373954525 23
95805441095713 66
95805441154181 91
95805441163120 23
95805507990726 66
95805508015136 23
95805508022765 66
95805584463393 91
95805642310029 91
95805642335672 23
95805642343100 66
95805709503458 91
95805709535728 23
95805709543175 23
95805709550116 66
95805776246126 23
95805776273265 66
95805776280644 91
95805843351246 91
95805917230946 23
95805917264278 66
95805984745224 23
95805984773745 66
95805984781533 91
95806051960968 91
95806051991894 23
95806119362151 66
95806119392223 23
95806119399855 66
95806186710519 91
95806254142978 23
95806254175578 66
95806254183441 91
95806312966846 23
95806312997411 66
95806380335297 91
95806446982958 23
95806447016055 66
95806447023713 91
95806514193384 91
95806581168014 23
95806581199309 66
95806581207021 91
95806648189303 23
95806648216870 66
95806648224629 23
95806715187081 66
95806715216849 91
95806788918492 23
95806788946441 66
95806788954075 91
95806923702267 91
95806923736100 23
95806923743711 23
95806923750754 66
95806991049120 23
95806991079252 66
95806991086920 91
95807125823425 91
95807125856087 23
95807125863747 66
95807125870723 91
95807184724999 23
95807184766695 66
95807184774422 91
95807251878765 23
95807251910766 66
95807251918321 23
95807318867950 66
95807318891658 91
95807386021945 23
95807386055696 66
95807386063199 91
95807520118433 91
95807520154272 23
95807520161843 66
95807587113241 91
95807587150498 23
95807587159476 66
95807654090943 23
95807654151379 66
95807728028526 91
95807795482175 23
95807795516570 66
95807795524183 91
95807862881060 23
95807930281808 66
95807930319312 91
95807997549758 23
95807997581588 66
95807997589415 91
95808064951535 23
95808123717018 66
95808123742638 91
95808190658317 23
95808190683719 66
95808190691463 91
95808257684953 91
95808257719709 23
95808324903179 66
95808324935540 23
95808324943053 66
95808324950001 91
95808391921247 91
95808458933488 23
95808458967414 66
95808525983948 23
95808526014416 91
95808526022249 23
95808526029195 66
95808599745653 23
95808599775377 66
95808599782953 91
95808667207834 23
95808667238903 66
95808667246595 91
95808734515000 23
95808734545802 66
95808801882310 91
95808869383095 23
95808869430391 66
95808869438019 91
95808936700176 91
95808995508717 23
95808995538883 66
95808995546758 91
95809062651811 23
95809062677180 66
95809129652066 23
95809129677576 66
95809129685254 91
95809196715612 23
95809196750699 66
95809196758497 91
95809331362555 23
95809331397421 66
95809331405111 91
95809397912243 23
95809465049344 66
95809465077549 91
95809549295259 23
95809549329947 66
95809606358600 91
95809673610763 23
95809673646931 66
95809673654523 91
95809741020765 91
95809808376271 23
95809808405633 66
95809808413142 23
95809808420299 91
95809875873331 23
95809875915675 66
95809934378926 23
95809934407280 66
95809934414801 91
95810001599963 23
95810001630724 66
95810001638398 91
95810135607983 23
95810135641291 66
95810135649196 91
95810202633632 23
95810202667731 66
95810202675240 91
95810336876927 23
95810336913572 66
95810336921290 91
95810410603984 23
95810410640054 91
95810410647692 23
95810477964568 66
95810477990971 23
95810477998478 23
95810478005411 66
