104843237308393 91
104843297008016 91
104843297031884 23
104843297039586 66
104843297046679 91
104843364381406 23
104843364416569 66
104843364424217 23
104843364431197 66
104843431224535 91
104843509405494 91
104843509440347 23
104843565288702 66
104843565318458 91
104843565326052 23
104843565333744 66
104843640186125 23
104843640213275 66
104843640220747 91
104843699456815 23
104843699490007 66
104843699497793 91
104843766476945 91
104843766511543 23
104843834018264 66
104843834067704 23
104843834079584 66
104843914323010 91
104843967752159 23
104843967790265 66
104843967798389 91
104844043132826 23
104844043171079 66
104844043178797 91
104844113946130 23
104844113975629 66
104844113983335 91
104844169151178 23
104844169196121 66
104844245844817 91
104844303460645 23
104844303504815 66
104844303512300 91
104844370119860 23
104844370149168 66
104844370157063 91
104844443868276 91
104844443899538 23
104844443907311 66
104844511243893 91
104844511276017 23
104844511283486 66
104844578757215 23
104844578797946 66
104844578805704 91
104844638420468 23
104844638450956 66
104844716857151 91
104844716887742 91
104844772570210 23
104844772607237 66
104844772614776 23
104844772621937 66
104844772628865 91
104844839735968 23
104844839772646 66
104844918783833 91
104844979458401 23
104844979493570 66
104844979500998 91
104845040858392 23
104845040896325 66
104845040903896 91
104845108091076 23
104845108135278 66
104845108143519 91
104845186072047 23
104845186103095 66
104845242008371 91
104845309094408 91
104845309127781 23
104845309135382 66
104845309142402 23
104845376138445 66
104845376169420 91
104845443131243 91
104845443163379 23
104845443171006 66
104845510362318 23
104845510394997 66
104845510403365 91
104845589333346 23
104845589365869 66
104845589373294 91
104845644539177 91
104845644584213 23
104845721185643 66
104845721215208 91
104845721222472 23
104845721229468 66
104845792375810 91
104845792410275 23
104845792417997 66
104845845594217 91
104845845631535 23
104845845639249 66
104845845647037 91
104845922506281 23
104845922539700 66
104845922547227 23
104845922554251 66
104845922561132 91
104845979777151 23
104845979807468 66
104845979814842 91
104846046843369 23
104846046877747 66
104846124480712 91
104846181035434 23
104846181067747 66
104846181075356 91
104846248068014 91
104846248107757 23
104846248115563 66
104846316547488 23
104846316613354 66
104846316622969 91
104846391837545 23
104846391868284 66
104846449397469 91
104846516236953 23
104846516269967 66
104846516277663 91
104846593669080 23
104846656410691 66
104846656459355 91
104846656466921 23
104846729071964 66
104846729112624 91
104846729120276 23
104846784673891 66
104846784709627 91
104846784717385 91
104846860945139 23
104846860982438 66
104846860989882 23
104846860997371 66
104846861004246 91
104846931025347 23
104846931060659 66
104846986061984 91
104846986101307 23
104846986108596 66
104847052902993 91
104847119895491 23
104847119932649 66
104847119940249 91
104847198283516 91
104847198316724 23
104847198324368 66
104847253956232 91
104847253986626 23
104847253994171 66
104847254001165 91
104847321043703 23
104847321081676 66
104847321089318 91
104847400242930 23
104847400282645 66
104847400291681 23
104847400300181 66
104847400308559 91
104847455217022 23
104847455263956 66
104847531465236 91
104847531502248 23
104847531509555 66
104847531516710 91
104847601499705 23
104847601527804 66
104847656538877 91
104847733397959 23
104847733431897 66
104847733439153 91
104847790480290 23
104847790512474 66
104847857586918 91
104847932398624 23
104847932431985 66
104847932439596 91
104847991764978 91
104847991795444 23
104847991803054 66
104848058751456 91
104848058787478 23
104848058795291 66
104848058802303 23
104848136699634 66
104848136734190 91
104848192937438 23
104848192973872 66
104848259966284 91
104848333229386 23
104848333268037 66
104848333275812 91
104848333282687 23
104848394213857 66
104848394246749 91
104848461111159 23
104848461143404 66
104848461151160 91
104848539920407 23
104848539952166 66
104848607455005 91
104848607490460 23
104848671820918 66
104848671857356 91
104848729589140 23
104848729625794 66
104848729633248 91
104848796856668 23
104848796892014 66
104848796899610 91
104848863616931 23
104848863652084 66
104848863660142 91
104848930625011 23
104848930661908 66
104849009262969 91
104849009305664 91
104849064691386 23
104849064721187 23
104849064728615 66
104849132012561 91
104849132051381 23
104849132058952 66
104849132097277 23
104849132105057 66
104849198964908 91
104849199011749 91
104849273796827 23
104849273826426 91
104849273833993 23
104849273841275 66
104849341157853 23
104849341188932 66
104849341196347 91
104849408524292 23
104849408557278 66
104849408564797 23
104849408571858 66
104849467159731 91
104849534225100 23
104849534254538 66
104849534261953 91
104849601231582 23
104849601264625 66
104849601272237 91
104849668405827 91
104849668437758 23
104849668445425 66
104849735735347 91
104849735769539 23
104849735777015 66
104849808460948 23
104849808496115 66
104849808503688 91
104849869464767 23
104849869495579 66
104849869502658 91
104849943339700 23
104849943373758 66
104850010947017 91
104850078142622 23
104850078178598 66
104850078186141 91
104850145504373 23
104850145534382 66
104850145542066 91
104850212866260 91
104850280274950 23
104850280304173 66
104850280311718 23
104850338932033 66
104850338994356 91
104850339008641 23
104850339015756 66
104850406110887 91
104850473246969 23
104850473288032 66
104850473295845 91
104850540343265 23
104850540372450 66
104850607548141 91
104850674567372 23
104850674618293 66
104850674626105 91
104850674633174 91
104850741330497 23
104850741373654 66
104850741382004 23
104850741389074 66
104850815088353 91
104850882488675 23
104850882529058 66
104850949813469 91
104851017191130 91
104851017233474 23
104851017240987 66
104851017248194 23
104851017255109 66
104851084589204 91
104851152083212 23
104851152127611 66
104851152135116 91
104851210965075 23
104851211002799 66
104851211010066 91
104851277894533 91
104851277931161 23
104851277938424 66
104851354090183 23
104851354128039 66
104851354135715 91
104851412117912 23
104851412146745 66
104851412154364 91
104851479159716 23
104851479194531 66
104851546151993 91
104851613265453 23
104851613318035 66
104851613325540 91
104851680361422 23
104851680391786 66
104851754302611 91
104851821572167 23
104851821603830 66
104851821611626 91
104851888936210 91
104851888970076 23
104851888977373 66
104851888984375 91
104851956311051 23
104851956342264 66
104851956350400 91
104852023682308 23
104852023715701 66
104852023723230 23
104852023730431 66
104852091081297 91
104852091111566 91
104852149903083 23
104852149937629 66
104852216882909 23
104852216912104 66
104852216919561 91
104852283886618 23
104852283920360 66
104852283928044 91
104852350936063 23
104852350967392 66
104852418111069 91
104852485242611 23
104852485278951 66
104852485286522 91
104852552221130 23
104852552257980 66
104852552265767 91
104852619545425 23
104852619595370 66
104852619602988 91
104852693254435 23
104852693286885 66
104852760667847 91
104852828047719 23
104852828084235 66
104852828091744 91
104852895473585 91
104852895505240 23
104852895512992 66
104852962800716 91
104852962836056 23
104852962843655 66
104853021607832 91
104853021639532 23
104853021647242 66
104853088929021 91
104853088960658 23
104853088967925 66
104853088975442 91
104853168966550 23
104853169006128 66
104853169013587 91
104853222797679 23
104853222827207 66
104853222834696 91
104853222841630 23
104853289834963 66
104853289866785 23
104853289874402 66
104853356911568 91
104853433996912 23
104853434029873 66
104853434037535 91
104853491082277 23
104853491118697 66
104853491126260 91
104853558246281 23
104853558278827 66
104853558286493 91
104853635956865 23
104853635990369 66
104853635997721 91
104853692317723 91
104853759303743 23
104853759337783 66
104853759345282 91
104853759352513 23
104853826547515 66
104853826619910 23
104853826627779 66
104853893600949 91
104853960716857 23
104853960766601 66
104853960774212 91
104854027553846 23
104854027585710 91
104854027593183 23
104854105199623 66
104854105235532 91
104854105243143 23
104854105250308 66
104854161798133 91
104854161827551 23
104854161835653 66
104854161842848 91
104854228955412 23
104854229006432 66
104854229015645 23
104854229024035 66
104854306610775 91
104854362977137 91
104854363006203 23
104854363013750 66
104854430141379 23
104854430175950 66
104854508434691 91
104854508466165 91
104854564272255 23
104854564307414 66
104854564315039 23
104854564321957 66
104854631293179 91
104854709833063 91
104854709874946 23
104854709885040 66
104854709893800 23
104854765505282 66
104854765547634 91
104854832477312 23
104854832511387 66
104854832519083 91
104854911703521 23
104854911738018 66
104854966517476 91
104854966547212 23
104854966555026 66
104855033700640 91
104855033732594 91
104855100900921 23
104855100934350 66
104855100942062 91
104855100949054 23
104855178943763 66
104855178984872 23
104855178992299 66
104855234839630 91
104855234880705 23
104855301954413 66
104855301984395 91
104855301992054 23
104855380880186 66
104855380910853 91
104855436011912 91
104855436047371 23
104855436054805 66
104855436061729 91
104855503333798 23
104855503372376 66
104855503379865 23
104855503386921 91
104855570155681 23
104855570191214 66
104855570198703 91
104855648116266 23
104855648148599 66
104855704363827 23
104855704394434 66
104855771396737 91
104855850097079 23
104855850130794 66
104855850138391 91
104855905457261 23
104855905490187 66
104855905497789 91
104855972621501 23
104855972653946 66
104855972661318 91
104856051443452 91
104856051483183 23
104856051491563 66
104856106673723 23
104856106703401 66
104856106710761 91
104856183296224 23
104856183330536 66
104856183338015 91
104856240998160 91
104856313720114 23
104856313752587 66
104856384741164 23
104856384776474 66
104856384784073 91
104856442103042 23
104856442146145 66
104856442154462 91
104856509096490 23
104856509127930 66
104856509135513 91
104856586542919 91
104856586569732 23
104856643248145 23
104856643283787 66
104856643291279 91
104856643298243 23
104856643305141 23
104856710349543 66
104856710385931 23
104856710393577 66
104856710401100 91
104856777466348 91
104856777499914 23
104856844494987 66
104856844529327 91
104856844536975 23
104856844544041 66
104856911538125 23
104856911568112 66
104856989819471 91
104857045659341 23
104857045692769 66
104857112734136 91
104857179982197 91
104857180022195 23
104857180030593 66
104857247162416 91
104857247194547 23
104857247201819 66
104857247208877 23
104857313856674 66
104857313890583 91
104857380847571 23
104857380876442 66
104857380884162 91
104857448060696 23
104857448092771 91
104857521663564 23
104857521695315 66
104857521703055 91
104857521710460 23
104857589181665 66
104857589224373 23
104857589232009 66
104857589238963 91
104857656431351 23
104857656464921 66
104857723857377 91
104857791334852 91
104857791367692 23
104857791375304 66
104857791382436 91
104857858563919 23
104857858596289 66
104857858603772 23
104857858611448 66
104857858618488 91
104857984570595 91
104857984603891 23
104857984611587 66
104857984618341 91
104858051649201 23
104858051679289 66
104858051686836 91
104858118648605 23
104858118683933 66
104858118691775 91
104858191186155 23
104858191222185 66
104858191229477 23
104858191236869 66
104858252850137 91
104858319874604 91
104858319906850 23
104858319914494 23
104858319921524 66
104858396541184 91
104858396572938 23
104858396580762 66
104858396587779 91
104858460803966 23
104858460835657 66
104858460843172 23
104858460850200 66
104858528164554 91
104858528202108 23
104858595686998 66
104858595725949 91
104858662930288 23
104858662960442 66
104858662968237 91
104858730334794 23
104858730367636 66
104858797670001 91
104858863802663 23
104858863859596 66
104858863870478 91
104858923428350 23
104858923465869 66
104858923473707 91
104858990511963 23
104858990542413 23
104858990549906 66
104859057519133 91
104859132459164 23
104859132493029 66
104859132500778 91
104859199849544 23
104859199880342 66
104859199887875 91
104859267262909 91
104859267292971 23
104859267300645 23
104859267307588 66
104859267314343 91
104859326152929 23
104859326186710 66
104859326194085 91
104859392904141 23
104859392934384 66
104859392942007 23
104859392949074 66
104859392956076 91
104859459972312 23
104859460002538 66
104859527050015 91
104859594084038 23
104859594115741 66
104859594123204 91
104859661111360 23
104859661145814 66
104859728300071 91
104859728335473 23
104859802099343 66
104859802134444 91
104859869436008 91
104859869464410 23
104859869471841 66
104859936842132 23
104859936872807 66
104859936880352 91
104860014000616 23
104860014036569 66
104860014044227 91
104860071563122 23
104860071599683 23
104860071607224 66
104860071614206 91
104860139047632 91
104860139081103 23
104860139090300 66
104860197759337 23
104860197806195 66
104860197814086 91
104860275723338 23
104860275794189 66
104860275803868 91
104860331845377 91
104860331880092 23
104860331887575 66
104860399591387 23
104860399626719 66
104860399634027 91
104860465947435 23
104860465983046 66
104860465992006 91
104860533129792 23
104860533164945 66
104860533172573 91
104860600094081 23
104860667101994 66
104860667135231 91
104860741213973 23
104860741241379 66
104860741248842 91
104860808551189 23
104860808581357 66
104860875892744 91
104860943287830 23
104860943326340 66
104860943336388 91
104861010679626 91
104861010710877 23
104861010718635 66
104861010725675 91
104861069554245 23
104861069584063 66
104861069591656 91
104861136528740 23
104861136564663 66
104861136572735 91
104861203745065 23
104861203795697 66
104861203805587 23
104861203812460 66
104861270708630 91
104861337905219 23
104861337934542 66
104861337942136 91
104861405121285 23
104861405152278 66
104861405159726 91
104861471994362 23
104861472024121 66
104861472031523 91
104861538993322 23
104861612875037 66
104861612909906 91
104861612917339 91
104861680242047 23
104861680273952 66
104861680281241 23
104861747612274 66
104861747642386 91
104861815001946 23
104861815042387 66
104861815051843 91
104861882431248 23
104861882469666 66
104861882477259 91
104861949779103 23
104861949810623 66
104862008521128 91
104862075491115 23
104862075520889 66
104862075528831 91
104862142680275 23
104862142712934 66
104862142720465 91
104862209916042 23
104862209969377 66
