93521784222587 91
93521851328964 91
93521918513188 23
93521918545285 66
93521918552935 91
93521985559079 23
93521985592723 66
93521985600626 23
93521985607838 66
93521985614775 91
93522126634983 23
93522126671805 66
93522193974080 91
93522261384818 23
93522261417577 66
93522261425456 91
93522328788709 91
93522328824530 23
93522396192039 66
93522396232182 91
93522396240277 23
93522396247534 66
93522463565009 91
93522463607365 23
93522532519436 66
93522532562910 91
93522532570439 23
93522589173757 66
93522589211339 91
93522656192690 23
93522656228006 66
93522656235440 23
93522734497699 66
93522734529781 91
93522790295808 23
93522790326419 66
93522790333972 91
93522924541621 23
93522924581987 66
93522924592594 91
93522991542105 91
93522991571154 23
93522991578627 66
93523058648932 91
93523058684707 23
93523058692481 23
93523125580404 23
93523125615333 66
93523125623432 91
93523125630693 23
93523203757934 66
93523203799238 23
93523259785550 66
93523259815704 91
93523332446729 23
93523332478663 66
93523332486309 91
93523399919278 23
93523467222571 66
93523467258100 91
93523534579623 23
93523534618342 66
93523534625946 91
93523602025986 91
93523669326858 23
93523669352257 66
93523669360255 91
93523736750882 23
93523736817191 66
93523736825006 91
93523736832281 23
93523804125929 66
93523804160307 91
93523804168170 23
93523871944276 66
93523871977667 91
93523871985520 23
93523938873617 66
93523938905648 23
93523938913210 66
93523938920998 91
93524064526525 91
93524064560570 23
93524131604013 66
93524131635923 91
93524198637007 23
93524198671918 66
93524198679614 91
93524198686570 23
93524265671463 66
93524265705845 91
93524332738066 23
93524332772336 66
93524399813997 23
93524399841786 66
93524399849693 91
93524473668624 23
93524473695990 66
93524541034305 91
93524608414404 91
93524608440229 23
93524608447873 66
93524675826122 91
93524675858780 23
93524675866046 66
93524743200446 91
93524743228096 23
93524812672169 66
93524812700499 91
93524812708322 23
93524869327834 66
93524869355516 91
93524869363272 23
93524943207616 66
93524943235240 91
93525010542925 23
93525010562551 66
93525010570193 23
93525077974951 66
93525078001134 91
93525145307001 91
93525145327018 23
93525145334505 66
93525145341643 91
93525212669452 23
93525212688420 66
93525280096055 23
93525280114090 66
93525280121765 91
93525338717426 91
93525405822594 23
93525405852762 66
93525405860420 23
93525473001041 66
93525473030793 91
93525540037020 23
93525540062777 66
93525540070445 91
93525607060549 23
93525607088579 66
93525674041948 91
93525741166300 91
93525741190528 23
93525741198043 66
93525814887554 23
93525814910217 66
93525814917718 91
93525949649297 91
93525949677913 23
93525949685619 66
93526017010722 91
93526017028469 23
93526017036101 66
93526084468670 23
93526084503907 66
93526084512045 91
93526151834614 23
93526151864442 91
93526210753660 23
93526210779582 66
93526210787433 91
93526277788038 23
93526277814088 66
93526344723432 23
93526344754980 66
93526344762788 91
93526411920372 91
93526411952057 23
93526478883591 66
93526478911066 91
93526478919452 23
93526546227326 66
93526546251985 91
93526613071702 23
93526613097246 66
93526613105055 91
93526613111974 23
93526680289993 66
93526680316699 91
93526680324144 23
93526754003959 66
93526754028228 23
93526754035801 66
93526754042747 91
93526888784419 23
93526888819926 66
93526888827824 91
93526956252429 91
93526956280562 23
93527023520090 66
93527023540862 91
93527023548283 23
93527023555331 66
93527082355926 23
93527082372207 66
93527149561985 91
93527216634651 91
93527216651262 23
93527216658811 66
93527283683703 91
93527283723532 23
93527350655451 66
93527350685991 91
93527350693347 23
93527417801977 66
93527417822229 23
93527417829697 66
93527484799683 91
93527551846719 91
93527625691248 23
93527625709576 66
93527625716991 23
93527625724288 66
93527625731295 91
93527760455097 91
93527760477265 23
93527760484829 23
93527760491805 23
93527760498885 66
93527827886081 23
93527827916915 66
93527827924534 91
93527895259759 23
93527964695233 66
93527964723026 91
93528021429968 23
93528021467148 66
93528021474890 91
93528088556411 91
93528155574524 23
93528155601369 66
93528155608740 91
93528222590424 23
93528222618798 66
93528222626374 23
93528289689831 66
93528289717459 91
93528356806636 23
93528356834891 66
93528356842302 91
93528424007589 23
93528490948527 66
93528490978078 91
93528564830765 23
93528564855883 66
93528564863701 91
93528632217233 23
93528699577595 91
93528699605557 23
93528699612921 66
93528767013401 23
93528767048551 66
93528767055847 91
93528834327708 91
93528834350828 23
93528893552185 66
93528893573578 91
93528893580988 23
93528960261254 66
93528960286561 91
93528960294961 23
93529027276217 66
93529027298120 23
93529027305552 66
93529027312641 91
93529161378447 23
93529161404651 66
93529161412063 91
93529228413507 23
93529228432392 66
93529228439845 91
93529362695080 91
93529362725445 23
93529362733043 66
93529436497623 23
93529436516736 66
93529436524597 91
93529503883786 91
93529571261096 23
93529571278016 66
93529571285145 91
93529638718199 23
93529638751511 66
93529706097654 23
93529706127074 66
93529706134537 91
93529765037592 91
93529832314753 23
93529832339800 66
93529832347164 23
93529832354689 66
93529899251255 91
93529966244920 91
93529966276537 23
93530033230650 66
93530033254096 91
93530100477379 23
93530100505870 66
93530100513447 91
93530167455678 23
93530167478440 66
93530234467736 23
93530234491558 66
93530234498936 91
93530308252994 91
93530308279505 23
93530375607622 66
93530375633475 23
93530443013031 66
93530443045841 91
93530502801214 23
93530502834615 66
93530502842542 91
93530570747251 23
93530643058631 66
93530643089592 91
93530704061465 91
93530704101992 23
93530704111838 66
93530778599388 91
93530778633758 23
93530778641353 66
93530839242934 23
93530839276967 66
93530839284689 91
93530912569012 91
93530994047421 23
93530994088677 66
93530994097942 91
93531047411364 23
93531047444660 66
93531047453503 91
93531114737322 23
93531114767957 66
93531114775667 91
93531173509853 23
93531173541210 66
93531173548902 91
93531240519885 23
93531240551331 66
93531240558856 23
93531240565800 66
93531240572713 91
93531382143586 23
93531382174211 66
93531382181997 91
93531449676059 23
93531449724365 66
93531516927181 91
93531584282042 23
93531584314990 66
93531584322660 91
93531710029024 91
93531710074389 23
93531710082075 66
93531777013088 91
93531777045433 23
93531844131908 66
93531844157339 91
93531911209543 23
93531911238979 66
93531911246534 91
93531978551387 23
93531978572178 66
93532045332538 23
93532045368755 66
93532119116245 91
93532253858465 23
93532253885274 66
93532253892684 91
93532321919652 23
93532388609354 66
93532388637525 91
93532455985472 23
93532456010551 66
93532456018092 91
93532514787795 23
93532581978571 66
93532582012177 91
93532656044850 91
93532656073388 23
93532656080788 66
93532723439984 23
93532723465171 66
93532723472680 91
93532790789023 91
93532858185635 23
93532858212253 66
93532858219955 91
93532925532520 23
93532925560323 66
93532925568103 91
93532984531714 23
93532984559026 66
93532984566648 23
93533051247145 66
93533051280130 91
93533118362805 23
93533118391445 66
93533118398960 91
93533185414371 91
93533185445678 23
93533252474248 66
93533252505580 91
93533252512940 23
93533322168127 66
93533322200530 91
93533322208238 23
93533322215069 66
93533386797051 23
93533386835063 66
93533386842610 91
93533453718361 23
93533453749555 66
93533527736475 91
93533595101271 23
93533595129895 66
93533595137426 91
93533662465606 23
93533662496678 23
93533729854504 66
93533729883960 91
93533797237922 23
93533797268325 66
93533797275796 91
93533856213700 23
93533856242408 66
93533923274444 91
93533990348471 91
93533990391233 23
93533990398605 66
93534057303883 23
93534057337507 66
93534057345463 91
93534191427276 23
93534191459788 66
93534191467196 91
93534258409371 91
93534325632954 23
93534325657683 66
93534325665920 23
93534399446252 66
93534399475584 91
93534467958420 23
93534467988484 66
93534467996067 91
93534534195033 23
93534601609261 66
93534601644193 91
93534669368439 23
93534669400997 91
93534669409077 23
93534728252899 66
93534728281267 23
93534728288694 66
93534728296428 91
93534795120186 23
93534795150423 66
93534862501394 91
93534929056625 23
93534996313293 91
93534996345690 23
93535063490907 66
93535063522984 91
93535130337801 91
93535130369490 23
93535197439258 23
93535197467695 91
93535197475113 23
93535271154746 14
93535271186107 66
93535271193561 91
93535338548931 23
93535338580502 66
93535405966611 23
93535405994402 91
93535406002114 23
93535406009323 23
93535473349400 66
93535473383511 91
93535541088050 23
93535541114175 66
93535541121652 91
93535608049782 23
93535608081107 23
93535608089219 23
93535608096332 66
93535667268825 91
93535667312589 23
93535733943903 23
93535733977592 23
93535733985070 66
93535733992088 91
93535802156715 23
93535802181249 66
93535868055057 91
93535868086363 23
93535935083816 66
93535935112832 91
93535935120236 23
93535935128021 66
93536002105622 91
93536069291917 23
93536069315675 23
93536136318360 23
93536136347217 91
93536136382856 23
93536136391071 14
93536210253500 23
93536210281313 66
93536210288850 91
93536277615862 91
93536277643458 23
93536277651049 14
93536277658099 23
93536344970403 66
93536344994280 91
93536345001738 23
93536345008680 23
93536412373003 66
93536412392148 91
93536412399758 23
93536479766026 66
93536479789393 91
93536479796794 23
93536547136065 23
93536547154561 23
93536547162028 66
93536547169032 91
93536605723436 23
93536672741161 66
93536672759425 91
93536672766948 23
93536739949305 66
93536739970283 91
93536807211849 23
93536807249411 66
93536807257115 91
93536874029385 23
93536874058838 66
93536874066069 91
93536874073049 23
93536940993727 66
93536941018472 91
93536941025991 23
93537008282906 66
93537008310991 23
93537008318827 66
93537081994449 91
93537082025736 23
93537149332788 66
93537149354811 91
93537216733989 23
93537216755973 66
93537216763297 23
93537284184495 66
93537284218065 91
93537351512697 91
93537351539494 23
93537351547297 66
93537418895313 23
93537418925731 66
93537418933197 91
93537544654652 23
93537544686809 91
93537544694517 23
93537544701660 66
93537611691143 23
93537611717629 66
93537611725381 91
93537678862437 23
93537745940830 66
93537745975631 91
93537812876450 23
93537812896225 66
93537812904116 91
93537879879229 23
93537879896403 66
93537953664674 91
93538021035705 91
93538021054456 23
93538021061977 66
93538088463277 23
93538088493118 66
93538088500579 91
93538223210459 23
93538223239326 23
93538223246900 66
93538223253841 91
93538290571731 91
93538350066757 23
93538350088141 66
93538350095883 91
93538416465631 23
93538416490139 66
93538416497744 91
93538483577811 23
93538483598069 66
93538550635125 91
93538550654750 23
93538550662067 66
93538617644319 23
93538617668175 91
93538684823792 23
93538684842716 66
93538684850762 23
93538684857909 91
93538751839074 23
93538751856759 66
93538818936046 91
93538818956627 23
93538818964637 66
93538892827983 23
93538892860507 91
93538892868036 23
93538892874966 66
93538960254300 91
93538960287573 23
93538960295094 66
93539027548505 91
93539094935089 23
93539094962618 66
93539094970264 23
93539162304952 66
93539162329995 91
93539229722086 91
93539229750656 23
93539229758263 66
93539229765486 91
93539297082630 23
93539297110801 66
93539355507152 91
93539355540613 23
93539355548016 66
93539422579253 91
93539422612272 23
93539422619614 66
93539489660732 91
93539489693954 23
93539489701688 66
93539556654445 91
93539556685986 23
93539556693563 66
93539623684573 91
93539623713711 23
93539623721445 66
93539690854770 91
93539690878800 23
93539758021581 66
93539758041018 23
93539758049205 66
93539758056257 91
93539831825429 23
93539899347260 66
93539899385981 91
93539966671621 23
93539966701356 66
93539966709191 91
93540034016814 23
93540101389984 66
93540101410716 91
93540101418324 91
93540160318625 91
93540160336793 23
93540227315307 66
93540227333125 91
93540294501025 23
93540294541817 66
93540294549346 23
93540361443566 66
93540361479504 23
93540361487133 66
93540428455644 91
93540495563661 23
93540495585538 91
93540562652984 23
93540562688346 66
93540562695877 91
93540629842277 23
93540629871440 66
93540703641229 91
93540703672719 23
93540703680488 66
93540771037433 23
93540771068287 66
93540771076009 91
93540838376648 23
93540838404212 66
93540838411521 91
93540905781157 91
93540973147865 23
93540973178641 66
93540973186168 91
93541040699318 23
93541040740777 66
93541040749297 91
93541099287879 23
93541099310907 66
93541099318116 91
93541166137320 23
93541166159356 66
93541233295375 91
93541233326368 23
93541233333591 66
93541300473027 23
93541300501415 66
93541300508940 91
93541375380854 91
93541442649224 23
93541442669973 66
93541501602645 23
93541501625325 66
93541501632685 91
93541568608003 23
93541568627217 66
93541568634886 91
93541702830130 23
93541702858927 91
93541702866349 23
93541769851874 66
93541769878948 91
93541769886634 23
93541836857240 66
93541836881408 91
93541836889001 23
93541836896480 66
93541903872096 23
93541903896706 66
93541903904267 91
93541971161957 91
93542044943055 23
93542044974958 66
93542044982638 91
93542112244427 23
93542112272221 66
93542112279958 91
93542179622092 23
93542179646819 66
93542179654336 91
93542179661215 23
93542246992031 66
93542247016187 23
93542247023444 66
93542247030477 91
93542314508851 91
93542381770546 23
93542381801193 66
93542381808700 91
93542446134132 23
93542446166728 66
93542446174120 23
93542446181191 91
93542507513901 23
93542507546383 66
93542507553972 23
93542574598162 66
93542574626580 91
93542641920911 91
93542708838924 23
93542708869066 66
93542708876591 91
93542775850379 23
93542775882482 66
93542775889850 91
93542843285528 23
93542843317561 66
93542843325247 23
93542916592437 66
93542916620992 91
93542983967196 23
93542983996714 66
93542984004229 91
93543118786160 91
93543118819818 23
93543118827492 66
93543186113914 23
93543186146045 66
93543186153787 91
93543253480520 91
93543312392314 23
93543312421453 66
93543312428966 23
93543312435912 66
93543379457301 91
93543379488809 91
93543446673210 23
93543446701550 66
93543513544047 23
93543513574406 66
