104870324727970 91
104870401163075 23
104870401196705 66
104870401204495 91
104870458728236 23
104870458760356 66
104870525880055 91
104870525912503 23
104870525919931 66
104870593090709 91
104870593122428 91
104870660042845 23
104870660079062 66
104870660086498 91
104870736160175 23
104870736196128 66
104870736203651 91
104870736210609 23
104870794186200 66
104870794225402 91
104870794233040 23
104870794240010 66
104870876303150 91
104870876346027 23
104870876354350 66
104870876361471 91
104870940305494 23
104870940337070 66
104870940344869 91
104870997558131 23
104870997590563 66
104870997597945 91
104870997605025 23
104870997611987 66
104871062783862 91
104871062819737 23
104871062827284 66
104871141715775 91
104871141749478 23
104871141757051 66
104871141763997 91
104871196638532 23
104871196669770 66
104871196677510 91
104871274520194 23
104871274552639 66
104871274560377 91
104871274567504 23
104871274574454 66
104871330713140 91
104871330744489 23
104871330752131 66
104871330759105 91
104871411480506 23
104871411517443 66
104871411524880 91
104871470804920 23
104871470862821 66
104871470872769 23
104871470881920 66
104871532068874 91
104871598907007 23
104871598949383 66
104871598956986 91
104871676810568 91
104871676844325 23
104871733221265 66
104871733263854 23
104871733271574 66
104871733278641 91
104871800141313 23
104871800202831 66
104871800211558 91
104871873440485 23
104871873478652 66
104871934566930 91
104872001445288 23
104872001517582 66
104872001525519 91
104872080029572 23
104872080062210 66
104872080069994 91
104872135398471 91
104872135434362 23
104872211917190 66
104872211961791 91
104872211969750 23
104872211976849 66
104872269503915 91
104872269535041 23
104872269542614 66
104872269549864 91
104872336610276 23
104872336643427 66
104872336651622 91
104872403853207 23
104872403886041 66
104872403893475 91
104872403900306 23
104872403907107 66
104872470846196 91
104872470889343 23
104872470898902 66
104872549261610 91
104872549295790 23
104872549303094 66
104872549310162 91
104872604840995 23
104872604872491 66
104872604880547 91
104872671995935 23
104872672029041 66
104872672036461 91
104872672043369 23
104872672050179 66
104872739063712 91
104872739106873 23
104872739114669 66
104872824441491 91
104872824478273 23
104872824485601 66
104872824492625 23
104872881333550 66
104872881367820 91
104872940282437 91
104872940309840 23
104872940317660 66
104872940324542 91
104873007299375 23
104873007334458 66
104873007342168 91
104873074394114 23
104873074424753 66
104873074432421 23
104873074439439 66
104873141593504 91
104873141632660 91
104873141640328 23
104873208565863 66
104873208599827 23
104873208607570 66
104873208614648 91
104873275516094 23
104873275544472 66
104873275552112 91
104873342514615 23
104873342549468 66
104873410053741 91
104873495846005 91
104873495883632 23
104873495891358 66
104873495898513 23
104873495905570 91
104873496207467 23
104873550935504 66
104873550975016 91
104873550982599 23
104873618304761 66
104873618336642 91
104873618344128 23
104873618350921 66
104873685678999 91
104873685712408 91
104873765653521 23
104873765711436 66
104873765719171 91
104873765726096 23
104873812073281 66
104873812104920 91
104873812113050 23
104873812120008 66
104873879203068 91
104873879236020 23
104873879243437 23
104873946483648 66
104873946517385 23
104873946562292 66
104873946572770 91
104874013791191 23
104874014017806 66
104874155271043 91
104874222649861 23
104874222681343 66
104874222688950 91
104874281578925 23
104874281612533 66
104874281620074 91
104874348513661 91
104874348543360 23
104874348550789 66
104874415740041 23
104874415773845 91
104874415781563 23
104874415788508 66
104874415795398 91
104874482755288 23
104874482785834 66
104874482793357 91
104874549743920 23
104874549777759 66
104874549785280 91
104874616782578 23
104874616819545 66
104874616826974 91
104874616834165 23
104874616841139 66
104874616848088 91
104874683961498 23
104874683992340 23
104874683999837 66
104874684006907 91
104874751002292 23
104874751034500 66
104874751042035 23
104874751049445 66
104874818099581 91
104874818142760 91
104874818150337 23
104874885043184 66
104874885078821 23
104874885086111 91
104874885093099 23
104874885099978 66
104874952209771 91
104874952243954 23
104874952251377 66
104874952258461 23
104875019333575 66
104875019363983 91
104875086247454 23
104875086276899 66
104875086284482 91
104875153413042 23
104875153446064 66
104875153453539 91
104875294428533 91
104875294462428 23
104875294470124 66
104875294477299 23
104875294484323 66
104875361750685 91
104875429131860 23
104875429169976 66
104875429177782 91
104875496500821 23
104875496536863 66
104875496544203 91
104875563875811 91
104875563907259 23
104875563914824 66
104875563922090 91
104875631542450 23
104875631589064 66
104875631597913 91
104875690062136 23
104875690098337 66
104875690105981 91
104875690112916 23
104875756963856 66
104875757003746 91
104875757011645 23
104875823972766 66
104875824004193 23
104875824011676 66
104875824018791 91
104875891013335 91
104875891044330 23
104875958110708 66
104875958143005 23
104875958150586 66
104876025321685 91
104876092598914 23
104876092636262 66
104876092644068 91
104876159260524 23
104876159293967 66
104876159301466 91
104876233439288 23
104876233473633 66
104876233481194 91
104876300841466 91
104876300880724 23
104876368260258 66
104876368302729 23
104876368310521 66
104876368317579 91
104876435617746 23
104876435659778 66
104876435667641 91
104876503026004 23
104876503063508 66
104876503071188 91
104876561742883 23
104876561774874 66
104876561782437 91
104876695759522 91
104876695789938 23
104876695797598 66
104876695804749 23
104876695811640 66
104876762960568 91
104876762991877 23
104876830043592 66
104876830078397 91
104876896984451 91
104876897013398 23
104876897020960 23
104876897027990 66
104876897035024 91
104876964031919 23
104876964063556 66
104876964070950 91
104877037806808 23
104877037837831 66
104877037845391 91
104877037852324 23
104877105147597 66
104877105181062 23
104877105188553 66
104877172574994 91
104877239943843 91
104877307303883 23
104877307335088 66
104877307342428 23
104877307349589 91
104877374722967 23
104877374756871 66
104877374764044 23
104877433654628 66
104877433683549 91
104877500705747 23
104877500743201 66
104877500750698 91
104877567733654 91
104877567771198 23
104877567778818 66
104877567785844 91
104877634846725 23
104877634886178 66
104877634893651 23
104877634900731 66
104877701805844 91
104877779252386 23
104877779288154 66
104877779295806 91
104877835979153 23
104877836009609 66
104877836016977 91
104877903160082 23
104877903193732 66
104877976891239 91
104878044303096 23
104878044333624 66
104878044341012 91
104878111667439 23
104878111697965 66
104878111705856 91
104878179222717 91
104878179262846 23
104878179270367 66
104878246406303 91
104878246435691 23
104878246443431 66
104878246450612 23
104878313814040 66
104878313845679 91
104878372671323 23
104878372705650 66
104878372713024 91
104878439734552 23
104878439773754 66
104878439781315 91
104878506619948 91
104878506654047 23
104878506661369 66
104878573656411 91
104878573692636 23
104878573700450 66
104878573707784 91
104878640937790 23
104878640975553 66
104878640983064 91
104878640989998 23
104878722270316 66
104878722314927 91
104878722322394 23
104878774868600 66
104878774901940 23
104878774909646 66
104878848689894 91
104878916016789 23
104878916050375 66
104878916057928 91
104878916065205 23
104878983601239 66
104878983657322 91
104878983665153 91
104879050790989 23
104879050829885 66
104879050837368 91
104879118294664 23
104879118334413 66
104879118342246 23
104879118349286 66
104879185576596 91
104879185611275 23
104879185618942 66
104879244455405 91
104879311383766 23
104879311413667 66
104879311421546 91
104879378513503 23
104879378549096 91
104879378556979 23
104879378563973 66
104879378570814 91
104879445600942 23
104879445640186 66
104879445647606 91
104879512598573 23
104879512629462 66
104879512637118 23
104879512644413 66
104879512651500 91
104879646793226 23
104879646825852 66
104879646833534 91
104879713896654 23
104879713926462 66
104879713934056 91
104879787792896 23
104879787825794 66
104879787833492 91
104879855294426 23
104879855342942 66
104879855352036 91
104879925201083 23
104879925237652 66
104879982193993 91
104879982231207 91
104879982239002 23
104880049085359 66
104880049117185 23
104880049124877 66
104880127147441 91
104880183484885 91
104880183533254 23
104880183544044 66
104880183552987 91
104880250514271 23
104880250546579 66
104880250554211 91
104880328601089 23
104880328637155 66
104880328645469 91
104880384529940 23
104880384560954 66
104880384568422 91
104880384575422 23
104880451558819 66
104880451589283 23
104880451596922 91
104880451604035 23
104880530446216 66
104880530479087 23
104880530486616 66
104880530493655 91
104880585936968 91
104880585969755 23
104880585977473 66
104880660910190 23
104880660941203 66
104880660948964 91
104880731713448 23
104880731751763 66
104880731759310 91
104880787011368 23
104880863682318 66
104880863714214 91
104880921129469 23
104880921162478 66
104880921170108 91
104880987983869 91
104880988020930 23
104880988029503 66
104881055204299 23
104881055235021 66
104881055242751 91
104881189246094 23
104881189275000 66
104881189282488 91
104881256274886 23
104881256310771 66
104881256318149 91
104881323486243 91
104881323520251 23
104881323527875 66
104881323534885 23
104881396336697 66
104881396371029 91
104881457501388 23
104881457532280 66
104881457540137 91
104881531327851 23
104881531361783 66
104881531369292 91
104881598637162 23
104881598672731 66
104881666011957 91
104881733395186 23
104881733426213 66
104881733433748 91
104881800904304 23
104881800943675 66
104881868209332 91
104881868243586 23
104881927064409 66
104881927098112 91
104881994016132 23
104881994042332 66
104881994050000 91
104882071102472 91
104882071132749 23
104882128160514 66
104882128194345 91
104882128201950 23
104882128209063 66
104882195412080 91
104882195455547 23
104882195463488 66
104882271078256 91
104882271109372 23
104882271116974 66
104882271123881 23
104882329545012 66
104882329579833 91
104882396704635 23
104882396736747 66
104882396744117 91
104882463502669 23
104882463538642 23
104882463546278 91
104882540302064 23
104882540333707 66
104882540342230 91
104882540349369 23
104882597726049 66
104882597793227 23
104882597802699 66
104882597809603 91
104882664709021 23
104882664741364 66
104882731744477 91
104882798977363 23
104882799016722 66
104882799027107 91
104882865954847 91
104882865993400 23
104882866001094 66
104882943585553 91
104882943624649 23
104882943632013 66
104883000005684 23
104883000039375 66
104883000046942 91
104883067174037 23
104883067212441 66
104883067219932 91
104883142165202 23
104883142206999 66
104883201251832 91
104883268249683 23
104883268329575 66
104883349079395 91
104883402420676 23
104883402450448 66
104883402458197 91
104883402465428 91
104883478831274 23
104883478865244 66
104883478872816 23
104883542977729 66
104883543024788 91
104883619492557 23
104883619530110 66
104883619537769 91
104883680085813 23
104883680119059 66
104883750103034 91
104883750140001 23
104883750147572 66
104883804868362 91
104883881992833 91
104883882024250 23
104883882032071 66
104883938917758 91
104883938945241 23
104883938952754 66
104883938959816 91
104884006039127 23
104884006070769 66
104884006078439 91
104884083302162 23
104884083336958 66
104884083345117 91
104884140290210 23
104884140324518 66
104884207330948 23
104884207361828 91
104884207369470 23
104884207376667 66
104884285261986 91
104884285298690 23
104884285306186 66
104884285313245 91
104884341307940 23
104884341339700 66
104884341347048 91
104884414156379 23
104884414193986 66
104884414201507 23
104884414208563 66
104884475766000 91
104884552594064 91
104884552631049 23
104884552638817 23
104884552645854 66
104884552652904 91
104884609615671 23
104884609648738 66
104884609656664 23
104884609663750 66
104884688473508 91
104884688514075 23
104884688521932 23
104884754442891 66
104884754474693 91
104884810889270 23
104884810918244 66
104884810925809 91
104884877953722 23
104884877989351 66
104884877996979 91
104884951740146 23
104884951773449 66
104885019045577 91
104885019080364 23
104885086395011 66
104885086425587 91
104885163554810 23
104885163597989 66
104885163606712 91
104885163614939 91
104885221171892 23
104885221203400 66
104885221210925 23
104885221217962 66
104885221224859 91
104885288769436 23
104885288809710 66
104885288817302 91
104885347426280 23
104885347461282 66
104885414435649 91
104885481488106 91
104885481521609 23
104885481529112 66
104885481536092 23
104885481543023 66
104885548656519 91
104885548695444 23
104885615531317 66
104885615565556 91
104885693180593 23
104885693210478 91
104885693218095 23
104885693225095 66
104885749723885 23
104885749763444 66
104885749771679 91
104885816962914 23
104885816997214 66
104885817004737 91
104885895131241 23
104885895161962 66
104885895169841 91
104885951000574 23
104885951032237 66
104886026252634 91
104886026285992 23
104886085263782 66
104886085295027 91
104886085329478 23
104886085337319 66
104886152257811 91
104886152295084 91
104886219299131 23
104886219333589 23
104886219341300 66
104886219348332 23
104886219355334 66
104886219362239 91
104886286434121 91
104886353378508 23
104886353409777 66
104886353417364 91
104886353424254 23
104886420303933 66
104886420332308 91
104886420340438 23
104886420347599 66
104886487499569 91
104886487529057 23
104886487536568 66
104886554707677 91
104886554741064 23
104886554748504 66
104886554755524 23
104886628525972 66
104886628563353 91
104886695823879 23
104886695855429 91
104886763178869 23
104886763212151 66
104886763220185 91
104886763227481 23
104886830584385 66
104886830617438 23
104886830625144 66
104886898089408 91
104886965334604 23
104886965364179 66
104886965371831 91
104887023920935 23
104887023953942 66
104887023961562 91
104887091126175 91
104887091158546 23
104887091166236 66
104887091174512 91
104887158078311 23
104887158112386 66
104887158119826 91
104887158126756 23
104887225251745 66
104887225281503 91
104887225288902 23
104887225295940 66
104887292279698 91
104887292311128 23
104887292318578 66
104887292325673 23
104887359362088 66
104887359393528 91
104887426365102 91
104887426400678 23
104887426408279 66
104887426415376 91
104887500385715 23
104887500422946 66
104887500430783 23
104887500437743 66
104887500444712 91
104887567558325 23
104887567593880 66
104887634982892 91
104887635016828 23
104887635024460 66
104887702333046 91
104887702366702 23
104887702374284 91
104887769704964 23
104887769736718 66
104887769744571 23
104887837204772 66
