95877737930119 91
95877805106943 23
95877805139499 66
95877805147486 91
95877939099838 91
95877939125751 23
95877939133352 66
95878006281126 91
95878006309749 23
95878006317143 66
95878079697520 91
95878079726930 23
95878079734553 66
95878147079013 23
95878147113506 66
95878147121252 91
95878281923249 23
95878281956765 66
95878281964640 91
95878349235044 23
95878349269932 66
95878416595809 91
95878483967723 23
95878483998946 66
95878484006161 91
95878542796349 23
95878542822130 66
95878542829703 91
95878610026630 91
95878677031527 23
95878677065362 66
95878677073078 91
95878743991157 23
95878744021225 66
95878744028841 23
95878744035865 66
95878744042797 91
95878811150930 23
95878878085301 66
95878878114250 91
95878945260612 23
95878945290424 66
95879012314121 91
95879090940919 91
95879090993515 23
95879091003748 66
95879153561255 23
95879153594640 66
95879153603060 91
95879220939389 91
95879288395112 23
95879288443400 66
95879288453922 91
95879355712617 23
95879355744736 66
95879423091121 23
95879423124127 66
95879423131495 91
95879481636675 23
95879481660495 66
95879481668098 91
95879548783947 23
95879548813754 66
95879615868612 91
95879682916254 91
95879682943588 23
95879682951049 66
95879682958002 91
95879749920950 23
95879749952852 66
95879749960363 91
95879816934858 23
95879816966382 66
95879884153953 23
95879884182788 66
95879884190361 91
95879957886066 91
95879957912181 23
95879957920140 23
95880025240756 66
95880025266346 91
95880025273599 23
95880092604045 66
95880092621470 23
95880092628863 66
95880160098069 91
95880160131578 23
95880227427478 66
95880227461811 91
95880294793034 23
95880294820505 66
95880294828266 91
95880353505740 23
95880353581647 66
95880420617890 91
95880487686941 91
95880487710442 23
95880487718184 66
95880554671138 23
95880554700303 91
95880554707812 23
95880554714936 66
95880622845846 23
95880622874550 66
95880689025534 91
95880755916240 91
95880755945216 23
95880755952878 66
95880822990651 91
95880823017655 23
95880897012547 66
95880897038630 23
95880964386974 66
95880964420805 91
95881031724025 91
95881031751140 23
95881099225600 66
95881099253817 91
95881166528687 23
95881166559865 66
95881166567543 91
95881233880698 23
95881233909766 66
95881233918075 91
95881292740206 23
95881292770465 66
95881359471057 23
95881359499751 66
95881359507409 91
95881436375704 91
95881436425149 23
95881436432786 66
95881493676282 91
95881493710254 23
95881493717789 66
95881560653589 23
95881560683665 66
95881560691051 91
95881627818692 23
95881694881069 66
95881694905873 91
95881768709601 23
95881768740441 66
95881768747682 91
95881836095457 23
95881903489745 66
95881903525230 91
95881970951901 23
95881970985294 66
95881970992946 91
95882038222800 91
95882105580789 23
95882105605050 66
95882164379101 23
95882164407226 66
95882164414564 91
95882231375152 91
95882231405950 23
95882298423178 66
95882298451970 91
95882298459384 23
95882298466397 66
95882365707908 91
95882432544135 23
95882432576387 66
95882432583790 91
95882499624099 23
95882499655319 66
95882499663279 23
95882499670289 66
95882566808574 91
95882634553357 23
95882634581599 66
95882634589202 91
95882707810546 91
95882707842169 23
95882775181418 23
95882775210722 66
95882775218229 91
95882842564185 23
95882842590290 66
95882842598006 23
95882842604982 66
95882842612201 91
95882909965835 23
95882977317819 66
95882977348803 91
95883044678309 91
95883044707984 23
95883103656527 66
95883103687275 91
95883103694894 23
95883170334102 66
95883170370188 23
95883237439630 66
95883237474821 91
95883304472185 23
95883304500873 66
95883371661053 91
95883439073270 91
95883439123755 23
95883439132738 66
95883439141564 91
95883505760046 91
95883579529219 23
95883579566135 66
95883579574089 23
95883647007905 66
95883647046940 91
95883647054694 23
95883647061797 66
95883714302294 91
95883714339413 23
95883714347728 66
95883781675134 91
95883781705463 23
95883848996906 66
95883849026093 23
95883849033473 66
95883849040467 91
95883916415704 23
95883916442817 66
95883975106997 91
95884042217548 91
95884042253004 23
95884109521862 66
95884109558457 23
95884176368243 66
95884176396424 91
95884243373506 23
95884243404079 66
95884243411751 91
95884310374950 23
95884310398118 66
95884310405639 91
95884444651742 23
95884444689795 66
95884444726384 91
95884518617666 91
95884586063435 23
95884586097391 66
95884586104976 23
95884586111871 66
95884653423831 91
95884720757748 23
95884720787883 66
95884720795430 91
95884788141072 23
95884788171540 66
95884847098140 91
95884847126220 23
95884914408134 66
95884914442074 91
95884981087972 23
95884981111898 66
95884981119311 91
95885048210101 91
95885115388033 23
95885115414828 66
95885115422397 91
95885182281231 23
95885182307061 66
95885249389751 23
95885249419875 66
95885249427533 91
95885316490528 91
95885390420271 23
95885390468117 66
95885390475487 23
95885390482415 66
95885457801073 91
95885525094388 23
95885525124588 66
95885525133115 91
95885592470140 23
95885592499059 66
95885659862658 91
95885718813554 23
95885718843693 91
95885718851087 23
95885718858216 66
95885786111971 91
95885852991697 23
95885853023523 66
95885853031134 23
95885853038042 66
95885920021319 91
95885987220446 23
95885987246980 66
95885987254593 91
95886054182140 23
95886121223554 66
95886194799685 91
95886262062023 23
95886262090341 91
95886262097609 23
95886262104516 66
95886329457525 23
95886329485020 66
95886329492675 91
95886396800240 23
95886396826267 66
95886464208046 91
95886531599642 23
95886531626405 66
95886531633979 91
95886598949418 23
95886598984525 91
95886657828665 23
95886657858737 66
95886657866493 23
95886724883170 66
95886724913529 91
95886811266290 91
95886811302382 23
95886858990163 66
95886859015617 91
95886859023397 23
95886859030838 66
95886926002990 23
95886926040601 66
95886926048512 91
95887060216657 23
95887060251281 66
95887060258985 91
95887128014286 91
95887128039971 23
95887128047482 66
95887208357196 91
95887208392480 23
95887208400067 66
95887268533789 23
95887268559556 66
95887268567403 91
95887335886177 91
95887403332324 23
95887403367062 66
95887403374720 91
95887470668343 23
95887470698027 66
95887470705769 23
95887538095735 66
95887538131517 91
95887596934212 91
95887596968595 23
95887596976048 66
95887663843471 91
95887663894694 23
95887663905711 66
95887730988419 23
95887731030986 66
95887731041411 91
95887797927081 23
95887797959933 66
95887864941392 91
95887931972457 91
95887932000372 23
95887932007905 66
95887932014841 91
95887999235571 23
95887999281940 66
95887999289343 91
95888072999912 23
95888073037609 66
95888140224967 23
95888140253665 66
95888140261154 91
95888207601705 91
95888207631085 23
95888275000435 66
95888275030060 23
95888275037716 66
95888275044696 91
95888342397593 23
95888342428619 66
95888409745122 91
95888409770902 91
95888468607599 23
95888468638423 66
95888468646158 91
95888535680760 23
95888535714767 66
95888602633912 91
95888602662208 23
95888602670016 66
95888669640491 23
95888669669094 66
95888669676728 91
95888737010902 91
95888803873370 23
95888803906338 66
95888803914139 91
95888870899379 23
95888870933778 66
95888938094141 23
95888938124187 66
95888938131807 91
95889011960207 91
95889011991375 23
95889079325904 66
95889079355793 91
95889079363577 23
95889146718849 66
95889146751668 91
95889146759342 23
95889214090518 66
95889214124510 23
95889214134398 66
95889214144363 91
95889281522936 23
95889281558012 66
95889281565583 91
95889340404462 23
95889407792540 66
95889407819683 91
95889474479487 91
95889474503094 23
95889474512397 66
95889541638404 23
95889541671264 66
95889541678758 91
95889608699267 91
95889608729051 23
95889675970214 23
95889676008521 66
95889676016471 23
95889676023521 66
95889676030493 91
95889743218476 91
95889809927193 23
95889809956697 66
95889809964343 91
95889883694454 23
95889883731570 66
95889883739151 23
95889883746167 66
95889883753248 91
95890018439164 91
95890018467506 23
95890018475302 23
95890018482340 66
95890085816272 23
95890085845893 66
95890085853541 91
95890153225497 91
95890220602044 23
95890220636356 66
95890220643813 23
95890220650827 66
95890220657855 91
95890279371765 91
95890346356006 23
95890346384006 66
95890346391933 91
95890413562302 23
95890413589709 66
95890413597264 23
95890413604286 66
95890413611210 91
95890480574694 23
95890547574247 66
95890547605918 91
95890614621864 23
95890614658906 66
95890614666427 91
95890681824883 23
95890748935512 66
95890748965550 91
95890822792253 23
95890822828072 66
95890822835778 91
95890890197401 23
95890957563460 66
95890957598239 91
95891024954952 23
95891024987838 66
95891024995542 91
95891092337069 23
95891092373620 66
95891159705638 91
95891218334307 23
95891218364954 66
95891218372389 91
95891352429077 23
95891352461716 66
95891352469341 91
95891419438826 91
95891486528914 23
95891486561550 66
95891486569299 91
95891486576423 23
95891553570161 66
95891553603861 91
95891620647804 23
95891620682035 66
95891620689926 91
95891620696930 23
95891694538943 66
95891694572545 23
95891694580355 66
95891694587659 91
95891761930276 91
95891829272511 23
95891829308156 66
95891896705058 23
95891896745404 66
95891896754460 91
95891964242697 23
95891964290931 66
95891964301262 91
95892023069164 91
95892090285129 23
95892090316438 66
95892164056046 23
95892164089442 23
95892164096933 66
95892164103843 91
95892231428006 91
95892231458657 23
95892231466229 23
95892298815681 66
95892298842651 91
95892298850399 23
95892366175001 66
95892366206801 23
95892366214388 66
95892366221525 91
95892433634759 91
95892500967874 23
95892500994357 66
95892501002090 91
95892559866194 23
95892559896513 23
95892559903956 66
95892626595542 91
95892626629058 23
95892626636657 23
95892693784175 66
95892693814298 91
95892693821889 23
95892693828847 66
95892760779916 23
95892760808944 66
95892760816805 91
95892827798427 23
95892827824760 66
95892827832291 91
95892961982952 23
95892962010771 66
95892962018179 91
95893035762389 91
95893035791334 23
95893103138213 66
95893103167460 91
95893103175074 23
95893170527145 66
95893170557832 91
95893170565349 23
95893237909310 66
95893237941850 91
95893313644846 23
95893313680233 66
95893372693539 91
95893372723084 23
95893372730581 66
95893431582425 23
95893431610254 23
95893431617486 66
95893431624377 91
95893498375508 23
95893498407095 66
95893498414600 91
95893565691268 23
95893632690217 66
95893632725275 91
95893699595042 23
95893699624130 66
95893699631585 91
95893766721435 91
95893833899870 23
95893833927156 66
95893833934737 91
95893901150156 23
95893901180354 66
95893976929171 23
95893976957738 66
95893976965331 91
95894042248289 23
95894042278938 66
95894042286555 91
95894109664021 91
95894176989152 23
95894177015760 66
95894244408216 23
95894244434036 66
95894244441561 91
95894303326864 23
95894303360406 66
95894370416715 91
95894437459744 23
95894437493943 66
95894437501585 91
95894504430536 91
95894504462497 23
95894571528640 66
95894571563551 91
95894571571316 23
95894638861990 66
95894638886228 23
95894638893659 66
95894638900735 91
95894705669030 23
95894772778777 66
95894772809639 91
95894846590053 23
95894846617583 66
95894913957420 91
95894981311963 23
95894981338933 66
95894981346414 91
95895116089416 23
95895116117136 66
95895116124651 91
95895183505205 23
95895183536349 66
95895183544035 91
95895242267151 91
95895309231342 23
95895309268846 66
95895309276337 91
95895376383810 23
95895376416825 66
95895376424561 23
95895376432269 23
95895376440297 66
95895443698701 91
95895510409606 23
95895510434645 66
95895510442124 91
95895592746128 23
95895644643921 66
95895644677762 91
95895644685255 91
95895712050361 23
95895712083776 66
95895712091425 91
95895785705051 23
95895785732141 66
95895785739747 91
95895853147874 23
95895853183154 66
95895853190886 91
95895920435028 23
95895920466673 23
95895920474305 66
95895920481250 91
95895987877870 23
95895987913337 66
95896055374073 23
95896055425422 91
95896055436710 23
95896055446388 66
95896114129705 91
95896114159099 23
95896114167024 66
95896181128083 91
95896181159227 23
95896181166766 66
95896181173913 91
95896248108062 91
95896248134686 23
95896315131545 66
95896315158366 91
95896315166115 23
95896315173267 66
95896315180326 91
95896382243186 23
95896382271154 66
95896449336271 91
95896449369233 23
95896449376781 66
95896516523762 23
95896516555883 66
95896516563483 91
95896516570640 23
95896583564787 66
95896583600843 91
95896657404199 23
95896657434285 66
95896657441969 23
95896657448983 66
95896724782982 91
95896792134715 23
95896792160456 66
95896792167983 91
95896859529790 23
95896859557440 66
95896926975458 91
95896986324165 23
95896986351003 66
95896986358490 91
95897053080136 91
95897119923975 23
95897119948938 66
95897186982076 23
95897187004215 66
95897254075608 91
95897321367265 91
95897388185144 23
95897388216143 66
95897388223895 23
95897455311240 66
95897455339165 91
95897529181477 23
95897529208725 66
95897529216296 91
95897664217214 23
95897664252663 66
95897664260628 91
95897731330080 91
95897731364398 23
95897731372090 66
95897798636804 91
95897798670754 23
95897798678538 66
95897866022024 23
95897866048978 66
95897866056503 91
95897924891908 91
95897991892174 23
95897991915568 66
95898059129508 23
95898059161478 66
95898059169239 91
95898059176182 91
95898126258669 23
95898126286104 66
95898193065273 91
95898193096618 23
95898193104302 66
95898193111477 91
95898268185471 23
95898268213371 66
95898335549965 91
95898335579661 23
95898335587375 66
95898394339741 91
95898394366343 23
95898461357710 66
95898461393127 23
95898461400628 66
95898461407678 91
95898528494077 23
95898595460468 66
95898595486298 91
95898595494342 91
95898662515152 23
95898662540468 66
95898729530241 23
95898729554689 66
95898729562021 91
95898796795474 23
95898796825354 66
95898864183977 91
95898864215322 91
95898937771740 23
95898937807221 66
95899005149177 23
95899005176719 66
