91206212261112 91
91206271060251 91
91206271087440 23
91206337957585 66
91206337986318 91
91206337994032 23
91206405162319 66
91206405192807 23
91206472193236 66
91206472223031 91
91206539260649 91
91206606424697 23
91206606454866 66
91206606462437 91
91206673324023 23
91206673356438 66
91206747056675 23
91206747092791 66
91206747102889 91
91206814567676 91
91206814598667 23
91206881855767 66
91206881885732 91
91206949623175 23
91206949653637 66
91206949661305 91
91207016980519 23
91207017011379 66
91207017019041 23
91207083996268 66
91207084028796 91
91207145022976 91
91207216658731 23
91207216688845 66
91207216696402 91
91207283996975 23
91207284030919 66
91207284038548 91
91207344091569 23
91207344123718 66
91207344131306 91
91207418757087 23
91207418788396 66
91207486130542 23
91207486158403 66
91207486166065 91
91207553498445 91
91207620931163 23
91207620965861 66
91207679772425 23
91207679802742 66
91207679810150 91
91207746826441 91
91207746858160 23
91207813495941 23
91207813528686 66
91207888308079 91
91207888341647 23
91207888349315 66
91207947725578 91
91207947753121 23
91207947760757 66
91208023184626 23
91208023218922 66
91208081750350 91
91208149001096 91
91208149034446 23
91208149041901 66
91208215973500 23
91208216004604 66
91208216012070 91
91208349962196 23
91208349994444 91
91208350002168 23
91208350009092 66
91208417206416 91
91208417239522 23
91208484249773 66
91208484282601 91
91208557878708 23
91208557912014 66
91208557919634 91
91208625253817 23
91208625285974 66
91208692717831 23
91208692749593 66
91208692757508 91
91208760006625 23
91208760038837 66
91208760046301 91
91208827421419 91
91208886698190 23
91208886733854 66
91208886741432 23
91208953732039 66
91208953760799 91
91209020826419 23
91209020857215 66
91209020865097 91
91209154863232 91
91209154897232 23
91209154907000 66
91209230357053 91
91209230385667 23
91209230393238 66
91209288984465 91
91209289017355 23
91209356172229 66
91209356199473 91
91209423056732 23
91209423089496 66
91209423096902 91
91209490083969 23
91209490116813 66
91209557194238 23
91209557225998 66
91209632442217 91
91209699827329 91
91209758359070 23
91209758391580 66
91209758399205 91
91209825542256 23
91209825570948 66
91209892587219 91
91209892618323 23
91209979980143 66
91209980016002 23
91209980023674 91
91210026631212 23
91210026658317 66
91210026665649 91
91210093845552 23
91210093871571 66
91210171918803 23
91210171950398 66
91210171958116 91
91210227979605 23
91210300696906 66
91210300738198 91
91210362060588 91
91210362091905 23
91210362099436 66
91210439185916 91
91210439227357 23
91210439237177 66
91210496159137 23
91210496193598 66
91210496201288 91
91210563277722 91
91210641122358 23
91210641154156 66
91210697473288 91
91210697506481 23
91210697514016 66
91210764338454 23
91210764370242 66
91210764377801 91
91210842506346 23
91210842550844 66
91210898471888 91
91210965602936 23
91210965633611 66
91210965641523 91
91211044399913 91
91211099771618 23
91211099799389 66
91211166794202 23
91211166822733 66
91211166830366 91
91211245736734 91
91211245773661 23
91211245781618 23
91211301033310 66
91211301066975 91
91211301074268 23
91211378606518 66
91211378641731 91
91211378649819 23
91211435089689 66
91211435120517 23
91211435128277 91
91211502423326 23
91211502451419 66
91211502459073 23
91211502466087 66
91211569231093 91
91211636243390 91
91211714966362 23
91211714999377 66
91211770503230 91
91211770531084 23
91211770539341 66
91211837692307 91
91211837722361 23
91211837730111 66
91211904478088 23
91211904503491 23
91211979631538 66
91211979651285 91
91211979658770 91
91212038664501 91
91212118191978 23
91212118228344 66
91212118235909 91
91212172933931 23
91212172966109 66
91212250063250 91
91212250094497 23
91212250101974 66
91212306943814 91
91212306974459 23
91212373960720 66
91212373993059 91
91212374000745 23
91212451375347 23
91212451405858 66
91212508150767 91
91212508177578 23
91212575139499 66
91212575162052 91
91212575170027 23
91212653332639 66
91212653366116 91
91212653373788 23
91212653380804 66
91212709623941 91
91212776415184 23
91212776443572 66
91212776451139 23
91212843460532 66
91212843488872 91
91212843496405 23
91212920576961 66
91212920611185 91
91212920618957 23
91212977794306 66
91212977827727 23
91212977835300 91
91213044844333 23
91213044898440 66
91213122526271 91
91213122559698 23
91213122567435 66
91213179603378 23
91213179634373 66
91213179641983 91
91213253642266 91
91213313211270 23
91213313240670 66
91213313248149 91
91213379939021 23
91213379967180 66
91213447493958 23
91213447523897 66
91213447531814 91
91213525757466 23
91213525787202 66
91213525794710 91
91213648260056 23
91213648292472 66
91213648300222 91
91213715293979 23
91213715328515 66
91213715336283 91
91213782416644 91
91213856651917 23
91213856684604 66
91213916685112 23
91213916716123 66
91213916723608 91
91213991336521 23
91213991368925 66
91213991376381 91
91214058677169 91
91214118388666 23
91214118421924 66
91214118429507 91
91214191347121 23
91214191375811 66
91214258801595 91
91214258834224 23
91214258842036 23
91214326169688 66
91214326201467 91
91214326208767 23
91214326215654 66
91214393490579 91
91214393521706 23
91214393529322 66
91214453897121 91
91214453929864 23
91214453937596 66
91214520102574 91
91214520132819 23
91214587161968 66
91214587187999 91
91214587195896 23
91214660903482 66
91214660934011 23
91214660941246 66
91214728343371 91
91214795760067 91
91214795799185 23
91214795807086 66
91214863388864 91
91214863418575 23
91214930421712 66
91214930451108 91
91214930458800 23
91214930465853 66
91214997784644 23
91214997815188 91
91215056601836 23
91215056634255 66
91215056642023 23
91215056649180 66
91215123583291 91
91215190793373 23
91215190824506 66
91215190832315 91
91215324953446 91
91215324985195 23
91215324993050 23
91215325000201 66
91215391860166 23
91215392051046 66
91215392059994 91
91215459133513 91
91215459166590 23
91215526153299 66
91215526181522 91
91215526189021 91
91215600002871 23
91215600035183 66
91215667403559 23
91215667431851 66
91215667439794 91
91215734760013 23
91215734789584 66
91215734797286 91
91215802223046 23
91215802261275 66
91215869543583 91
91215869578179 23
91215869585519 66
91215936914787 91
91215995750767 23
91215995780674 66
91215995788316 91
91215995795539 23
91216063065611 66
91216063097677 23
91216129680381 66
91216129711175 91
91216196785720 91
91216196817719 23
91216196825671 66
91216263891287 91
91216263923131 23
91216263931110 66
91216330891793 91
91216330921273 23
91216397982697 66
91216398011643 23
91216398019266 66
91216398026413 91
91216532144673 23
91216532176877 66
91216532184430 91
91216599150393 23
91216599178705 66
91216599187781 91
91216733862255 23
91216733898031 66
91216733905621 91
91216800399896 91
91216867431283 23
91216867460805 66
91216867468638 91
91216941304616 23
91216941333378 66
91216941341086 91
91217008696939 23
91217008732516 66
91217076028018 23
91217076055008 91
91217076064350 23
91217076071545 66
91217143431889 91
91217143463954 23
91217143471755 66
91217210822267 91
91217210854423 23
91217210861809 66
91217269996612 91
91217270045101 23
91217270055179 66
91217336912897 91
91217336946108 23
91217336953696 66
91217403907495 91
91217403938180 23
91217403945908 66
91217482980996 91
91217483017548 23
91217538154382 66
91217538188081 23
91217538195652 66
91217605120111 91
91217672197046 23
91217672226981 66
91217672234490 91
91217739299513 91
91217816254785 23
91217816310210 66
91217816318896 23
91217873472288 66
91217873512709 91
91217940437172 23
91217940475390 66
91217940482976 91
91218007514062 91
91218074840416 23
91218074920890 66
91218074930584 91
91218141561598 23
91218141589693 66
91218141597196 91
91218219398611 91
91218275740503 23
91218275763760 66
91218342845136 91
91218342873160 23
91218342880554 66
91218417408790 23
91218417437049 66
91218417444900 91
91218552149088 23
91218552178064 91
91218552185621 23
91218552192625 66
91218611114598 91
91218611141417 23
91218678234533 66
91218678288680 23
91218678297474 66
91218678306053 91
91218745323874 23
91218812281134 66
91218812311709 91
91218879336703 23
91218879365111 66
91218879372689 91
91218946505543 91
91219013503140 23
91219013536531 66
91219013544193 91
91219092848364 23
91219092881752 23
91219092889535 66
91219147557975 23
91219147586798 66
91219147594568 91
91219224625071 91
91219224658348 23
91219224666003 66
91219281819771 91
91219281852088 23
91219281859651 66
91219281866808 91
91219348729232 23
91219348754844 66
91219424579902 91
91219482948233 23
91219482972342 66
91219482979542 91
91219482987475 23
91219549898185 23
91219549919165 66
91219549926676 23
91219627896429 66
91219627932276 91
91219684173836 23
91219751315378 66
91219751342725 91
91219829793885 23
91219829827869 66
91219829835475 91
91219892796116 91
91219952465193 23
91219952491111 66
91219952499418 91
91220019441705 23
91220019463813 66
91220019471545 91
91220097026930 23
91220097050376 66
91220153669978 91
91220153692672 23
91220153699809 66
91220220827102 91
91220220850406 23
91220220858238 66
91220293522038 23
91220293545090 66
91220293552741 91
91220421924482 23
91220421959543 66
91220421967054 91
91220500261860 23
91220500294002 66
91220500301543 91
91220555937371 23
91220622968346 66
91220622990805 91
91220690094169 91
91220690130792 23
91220690138446 66
91220767496817 91
91220767528492 23
91220767536070 66
91220824360712 91
91220824391669 23
91220891330941 66
91220891363768 91
91220891371477 23
91220969504215 66
91220969540521 91
91221025448085 23
91221025483823 66
91221092648714 23
91221092687486 66
91221092694928 91
91221159710146 23
91221159741465 66
91221159749059 91
91221293878837 91
91221293909954 23
91221293917357 66
91221372779109 91
91221372816111 23
91221372823992 66
91221372831008 91
91221429361781 23
91221429394993 66
91221504826029 23
91221504857268 66
91221504865291 91
91221569678275 91
91221637014749 23
91221637045517 91
91221704389307 23
91221704422792 91
91221763101501 14
91221837039083 23
91221837070616 66
91221837078064 91
91221904418909 23
91221904451179 23
91221904458664 66
91221904465731 91
91222039171075 23
91222039201777 91
91222039209199 14
91222106624719 91
91222106655362 14
91222173933957 23
91222173963295 91
91222232749441 23
91222232789917 14
91222232797591 23
91222232804554 91
91222299989241 23
91222300024840 14
91222300032452 23
91222373996881 91
91222374030674 23
91222374038665 14
91222433977816 91
91222434002720 23
91222510207112 14
91222510236681 23
91222510244359 23
91222510251441 91
91222580259071 23
91222580283321 14
91222580290931 66
91222635027824 91
91222635049663 23
91222635057307 66
91222712084260 23
91222712107271 66
91222712114965 91
91222774767906 23
91222774788868 66
91222774796725 91
91222847607870 23
91222847630608 66
91222903267621 23
91222903287356 66
91222903294816 91
91222970313004 23
91222970332353 66
91223037397524 91
91223115398891 23
91223115421846 66
91223115429385 91
91223171571204 91
91223238548581 23
91223238568843 66
91223238576269 91
91223305599087 23
91223305622473 66
91223305630168 91
91223382590725 23
91223382608394 66
91223439795977 91
91223439813805 23
91223439821399 23
91223439828620 66
91223506749156 91
91223506766364 23
91223582638171 66
91223582655468 91
91223582662897 23
91223640989322 66
91223641008720 91
91223707993510 23
91223708011450 66
91223708019108 91
91223708026082 23
91223785844840 66
91223785863099 91
91223842248900 23
91223842265075 66
91223909211823 91
91223909228822 23
91223987872655 66
91223987898163 23
91224050870050 66
91224050902562 91
91224110525080 23
91224110548864 66
91224110556554 91
91224255128552 91
91224255160253 23
91224255167941 66
91224311737853 23
91224311766781 66
91224311774471 91
91224378875927 23
91224378901023 66
91224451660821 91
91224512823861 23
91224512844586 66
91224512851783 91
91224579935813 91
91224658341976 23
91224658362355 66
91224658369976 23
91224714076487 66
91224714102993 91
91224781113731 23
91224781145261 66
91224848272761 91
91224915268252 91
91224982283827 23
91224982308914 66
91224982316290 91
91225049268890 23
91225049288094 66
91225049296182 91
91225127553332 23
91225127573159 66
91225193666251 23
91225193686764 66
91225250555491 91
91225317550651 23
91225317570708 66
91225384749014 91
91225451809639 91
91225451832490 23
91225451840238 66
91225530780278 23
91225530799703 66
91225530807292 91
91225585876074 91
91225662897733 23
91225662941304 66
91225727753019 91
91225727784862 23
91225727792389 66
91225727799450 91
91225798073731 23
91225798098969 66
91225854243305 23
91225854265908 66
91225854273685 91
91225921213875 91
91226000009465 23
91226000030159 66
91226000038126 23
91226055355425 66
91226055374563 91
91226128501087 23
91226128524467 66
91226128532877 91
91226201965301 23
91226201985152 91
91226256739344 23
91226256769365 66
91226333210312 23
91226333238506 66
91226333245976 91
91226390732814 91
91226457891006 23
91226457917775 66
91226525077404 23
91226525104543 66
91226525112130 91
91226592001010 91
91226592022358 23
91226658927053 66
91226658954514 91
91226658961818 23
91226736445031 66
91226736465880 23
91226736473294 91
91226793427085 23
91226793462475 66
91226793469817 91
91226860115019 23
91226860145410 66
91226860153108 91
91226936415769 23
91226936449538 66
91226936457194 91
91226994231806 23
91226994258555 66
91226994266221 23
91227073789475 66
91227073818467 91
91227128543383 23
91227128575869 66
91227128583649 91
91227205793518 23
91227262712206 66
91227262742624 91
91227262750072 91
91227329717881 23
91227329749679 66
91227329757383 91
91227396731671 23
91227396763278 66
91227463776831 23
91227463805762 66
91227463813208 91
91227530803462 23
91227530828596 66
91227530836354 91
91227608932426 91
91227664955683 23
91227664978926 66
91227731971393 91
91227731992206 23
91227732000175 66
91227807452753 23
91227807472669 66
91227807480648 91
91227866107126 91
91227933208495 23
91227933231794 66
91227933239579 91
91228012156940 23
91228012179250 66
91228012186847 91
91228067337888 23
91228067357148 66
91228144044901 23
91228144067144 66
