83955787637248 91
83955854760776 91
83955932440694 23
83955932471027 66
83955932478532 91
83955989204484 23
83955989235719 66
83955989243083 91
83956056242460 23
83956056271931 66
83956056279548 91
83956129114437 23
83956129151473 66
83956190054486 91
83956190082637 23
83956257167793 66
83956257203956 91
83956338872135 23
83956338911910 66
83956338919739 91
83956391287065 23
83956391319190 66
83956458473668 91
83956458505709 23
83956458513335 66
83956458520317 91
83956525455789 23
83956525487213 66
83956592599463 23
83956592645746 66
83956592653243 91
83956729371902 91
83956729402851 23
83956729410460 66
83956804871076 91
83956869126967 23
83956869162278 66
83956869169699 91
83956927748475 23
83956927780121 66
83956927787835 91
83957002244762 23
83957002274073 66
83957069639569 23
83957069673893 23
83957137010319 66
83957137041207 91
83957204382694 23
83957204420671 66
83957204428288 91
83957330187560 91
83957330221643 23
83957330229245 66
83957397207759 91
83957464395869 23
83957464429091 66
83957464436556 91
83957531428398 23
83957531459661 66
83957531467373 91
83957598527646 23
83957598572835 66
83957598580169 91
83957665625308 23
83957732827945 66
83957732862158 91
83957806684321 23
83957806721312 66
83957806729008 23
83957873975987 66
83957874007239 91
83957941409598 91
83958008694947 91
83958076101259 23
83958076136863 66
83958076144676 91
83958134990647 23
83958135022443 66
83958202101313 91
83958269207983 23
83958269243641 66
83958269252711 91
83958336138757 23
83958336172375 66
83958403171721 91
83958403198866 23
83958403206318 66
83958470321063 23
83958470351483 66
83958470359121 91
83958537413094 23
83958537447018 66
83958537454495 91
83958604400358 23
83958604437074 66
83958678288555 91
83958678321658 23
83958738573287 66
83958738602906 91
83958805781212 23
83958805809516 66
83958805816936 91
83958872613461 23
83958872648308 66
83958872655803 91
83958951317080 23
83958951355451 66
83959006960112 91
83959006987919 23
83959073996264 66
83959074030594 91
83959152548894 23
83959152584095 66
83959152591588 91
83959208705808 23
83959208741418 66
83959208748873 91
83959284454379 23
83959284484546 66
83959354527556 23
83959354562582 66
83959354569996 91
83959486464702 23
83959486497369 66
83959486504827 91
83959549386654 91
83959616796594 23
83959616829210 66
83959684306479 91
83959684359290 23
83959751532493 66
83959751565956 23
83959751573377 66
83959751580278 91
83959818892664 91
83959886279633 23
83959886309039 66
83959953733600 91
83959953766577 23
83960021047069 66
83960021079494 23
83960079948245 66
83960147124105 91
83960214352511 91
83960214383667 23
83960281108685 23
83960281143260 66
83960348047768 91
83960348079461 23
83960415279119 66
83960415311969 91
83960415319570 23
83960482304443 66
83960482335637 23
83960482343035 66
83960549448473 91
83960623237269 91
83960623270509 23
83960623277885 66
83960690618668 91
83960690652698 23
83960760214892 66
83960760256932 91
83960760266645 23
83960817611528 66
83960817648276 91
83960817655789 23
83960884583827 66
83960884611692 91
83960951840919 23
83961029431920 66
83961029464472 91
83961085815850 91
83961085845694 23
83961153032543 66
83961153066050 23
83961220039629 66
83961287128355 91
83961354041105 91
83961432681702 23
83961432711428 66
83961432718840 91
83961488261407 23
83961488298139 66
83961488305660 91
83961555373800 23
83961555400362 66
83961622343446 91
83961622377589 23
83961622385260 66
83961689610975 91
83961689646496 23
83961756547860 66
83961756584228 91
83961835948741 23
83961835982490 66
83961835989991 91
83961890651838 23
83961890681703 66
83961890689276 91
83961967775246 23
83961967803495 66
83962032040433 91
83962032078825 23
83962032086822 66
83962092044524 91
83962092082734 23
83962092090319 66
83962169138955 23
83962169175933 66
83962226213047 91
83962226250272 91
83962293362615 23
83962293403287 66
83962371140126 91
83962427178304 23
83962427211771 66
83962427219397 91
83962500247925 23
83962500287004 66
83962561290618 91
83962561324518 23
83962628315256 66
83962628353201 91
83962695495358 23
83962695531509 66
83962774293276 91
83962774326482 23
83962774333820 66
83962829548681 91
83962829579332 23
83962896629394 66
83962896664910 91
83962963766669 23
83962963801613 66
83963041542784 91
83963041575829 23
83963041583336 66
83963097831321 91
83963097859071 23
83963164834645 66
83963164867163 23
83963164875144 66
83963164882046 91
83963299055322 91
83963299093088 23
83963366117511 66
83963366145442 91
83963433171223 23
83963433202634 66
83963433210099 91
83963513356239 23
83963513385194 66
83963513392816 91
83963567280377 91
83963634377258 23
83963634408206 66
83963634416043 23
83963701328339 66
83963701366218 91
83963768727475 23
83963768762258 66
83963768769968 91
83963835547108 23
83963835583019 66
83963835590487 91
83963902687925 23
83963902722189 66
83963980057467 91
83963980093282 23
83964036752287 66
83964036783572 23
83964036791236 66
83964103800645 91
83964170813890 91
83964170845516 23
83964237893063 66
83964237922640 91
83964317275725 23
83964317306933 66
83964317314601 23
83964372045255 66
83964372077339 91
83964449208468 23
83964449247583 66
83964449254843 91
83964579944553 23
83964579974539 91
83964579981939 23
83964579989044 66
83964647305463 91
83964647340360 23
83964714718611 66
83964714754568 91
83964782115922 23
83964782149156 66
83964782156619 23
83964849451284 66
83964849484580 91
83964916862223 91
83964916897754 23
83964975693291 66
83964975727623 91
83964975735218 23
83965042710301 66
83965042744770 91
83965109708307 23
83965109742323 66
83965109749667 91
83965176908071 23
83965176936868 66
83965243943817 23
83965243982317 66
83965243989995 91
83965310970058 91
83965377983222 23
83965378018293 66
83965445393733 91
83965445435960 23
83965519071404 66
83965519102367 23
83965519111596 66
83965519121281 91
83965587325729 91
83965653890248 23
83965653926352 66
83965721196280 91
83965721228486 23
83965788559500 66
83965788587905 23
83965855958119 66
83965855987129 91
83965914638037 91
83965981647372 23
83965981681143 66
83965981688569 91
83966048801733 23
83966048831352 66
83966048839422 91
83966116015268 23
83966116044354 66
83966182898070 91
83966182930077 23
83966250001969 66
83966250035554 91
83966316909407 23
83966316940609 66
83966316947919 91
83966390783567 23
83966390815988 66
83966390823640 23
83966458151378 66
83966458182926 91
83966525540466 91
83966592880529 23
83966592917283 66
83966660291229 91
83966660328387 23
83966660336006 66
83966727729098 91
83966727760990 23
83966786688629 66
83966786744374 91
83966853483559 23
83966853518712 66
83966920563179 91
83966920594041 23
83966920601550 66
83966987754630 23
83966987785197 66
83966987792802 91
83967056066878 91
83967121752500 23
83967121782580 66
83967188821811 91
83967188854398 23
83967262486889 66
83967262516407 23
83967262523864 66
83967329956216 91
83967397254664 23
83967397286410 91
83967397293649 23
83967464630781 66
83967532020064 91
83967532048696 23
83967599398343 66
83967599430772 91
83967658283321 23
83967658310715 23
83967725782255 66
83967725813320 91
83967801907347 23
83967801942369 66
83967801949762 91
83967859418858 23
83967859454035 66
83967935855063 91
83967993707104 23
83967993740042 66
83968061325177 91
83968061388885 23
83968061400332 23
83968061409633 66
83968127985555 23
83968128023929 66
83968128031528 91
83968201601598 91
83968268972895 23
83968269009869 66
83968269017152 91
83968336311358 23
83968336340439 66
83968336347752 91
83968403865188 23
83968403908431 66
83968471120014 91
83968471149975 23
83968471157775 66
83968538530080 23
83968538568596 66
83968538575952 91
83968664382973 91
83968664417853 23
83968731405350 66
83968731435579 91
83968798461764 23
83968798496824 66
83968798504309 91
83968865507790 23
83968865536581 66
83968865544110 91
83968932502855 23
83968932532752 66
83968932540458 91
83969018423971 23
83969018462149 66
83969066777006 23
83969066808443 66
83969066816200 91
83969140737733 91
83969140767004 23
83969208062825 66
83969208099437 91
83969275451069 23
83969275484144 66
83969275491462 91
83969342831347 23
83969342866790 66
83969410200250 91
83969410232298 23
83969410240028 66
83969469051906 23
83969469086503 91
83969536175557 23
83969536207232 66
83969536214759 91
83969603289475 23
83969603321887 66
83969603329329 91
83969670224302 23
83969670255802 66
83969737552022 91
83969737586044 23
83969737593493 66
83969804534127 91
83969804587158 23
83969871618681 66
83969871660011 91
83969871667585 23
83969938509714 23
83969938543469 66
83969938551211 91
83970008192553 91
83970008222016 23
83970008229406 66
83970083509351 91
83970083542223 23
83970139718237 66
83970139749119 91
83970206799098 23
83970206826963 66
83970206834715 91
83970273985375 23
83970274079578 66
83970340932931 91
83970340964729 23
83970340972091 66
83970408014400 91
83970475011667 23
83970475043764 66
83970552664214 91
83970552695277 23
83970609319625 66
83970609348709 91
83970683624905 23
83970683661313 66
83970683668516 91
83970743296047 23
83970743326766 66
83970810384628 23
83970810416377 66
83970810423820 91
83970877491079 23
83970877521358 66
83970877528662 91
83970955936929 23
83970955969522 66
83971011535622 91
83971086360244 23
83971086395821 66
83971086403277 23
83971086410273 66
83971153730177 91
83971221119060 91
83971280008002 23
83971280040610 66
83971347101835 91
83971347146318 23
83971415909154 66
83971415943774 91
83971415953735 23
83971481001510 66
83971481035718 23
83971548279858 66
83971548314092 91
83971615229878 91
83971682321237 23
83971682354523 66
83971749323732 91
83971825244236 23
83971825280773 23
83971890714771 66
83971890752746 23
83971958088687 23
83971958117079 66
83972092826934 91
83972151733770 91
83972218771596 23
83972218808416 23
83972218815997 66
83972352885810 91
83972419916505 23
83972419952674 91
83972487130400 23
83972487162502 91
83972554012546 23
83972554041719 14
83972554049117 66
83972633103523 91
83972633135395 23
83972695946296 91
83972755550918 23
83972755584441 14
83972755591989 23
83972822378295 66
83972822409931 91
83972822417308 23
83972900383648 66
83972900416879 91
83972956435832 23
83972956465700 66
83972956473634 91
83973023739482 23
83973023831868 66
83973090630975 23
83973090665231 66
83973090672762 91
83973157624646 23
83973157657798 66
83973224737846 23
83973224769835 66
83973224777344 91
83973291842944 91
83973369709797 23
83973369747704 66
83973425896249 91
83973425927821 23
83973493183662 66
83973493215665 91
83973560096089 23
83973560123669 66
83973560130992 91
83973636468046 23
83973636506079 66
83973694149645 91
83973694181073 23
83973694188578 66
83973772954752 23
83973772997555 66
83973904780925 91
83973969822772 91
83973969853208 23
83974040139894 66
83974040185960 91
83974096682028 23
83974096716045 66
83974163802743 23
83974163831958 66
83974242064307 91
83974297955192 91
83974364881069 23
83974364920354 66
83974364927969 91
83974432024689 23
83974432057499 23
83974432065261 66
83974509350191 91
83974509383085 23
83974566096251 66
83974566130762 91
83974633310543 23
83974633341365 66
83974711307572 23
83974711345354 91
83974711352986 23
83974711359943 66
83974773444378 23
83974773476437 66
83974773483751 91
83974912550625 91
83974912581724 23
83974912589259 66
83974968516614 91
83974968544524 23
83975035534783 66
83975035571016 23
83975035578344 66
83975114621260 91
83975114670045 91
83975169765560 23
83975169799740 66
83975236649784 91
83975316053449 23
83975316085054 66
83975316092321 91
83975371013414 23
83975371061189 66
83975450898082 23
83975450926748 66
83975450934321 91
83975505035128 23
83975572078656 66
83975572112172 91
83975706304435 23
83975706348977 66
83975706356719 91
83975850969130 23
83975851003325 66
83975851011190 91
83975974532832 23
83975974569482 91
83975974577224 23
83975974584164 66
83976050034543 91
83976108540869 23
83976108570468 66
83976108578188 91
83976175706921 23
83976175743232 66
83976175750769 91
83976254286503 23
83976254327117 66
83976254338448 91
83976309762673 23
83976309796881 66
83976377076685 91
83976444081757 23
83976444139223 66
83976444148295 23
83976521456667 66
83976521490541 91
83976578213231 91
83976578249273 23
83976645259212 66
83976645293032 91
83976645300565 23
83976723409001 66
83976723439435 23
83976779281444 66
83976779313614 91
83976913591470 23
83976913623509 66
83976913631150 91
83976980895625 91
83977047537013 23
83977047569901 66
83977047577321 23
83977114593901 66
83977114627064 91
83977192646651 91
83977192684998 23
83977192692569 66
83977192699521 91
83977248690936 23
83977248727543 66
83977321390530 23
83977321427865 66
83977456184714 91
83977456222012 91
83977523582529 23
83977523618557 66
83977523625975 91
83977590916732 23
83977590950692 66
83977658317742 23
83977658351755 66
83977725719962 91
83977860422597 23
83977860456350 91
83977927813172 23
83977927844517 66
83977927852161 91
83977986472036 23
83977986502930 66
83977986510743 91
83978053499723 23
83978053528296 66
83978053535936 91
83978120541813 23
83978120574166 66
83978195212957 91
83978195267430 23
83978262575900 66
83978262606121 91
83978329979405 23
83978330008216 66
83978388877192 91
83978388908927 23
83978388916279 66
83978455930992 91
83978455964973 23
83978522921856 66
83978522955088 91
83978590112398 23
83978590142842 66
83978657193897 91
83978657227479 23
83978724125838 66
83978724160995 91
83978791367951 23
83978791405938 66
83978791413296 91
83978858438159 23
83978858479801 66
83978858487399 91
83978932210248 23
83978932249412 66
83978992720883 91
83978992785068 23
83979069356507 66
83979069398954 91
83979126529707 23
83979126561521 66
83979193580012 23
83979193611884 66
