86283373647611 91
86283452837207 91
86283507916037 23
86283507953851 66
86283584693039 23
86283584726058 66
86283584733564 91
86283641927660 91
86283708910662 23
86283708938668 66
86283708946257 91
86283776182098 23
86283776216527 66
86283843319812 91
86283843351334 23
86283922085643 66
86283922120918 91
86283977307840 23
86283977334760 66
86284053992321 23
86284054026048 66
86284054033603 91
86284111347406 91
86284178584072 23
86284178619072 66
86284178626772 91
86284245484070 23
86284245514417 66
86284245521938 91
86284312538264 23
86284312569145 66
86284391266124 91
86284391301707 23
86284391311179 66
86284457469777 23
86284457506875 66
86284457514647 91
86284521534780 91
86284580841846 23
86284580875560 66
86284580883462 91
86284647835422 23
86284647867932 66
86284724396086 23
86284724431434 66
86284724439039 91
86284782114356 91
86284849059104 23
86284849092941 66
86284849100683 91
86284916347286 23
86284916381918 66
86284916389909 91
86284983266437 23
86284983302149 23
86284983309594 66
86285061795663 91
86285061836070 23
86285117462184 66
86285117494659 91
86285184524863 23
86285184555078 66
86285184562556 23
86285184569854 66
86285263738096 91
86285318514138 23
86285318543844 66
86285318551469 91
86285392620179 23
86285460028278 66
86285460061345 91
86285527368308 91
86285527398750 23
86285594749810 66
86285594781603 91
86285662160429 23
86285662193500 66
86285662200957 23
86285721020096 66
86285721050299 91
86285788062884 91
86285788096922 23
86285788104890 66
86285855107582 91
86285855141466 23
86285855148904 66
86285922313120 91
86285989502071 23
86285989533844 66
86285989541255 91
86286056319223 23
86286056352155 66
86286056359642 23
86286123259054 66
86286123286906 91
86286190533170 23
86286190568317 66
86286264379805 91
86286331715414 23
86286331750607 66
86286401562814 91
86286466657143 23
86286466703830 66
86286466711619 91
86286534113811 23
86286592865126 66
86286592900997 91
86286660081785 91
86286660117016 23
86286660124899 66
86286726995851 91
86286727034220 23
86286727041868 66
86286794076632 23
86286794113691 66
86286794121583 91
86286928225275 23
86286928259501 66
86286928267390 91
86287004859238 23
86287004896790 66
86287004904593 91
86287140904375 23
86287140942523 66
86287140950239 91
86287196451778 23
86287263460159 66
86287263491496 91
86287330504182 91
86287330539629 23
86287403854529 66
86287403890462 91
86287474033652 23
86287474064708 66
86287531776210 91
86287598869727 23
86287598910108 66
86287598917752 23
86287598925548 66
86287672191614 91
86287733000557 23
86287733031317 91
86287799928907 23
86287799969638 66
86287799977183 91
86287877425515 23
86287877456852 66
86287877464341 91
86287934240230 23
86287934273396 66
86288001411762 91
86288077513317 23
86288077546651 66
86288077554763 91
86288135378772 23
86288135418888 66
86288135426306 91
86288202460009 23
86288202495646 66
86288280585659 91
86288280617517 23
86288336557218 66
86288336586989 91
86288336594771 23
86288403515288 66
86288403551203 91
86288482666770 23
86288482703178 66
86288482711323 91
86288545544556 23
86288545578063 66
86288604773557 91
86288604823106 23
86288671752774 66
86288671788271 23
86288749964441 66
86288750001485 91
86288805994439 23
86288806024267 66
86288806031625 91
86288946336021 91
86288946368609 23
86288946376524 66
86289007256796 23
86289007284922 66
86289007292610 91
86289074231961 23
86289153051023 66
86289153083752 91
86289208438906 23
86289284916575 66
86289284947329 91
86289342650362 91
86289420370021 23
86289420403989 66
86289476727473 23
86289476760592 66
86289476768168 91
86289622287911 91
86289622322187 23
86289622329469 66
86289677821488 23
86289677846825 66
86289677854303 91
86289823683000 23
86289823721166 66
86289823728587 91
86289879212240 91
86289955469387 23
86289955501802 66
86289955509581 23
86290017138886 66
86290017172750 91
86290080307572 91
86290080336314 23
86290147755606 66
86290147794120 91
86290147803155 23
86290225599896 66
86290225641713 91
86290292796368 23
86290292828272 66
86290348485594 23
86290348522517 66
86290348530046 91
86290494811699 23
86290494841459 66
86290494849025 91
86290549654694 91
86290623336748 23
86290623384443 66
86290623391845 91
86290696185772 23
86290696234714 66
86290750994290 23
86290751042051 66
86290751049755 91
86290827986189 91
86290885248851 23
86290885279643 66
86290885287017 91
86290952120195 23
86290952150508 66
86290952158765 91
86291019124227 23
86291019158881 66
86291086537528 91
86291086592361 23
86291153372025 66
86291153406090 91
86291231217267 23
86291231252350 66
86291231260174 23
86291287414967 66
86291287445029 91
86291354489840 23
86291354524397 91
86291431125085 23
86291431158885 66
86291431166337 23
86291488586770 66
86291488622581 91
86291555609040 91
86291622790836 23
86291622826023 66
86291622833544 91
86291700483372 23
86291700519229 66
86291756906280 91
86291756934449 23
86291756941870 66
86291826732431 23
86291826759409 66
86291826767401 91
86291891195932 91
86291967689094 23
86291967725194 66
86292031985093 91
86292032022065 23
86292032029557 66
86292099451302 91
86292099492071 23
86292166727094 66
86292234118803 23
86292234147817 66
86292301499677 91
86292368884804 91
86292427546239 23
86292427577165 66
86292427614127 91
86292494557838 23
86292494587325 66
86292561695981 23
86292561732696 91
86292561739962 23
86292628703376 66
86292628734464 91
86292695705881 23
86292695737138 66
86292695744552 91
86292762984147 23
86292763018887 66
86292763026448 23
86292829944129 66
86292829974853 91
86292903695938 91
86292971068286 23
86292971103000 66
86292971110753 91
86293038435200 23
86293038466392 66
86293038473871 23
86293105841696 66
86293105871683 91
86293173261092 91
86293240590363 23
86293240624737 66
86293240632528 91
86293299508408 23
86293299537260 66
86293366473737 91
86293366510066 23
86293366517889 66
86293433633352 91
86293433673883 23
86293500687237 66
86293500727344 23
86293500735137 66
86293567726004 91
86293634717118 91
86293634750680 23
86293704029581 66
86293704058844 91
86293768912512 23
86293768946271 66
86293768953872 91
86293835981123 23
86293836014596 66
86293914487195 91
86293914516893 23
86293970067455 66
86293970102428 23
86293970109959 91
86294054561518 23
86294054597447 66
86294104154082 23
86294104190880 66
86294171216859 91
86294247674027 23
86294319403650 66
86294319431809 91
86294372699560 23
86294449721546 66
86294449761323 91
86294513838885 91
86294573712758 23
86294573747849 66
86294573755478 23
86294650951169 66
86294650987901 91
86294710683255 91
86294710712031 23
86294774991915 66
86294775037292 91
86294775044998 23
86294853098245 66
86294853157501 91
86294908970972 23
86294909009113 66
86294982107049 91
86294982150246 23
86295043181210 66
86295043211694 91
86295110206265 23
86295110241017 66
86295177303775 91
86295177352749 23
86295256216957 66
86295256261371 91
86295311446173 23
86295311485471 66
86295378556962 91
86295378596170 23
86295445496329 66
86295445531902 91
86295445539395 23
86295523419092 66
86295523452249 91
86295579672850 23
86295579708499 66
86295646708048 91
86295646737245 23
86295646744842 66
86295725534547 23
86295725575290 66
86295725582913 91
86295847938351 23
86295847975645 91
86295914913670 23
86295914944492 66
86295914952097 91
86295992581892 23
86295992615866 66
86296049059933 91
86296049095987 23
86296049104107 66
86296116181078 91
86296116229714 23
86296188638339 66
86296188671414 91
86296250186010 23
86296250215113 66
86296317343966 91
86296317380833 23
86296317388396 66
86296395965438 23
86296396000727 66
86296451729431 91
86296518485205 91
86296518513746 23
86296518521367 66
86296597865191 91
86296663005736 23
86296663041450 66
86296663049124 91
86296719719686 23
86296719752381 66
86296719759914 91
86296799306627 23
86296799344771 66
86296799352513 91
86296853968098 23
86296854000326 66
86296931032458 91
86296931063406 23
86296987992421 66
86296988029553 23
86296988036933 66
86297061816044 91
86297129181415 23
86297129214064 66
86297129221364 91
86297196551067 91
86297263976046 23
86297264008950 66
86297331315618 91
86297331347182 23
86297398733362 66
86297398770539 91
86297398778064 23
86297398785116 66
86297457462618 23
86297457492485 66
86297457500585 91
86297591596982 91
86297591628655 23
86297591636568 66
86297658698431 91
86297658730615 23
86297725694491 66
86297725725792 23
86297725733211 66
86297725740175 91
86297868252925 91
86297868288418 23
86297926911439 66
86297926974871 91
86297926984508 23
86297994089220 66
86297994134516 91
86298061136241 23
86298061169103 66
86298061176540 91
86298128211038 23
86298128245903 66
86298195113602 23
86298195145197 66
86298195152575 91
86298262304541 23
86298329384462 66
86298329417352 91
86298403043143 91
86298478945227 23
86298478974410 66
86298478982448 23
86298530709336 66
86298530740941 91
86298611416573 23
86298611447057 66
86298611454535 91
86298732132767 91
86298732183628 23
86298732191457 66
86298798827375 91
86298798862283 23
86298873342353 66
86298873371005 91
86298873378653 23
86298940722464 66
86299008136459 23
86299008167239 91
86299008174855 23
86299075635488 66
86299075686757 91
86299075697130 23
86299134171594 66
86299134237137 23
86299201285080 66
86299268289313 91
86299335377752 91
86299402454171 23
86299402488666 66
86299402496389 91
86299469565042 23
86299469602237 66
86299536544538 91
86299536573612 23
86299610409813 66
86299610443353 91
86299677703259 23
86299677732585 66
86299677740166 91
86299745063183 23
86299745096343 66
86299812398225 23
86299812428663 66
86299812436220 91
86299879830098 23
86299879862183 66
86299879869706 91
86300005982036 91
86300006017883 23
86300073045081 66
86300073077068 91
86300140106642 23
86300140143324 66
86300207207083 91
86300207239623 23
86300207247348 66
86300274462721 91
86300274498490 23
86300274506188 66
86300341285307 91
86300408274937 23
86300408302508 66
86300408311914 91
86300408321143 23
86300482033144 66
86300482064517 91
86300549383825 23
86300549419149 66
86300616851149 91
86300616881878 23
86300684566805 66
86300684594335 23
86300751516384 66
86300751550747 91
86300877771146 91
86300877802109 23
86300877809684 66
86300945681185 91
86300945711203 23
86300945718987 66
86301011962916 91
86301079223923 23
86301079277346 66
86301146166307 23
86301146203564 66
86301146211388 91
86301280226626 23
86301280259922 66
86301347378229 91
86301481435060 23
86301481471506 66
86301481479287 91
86301615653754 91
86301615688810 23
86301615696770 66
86301682655638 91
86301749668076 23
86301749696114 66
86301816823343 91
86301816854380 23
86301816861937 66
86301890671112 23
86301890706685 66
86301890714208 91
86302025404412 23
86302025439598 66
86302025447163 91
86302092816860 91
86302152158594 23
86302152187646 66
86302152195201 91
86302219135059 23
86302219167697 66
86302219175399 91
86302295656219 23
86302295689316 66
86302295696702 91
86302353276398 23
86302353312997 66
86302420440569 23
86302420483959 66
86302420491757 91
86302501932861 91
86302554435806 23
86302554470547 66
86302621504309 23
86302621532103 91
86302621539594 23
86302698930023 66
86302698961795 91
86302766386028 23
86302766423345 66
86302834555486 91
86302834593728 23
86302901188214 66
86302901220887 23
86302901228645 66
86302963891460 91
86303036232865 23
86303036268798 66
86303036276217 91
86303091165293 91
86303168113344 23
86303168147111 66
86303168154610 91
86303225222979 23
86303225258196 66
86303292225870 23
86303292261144 91
86303292268689 23
86303292275965 66
86303292282969 91
86303364700636 23
86303364741151 66
86303426560569 23
86303426595990 66
86303493377687 91
86303571444562 91
86303627619127 23
86303627652393 66
86303694647925 91
86303761697823 23
86303761737794 66
86303761745485 23
86303828658333 66
86303828691402 91
86303895749752 91
86303895785997 23
86303895793619 66
86303962836199 91
86303962869817 23
86304040595259 66
86304040630176 23
86304040637621 66
86304040644804 91
86304097137912 91
86304164132252 23
86304164166410 66
86304231212216 91
86304231247170 23
86304231255482 66
86304298113300 91
86304365347926 23
86304365382810 66
86304365390399 23
86304443958648 66
86304443993787 91
86304499310714 91
86304575900444 23
86304575934414 66
86304640784821 91
86304640818759 23
86304640826473 23
86304708197704 66
86304708235059 91
86304775558573 23
86304775604666 66
86304775612443 23
86304842942546 66
86304842977347 91
86304910263753 23
86304910323860 66
86304910331812 91
86305035877930 91
86305035913588 23
86305035921117 66
86305103148013 91
86305103182651 23
86305103190087 66
86305170092644 23
86305170136488 66
86305170144293 91
86305237105158 91
86305304107521 23
86305304142271 66
86305377706653 91
86305377735675 23
86305445084371 66
86305445115887 91
86305445123502 23
86305445130370 66
86305525067021 91
86305647227309 23
86305647256558 66
86305647263939 91
86305714625021 91
86305782168190 23
86305782216530 66
86305782226775 91
86305840683055 23
86305840754089 66
86305907867047 91
86305907896568 23
86305974897587 66
86305974935942 23
86306041871583 66
86306109105292 91
86306176081425 91
86306176114283 23
86306176121886 66
86306243163246 91
86306310169329 23
86306310202722 66
86306310210259 91
86306377692991 23
86306377727156 66
86306377734884 91
86306444375059 23
86306444403677 66
86306511380833 23
86306511412675 66
86306511420114 91
86306589353429 91
86306645538434 23
86306645575989 66
86306712530474 23
86306712567393 66
86306779617060 91
86306846712376 23
86306846744053 66
86306846751753 91
86306980755368 91
86306980788935 23
86306980796704 66
86307054646090 91
86307054684956 23
86307121934487 66
86307121972738 91
86307189385878 23
86307189422017 66
86307189429708 91
86307256623803 23
86307256657674 66
86307324063796 23
86307324099021 66
