86471571770460 91
86471627453208 91
86471627483175 23
86471694697809 66
86471694735042 91
86471773912836 91
86471828675706 23
86471828712681 66
86471828720369 91
86471895771541 23
86471895802443 66
86471962844531 91
86471962877704 23
86471962885105 66
86472040954296 23
86472040988761 66
86472040996455 91
86472096961188 91
86472164130217 23
86472164169865 66
86472242930130 91
86472242971215 23
86472242979126 66
86472298177885 91
86472365244218 23
86472365281597 23
86472365289247 66
86472365296150 91
86472432218918 23
86472432249935 66
86472510352456 91
86472510396037 23
86472510403741 66
86472510411127 91
86472566341811 23
86472566371907 66
86472633625197 91
86472633670074 23
86472633677838 66
86472706142789 91
86472767743769 23
86472767773565 66
86472767781247 23
86472834924553 66
86472834957351 91
86472913548372 91
86472968808826 23
86472968841107 66
86472968848805 91
86473045352527 23
86473045388466 66
86473045396200 91
86473102924180 23
86473102955404 66
86473102962863 91
86473170184869 23
86473170218422 66
86473170225941 91
86473237128485 23
86473237158642 66
86473304124946 91
86473304158717 23
86473383024197 66
86473383056349 91
86473438354579 23
86473438389712 66
86473438397188 91
86473505359778 23
86473505391372 66
86473505398722 91
86473572390804 23
86473572427071 66
86473639413682 91
86473639445948 23
86473706615675 66
86473706646880 91
86473706654499 23
86473706661517 91
86473773726421 23
86473773767353 66
86473840656841 23
86473840690198 66
86473840697654 91
86473907697251 23
86473907733221 66
86473907740880 91
86473981536254 23
86473981567078 66
86474048979723 23
86474049021770 66
86474049029492 91
86474116276068 91
86474116308696 23
86474183651744 66
86474183691821 23
86474251014685 66
86474251042926 91
86474318933068 23
86474318962902 66
86474318970751 91
86474444374301 91
86474444407893 23
86474444415581 66
86474511231528 91
86474511259464 23
86474581185867 66
86474581214869 91
86474581222517 23
86474645519504 66
86474645554210 91
86474712454116 23
86474712486565 66
86474779528170 91
86474779559793 23
86474779567619 66
86474853227366 91
86474920926030 23
86474920971321 66
86474920978940 91
86474988025039 23
86474988058100 66
86474988065619 91
86475055383846 23
86475055427439 66
86475122730629 23
86475122764138 66
86475122772054 91
86475190309291 91
86475190342591 23
86475249095761 66
86475249126334 91
86475326128508 23
86475326164725 66
86475326172279 91
86475383242353 23
86475450431336 66
86475450471647 91
86475528137825 91
86475528181050 23
86475584275112 66
86475584304771 91
86475658338795 23
86475658370225 66
86475718511443 91
86475718543255 23
86475718550639 66
86475785525464 91
86475785559943 23
86475852582040 66
86475852613528 23
86475931334167 66
86475931368581 91
86475986835330 91
86476061308579 23
86476061352430 66
86476061360313 91
86476132674094 23
86476132708760 66
86476132716464 91
86476187962581 23
86476187996410 66
86476264590040 23
86476264623825 66
86476264631619 91
86476322308089 23
86476389325110 66
86476389360600 91
86476466610245 91
86476466647470 23
86476531511369 66
86476601860872 91
86476601893023 23
86476601900530 66
86476657630081 91
86476657665924 23
86476657673706 66
86476724555928 23
86476724589140 23
86476724596762 66
86476805029314 91
86476858773355 23
86476858806366 66
86476932330578 91
86477005073104 23
86477005106086 66
86477005113776 91
86477070190465 91
86477137032187 23
86477137109268 66
86477137117344 91
86477194031341 23
86477194071525 66
86477261008039 91
86477261043481 23
86477261050807 66
86477328316539 91
86477395233646 23
86477395263280 66
86477395270865 91
86477462126795 23
86477462157587 66
86477540310559 91
86477540351988 23
86477540362027 66
86477596373650 91
86477596406254 23
86477596414306 66
86477663419638 91
86477740191190 23
86477740218903 66
86477740226649 91
86477797586874 23
86477797618840 66
86477865104292 91
86477865138244 23
86477931651312 66
86477931689700 91
86478009467412 23
86478009505761 66
86478009513559 91
86478065872354 23
86478065906559 66
86478065914181 91
86478147394816 23
86478147437750 66
86478199907674 91
86478199955712 23
86478267120636 66
86478267162992 91
86478267177247 23
86478334408822 66
86478334449223 91
86478401182393 23
86478401224011 66
86478401231542 91
86478478753140 23
86478478813896 66
86478535293663 23
86478535322526 66
86478535330339 91
86478602393644 91
86478679959758 23
86478679996366 66
86478736645334 91
86478736682010 23
86478736689750 66
86478803553567 91
86478881958837 23
86478881986805 66
86478937612009 23
86478937645537 66
86478937652997 91
86479004746989 91
86479071905498 23
86479071939468 66
86479139109397 23
86479139141416 66
86479139149051 91
86479219088033 91
86479273026107 23
86479273054879 66
86479273062567 91
86479346850615 23
86479346882240 66
86479414255212 91
86479414284293 23
86479481608997 66
86479481639186 91
86479548987942 23
86479549020013 66
86479549027743 91
86479616377553 23
86479616411564 66
86479683914046 91
86479742672537 23
86479742708935 66
86479742716764 91
86479809611735 23
86479809649587 66
86479809657184 91
86479876677228 23
86479876717587 66
86479943852816 91
86479943897136 23
86480011407731 66
86480011452362 91
86480077849339 23
86480077882478 66
86480077889869 23
86480144859538 23
86480144896447 66
86480212123138 91
86480279024521 91
86480346069886 23
86480346104962 66
86480346112714 91
86480413070977 23
86480413099824 66
86480413107289 91
86480480080223 23
86480480113326 66
86480480121064 91
86480556528354 91
86480614412550 23
86480614457248 66
86480688245441 91
86480688291037 23
86480688298683 66
86480755498178 91
86480755530275 23
86480822946163 66
86480822975078 23
86480822982639 66
86480822989816 91
86480958056693 91
86480958086524 23
86480958094097 66
86481025179894 91
86481025223015 23
86481083779071 66
86481083810390 91
86481083817967 23
86481151019679 66
86481151065627 91
86481218182303 23
86481218217856 66
86481218226681 91
86481285063686 23
86481285101270 66
86481351974205 23
86481352007210 66
86481352014902 91
86481486132191 23
86481486170782 66
86481486178900 91
86481559853263 91
86481627219521 23
86481627251860 66
86481694984352 91
86481695018598 23
86481695026121 66
86481761984249 91
86481762018985 23
86481829357698 66
86481829389546 91
86481896735846 23
86481896767141 66
86481896774684 91
86481955655301 23
86481955685982 66
86482022763669 23
86482022808489 66
86482022818245 91
86482089884418 91
86482156837429 23
86482156867923 66
86482223862646 23
86482223897187 66
86482223904596 91
86482291258881 91
86482364088650 23
86482364124655 66
86482425042714 23
86482425075691 66
86482425083894 91
86482501558739 23
86482566330835 66
86482566366929 91
86482633747334 91
86482701084601 23
86482701119536 66
86482768485758 23
86482768517447 66
86482768525308 91
86482835828695 91
86482894699765 23
86482894730046 66
86482894737597 91
86482961647035 23
86482961682421 66
86482961690053 91
86483028816241 23
86483028847264 66
86483028854741 91
86483095722527 23
86483095759896 66
86483162710752 91
86483162737127 23
86483229910672 66
86483229942049 91
86483229949556 23
86483297115248 66
86483297148957 91
86483297156808 23
86483363989145 66
86483364019331 91
86483438171987 23
86483438213307 66
86483438220918 91
86483505381326 23
86483505416421 66
86483505423885 23
86483572780418 66
86483572810312 91
86483640163168 91
86483707560514 23
86483707591579 66
86483707599207 23
86483766482434 66
86483766523563 91
86483833458296 91
86483900534351 23
86483900576142 66
86483900585703 91
86483979681549 23
86483979716881 66
86483979724482 23
86484034702404 66
86484034738878 91
86484111636435 91
86484168730863 23
86484168760496 66
86484168768226 91
86484236001785 23
86484236038243 66
86484312492729 23
86484312530897 66
86484312538473 91
86484369981531 91
86484437214940 23
86484437253946 66
86484437261544 91
86484514824442 23
86484514861754 66
86484574324386 23
86484574355987 66
86484574363546 91
86484638187146 91
86484713701587 23
86484713760964 66
86484772463622 91
86484772498938 23
86484839417299 66
86484839452963 91
86484839460793 23
86484918117890 23
86484918149079 66
86484973718496 91
86484973757559 23
86485040796223 66
86485040828743 91
86485040836481 23
86485107741218 66
86485107775347 91
86485174752518 23
86485174784889 66
86485174792484 91
86485241894050 23
86485241930064 66
86485241940198 91
86485308969313 23
86485309003979 66
86485309011450 91
86485387311531 23
86485387347887 66
86485443412840 91
86485443447619 23
86485510121900 66
86485510151248 91
86485510159389 23
86485510166443 66
86485577140655 91
86485577178153 23
86485644219814 66
86485644252332 91
86485711379009 23
86485711414683 66
86485711422208 91
86485778453824 23
86485778482109 66
86485860618746 91
86485860653828 23
86485912511747 66
86485912542108 91
86485985495978 23
86485985530571 66
86485985538287 91
86486046607364 23
86486046637572 66
86486046645329 91
86486123871986 23
86486123906861 66
86486180814809 91
86486180845100 23
86486247865472 66
86486247895942 91
86486325776651 23
86486325808686 66
86486382121021 23
86486382154429 66
86486382162071 91
86486449036873 23
86486449070209 66
86486449077805 91
86486583084149 23
86486583116472 66
86486583123997 91
86486650259587 91
86486729018667 23
86486729051899 66
86486784374106 91
86486784406263 23
86486784413994 66
86486851463526 91
86486930298043 23
86486930331281 66
86486930342197 91
86486985601325 23
86486985632994 66
86486985640453 91
86487062227041 23
86487062262771 66
86487062270256 91
86487120038275 23
86487120067640 66
86487186748928 91
86487186778831 23
86487253740039 66
86487253776276 91
86487253784366 23
86487328813186 66
86487328869852 91
86487396103410 23
86487396133864 66
86487463483734 91
86487463516956 23
86487463524463 66
86487522351123 91
86487522383923 23
86487589110194 66
86487589140674 23
86487589148136 66
86487656203047 91
86487723266075 91
86487723297730 23
86487723305395 66
86487790468867 91
86487857296096 23
86487857331644 66
86487857339315 91
86487924512402 91
86487924545923 23
86487998297485 66
86487998328164 91
86488065920615 23
86488065970219 66
86488065980246 91
86488133057995 23
86488133094596 66
86488201454031 91
86488201490017 23
86488201497717 66
86488271471123 91
86488271502309 23
86488329088762 66
86488329127872 91
86488403346269 23
86488403382198 66
86488403389931 91
86488473414915 23
86488473451279 66
86488528051567 91
86488528084994 23
86488595208736 66
86488595244195 91
86488662264912 23
86488662301546 66
86488662309048 91
86488736047958 23
86488736078335 66
86488803366630 91
86488803400793 23
86488803408602 66
86488870762579 91
86488870798621 23
86488870806370 66
86488938207241 91
86488938237635 23
86489005555521 66
86489005591096 91
86489072878733 23
86489072911098 66
86489072918560 91
86489131796450 23
86489131831045 66
86489131838701 91
86489198637344 23
86489198668612 66
86489265912857 91
86489265960375 23
86489332945213 66
86489332982031 91
86489399818967 23
86489399850606 66
86489399858776 91
86489466909105 23
86489466940440 66
86489534190671 91
86489534226293 23
86489534233777 66
86489601365268 91
86489601402565 23
86489675099822 66
86489675135744 91
86489742515346 23
86489742548600 66
86489809852952 23
86489809884696 66
86489809892309 91
86489877247969 23
86489877280931 66
86489944605368 23
86489944638853 91
86489944646654 23
86490003511183 66
86490003540778 91
86490003548194 23
86490070530134 66
86490070564593 23
86490070572293 66
86490070579305 91
86490204764868 23
86490204800723 66
86490204808521 91
86490271978650 91
86490272005005 23
86490338768400 66
86490338801861 91
86490405941744 23
86490405983609 66
86490473035545 91
86490473073737 23
86490473081357 66
86490546853775 91
86490607209939 23
86490607260737 66
86490674101943 91
86490674132968 23
86490674140580 66
86490741149049 91
86490741185347 23
86490808265946 66
86490808296097 23
86490808303716 66
86490808310654 91
86490875237690 91
86490948963118 23
86490948998213 66
86491016518529 91
86491016554098 23
86491016561611 66
86491083752372 23
86491083785117 66
86491083792717 91
86491218496300 91
86491218528224 23
86491218536005 66
86491285856089 91
86491285887444 23
86491344916755 66
86491344953845 91
86491412027187 23
86491412066784 66
86491412074512 91
86491478939624 23
86491478972587 66
86491478980214 91
86491553269150 23
86491553301841 66
86491553309933 91
86491620703815 23
86491620738588 66
86491688123611 91
86491688157209 23
86491755436076 66
86491755471287 91
86491815242340 23
86491815277022 66
86491881398105 23
86491881432286 66
86491881439890 91
86491948430101 91
86492015444472 23
86492015480896 66
86492015489109 91
86492082413889 23
86492082446946 66
86492149638105 23
86492149671858 66
86492149679292 91
86492216637656 23
86492283745368 66
86492283784902 91
86492357660219 91
86492357697283 23
86492425007436 66
86492425041917 91
86492492393447 23
86492492424002 66
86492492432196 91
86492559747918 23
86492559784750 66
86492559792414 23
86492559799508 66
86492627330902 91
86492694534450 91
86492694564082 23
86492694571681 66
86492753193022 23
86492753223313 66
86492753231134 91
86492820190596 91
86492887277069 23
86492887308169 66
86492954440055 23
86492954469218 91
86492954476763 23
86493021373967 66
86493021405569 91
86493088596087 23
86493088630367 66
86493088637731 91
86493155623193 23
86493155655516 66
86493229337315 91
86493229369911 23
86493229377418 66
86493229384547 91
86493296735010 23
86493364090817 66
86493364124330 23
86493364131916 66
86493364138992 91
86493431512212 91
86493498880707 23
86493498916469 66
86493566233699 91
86493566268608 23
86493566297007 66
86493625182019 91
86493692131050 23
86493692165881 66
86493692173797 91
86493759303718 23
86493759338913 66
86493759346388 91
86493826506331 23
86493826540352 66
86493826548090 91
86493893329616 23
86493893363852 66
86493893371367 91
86493960550274 23
86493960606046 66
86494027309276 23
86494027342984 66
