88933881621440 91
88933954845151 23
88933954879698 66
88933954887185 91
88934089564385 91
88934089597001 23
88934089604695 66
88934161189521 91
88934161227728 23
88934161235466 66
88934224341210 91
88934291682725 91
88934350462692 23
88934350496823 66
88934419726898 91
88934419768934 23
88934496760480 66
88934496786516 91
88934496794138 23
88934551609015 66
88934551634674 91
88934551642482 23
88934628719962 66
88934628752687 23
88934628760725 66
88934628767787 91
88934753163729 23
88934753204140 66
88934753211814 91
88934827451811 23
88934827494865 66
88934827502738 91
88934954052123 23
88934954089169 66
88934954097130 91
88935021201481 91
88935098028004 23
88935098061063 66
88935155345703 91
88935155419611 23
88935155428780 66
88935230136755 91
88935230168008 23
88935230175857 23
88935289325842 23
88935289354590 66
88935289362350 91
88935356625468 23
88935356711604 66
88935356721104 91
88935423519938 23
88935423551911 66
88935501192469 91
88935501226526 23
88935557634636 66
88935557665039 23
88935557672792 66
88935557679808 91
88935691719797 91
88935691751194 23
88935691758922 66
88935691765975 91
88935758970828 23
88935759001835 66
88935825944746 91
88935825970673 23
88935892957667 66
88935892982099 23
88935892989767 66
88935892996918 91
88935970358057 91
88936036300936 23
88936036337040 66
88936036344873 91
88936094164545 23
88936094195693 66
88936094202944 91
88936161189408 23
88936161222602 66
88936228400699 91
88936228429147 23
88936228436825 66
88936295399396 23
88936295431806 66
88936295439477 91
88936429614590 23
88936429651998 66
88936429659775 91
88936503822498 91
88936570779879 23
88936570814181 66
88936570821871 91
88936638161467 23
88936638186256 66
88936638193713 91
88936705680291 23
88936705729721 66
88936705740380 91
88936773370444 23
88936773402119 66
88936773409776 91
88936840408321 23
88936840443005 66
88936907881756 91
88936907912105 23
88936907922042 66
88936966288233 91
88936966339035 23
88937033124012 66
88937033151004 91
88937109846433 23
88937109900685 66
88937109911260 91
88937167171873 23
88937167199894 66
88937167207567 23
88937234307121 66
88937234343194 91
88937301343772 91
88937301372651 23
88937375166927 66
88937375195017 91
88937442493522 23
88937442526267 66
88937442534138 91
88937509955153 23
88937509985508 66
88937577545218 23
88937577577068 66
88937577584424 91
88937644635666 91
88937644664197 23
88937712144114 66
88937712189454 91
88937770880547 23
88937770917919 66
88937770925669 91
88937837837667 23
88937837864133 66
88937837871804 91
88937905050380 23
88937905085559 66
88937972008733 91
88937972031861 23
88937972039463 66
88938039147594 91
88938039184579 23
88938106277250 66
88938106312574 91
88938173295298 23
88938173323415 66
88938173331223 91
88938240209587 23
88938240232171 66
88938314211966 91
88938314241286 23
88938314248921 66
88938381659931 91
88938381697530 23
88938448980808 66
88938449013044 23
88938449020481 66
88938449027650 91
88938516374296 91
88938583694434 91
88938583732097 23
88938651157652 66
88938651194426 91
88938709710876 23
88938709741338 66
88938709751597 91
88938776845712 23
88938776880834 66
88938843930039 23
88938843956102 66
88938843963864 91
88938911116847 23
88938911144708 66
88938911152141 91
88938978400115 23
88938978431631 23
88938978439092 66
88938978446160 91
88939045074668 23
88939045108966 66
88939112301721 91
88939112334257 23
88939112341716 66
88939185902986 91
88939185926564 23
88939253311019 66
88939253339918 23
88939253347459 91
88939320710070 23
88939320742817 66
88939320750358 91
88939320757278 23
88939392521125 66
88939392548815 91
88939455433394 91
88939455458229 23
88939522883565 66
88939522913001 91
88939581614267 23
88939581652719 66
88939581660431 23
88939648683033 66
88939648703609 91
88939715900292 91
88939715942835 23
88939782946312 66
88939782988246 23
88939782996137 91
88939783003219 23
88939849881360 66
88939849919126 91
88939917014987 23
88939917051773 66
88939984053258 23
88939984085139 66
88939984093243 91
88940051163996 91
88940051196198 23
88940051203760 66
88940125142213 91
88940192452099 23
88940192488268 66
88940192495708 91
88940259811969 23
88940259841672 66
88940259849334 91
88940327195272 23
88940327232233 66
88940327239644 91
88940407235296 23
88940407274013 66
88940407281628 91
88940453655578 23
88940453690689 66
88940520617848 91
88940520686486 23
88940520700263 66
88940520709045 91
88940587694511 23
88940587732291 66
88940654791702 91
88940654826611 23
88940654834168 66
88940721826367 91
88940788728873 23
88940788764036 66
88940788771736 91
88940855960385 23
88940856008608 66
88940856020094 91
88940923030406 23
88940923068946 66
88940923076739 91
88940997922590 23
88940997955214 66
88940997962972 91
88941064794670 23
88941064826685 66
88941064834222 91
88941131550850 23
88941131591761 66
88941198895001 91
88941198923637 23
88941198931444 66
88941258276003 91
88941258312494 23
88941258341041 23
88941325281216 66
88941325314024 91
88941392530291 23
88941392618034 66
88941392626480 23
88941466370197 66
88941533691727 91
88941601147125 23
88941601177098 66
88941601184645 91
88941668456254 91
88941735861644 23
88941735896642 66
88941794801926 91
88941794837885 23
88941794845175 66
88941861825964 91
88941861858373 23
88941861866061 66
88941929044884 23
88941929079295 66
88941929086768 91
88941996001327 91
88942063225050 23
88942063277421 66
88942130155592 23
88942130196184 66
88942130204365 91
88942264407719 23
88942264457313 66
88942264467773 91
88942338037368 23
88942338073465 66
88942405499212 91
88942472921889 23
88942472961513 91
88942540232491 23
88942540266700 66
88942540274384 91
88942607619280 23
88942607663994 66
88942674939019 91
88942674976764 23
88942674984766 66
88942733799245 91
88942733832340 23
88942733839897 66
88942800889357 91
88942867921801 23
88942867950817 66
88942867958457 23
88942867965517 66
88942934931677 91
88943001921433 91
88943069125362 23
88943069163331 66
88943069170892 91
88943136320978 23
88943136355260 66
88943136363205 91
88943209743083 23
88943209777519 66
88943277133022 91
88943277166093 23
88943277173857 66
88943344546898 91
88943344583880 23
88943411895544 66
88943411930785 91
88943479345325 23
88943479381144 66
88943479388628 91
88943479396367 23
88943546639747 66
88943546669024 91
88943614042491 23
88943614072293 66
88943672721260 91
88943672787143 91
88943739683822 23
88943739712419 66
88943739720167 91
88943806688447 23
88943806722862 66
88943806730851 23
88943873898941 66
88943873937041 91
88943873945083 91
88943940985813 23
88943941010379 66
88944007912052 91
88944007940086 23
88944007947686 66
88944075050464 23
88944075085621 66
88944075093001 91
88944148835497 91
88944216248032 23
88944216284281 66
88944216291822 91
88944283637772 23
88944283672848 66
88944350944023 91
88944350973532 23
88944350981250 66
88944418333805 91
88944485849017 23
88944485884668 66
88944485892330 91
88944544717767 23
88944544761727 66
88944544771684 91
88944611628655 23
88944611663478 66
88944678623401 91
88944678655572 23
88944678663270 66
88944745577646 23
88944745604355 66
88944745611852 91
88944812818801 91
88944879935029 23
88944879956141 66
88944879963775 91
88944946805653 23
88944946832476 66
88944946840045 91
88945020536476 23
88945020564914 66
88945088040242 91
88945088080842 23
88945088088890 66
88945088096639 91
88945155321565 23
88945155351868 66
88945222657474 91
88945222682804 23
88945222690669 66
88945222697871 91
88945290035063 23
88945290057897 66
88945357666954 23
88945357710006 66
88945416539980 91
88945483445262 23
88945550545325 66
88945550579645 91
88945617521268 23
88945617547478 66
88945684507296 91
88945751727083 91
88945751761733 23
88945751769493 66
88945818747372 23
88945818780491 66
88945818788269 91
88945885764378 91
88945959685838 23
88945959715069 66
88945959722693 91
88946027103295 23
88946027136720 66
88946027144899 91
88946094398060 23
88946094424920 66
88946161811866 91
88946229282444 23
88946229325601 66
88946229336117 91
88946300152291 23
88946300190057 66
88946355267421 91
88946355303191 23
88946355310819 66
88946432004112 23
88946432040685 66
88946432048421 91
88946489478787 91
88946556495312 23
88946556522248 66
88946556529717 91
88946630017555 23
88946630056275 66
88946630064115 91
88946697339496 23
88946697367104 66
88946764830656 23
88946764864469 66
88946764872028 91
88946832158627 91
88946899515763 23
88946899544360 66
88946899552799 91
88946966857996 23
88946966890606 66
88947034241140 23
88947034265878 66
88947100059588 91
88947160004575 91
88947227152107 23
88947227185127 66
88947227192906 91
88947294295898 23
88947294321810 66
88947294329675 91
88947361819223 23
88947361845968 66
88947429345514 91
88947429374202 23
88947495432329 66
88947495467316 91
88947562472196 23
88947562501171 66
88947562509187 91
88947636846677 23
88947636878440 66
88947703980929 91
88947704017343 23
88947704024747 23
88947771213095 66
88947771248771 91
88947771256406 23
88947838565003 66
88947838591904 23
88947838599359 66
88947905968631 91
88947973276091 23
88947973298200 66
88947973305926 91
88948031937544 91
88948098895048 23
88948098913678 66
88948098921390 91
88948166049673 23
88948166083253 66
88948166090971 91
88948233197913 23
88948233233699 66
88948300189729 91
88948300219843 23
88948300227523 23
88948367190573 66
88948367220090 91
88948367227205 23
88948434395347 66
88948434437141 91
88948508177750 23
88948508211960 66
88948508219447 91
88948575591240 23
88948575619590 66
88948575627063 91
88948642906161 23
88948642936464 66
88948710290667 91
88948777675413 23
88948777698778 66
88948777706454 91
88948845057304 23
88948845092051 66
88948903736609 91
88948903763335 23
88948903770852 66
88948970980519 91
88948971018078 23
88948971025746 66
88949038066415 91
88949038096623 23
88949104912035 66
88949104941769 91
88949172094729 23
88949172124181 66
88949172131404 91
88949239099736 23
88949239128056 66
88949306130497 91
88949306162546 23
88949306170323 66
88949379872693 91
88949379899295 23
88949379907120 66
88949447249996 91
88949514579820 23
88949514601168 66
88949514608723 91
88949581949600 23
88949581972495 66
88949581980276 23
88949649356927 66
88949649376378 91
88949716788295 91
88949716824146 23
88949775761549 66
88949775795127 23
88949775802877 66
88949775809873 91
88949842729185 91
88949909664660 23
88949909687008 66
88949909694619 91
88949976912964 23
88949976940865 66
88950043938521 91
88950043966410 23
88950110913457 66
88950110941692 23
88950110949046 91
88950177934018 23
88950177958341 66
88950177965640 91
88950245188976 23
88950245214514 66
88950245222588 91
88950318968986 23
88950318996706 66
88950386299319 23
88950386324907 91
88950386332414 23
88950386339335 66
88950453678919 91
88950453701345 23
88950521192153 66
88950521232035 91
88950521241338 23
88950588483593 66
88950588512860 91
88950647380469 23
88950647406443 66
88950714619836 91
88950714642407 23
88950714650058 66
88950781574160 91
88950781592058 23
88950781599788 66
88950848599665 91
88950848615883 23
88950915605059 66
88950915624265 91
88950982902083 23
88950982934734 66
88951049917060 91
88951049954005 23
88951049962150 66
88951116989608 23
88951117020100 91
88951117027657 23
88951184178560 66
88951184207749 91
88951184215477 23
88951258041374 66
88951258070713 91
88951325429143 23
88951325462350 66
88951325469928 91
88951392832229 23
88951392862215 66
88951392870176 91
88951460301717 23
88951460343735 66
88951527580103 23
88951527608753 91
88951586392134 23
88951586426904 66
88951586434337 91
88951653374880 23
88951653399690 66
88951653407259 91
88951720632968 23
88951720668256 66
88951720675604 91
88951787519590 23
88951787537715 66
88951787545620 23
88951787552646 66
88951854557642 91
88951921649949 23
88951921673095 66
88951921680708 91
88951988740717 91
88952055742723 23
88952055761265 66
88952055768834 91
88952129777250 23
88952129806231 66
88952129813712 91
88952197121454 23
88952197144075 66
88952197151831 23
88952264552128 66
88952264585669 91
88952331921763 91
88952399322227 23
88952399351144 66
88952399358649 91
88952458182077 23
88952458209439 66
88952458216642 91
88952525275479 23
88952525303409 66
88952592482886 23
88952592516331 66
88952592523916 91
88952659343315 91
88952726472211 23
88952726507865 66
88952726515165 23
88952726522215 66
88952860721936 91
88952927845878 23
88952927869366 66
88952927876861 91
88953068872011 23
88953068904469 66
88953068912603 91
88953136253963 91
88953203634863 23
88953203659970 66
88953203668318 91
88953270982573 23
88953271006387 66
88953271013968 91
88953338345425 23
88953338363915 66
88953338371696 91
88953397427302 23
88953397446019 66
88953397453826 91
88953465432805 23
88953465477430 66
88953465487228 91
88953531323763 23
88953531351566 66
88953531359700 91
88953598458009 23
88953598484698 66
88953665740732 91
88953665774527 23
88953732488807 66
88953732520042 91
88953732527629 23
88953799484470 66
88953799513618 91
88953873180492 23
88953873204680 66
88953873212151 91
88953940578063 23
88953940602925 66
88954007991643 91
88954008018189 23
88954008025754 66
88954075409790 23
88954075440002 91
88954075447533 23
88954142753933 66
88954142788396 23
88954210144637 66
88954210175803 91
88954269011857 23
88954269043371 23
88954269050860 66
88954269057894 91
88954336135600 91
88954403236282 23
88954403270713 66
88954403278252 91
88954470122237 23
88954470142920 23
88954470150225 66
88954470157213 91
88954537192265 23
88954537221055 66
88954537228590 23
88954604337492 66
88954604360920 91
88954671358272 91
88954738352681 23
88954738370090 66
88954812261660 23
88954812279524 66
88954812286942 91
88954879873127 23
88954879907479 66
88954879915280 91
88954947238917 91
88955014451187 23
88955014478591 66
88955081862042 23
88955081894328 66
