98341064890536 91
98341140021572 91
98341198754646 23
98341198789571 66
98341265827419 23
98341265859842 66
98341265867337 91
98341344692267 91
98341344721600 23
98341400060185 66
98341400089094 23
98341400096685 66
98341400103700 91
98341476669846 23
98341476704907 66
98341540755846 91
98341601147598 91
98341601178661 23
98341601186168 66
98341677861775 91
98341677891613 23
98341677899100 23
98341736507402 66
98341736536501 91
98341802424727 23
98341802457389 66
98341802465035 91
98341879882171 23
98341879918414 66
98341879925985 91
98341936582358 23
98341936611899 66
98342008957064 91
98342008994564 23
98342009003048 66
98342009010036 91
98342070625716 23
98342070657305 66
98342070664719 91
98342137763492 23
98342137797650 66
98342137805579 91
98342204833552 23
98342204863022 66
98342283108998 91
98342283143358 23
98342283150928 66
98342338858442 23
98342338890485 66
98342338898533 91
98342409868804 91
98342409904761 23
98342409912413 66
98342484374358 91
98342484406745 23
98342484414539 66
98342540104993 23
98342540138671 66
98342540146198 91
98342607119615 91
98342686437768 23
98342686471334 66
98342686479050 23
98342741320361 66
98342741352456 91
98342808383680 91
98342808415918 23
98342808423403 66
98342875449559 91
98342875480196 23
98342875487719 66
98342942523846 91
98342942560061 23
98342942567872 23
98343009509950 66
98343009541576 91
98343076641380 23
98343076673045 66
98343076680731 91
98343143866101 23
98343143900449 66
98343143908005 91
98343210912101 23
98343210944540 66
98343210951951 91
98343278093197 23
98343278124236 66
98343344870405 23
98343344900306 66
98343419069894 91
98343486445453 23
98343486478520 66
98343486486315 91
98343560095153 23
98343560143270 66
98343560150917 91
98343621196926 91
98343621226304 23
98343688671418 66
98343688706772 91
98343688714307 23
98343688721311 66
98343747368517 23
98343747404696 66
98343747412153 91
98343814447727 23
98343814481822 66
98343881359667 91
98343948479270 91
98343948514010 23
98343948521618 66
98344015665708 23
98344015714881 66
98344015722539 91
98344149616871 91
98344149652075 23
98344149659988 66
98344149667028 91
98344223420985 23
98344223451003 66
98344290778839 23
98344290814235 66
98344290821847 91
98344358158868 91
98344358188930 23
98344425548115 66
98344425582341 91
98344425589852 23
98344492930049 66
98344492964075 23
98344492971629 66
98344492978558 91
98344560296643 91
98344619159699 23
98344619193641 66
98344619201172 91
98344686286291 23
98344686334404 66
98344686344389 91
98344686353267 23
98344753434505 66
98344753470867 23
98344753478372 66
98344820318640 91
98344820353545 23
98344887427940 66
98344887456004 91
98344954437876 91
98344954473499 23
98344954480887 66
98345021661246 23
98345021705225 66
98345021712793 91
98345088528392 23
98345088564951 91
98345155671901 23
98345155703633 66
98345155713268 23
98345234237795 66
98345234276404 91
98345289941138 91
98345289975929 23
98345289983550 66
98345357412893 23
98345357450403 66
98345357457868 91
98345430777816 91
98345430826096 23
98345430836133 66
98345491055858 23
98345491094322 66
98345558031619 91
98345638431598 23
98345638462730 66
98345638470261 91
98345692174223 91
98345769332517 23
98345769362734 66
98345769370088 91
98345826281550 23
98345826315358 66
98345826322868 91
98345893676205 23
98345893711209 66
98345893719190 91
98345960493373 23
98345960527462 66
98345960535011 91
98345960542089 23
98346027524387 66
98346027557462 23
98346027565297 66
98346027572239 91
98346106588062 23
98346161809085 66
98346161855671 91
98346236481683 23
98346236517494 66
98346236525061 91
98346307904664 91
98346307939882 23
98346307947592 66
98346307954813 91
98346362765996 23
98346362799904 66
98346362807237 23
98346439770604 66
98346439806839 91
98346497026119 23
98346497060412 66
98346497067915 91
98346563987213 23
98346564015441 66
98346564023123 91
98346641722899 91
98346706633533 23
98346706684128 66
98346706691905 91
98346777086129 23
98346777116109 23
98346777123640 23
98346777130555 66
98346832439784 23
98346832468299 66
98346832475993 91
98346909001747 23
98346909038133 66
98346909045853 91
98346966498860 91
98347033471987 23
98347033503441 66
98347033511089 91
98347107551636 23
98347107580644 66
98347107588368 91
98347107595257 23
98347167678840 66
98347167710678 23
98347167718237 66
98347167725235 91
98347234698900 23
98347234732620 91
98347312230658 23
98347312262192 66
98347312270580 23
98347368948474 66
98347368983305 91
98347436108105 23
98347436141371 66
98347436148898 91
98347508403558 23
98347508439208 66
98347508446797 91
98347570008237 23
98347637165615 66
98347715552002 91
98347771193648 91
98347771226005 23
98347771233819 66
98347838258564 91
98347838288925 23
98347915491328 66
98347915527285 91
98347915534726 23
98347915541762 66
98347972468830 23
98347972498409 66
98348039561350 91
98348106681815 91
98348106714693 23
98348106722218 66
98348184760650 91
98348184794767 23
98348184802286 66
98348243259135 91
98348243288147 23
98348243295806 66
98348307814905 23
98348307847875 66
98348307855704 91
98348390848294 91
98348390881988 23
98348441846492 66
98348441882435 23
98348441889972 66
98348441897008 91
98348576003459 23
98348576046414 66
98348576054167 91
98348653912270 23
98348653942771 66
98348653950312 91
98348710098714 23
98348710133026 66
98348710140949 91
98348777288634 23
98348777317372 66
98348777324935 91
98348855340137 23
98348855378343 66
98348855385973 91
98348978346375 23
98348978382552 66
98348978390139 91
98349057222888 23
98349057253831 66
98349057261414 91
98349112626267 91
98349112658254 23
98349179653021 66
98349179686448 91
98349179693971 23
98349246708284 66
98349246751101 91
98349324568457 23
98349324614621 66
98349324622118 91
98349380805973 23
98349380833232 66
98349447979755 23
98349448015372 66
98349448022795 91
98349526421566 91
98349526450648 23
98349582454391 66
98349582498813 23
98349582507344 66
98349582516068 91
98349655519520 23
98349655548892 66
98349655556658 91
98349716059913 91
98349783292264 23
98349783324348 66
98349859668210 23
98349859706173 66
98349859715675 91
98349929817194 91
98349984333194 23
98349984368525 66
98349984376087 91
98350051679441 23
98350051716189 66
98350051723575 91
98350051730594 23
98350125802703 66
98350125836643 91
98350125844139 23
98350125851204 66
98350193153156 91
98350193181806 23
98350193189540 66
98350260581972 91
98350260618800 23
98350260626124 66
98350328009271 23
98350328038649 66
98350328046135 91
98350386826702 23
98350386860156 66
98350386867930 91
98350453865171 91
98350520870569 23
98350520904145 91
98350520912352 23
98350588104934 66
98350588136166 23
98350588143695 66
98350588150844 91
98350655094278 23
98350655127946 66
98350655135475 91
98350722126095 23
98350722158353 66
98350722166098 91
98350789256487 23
98350789286947 66
98350789294267 91
98350789301277 23
98350856269436 66
98350856302200 91
98350856309570 23
98350930132978 66
98350930163031 23
98350930170458 66
98350997516931 91
98351064904380 91
98351064937143 23
98351064944793 66
98351148963979 91
98351149001231 23
98351199694362 66
98351199728767 23
98351199736159 91
98351267019180 23
98351267047144 66
98351267054514 23
98351267061471 66
98351325722598 91
98351325789385 91
98351392752874 23
98351392784004 66
98351392791744 23
98351459851157 66
98351459879302 91
98351526925619 91
98351526959348 23
98351594178401 66
98351594210514 91
98351594218611 23
98351594225697 66
98351672253386 23
98351672287462 66
98351672295128 91
98351728098746 23
98351728125638 66
98351802645361 91
98351862281555 23
98351862308871 66
98351929396598 91
98351996451348 23
98351996484891 66
98351996492436 91
98352075544929 23
98352075582081 91
98352075589624 23
98352130643663 66
98352130676754 91
98352205525811 23
98352205556707 66
98352276878042 91
98352276911549 23
98352276919165 66
98352331874419 23
98352331910479 66
98352408890203 91
98352465800963 91
98352532837348 23
98352532871401 66
98352610694796 91
98352610741547 23
98352610749702 66
98352673636203 23
98352673665358 66
98352746062415 91
98352801199919 23
98352801236015 66
98352801243498 91
98352877984860 23
98352878024502 66
98352935318026 91
98353002289677 23
98353002320630 66
98353002328425 91
98353069560306 91
98353069598526 23
98353069606683 66
98353136515010 91
98353136554548 23
98353136562085 66
98353215392664 91
98353215433409 23
98353215441208 66
98353270713526 23
98353270754806 23
98353270762300 66
98353347136024 91
98353404793064 23
98353404830800 66
98353487763936 91
98353538976324 91
98353539007967 23
98353539015458 66
98353605950276 23
98353605979338 66
98353605986658 91
98353673209283 23
98353673241447 66
98353673249067 91
98353750420175 91
98353807505394 23
98353807538630 66
98353807545978 91
98353874181808 23
98353874211964 66
98353941400018 23
98353941443482 66
98353941453005 91
98354008475591 91
98354008510730 23
98354008518373 66
98354075488228 91
98354075515739 23
98354075523357 66
98354153699936 23
98354153737527 66
98354153745298 91
98354209793785 91
98354209826166 23
98354276687169 66
98354276730219 23
98354276737798 66
98354343835340 91
98354343869572 23
98354410704703 66
98354410737164 91
98354478458274 23
98354478487716 66
98354478495374 91
98354544866602 91
98354544911956 23
98354544921796 66
98354611981273 91
98354612013883 23
98354612022114 23
98354612029185 23
98354679032030 66
98354679067831 23
98354679075317 66
98354679082269 91
98354752777028 23
98354752811843 66
98354752819116 91
98354820180744 91
98354887553109 23
98354887587415 66
98354887595196 23
98354887602342 66
98354954881802 91
98354954920596 23
98355022289187 66
98355022319082 91
98355089725194 23
98355089757579 66
98355089765177 91
98355148425923 23
98355148462794 66
98355215656488 91
98355282509444 91
98355349645388 23
98355349678938 66
98355349686610 23
98355349693727 66
98355349700664 91
98355416925802 23
98355416960466 66
98355416968011 91
98355550848980 23
98355550880567 66
98355550888301 91
98355617864820 91
98355617925931 23
98355691822284 66
98355691856725 23
98355691864443 66
98355691871584 91
98355769006997 23
98355769043588 66
98355769051272 91
98355893998961 91
98355894027707 23
98355894035148 66
98355961376540 23
98355961410989 66
98355961418566 91
98356028879095 23
98356028906491 66
98356154610856 91
98356154646997 91
98356221476244 23
98356221506471 66
98356221513980 91
98356221521012 23
98356288593736 66
98356288625146 91
98356288632705 23
98356288640087 66
98356355805954 91
98356355842503 23
98356422744072 66
98356422779784 91
98356422787353 23
98356489826653 66
98356489862226 91
98356489869896 23
98356489876882 66
98356563577357 91
98356563613872 23
98356563621423 66
98356631127802 23
98356631172598 66
98356631179964 91
98356698302172 23
98356698330053 66
98356698337540 91
98356765772955 91
98356833088666 23
98356833122928 66
98356833130521 23
98356833137423 66
98356833144282 91
98356959160734 23
98356959226793 66
98356959235115 91
98357026252421 23
98357026284156 66
98357026291428 91
98357093439233 91
98357160515298 23
98357160547189 66
98357160554925 23
98357160562054 66
98357227486889 91
98357227520626 23
98357294530711 66
98357294565467 91
98357361734733 91
98357361768858 23
98357361776528 66
98357428764554 91
98357428803815 23
98357428811243 66
98357502657325 91
98357502688986 23
98357502696364 66
98357570018870 91
98357570051243 23
98357637469345 66
98357637508686 23
98357637516177 66
98357637523317 91
98357714220907 91
98357772153151 23
98357772186220 66
98357772194203 91
98357839692383 23
98357839732987 66
98357839740542 23
98357898422278 66
98357898470332 91
98357974240535 91
98357974278098 23
98357974285588 66
98358032280721 91
98358032317049 23
98358032324829 66
98358099462235 23
98358099493589 66
98358166449818 91
98358233576048 91
98358300565372 23
98358300602366 66
98358300610027 91
98358300616885 23
98358300623790 66
98358374400310 23
98358374433532 66
98358441768789 91
98358509262825 91
98358509294884 23
98358509302633 66
98358576521937 23
98358576559626 66
98358576566797 91
98358643908221 23
98358643934829 66
98358643942332 91
98358711253918 91
98358770042969 23
98358770073188 66
98358770081073 91
98358837053837 23
98358837085099 66
98358837092469 91
98358904296263 23
98358904332641 66
98358904340158 91
98358904347071 23
98358971235833 66
98358971265527 23
98358971273178 66
98358971280313 91
98359038256743 23
98359038283223 66
98359105365015 91
98359172456910 91
98359172487432 23
98359172494822 66
98359172501766 91
98359239810405 23
98359239841991 66
98359239849476 91
98359306483802 23
98359306513714 66
98359306521907 23
98359306528958 66
98359306535921 91
98359383317077 23
98359440746018 66
98359440810271 91
98359507719009 23
98359507752754 66
98359507760176 91
98359574966740 91
98359649072875 23
98359649134192 66
98359649141902 91
98359716385336 23
98359716418841 66
98359716427137 23
98359783806858 66
98359783839712 91
98359851131772 23
98359851162471 66
98359851170169 91
98359918688156 23
98359918727229 66
98359918737667 91
98359977346059 91
98360044646839 23
98360044683810 66
98360044691619 91
98360111280054 23
98360111312771 66
98360111321024 23
98360111328199 66
98360178443552 91
98360245527440 23
98360245573202 66
98360312621302 91
98360379678826 91
98360379712096 23
98360379719526 66
98360446759530 23
98360446819704 66
98360446827416 91
98360520734720 23
98360520769986 66
98360520777545 91
98360588079232 91
98360588109483 23
98360655481880 66
98360655516621 91
98360655524079 23
98360655531194 66
98360722873153 23
98360722903965 66
