81574951372322 91
81574951409240 91
81575018659229 23
81575018693439 66
81575096371187 91
81575153047671 23
81575153077831 66
81575153085300 91
81575219848019 23
81575219881929 66
81575298300507 91
81575298336941 23
81575298344450 66
81575364305068 23
81575364349027 66
81575364356558 91
81575420932829 91
81575487954044 23
81575487986564 66
81575565587626 91
81575565620870 23
81575622375181 66
81575689514407 23
81575689545400 91
81575689552758 23
81575689559569 66
81575756187663 91
81575756217162 23
81575823253684 66
81575823281764 91
81575890446104 23
81575890474736 66
81575968831630 91
81575968864491 23
81575968871765 66
81576024632222 91
81576024660695 23
81576091514287 66
81576091544997 91
81576166799123 23
81576166829118 66
81576225779155 23
81576225810869 66
81576225818436 91
81576292986296 91
81576372047742 23
81576372080012 66
81576427028323 91
81576427060748 23
81576427068271 23
81576503933390 66
81576503965415 91
81576561047175 23
81576561079714 66
81576561087141 91
81576628064561 23
81576628094744 66
81576695227006 91
81576695261393 23
81576762246523 66
81576762277257 91
81576762284770 23
81576829243734 66
81576829278165 91
81576829285762 23
81576896444885 66
81576896479543 91
81576963459757 23
81576963494823 66
81577030531663 23
81577030560452 66
81577030567834 91
81577171903470 91
81577171938200 23
81577171946476 66
81577239287677 23
81577239316791 66
81577239324256 91
81577376194161 91
81577432939221 23
81577432970642 66
81577432978007 91
81577506753322 23
81577506780690 66
81577574193446 23
81577574226710 91
81577641456436 23
81577641484223 66
81577641491520 91
81577708854805 23
81577708889487 66
81577776555856 91
81577776586256 23
81577843612113 66
81577843645846 91
81577843653150 23
81577902420191 66
81577902449672 91
81577969461360 23
81577969494298 66
81578036496695 23
81578036528344 66
81578036535899 91
81578103574798 91
81578170765392 23
81578170798950 66
81578261106561 91
81578261148814 23
81578304805428 66
81578304842579 91
81578381284881 23
81578381327297 66
81578451208500 91
81578451241863 23
81578511878629 66
81578511918263 91
81578573002508 23
81578573038619 66
81578573046226 91
81578640306032 23
81578640362539 66
81578640370106 91
81578718452079 23
81578718489362 66
81578774808179 91
81578841388090 23
81578841419278 66
81578841426518 91
81578908360739 23
81578908394739 66
81578975449419 23
81578975476306 66
81579042580133 91
81579109539214 23
81579109569996 66
81579187740058 91
81579243736552 91
81579243768123 23
81579310728449 66
81579310760691 91
81579389001558 23
81579389043365 66
81579389051037 91
81579453354718 23
81579453390104 66
81579511919719 91
81579590886080 23
81579590918575 66
81579590926147 91
81579646049845 23
81579646082675 66
81579725924130 91
81579725975389 23
81579785819897 66
81579785852512 91
81579785859908 23
81579858144398 66
81579858178064 91
81579914387515 23
81579914417827 66
81579981997933 91
81579982037137 23
81579982044762 66
81580060133019 91
81580060167269 23
81580115637761 66
81580115671144 91
81580182525545 23
81580182555371 66
81580182562888 91
81580249638704 23
81580249671761 66
81580249679021 91
81580339656242 23
81580339701891 66
81580383855139 91
81580383886585 23
81580451031259 66
81580451065008 91
81580529449847 23
81580529479953 66
81580529487519 23
81580596704286 66
81580596740769 91
81580652121311 91
81580719183133 23
81580719213439 66
81580719221016 91
81580796604417 23
81580796632320 66
81580796639887 91
81580853516921 23
81580853551141 66
81580920351764 91
81580920384312 23
81580996802427 66
81580996842026 91
81581054480917 23
81581054512817 66
81581054520465 91
81581121685585 23
81581121720219 66
81581121728320 91
81581199845272 23
81581199880835 66
81581255800016 91
81581322803078 23
81581322831173 66
81581322838569 91
81581401842367 23
81581401873121 66
81581401880475 91
81581464848128 23
81581464880765 66
81581524039267 91
81581524069649 23
81581591220621 66
81581591251312 91
81581669077010 23
81581669108955 66
81581725160900 23
81581725192348 66
81581725199639 91
81581865599508 91
81581865639611 23
81581926668311 66
81581926696830 23
81581926704367 66
81581926711278 91
81582060526215 91
81582138290436 23
81582138321131 66
81582138328417 91
81582194489039 23
81582194522820 66
81582194530540 91
81582268491381 23
81582268519522 66
81582329402336 91
81582329449743 23
81582395779466 66
81582395807766 91
81582395815343 23
81582462819397 66
81582462859551 91
81582541629288 23
81582541665875 66
81582541673371 91
81582597027615 23
81582672770305 66
81582672798977 91
81582742809668 23
81582742844953 66
81582742852219 91
81582798364116 23
81582798398190 66
81582874686300 91
81582874718243 23
81582874725957 66
81582932364126 91
81582999501601 23
81582999539115 66
81583082858009 23
81583082895445 66
81583082902881 91
81583141667131 91
81583200601250 23
81583200630277 66
81583200637752 91
81583267761386 23
81583267829038 66
81583335094112 91
81583335142179 23
81583335187220 66
81583401747714 23
81583401778053 66
81583401785492 91
81583535986678 91
81583536017681 23
81583536025351 66
81583603035297 91
81583670063871 23
81583670112563 66
81583670120672 91
81583743879127 23
81583743912600 66
81583811246575 91
81583811279059 23
81583811286427 66
81583878626013 91
81583878658609 23
81583945979872 66
81583946011475 91
81584013400819 23
81584013431731 66
81584013439264 91
81584082017715 23
81584082042965 66
81584139547143 91
81584139587234 23
81584206508986 66
81584206538685 91
81584273712041 23
81584273747745 66
81584273754995 91
81584340797436 23
81584340821679 66
81584340829240 91
81584407698355 23
81584407731406 66
81584475032707 91
81584475076292 23
81584541974202 66
81584542018348 91
81584609027536 23
81584609091010 66
81584609098662 91
81584683028665 23
81584683067914 66
81584683077860 91
81584750370431 23
81584750400224 66
81584817725578 91
81584885185702 23
81584885221429 66
81584885228765 91
81584952515430 23
81584952550015 66
81585011457166 91
81585011487443 23
81585078453110 66
81585078484368 91
81585145480733 23
81585145515616 66
81585145522976 91
81585212529549 23
81585212561419 66
81585279638032 91
81585279669656 23
81585346674433 66
81585346707407 91
81585413785754 23
81585413821096 66
81585413828730 91
81585487306646 23
81585487337882 66
81585554712530 91
81585554744116 23
81585622080476 66
81585622115035 91
81585622122454 23
81585689548047 66
81585689592515 91
81585756828740 23
81585756866665 66
81585756873940 91
81585824206862 23
81585824242425 66
81585824249904 91
81585883206667 23
81585883238618 66
81585950391625 91
81586017488691 23
81586017527336 66
81586084526243 91
81586084565107 23
81586084572737 66
81586151795861 91
81586151828191 23
81586218496735 66
81586218527609 91
81586218535052 23
81586297797584 66
81586297836698 91
81586352713554 23
81586352746122 66
81586429626822 91
81586429659318 23
81586486756878 66
81586486790077 91
81586559852491 23
81586559886039 23
81586559893159 66
81586559900091 91
81586620945819 23
81586620980354 66
81586620987670 91
81586688094920 23
81586688131302 66
81586754952063 91
81586832854427 23
81586832884380 66
81586832891947 91
81586889182049 23
81586889216271 66
81586889223725 91
81586956379800 23
81586956420720 66
81587023270208 91
81587023307644 23
81587023314942 66
81587090433510 91
81587157452148 23
81587157490346 66
81587157498107 91
81587236088360 23
81587236119405 66
81587291563662 91
81587367986526 91
81587433175046 23
81587433208100 66
81587433215279 91
81587503359658 23
81587503391665 66
81587559895798 91
81587559925944 23
81587559933385 66
81587626924348 91
81587705429433 23
81587705461597 66
81587705468868 91
81587761090221 23
81587761127685 66
81587828080987 91
81587828112823 23
81587895133727 66
81587895168082 91
81587972526150 23
81587972557972 66
81587972565456 91
81588029237133 23
81588029271807 66
81588029279314 91
81588096305432 23
81588096338225 66
81588174495752 91
81588174529462 23
81588237892781 66
81588237917498 91
81588297668993 23
81588297707557 66
81588297714974 91
81588378052670 23
81588378080529 66
81588378087823 91
81588431635679 23
81588431672350 66
81588498739990 91
81588577727431 23
81588577757052 66
81588577764515 91
81588636897164 23
81588636927950 66
81588636935422 91
81588700035800 23
81588700074258 66
81588779102103 91
81588779138813 23
81588834058717 66
81588834090106 91
81588910954912 23
81588910984616 66
81588910992157 91
81588968290047 23
81588968324673 66
81589035293500 91
81589102315642 23
81589102345024 66
81589102352390 91
81589169409879 23
81589169438660 66
81589169446271 91
81589236548931 23
81589236580238 66
81589314478406 91
81589314540636 23
81589314550619 66
81589370582584 91
81589370609689 23
81589437741235 66
81589437777758 91
81589437786265 23
81589512737113 66
81589512769042 91
81589571784358 23
81589571816711 66
81589571823964 91
81589638781670 23
81589638810430 66
81589638817591 91
81589705984792 23
81589706016067 66
81589783420164 91
81589840048904 23
81589840077574 66
81589840084876 91
81589907199963 23
81589907231310 66
81589984728895 91
81590041318151 23
81590041349752 66
81590041357587 91
81590108403714 23
81590108443051 66
81590108450466 91
81590186719393 23
81590186755246 66
81590186763002 91
81590242513828 23
81590242546489 66
81590309873251 91
81590309913461 23
81590376507275 66
81590376540949 23
81590376548539 66
81590376555327 91
81590510769940 91
81590510803888 23
81590577867895 66
81590577903611 91
81590577911092 23
81590655920814 66
81590655960619 91
81590712129914 23
81590712167893 66
81590784661525 91
81590784695736 23
81590784703227 66
81590846281577 91
81590923244534 23
81590923286892 66
81590923294318 91
81590980188265 23
81590980217578 66
81591047189975 23
81591047223322 66
81591125141682 91
81591181409800 91
81591248451358 23
81591248479592 66
81591326488690 23
81591326518645 91
81591382734700 23
81591382764492 66
81591382772061 91
81591449583026 23
81591449614774 66
81591449622104 91
81591528363283 23
81591528393782 66
81591528401156 91
81591583844479 23
81591650938495 66
81591650971564 23
81591650979447 66
81591650986417 91
81591729667692 91
81591784940111 91
81591861548866 23
81591861582892 66
81591861590246 23
81591919256609 66
81591919302347 91
81591919310053 23
81591986241665 66
81591986274137 91
81592058636264 23
81592058671824 66
81592058679172 91
81592120362411 23
81592120397773 66
81592198865179 91
81592198896325 23
81592266593254 66
81592266629035 91
81592321513669 23
81592321547889 66
81592400938242 91
81592400971717 23
81592455971843 66
81592456003231 91
81592456010661 23
81592526534718 66
81592526573878 91
81592589687939 23
81592589725281 66
81592589733222 91
81592656964169 23
81592656997419 66
81592723968903 91
81592794433365 23
81592794462427 66
81592794469554 91
81592857941509 23
81592857978500 66
81592857986033 23
81592935427894 66
81592935465495 91
81592992219858 23
81592992254964 66
81593059174383 91
81593137270625 91
81593193501181 23
81593193535093 66
81593193542493 91
81593260400746 23
81593260432121 23
81593260439771 66
81593260446854 91
81593327420009 23
81593327449285 66
81593404512295 91
81593404544084 23
81593404551511 66
81593461700891 23
81593461734774 66
81593461741959 91
81593528653809 91
81593606477272 23
81593606507024 66
81593662883447 91
81593662914937 23
81593737621094 66
81593737657308 91
81593737664783 23
81593796893169 66
81593796925007 91
81593864108724 23
81593864143263 66
81593864150644 91
81593931107078 23
81593931136940 66
81594009747119 91
81594065129269 23
81594065160718 66
81594065168175 91
81594132226389 23
81594132254809 66
81594132262387 91
81594199342129 23
81594199375064 66
81594266318622 91
81594266357289 23
81594333407578 66
81594333439546 91
81594333446957 23
81594400512852 66
81594400545169 91
81594467712470 23
81594467744819 66
81594467752766 91
81594534997762 23
81594535039969 66
81594601672963 91
81594668844880 23
81594668878742 66
81594668886108 91
81594742705668 23
81594742737794 66
81594742745019 91
81594810089969 23
81594810126164 66
81594879568976 91
81594879605977 23
81594945241397 66
81594945273633 91
81595012261348 23
81595012289221 66
81595012296789 23
81595071256449 66
81595071304968 91
81595140726098 91
81595140765282 23
81595205370467 66
81595205402562 23
81595272469458 66
81595272503957 91
81595339405592 91
81595339440127 23
81595406698841 66
81595473664980 23
81595473702281 66
81595473710486 91
81595541251801 91
81595614633800 23
81595614673660 66
81595681961293 91
81595681995446 23
81595749195002 66
81595749231490 91
81595816577307 23
81595816613655 66
81595816621228 91
81595875897112 23
81595875931210 66
81595953202553 91
81595953235544 23
81596010115307 66
81596010155850 91
81596010163442 23
81596077144237 66
81596077179734 91
81596155187684 23
81596155221740 66
81596217339493 91
81596217368708 23
81596278338442 66
81596278371095 91
81596356533312 23
81596356568214 66
81596356575632 91
81596412424502 23
81596412459309 66
81596412466758 91
81596479500981 23
81596479534331 66
81596558453295 91
81596558485778 23
81596613958033 66
81596613988730 91
81596680786831 23
81596680822769 66
81596680830258 91
81596759733127 23
81596759764901 66
81596759772474 91
81596814831260 23
81596814861502 66
81596891676676 23
81596891712332 66
81596891720561 91
81596948975858 91
81597016118189 23
81597016154482 66
81597083299502 91
81597083333569 23
81597150270107 66
81597150299046 91
81597217341818 23
81597217379759 66
81597217387040 91
81597295010948 23
81597295048752 66
81597295057506 91
81597362795077 23
81597362828376 66
81597362836080 91
81597493482420 23
81597493515869 66
81597493523408 91
81597552586019 23
81597552621890 66
81597552629188 91
81597619779476 23
81597619812185 66
81597698245169 91
81597698275189 23
81597753823290 66
81597753852560 91
81597820881359 23
81597820915235 66
81597820922621 91
81597894373430 23
81597894416732 66
81597955047413 23
81597955074306 66
