100605340906744 91
100605340945365 91
100605407790296 23
100605407816966 66
100605407824477 23
100605484889469 66
100605484918921 91
100605542001793 23
100605542034534 66
100605542041870 91
100605609100134 91
100605609138113 23
100605609145634 66
100605676048422 91
100605676086552 23
100605676094288 66
100605744528716 91
100605744560594 23
100605822196908 23
100605822226099 66
100605822233509 23
100605822240479 66
100605822248261 91
100605877376154 23
100605877407692 66
100605877415201 91
100606011460120 91
100606011488321 23
100606011495900 66
100606078507238 23
100606078537879 66
100606078545543 91
100606145740519 23
100606145772175 66
100606145779787 91
100606220656844 23
100606220688225 66
100606220696068 91
100606288076368 23
100606288112036 23
100606346740096 66
100606346802394 91
100606413800176 91
100606413837747 23
100606413845354 66
100606413852517 23
100606480951170 66
100606480983637 91
100606548020883 91
100606548055167 23
100606614913171 66
100606614941652 23
100606614949780 66
100606614956800 91
100606682122557 23
100606749153672 66
100606749185741 91
100606816274578 91
100606816342946 23
100606816351716 66
100606890232418 23
100606890263646 66
100606890271449 91
100606957589001 23
100606957621138 66
100606957628836 91
100607025074788 91
100607092372446 23
100607092405841 66
100607166032482 23
100607166066684 66
100607166074344 91
100607218664436 91
100607218697035 23
100607285840051 66
100607285909753 91
100607352686102 23
100607352715523 66
100607352723241 23
100607352730307 66
100607424960740 91
100607424995690 91
100607486875805 23
100607486906810 66
100607486914466 23
100607486921460 23
100607486928456 66
100607620928486 91
100607688266048 91
100607688301591 23
100607761948487 66
100607761982408 91
100607761990028 23
100607761996851 66
100607829457225 91
100607829488530 23
100607829496039 66
100607896706766 91
100607896740696 23
100607896748197 23
100607896755223 66
100607964082271 91
100607964111749 23
100608031473174 66
100608031504983 91
100608031512559 23
100608090417350 66
100608090446377 91
100608090453792 23
100608157485565 66
100608157515003 23
100608157522508 66
100608157530220 91
100608224704394 23
100608224734361 66
100608291909507 91
100608360006203 23
100608360035191 66
100608360042515 91
100608425760078 91
100608425790926 23
100608425798461 66
100608492867477 23
100608492901873 91
100608492909356 23
100608492916392 66
100608559912211 91
100608559950866 23
100608559958262 66
100608633693780 91
100608633726660 23
100608633734308 66
100608633741185 91
100608701053594 23
100608701083460 66
100608701091092 23
100608768427815 66
100608768460526 91
100608835798247 23
100608835831332 66
100608835839123 91
100608903165000 23
100608903200432 66
100608903208140 91
100608970564836 91
100608970599429 23
100609029419396 66
100609029451905 91
100609029459613 23
100609029466664 66
100609096645072 91
100609096731842 23
100609096740246 66
100609163489030 23
100609163523012 66
100609163530372 91
100609230580620 23
100609230607995 66
100609230615809 91
100609364753072 91
100609364791471 23
100609364799039 66
100609364805946 91
100609431754530 23
100609431787131 66
100609431794712 91
100609498987990 23
100609499027304 66
100609499034831 91
100609572821972 23
100609572853726 66
100609572861341 91
100609572869009 23
100609640808992 66
100609640847543 23
100609640855066 66
100609640861981 91
100609700116790 23
100609700148270 66
100609767208898 91
100609834115445 23
100609834156252 66
100609834164020 91
100609901206488 23
100609901240669 66
100609901248371 91
100609980412936 23
100609980443754 91
100609980451177 23
100610043055594 66
100610043087040 91
100610102533229 23
100610102570073 66
100610169575443 23
100610169607325 66
100610169615003 91
100610247676406 91
100610247707619 23
100610303754026 66
100610303783516 91
100610303791180 23
100610303798176 66
100610370910769 91
100610370940901 23
100610370948343 66
100610437762448 91
100610437791307 23
100610504801887 66
100610504834885 91
100610504842507 23
100610571873129 66
100610571904208 91
100610571911653 23
100610571918665 66
100610638883105 91
100610638914100 23
100610638921629 66
100610715988057 91
100610716022709 23
100610716030183 66
100610783186299 91
100610783219273 23
100610783226905 66
100610840144679 23
100610840175507 66
100610840183328 91
100610907139110 91
100610907169480 23
100610985144095 66
100610985175205 91
100610985182780 23
100610985189847 66
100611041364211 23
100611041395222 66
100611041402997 91
100611116275654 23
100611116310640 66
100611175397864 91
100611242624339 91
100611242655161 23
100611242662545 66
100611309602723 23
100611309633054 66
100611309640543 91
100611388402262 91
100611388435483 23
100611443675207 66
100611443704209 23
100611443711543 66
100611443718593 91
100611510750905 23
100611510783698 91
100611577874237 23
100611577905298 66
100611577912749 23
100611577919799 66
100611644889956 91
100611742071306 23
100611742106283 66
100611742113885 91
100611779186895 23
100611779215874 66
100611779224359 91
100611855191348 23
100611855226929 66
100611913122974 91
100611994901721 23
100611994936779 91
100611994944375 23
100611994951417 66
100612047406685 91
100612047434717 23
100612047442329 66
100612124895893 91
100612124926009 23
100612124933570 66
100612124940602 91
100612181565567 23
100612181594706 66
100612181602251 23
100612248919326 66
100612248955487 91
100612248963056 91
100612322880479 23
100612322910440 66
100612322918144 23
100612390283157 66
100612390314800 91
100612390322130 91
100612457625517 23
100612457659682 66
100612457667245 23
100612525040389 66
100612525074886 91
100612583845697 91
100612583875851 23
100612583883159 66
100612583890125 91
100612651055655 23
100612651093755 66
100612651101489 23
100612651138565 66
100612718092670 91
100612718143307 91
100612785076762 23
100612785106299 66
100612785113868 23
100612785121316 66
100612852012638 91
100612919233795 91
100612919267007 23
100612986251311 66
100612986286309 23
100612986293626 66
100612986300596 91
100613053318856 91
100613127207568 23
100613127241168 66
100613127249065 91
100613194588053 23
100613194620927 66
100613194628649 91
100613194636444 23
100613194643629 66
100613261998867 91
100613262031616 23
100613262038984 66
100613321722374 23
100613321757585 66
100613321765128 91
100613400988584 91
100613455673091 23
100613455707809 66
100613455715248 23
100613532945436 66
100613532980341 91
100613589835800 91
100613589867968 23
100613589875428 66
100613656903256 23
100613656934569 66
100613656941986 91
100613734188327 91
100613734230325 23
100613791105381 66
100613791142044 91
100613791149762 23
100613791156698 66
100613858240019 91
100613858275814 23
100613858283469 66
100613936362377 91
100613936402611 23
100613936410482 66
100613992216596 23
100613992257503 66
100613992264859 91
100614059327115 23
100614059367436 66
100614059376771 91
100614126449047 23
100614203533767 66
100614203573947 91
100614260472948 91
100614260507721 23
100614260515441 66
100614327642550 23
100614327677725 66
100614327685474 91
100614405379898 91
100614405413737 23
100614461781119 66
100614461813765 91
100614461821292 23
100614461828328 66
100614528936765 91
100614528976259 23
100614528983613 66
100614528990486 91
100614603353612 23
100614603384831 66
100614670707196 91
100614670738885 23
100614670746245 66
100614738141925 91
100614738172850 23
100614738180192 66
100614797003252 91
100614797034496 23
100614797042045 66
100614864172206 91
100614864242623 23
100614864250417 66
100614931100393 23
100614931128321 66
100614931136071 91
100614998125401 91
100614998158735 23
100615065337886 66
100615065368894 23
100615065376501 66
100615065383533 91
100615132374444 91
100615132408831 23
100615132416368 66
100615199357869 23
100615199391881 66
100615199399257 91
100615266392220 23
100615340348141 66
100615340392400 91
100615407660656 23
100615407694397 66
100615407701946 91
100615475031577 23
100615475062216 66
100615475069960 91
100615542412050 23
100615542443997 66
100615542451576 91
100615609839371 91
100615677266179 23
100615677305880 66
100615677313514 91
100615735982552 23
100615736014054 66
100615736021764 91
100615736029433 23
100615809890941 66
100615809924748 91
100615809932316 23
100615809939257 66
100615877276974 23
100615877312346 66
100615877322221 91
100615944616801 23
100616021695119 66
100616079351794 91
100616146768540 23
100616146799789 66
100616146807493 91
100616205418882 91
100616205484790 23
100616205496572 66
100616277807449 23
100616277843364 91
100616277850927 23
100616277858136 66
100616339504419 91
100616339536392 23
100616339543824 66
100616418063092 23
100616418092208 66
100616418099926 91
100616473613281 23
100616473646499 66
100616540717834 91
100616607900974 91
100616607934292 23
100616607941670 66
100616675160256 91
100616675189650 23
100616675196992 66
100616741888452 91
100616741922105 23
100616741929668 66
100616741936535 23
100616809038957 66
100616809071994 91
100616876171303 91
100616876214964 23
100616876222839 66
100616943243122 23
100616943286828 66
100616943295327 91
100617017220961 91
100617017255032 23
100617017262627 66
100617084448637 91
100617084478258 23
100617084485737 66
100617151869411 91
100617151905499 23
100617151912788 66
100617219245801 23
100617219279859 66
100617286744692 91
100617353957727 23
100617353988945 91
100617353996501 23
100617354003782 23
100617354010722 66
100617354017517 91
100617412573609 23
100617412605051 66
100617412612618 91
100617412619640 23
100617479605336 66
100617479637784 91
100617546831454 23
100617546859110 66
100617546866791 91
100617613829787 23
100617613861169 66
100617613868877 91
100617613875963 23
100617680835260 66
100617680866683 91
100617680874486 23
100617747858892 66
100617747891227 23
100617747898512 66
100617747905587 91
100617814935000 91
100617888843764 23
100617888872619 66
100617956145952 23
100617956178105 66
100617956185634 91
100618023571808 91
100618023605792 23
100618023613468 66
100618023620613 91
100618090931034 23
100618090962321 66
100618090969858 91
100618158322144 23
100618158354517 66
100618158362129 91
100618158369247 23
100618225735544 66
100618225764875 91
100618225772971 23
100618225780142 23
100618225787173 66
100618284628223 91
100618284660339 23
100618284667743 66
100618351619247 23
100618351652113 66
100618351659803 91
100618418633276 91
100618418665756 23
100618418673225 66
100618485751495 91
100618485779012 23
100618485786624 66
100618552739769 23
100618552776179 66
100618552783682 91
100618619878046 23
100618619913887 66
100618619923844 91
100618754235533 23
100618754264467 66
100618754272209 91
100618827883145 91
100618827915906 23
100618827923860 66
100618895367922 91
100618895401601 23
100618895408945 66
100618962675833 91
100618962710855 23
100618962718464 66
100619030072577 23
100619030102512 66
100619030110142 91
100619097394295 23
100619097422411 66
100619097430182 91
100619156408038 23
100619156443219 66
100619156450565 91
100619223312214 91
100619290689451 23
100619290735989 66
100619290744007 91
100619290751118 23
100619357556684 66
100619357587104 23
100619357594580 66
100619357601548 91
100619424557290 23
100619424588209 66
100619424595642 91
100619558754922 23
100619558782675 66
100619558790278 91
100619625909521 91
100619625938897 23
100619625946597 66
100619699594128 91
100619699624726 23
100619766987704 66
100619767017862 91
100619767025315 23
100619834382958 66
100619834417134 91
100619834424808 23
100619901826544 66
100619901860887 23
100619901868309 66
100619901875235 91
100619969120533 23
100620036502499 66
100620036534474 91
100620036542486 91
100620095350922 91
100620095385777 23
100620162279760 66
100620162310756 91
100620162318444 23
100620229314733 66
100620229346143 23
100620229353714 66
100620229361121 91
100620296586538 23
100620296630738 66
100620296638366 91
100620363522445 23
100620363555182 66
100620363563320 23
100620363570340 66
100620363577282 91
100620430611237 91
100620497658309 23
100620497693585 66
100620497701156 91
100620571333071 23
100620571362278 66
100620571369783 91
100620571376867 23
100620638713886 66
100620638747933 23
100620638755727 91
100620638762778 23
100620638769884 66
100620706163233 23
100620706197481 66
100620706205163 91
100620773453845 91
100620773487805 23
100620840936711 66
100620840970561 91
100620840978116 23
100620840985092 66
100620908233090 91
100620908266939 23
100620908274332 66
100620975617735 91
100620975648708 23
100620975657082 66
100621034295002 23
100621034374082 66
100621034384849 91
100621101250177 23
100621101284654 66
100621168243091 91
100621168275746 23
100621235357796 66
100621235393303 91
100621302412767 23
100621302447164 66
100621302454397 91
100621369502496 91
100621369538381 23
100621369546648 66
100621436695846 23
100621436729925 66
100621436737548 91
100621510439895 91
100621577798539 23
100621577832189 66
100621577839749 91
100621647293896 23
100621647342284 66
100621647349620 23
100621647356556 66
100621704872993 91
100621772021654 91
100621772054765 23
100621772062581 66
100621772069738 91
100621838959397 23
100621838991096 66
100621838998516 23
100621839005293 66
100621839012092 91
100621906005397 91
100621985117739 23
100621985147844 66
100621985155185 91
100622048072728 23
100622048103530 66
100622048111106 91
100622048118049 23
100622048125417 66
100622115481423 23
100622115512687 66
100622115520309 91
100622174461116 23
100622174494621 66
100622241376179 91
100622308423227 91
100622308455246 23
100622308462922 66
100622375393583 91
100622375426767 23
100622375434171 66
100622375441233 91
100622442618007 23
100622442652926 66
100622509606219 91
100622509636566 23
100622509644027 66
100622576791810 23
100622576826687 91
100622576834593 23
100622576841486 66
100622643671946 23
100622643705357 66
100622643712754 91
100622717659975 23
100622785145060 66
100622785179777 91
100622852425498 91
100622852461622 23
100622852469254 66
100622919865196 91
100622919899594 23
100622919907171 66
100622919914181 91
100622987195691 23
100622987225960 66
100622987233477 23
100623046192041 66
100623046226311 91
100623113184765 23
100623113217397 66
100623113225045 91
100623180525117 91
100623180559602 23
100623247336023 66
100623247363939 91
100623247371438 23
100623247378381 66
100623314450537 23
100623314485593 66
100623314493346 91
100623381480109 91
100623381516531 23
100623381524129 66
100623448544136 91
100623448577181 23
100623448584567 66
100623448591621 91
100623515563186 23
100623515592043 66
100623515599490 23
100623589394881 66
100623589425877 91
100623656782972 23
100623656814720 66
100623724151819 91
100623724186364 91
100623791507080 23
100623791539013 66
100623791546757 23
100623858907067 66
