83987308530684 91
83987375804357 91
83987375837670 23
83987442951425 66
83987442983464 91
83987521401079 23
83987521431621 66
83987521439092 91
83987576920583 23
83987576949872 66
83987651282701 91
83987723340989 23
83987723370494 23
83987723377874 66
83987723385348 91
83987778173411 23
83987778204821 66
83987778212126 91
83987854738990 23
83987854771584 66
83987912182979 91
83987979468568 23
83987979502828 23
83987979510564 66
83987979517290 91
83988056586582 23
83988056618976 66
83988121759187 91
83988121788026 23
83988121795290 66
83988191912023 91
83988247655925 23
83988247688638 66
83988247696057 91
83988314600407 23
83988314632716 66
83988314640030 91
83988394022748 23
83988394064056 66
83988448818296 91
83988448854201 23
83988448862394 66
83988522365544 91
83988522404772 23
83988604742676 66
83988604781777 23
83988604789986 66
83988604797115 91
83988650019985 91
83988727127791 23
83988727171564 66
83988727179087 91
83988851092718 91
83988851126451 23
83988918125071 66
83988918158606 23
83988918166332 66
83988985315488 91
83988985347125 91
83989052474451 23
83989119409588 66
83989119442313 91
83989119450180 91
83989186465350 23
83989186498575 66
83989260053863 91
83989260088745 23
83989260096254 66
83989327426401 91
83989327457565 23
83989327465392 66
83989395734399 91
83989462179617 23
83989462211129 66
83989462218682 91
83989521951768 23
83989521982236 66
83989588785752 91
83989655921250 23
83989655951378 66
83989655958853 91
83989729600086 23
83989729633563 66
83989729641186 23
83989798428245 66
83989798458126 91
83989864350834 23
83989864388153 66
83989864395397 91
83989931810340 23
83989931848536 66
83989991635872 91
83989991687966 23
83989991695314 66
83990058267148 91
83990058302048 23
83990136906729 66
83990136944071 91
83990136951427 23
83990192506723 23
83990192536347 66
83990192543835 91
83990259475146 23
83990259506702 66
83990338827064 23
83990338857439 66
83990338864942 91
83990393701188 91
83990460846459 23
83990460882127 66
83990460890306 91
83990527766308 23
83990527798263 23
83990594785375 66
83990594814101 91
83990594821764 23
83990661974643 66
83990662004981 91
83990728994222 23
83990729027402 66
83990729034883 91
83990796067613 23
83990796100334 66
83990863144566 91
83990930331529 23
83990930366897 66
83990930374619 91
83991009264110 23
83991009299428 66
83991009307197 91
83991075339603 23
83991075371732 66
83991131422993 91
83991131453192 23
83991198438016 66
83991198469164 91
83991198476569 23
83991276587786 66
83991276621286 91
83991332813542 23
83991332847760 66
83991332855198 91
83991399683193 23
83991399716752 23
83991399724066 66
83991399730964 91
83991478599324 23
83991533721850 66
83991533750940 91
83991533758379 23
83991606498677 66
83991606532179 91
83991606539736 23
83991679880657 66
83991679914875 91
83991679922297 23
83991734913482 23
83991734945807 66
83991734953781 91
83991811817540 23
83991811851552 66
83991875739575 91
83991875776025 23
83991875783671 66
83991936149975 91
83991936183165 23
83992013848991 66
83992013889117 91
83992070383842 23
83992070418812 66
83992070426377 23
83992137383217 66
83992137416321 91
83992215093772 91
83992215131328 23
83992271591256 66
83992271621660 23
83992338582578 66
83992338614762 91
83992416964042 91
83992416995168 23
83992472795638 66
83992472831440 91
83992539840121 23
83992539870527 66
83992539877764 23
83992607594372 66
83992607627339 91
83992673816599 91
83992741188135 23
83992741223159 66
83992741230877 91
83992808167374 23
83992808198793 66
83992808206320 91
83992881891808 23
83992881919323 66
83992881926822 91
83992949256743 23
83992949287881 66
83993016611262 23
83993016643918 91
83993084001259 23
83993084035783 66
83993084043396 91
83993151406991 23
83993151436164 66
83993151443715 23
83993218754604 66
83993218787603 91
83993277719772 91
83993277762249 23
83993344748128 66
83993344788803 23
83993344796428 66
83993411650685 91
83993478710947 23
83993478746921 66
83993478754375 91
83993553893446 91
83993624939734 23
83993624977229 66
83993680275660 91
83993680326579 23
83993680334319 66
83993756737623 23
83993756768753 66
83993756776179 91
83993814458016 91
83993881111636 23
83993881147551 66
83993881155028 91
83993948268564 23
83993948301351 23
83993948308848 66
83994015559443 91
83994015604553 23
83994089151258 66
83994089182912 91
83994156473048 23
83994156509196 66
83994156516502 91
83994223868504 23
83994223899650 66
83994223907194 91
83994291237908 23
83994291270529 66
83994358624811 91
83994358656201 23
83994358663855 66
83994417956122 91
83994503723324 23
83994503758943 66
83994551783359 23
83994551814605 66
83994551822227 91
83994618806942 91
83994685817552 23
83994685849857 66
83994685857360 91
83994753024380 23
83994753058936 66
83994753066318 91
83994820013175 23
83994820043422 66
83994887070910 23
83994887100367 66
83994887107848 91
83994960831610 91
83995028294060 23
83995028343535 66
83995095596276 91
83995095630087 23
83995163000887 23
83995163035022 66
83995163042817 91
83995230327155 23
83995230358518 66
83995297731044 91
83995297759112 23
83995297766414 66
83995356557565 91
83995356590783 23
83995423607180 66
83995423639692 91
83995490635129 23
83995490665358 66
83995490672748 91
83995557728027 23
83995557763192 66
83995624723412 23
83995624765377 66
83995624773047 91
83995758946714 91
83995758984021 23
83995826356080 66
83995826408355 23
83995826416031 66
83995913085794 91
83995913125470 91
83995967374726 23
83995967412977 66
83996034845727 91
83996034888155 23
83996102070573 66
83996102102747 91
83996102110272 23
83996169521567 66
83996169555565 91
83996228320018 23
83996228352164 66
83996295582572 91
83996295611839 23
83996362521863 66
83996362556450 91
83996429610346 23
83996429645327 66
83996496751787 91
83996496787575 23
83996496795056 66
83996563879250 91
83996563914435 23
83996630781437 66
83996630811277 23
83996630818742 66
83996630825655 91
83996771624426 91
83996771657682 23
83996771665271 66
83996839029146 91
83996906398067 23
83996906429989 66
83996906437251 91
83996973794867 23
83996973825742 66
83997041208084 91
83997041250569 23
83997108517396 66
83997108549331 91
83997108556914 23
83997167304219 66
83997234464623 91
83997301493059 91
83997301523179 23
83997301530504 66
83997368543848 91
83997435512836 23
83997435543942 66
83997502779633 23
83997502817663 66
83997569627811 91
83997636785469 91
83997636833803 23
83997721069412 66
83997721114507 91
83997770809644 23
83997770840419 66
83997770847794 91
83997837911792 23
83997837949222 66
83997837956906 91
83997905131919 23
83997905163291 66
83997984510633 91
83998039193450 23
83998039231047 66
83998106290041 91
83998106323615 23
83998106330939 66
83998184032588 91
83998184063553 23
83998242994198 66
83998243023886 91
83998307456860 23
83998307493015 23
83998307500534 66
83998307507477 91
83998401636004 23
83998401671392 66
83998401678981 91
83998441676444 23
83998441705639 66
83998508648538 91
83998508676584 23
83998587266232 66
83998587299214 91
83998642931750 23
83998642975110 66
83998642982700 91
83998715221094 23
83998715255819 66
83998788569941 91
83998788606592 23
83998844056283 66
83998844090083 91
83998920547265 23
83998920582391 66
83998990499063 91
83998990534985 23
83999045176600 66
83999045209997 91
83999045217369 23
83999122394781 66
83999122429226 91
83999179293619 23
83999179323402 66
83999179330892 91
83999246343280 23
83999246375018 66
83999323682599 91
83999323716296 23
83999323723899 66
83999380616196 91
83999380648452 23
83999447587887 66
83999447620960 23
83999447628568 66
83999535427735 91
83999535464902 91
83999581635908 23
83999581666748 66
83999648955837 91
83999648996502 23
83999716027251 66
83999716054772 23
83999716062235 66
83999716069271 91
83999795754105 91
83999849888138 23
83999849929458 66
83999917102233 91
83999984119134 23
83999984147040 66
83999984154516 91
84000051462325 23
84000051497994 66
84000118520671 23
84000118557888 66
84000118565716 91
84000196179818 91
84000252445908 23
84000252478742 66
84000319462331 91
84000319490943 23
84000319498749 66
84000394260978 91
84000394296507 23
84000453475589 66
84000453514504 91
84000520570275 23
84000520598760 66
84000520606217 91
84000599478238 23
84000599520383 66
84000654761148 23
84000654792282 66
84000731526424 91
84000789005482 23
84000789034824 66
84000789042509 91
84000856029386 91
84000932650982 23
84000932687545 66
84000990274101 23
84000990313154 66
84000990320961 91
84001057260106 91
84001134554018 23
84001134585500 66
84001134593345 91
84001191278186 23
84001191310730 66
84001258240333 91
84001325480173 23
84001325508032 66
84001325515609 91
84001392499396 23
84001392534249 66
84001459581142 23
84001459613179 91
84001459620611 23
84001459627519 66
84001537864179 91
84001593728776 23
84001593759716 66
84001668293222 91
84001668334261 23
84001668342168 66
84001735572139 91
84001735612743 23
84001802915557 66
84001802958838 23
84001802966454 66
84001870323865 91
84001929085739 91
84001996312249 23
84001996352911 66
84001996360398 91
84002063140539 23
84002063174199 66
84002063181831 91
84002130346688 23
84002130377271 66
84002197546026 23
84002197577244 23
84002197584775 66
84002264321172 91
84002405129644 23
84002405159203 66
84002405166720 91
84002472506772 91
84002540284797 23
84002540311854 66
84002607228798 23
84002607260045 91
84002607267608 23
84002674641176 66
84002674671507 91
84002742019915 23
84002742054573 66
84002742062241 91
84002800992387 23
84002801021600 66
84002801029197 91
84002867972858 23
84002868007575 66
84002935047892 91
84003001986700 23
84003002022420 66
84003002029862 23
84003069079155 66
84003069113795 91
84003136224622 23
84003136257067 66
84003136264417 91
84003270273743 23
84003270341910 66
84003270349860 91
84003344234206 23
84003344263381 66
84003411622649 91
84003546392261 91
84003546431181 23
84003546438815 66
84003613761313 91
84003681386814 23
84003681425739 66
84003681433378 91
84003739733409 23
84003739768705 66
84003818219875 23
84003818249509 66
84003818256778 91
84003873827773 91
84003940915063 23
84003940947430 66
84004020276400 91
84004020314940 23
84004075025114 66
84004075060919 91
84004142125356 23
84004142155323 66
84004209339812 91
84004209371242 23
84004209378771 66
84004209385719 91
84004287422887 23
84004287458002 66
84004343292444 91
84004343333245 23
84004410381671 66
84004410414927 23
84004410422583 66
84004489374350 91
84004544511025 23
84004544547378 66
84004611707579 91
84004690710446 23
84004690750452 66
84004690757780 91
84004822615064 23
84004822650740 66
84004822658362 91
84004879976947 91
84004946956587 23
84004946988796 66
84005024016643 91
84005024055963 23
84005024063189 66
84005081019147 23
84005081049949 66
84005148205910 91
84005282295681 23
84005282327873 66
84005282335605 91
84005349255482 91
84005416377408 23
84005416405310 66
84005493110946 91
84005493148939 23
84005493156357 66
84005550620077 23
84005550657944 91
84005617677619 23
84005617710097 23
84005617717622 66
84005695033380 91
84005695068410 23
84005695075742 66
84005695082487 91
84005751822640 23
84005751856874 66
84005826182918 91
84005826213877 23
84005885989830 66
84005886024333 23
84005953016065 66
84005953046726 91
84006098326802 91
84006098360597 23
84006098368375 66
84006154120032 91
84006229068362 23
84006229101735 66
84006229109463 91
84006288304537 23
84006288337741 66
84006355668584 23
84006355710562 66
84006422405225 91
84006501610762 23
84006501648594 66
84006501656221 91
84006632083436 91
84006702851994 23
84006702885668 66
84006702893159 91
84006757738806 23
84006757767289 66
84006757774939 91
84006834747752 23
84006834776775 66
84006891877226 91
84006958858614 23
84006958888244 66
84006958895719 91
84007032774549 23
84007032809119 66
84007032816658 91
84007093094925 91
84007160096413 23
84007160129478 66
84007238487950 91
84007238536619 23
84007294321648 66
84007294351996 91
84007361476196 23
84007361509531 66
84007439963749 91
84007439992781 23
84007440000466 66
84007504025460 91
84007562497779 23
84007562530995 66
84007562538884 91
84007641347408 23
84007641389304 66
84007696812005 91
84007696843197 23
84007696850642 23
84007773163739 66
84007773194410 23
84007773202231 66
84007830828230 91
84007830863532 23
84007897941440 66
84007897975044 91
84007974450595 23
84007974485227 66
84007974492941 91
84008032094324 23
84008032132265 66
84008099199086 91
84008099230192 23
84008166116716 66
84008166148794 91
84008233263886 23
84008233292924 66
84008233300327 91
84008300314877 23
84008300349953 66
84008367318823 91
84008367350655 23
84008446341937 66
84008446378394 23
84008501704352 66
84008501737049 91
84008579671134 91
84008635630766 23
84008635672345 23
84008702772386 23
84008702800971 66
84008702808822 91
84008781015003 23
84008781046505 23
84008836817267 23
84008836847530 66
84008836854876 91
84008903902364 23
84008903936835 66
84008982958222 91
84008982991828 23
84009037955414 66
84009037990454 91
84009104974367 23
84009105007768 66
84009172185688 91
84009172216299 23
84009239203010 66
84009239232768 91
84009239240396 23
84009327578464 66
84009327614609 23
84009327622355 66
84009327629321 91
84009440475581 23
84009440511291 91
84009440519041 23
84009440526039 23
84009518097094 66
84009518131958 91
84009580864773 23
84009580899322 66
84009580906745 91
84009653480981 23
84009653514836 66
84009708687217 91
84009785400299 23
84009785431592 66
84009785439208 91
84009843050630 23
84009843084984 66
84009909827291 91
84009909861190 23
84009909868822 66
84009977107614 91
84010043936869 23
84010043966410 66
84010043974092 91
84010111022400 23
84010111053693 66
84010111061302 91
84010178221105 23
84010178252544 66
84010178259936 91
84010245486054 23
84010245516870 66
84010312313572 91
84010312348735 23
84010379279981 66
84010379314489 91
84010453206529 23
84010453239739 66
84010453247280 91
84010520574440 23
84010520608066 66
84010590908839 23
84010590939862 66
