95964058403307 91
95964125793254 91
95964125827583 23
95964193161160 23
95964193194704 66
95964193202583 91
95964260483688 23
95964260509564 66
95964260517121 23
95964260524612 66
95964327913346 91
95964395282940 23
95964395311129 66
95964395318758 91
95964454073697 91
95964521077693 23
95964521109366 66
95964588061558 91
95964588090149 23
95964588097585 66
95964655312668 23
95964655344815 66
95964655352389 91
95964722333468 23
95964722365424 66
95964722372989 91
95964789379590 23
95964856571542 66
95964856600309 91
95964923458894 91
95964923486846 23
95964923494344 66
95964997489930 91
95964997518274 23
95964997525695 66
95965073463833 23
95965073498145 66
95965073505511 91
95965133273325 23
95965133304731 91
95965199653869 23
95965199682084 66
95965199689671 91
95965266992127 23
95965267017719 66
95965267025242 91
95965325896133 23
95965325928746 66
95965325936458 23
95965392956885 66
95965392986694 91
95965460093314 91
95965460129718 23
95965460137223 66
95965527057656 23
95965527091712 66
95965527099183 91
95965594109233 91
95965664826931 23
95965664860535 66
95965664867758 91
95965728300452 23
95965728333948 66
95965728341587 91
95965795344698 23
95965795375595 66
95965869232515 23
95965869260442 66
95965869267764 91
95965936577893 23
95965936608740 66
95965936616556 91
95966003958413 23
95966003989233 66
95966071361127 91
95966138723451 91
95966138758322 23
95966138765915 66
95966138772907 91
95966206086754 23
95966206115941 66
95966264856819 91
95966264885611 23
95966264893124 66
95966331833796 23
95966331865089 66
95966331872713 91
95966398935191 23
95966398964241 66
95966466017096 91
95966533054390 23
95966533080956 66
95966533088509 91
95966667277844 91
95966667310194 23
95966667317854 66
95966734332742 91
95966734362609 23
95966734370400 66
95966808287837 23
95966808318448 66
95966808325975 91
95966875670153 23
95966875696825 66
95966875704360 91
95966943145118 91
95967010439365 23
95967010469800 66
95967077808388 23
95967077843133 66
95967077850445 91
95967136660575 91
95967203774722 23
95967203815296 66
95967270873206 91
95967270897119 23
95967270904827 66
95967338079285 91
95967338108920 23
95967404921108 66
95967404954672 23
95967404962291 66
95967404969261 91
95967471995142 91
95967539035677 23
95967539061945 66
95967606067830 23
95967606125535 66
95967680040994 91
95967747449728 91
95967814764536 23
95967814792993 66
95967814800512 91
95967882140995 23
95967882167394 66
95967882174987 91
95967949524270 23
95967949558240 66
95968016914740 23
95968016944643 66
95968016952317 91
95968075550194 91
95968075580413 23
95968142592579 66
95968142623874 91
95968209890058 23
95968209933438 66
95968209941269 91
95968276819092 23
95968276846366 66
95968276853979 91
95968343846814 23
95968343876075 66
95968343883644 91
95968410788656 23
95968410817338 66
95968410825085 91
95968477968065 23
95968477996529 66
95968478004235 91
95968551731981 23
95968551762232 66
95968619156800 23
95968619191876 66
95968619199445 91
95968686558098 23
95968686592416 66
95968686599939 91
95968753893411 23
95968753924889 91
95968821242911 23
95968821269795 66
95968888631298 23
95968888659630 66
95968888667686 91
95968947567715 91
95969014636864 23
95969014671665 66
95969014679027 23
95969014685974 66
95969014692940 91
95969081509654 23
95969148799505 66
95969148829877 91
95969215700386 91
95969215727680 23
95969215735784 66
95969282687317 91
95969282718521 23
95969282726714 66
95969282733871 91
95969349902940 23
95969349940215 66
95969417099458 91
95969417130113 23
95969417138058 66
95969417145141 91
95969490817808 23
95969490844852 66
95969558234814 23
95969558267243 66
95969625691114 91
95969693089112 91
95969693122060 23
95969693129854 66
95969760350478 23
95969760377247 91
95969760384551 23
95969760391633 66
95969819211421 91
95969819233863 23
95969886525500 66
95969886564278 91
95969886571797 23
95969953467283 66
95969953506698 23
95969953514169 23
95970020467131 66
95970020502375 91
95970089131193 23
95970089159093 91
95970089166706 23
95970089173843 66
95970154722929 91
95970154752544 23
95970154759898 66
95970229912902 91
95970229944008 23
95970229951736 23
95970229958702 66
95970288804310 91
95970288838703 23
95970288846298 66
95970288853325 91
95970355727223 91
95970355755225 23
95970422917200 66
95970422948400 91
95970422956193 23
95970489923807 66
95970489949268 91
95970489956842 23
95970556990531 66
95970557024962 91
95970557032549 23
95970557039680 66
95970557046596 91
95970624034948 23
95970624062835 66
95970691144763 23
95970691171829 66
95970691179443 91
95970691186542 23
95970758146794 66
95970758175296 23
95970758211592 66
95970758218883 91
95970832133519 23
95970899446167 66
95970899474408 91
95970966904633 91
95970966937986 23
95971034210635 66
95971034233055 91
95971101631369 23
95971101658648 66
95971101666115 91
95971169040771 23
95971169076171 66
95971169083900 23
95971227699150 66
95971227763385 91
95971294652643 91
95971361849133 23
95971361876246 66
95971361883739 23
95971361890837 66
95971361897769 91
95971496083456 91
95971496114906 23
95971496122586 66
95971563309702 23
95971563343962 66
95971563351606 91
95971630259432 91
95971697169498 23
95971697205723 66
95971697213352 91
95971771191875 23
95971771223244 66
95971771230914 23
95971771237932 66
95971838574184 91
95971906054138 91
95971906083763 23
95971906091363 66
95971975410394 23
95971975442559 66
95971975450273 91
95972099611804 91
95972099650443 23
95972099657946 66
95972099665161 91
95972166584982 23
95972166620139 66
95972166627619 91
95972233607840 23
95972233640832 66
95972233648850 91
95972300770158 23
95972300804269 66
95972375489472 23
95972375524767 66
95972375532077 91
95972442874439 91
95972442901334 23
95972510330061 66
95972510364699 91
95972510372405 23
95972569159459 66
95972569190849 23
95972569198374 66
95972636053702 91
95972703032995 91
95972703058223 23
95972703066106 66
95972770200427 91
95972770225325 23
95972770232830 66
95972837318772 91
95972837353672 23
95972837361454 66
95972904304172 23
95972904333492 66
95972904341137 91
95972971285081 91
95973045121425 23
95973045156785 66
95973045164296 23
95973045171688 66
95973112501683 91
95973179841757 23
95973179872386 66
95973179879893 91
95973247199002 91
95973247227245 23
95973314570852 66
95973314601336 23
95973314608809 66
95973381983936 91
95973440811264 91
95973440839049 23
95973440846692 66
95973507926445 23
95973507956541 66
95973507964102 91
95973575082327 23
95973575115082 66
95973642282391 91
95973709034091 23
95973709056489 66
95973709064154 91
95973776172808 23
95973776203085 66
95973776210671 91
95973843267573 23
95973843302563 66
95973910303831 91
95973984202007 91
95973984236377 23
95973984243924 66
95974051604916 91
95974051638247 23
95974051645752 66
95974118957255 91
95974118988560 23
95974118996400 66
95974186384419 23
95974186418323 66
95974186425675 91
95974253683404 91
95974253714160 23
95974322159631 66
95974322185048 91
95974379788455 23
95974379848333 66
95974379856514 91
95974446866790 23
95974446900267 66
95974513943089 23
95974513986147 66
95974513993623 91
95974580992128 23
95974581021415 66
95974581028886 91
95974647997148 91
95974715026509 23
95974715056782 66
95974715064413 91
95974782123174 23
95974782152510 66
95974782160186 91
95974855916004 23
95974855947747 66
95974855955326 23
95974923703541 66
95974923728773 91
95974990683298 23
95974990717184 66
95974990724542 91
95975058135041 23
95975058171071 66
95975058178769 91
95975125423506 23
95975125451997 66
95975192775728 91
95975251602469 91
95975251626350 23
95975251633965 66
95975318772892 91
95975385762488 23
95975385796798 66
95975385804317 23
95975385811363 66
95975453873831 91
95975519868790 91
95975519915673 23
95975519923442 66
95975586878939 91
95975586906927 23
95975654594621 66
95975654617560 91
95975721303378 23
95975721329910 66
95975721337437 91
95975795005988 23
95975795038452 66
95975862706585 23
95975862752060 66
95975862762438 91
95975929873200 23
95975929907385 66
95975929915027 91
95975997145571 23
95976064569402 66
95976064605549 91
95976131885122 23
95976131913695 66
95976190504481 91
95976190530737 91
95976257513625 23
95976257538714 66
95976324729785 23
95976324759519 66
95976324767052 91
95976392964639 23
95976392992598 66
95976393000168 91
95976458773196 23
95976458803812 66
95976525811461 91
95976593007098 91
95976593033809 23
95976593041408 66
95976666732311 23
95976666760993 23
95976666768681 66
95976742443837 91
95976742480088 23
95976801478246 66
95976801511575 91
95976868907649 23
95976868941716 66
95976868949327 91
95976936260040 91
95976936294919 23
95976936302597 66
95977003609307 91
95977003632419 23
95977003640069 66
95977062557409 23
95977062583583 66
95977062591126 91
95977129498268 23
95977196533239 66
95977196564639 91
95977263532516 91
95977263568566 23
95977263575834 66
95977263583504 91
95977330732309 23
95977330758290 66
95977330765678 91
95977397856761 23
95977397887209 66
95977397894875 23
95977397901899 66
95977464754778 91
95977464789856 91
95977538435613 23
95977538467206 66
95977538475085 91
95977605812067 23
95977605844774 66
95977605852806 91
95977673177440 23
95977673211449 66
95977673220506 23
95977673227850 66
95977673234722 91
95977740576971 91
95977807945011 23
95977807977348 66
95977807985158 91
95977875422764 23
95977875477094 66
95977875484764 91
95977934311211 23
95977934342888 66
95978001367836 91
95978001392678 23
95978001400573 66
95978001407523 91
95978068382427 23
95978068412424 66
95978135400288 23
95978135432498 66
95978135440073 91
95978202573022 91
95978269601810 23
95978269630608 66
95978269638121 91
95978269645077 23
95978336634918 66
95978336666816 91
95978336674472 23
95978410166521 66
95978410200133 91
95978410207881 23
95978477548080 66
95978477575263 23
95978477582875 66
95978477589935 91
95978612287840 91
95978612315620 23
95978612323210 66
95978679679569 91
95978679713875 23
95978679721378 66
95978679729201 91
95978747070104 23
95978747104824 66
95978747112361 91
95978806124896 23
95978806164148 23
95978806171786 66
95978873282188 91
95978873324650 23
95978873332187 66
95978940203278 23
95978940236615 66
95978940244335 91
95979007250374 91
95979007280309 23
95979074330471 66
95979074362900 91
95979074370522 23
95979074377610 66
95979141341365 23
95979141372655 66
95979141381510 91
95979275502902 91
95979275532583 23
95979275540573 66
95979349275528 91
95979349305225 23
95979349312978 66
95979416644652 23
95979416678349 66
95979416686300 91
95979484006919 23
95979551928959 66
95979551950716 91
95979618813450 23
95979618840159 66
95979618847869 91
95979686156834 91
95979686188619 23
95979745090840 66
95979745126729 23
95979745134461 66
95979745141421 91
95979812400971 23
95979812429319 66
95979879424651 91
95979946489706 91
95979946520778 23
95980013300788 66
95980013327221 23
95980013334621 66
95980013341609 91
95980080444532 91
95980147417161 23
95980147456540 66
95980214631495 23
95980214662679 66
95980214669973 91
95980288395395 23
95980288423767 66
95980423159451 91
95980490513614 91
95980490543636 23
95980490551241 66
95980490558298 91
95980557918931 23
95980557943958 66
95980625256188 23
95980625282912 66
95980625290596 91
95980751075069 23
95980751109009 66
95980751116608 91
95980818005267 91
95980885229051 23
95980885260163 66
95980885267776 91
95980952262789 23
95980952288188 66
95980952295902 23
95980952303081 66
95981023297383 91
95981086299030 23
95981086326312 66
95981086333839 91
95981160072167 23
95981160104705 66
95981227447929 91
95981294814109 91
95981294838102 23
95981294846188 66
95981362194759 91
95981362224117 23
95981429598558 66
95981429633097 23
95981496960421 66
95981496985808 91
95981555763068 91
95981622958540 23
95981622983766 66
95981622991279 23
95981689892148 66
95981689922924 91
95981756893662 23
95981756922249 66
95981756930373 91
95981824145049 91
95981824188397 23
95981824196403 66
95981891102924 91
95981891138320 23
95981891145764 66
95981958316845 91
95981958348872 23
95981958356645 66
95982025515892 91
95982025546185 23
95982025553979 66
95982092258709 23
95982092286275 66
95982166539998 91
95982233913787 23
95982301415962 66
95982301449821 91
95982368715609 91
95982368752494 23
95982368759975 66
95982368766989 91
95982436144692 23
95982436175659 66
95982436183502 91
95982494721841 23
95982494756557 66
95982494763780 91
95982561688298 23
95982628929105 66
95982628960211 91
95982695955439 23
95982695988598 66
95982695996489 91
95982762976384 91
95982763007811 23
95982830129719 66
95982830174185 23
95982830181833 66
95982830188899 91
95982897088265 91
95982970894618 23
95982970926327 66
95983038269379 91
95983038301237 23
95983038309114 66
95983105633834 91
95983105660169 23
95983105667742 66
95983173018447 91
95983173042714 23
95983173050422 66
95983240603503 91
95983240640253 23
95983307849009 66
95983307881975 91
95983307889854 23
95983366705165 66
95983366739339 23
95983366747497 66
95983366754668 91
95983433656710 91
95983500675995 23
95983500707185 66
95983500714787 91
95983567740939 23
95983567775740 66
95983567783466 91
95983634888645 23
95983634917805 66
95983701960052 91
95983701985553 23
95983701993418 66
95983768961240 23
95983768994357 66
95983769001878 91
95983836359573 23
95983836395118 66
95983836402713 91
95983903142369 23
95983903171825 66
95983903179415 91
95984044747467 23
95984044777376 66
95984044785094 91
95984112134741 23
95984112162594 66
95984112170322 91
95984179500430 23
95984179528524 66
95984240648769 91
95984305512428 91
95984305556929 23
95984305567742 66
95984372681028 23
95984372714314 66
95984372721948 91
95984439661091 91
95984506663174 23
95984506688523 66
95984506696119 23
95984506703133 66
