102782163224443 91
102782230459497 91
102782230495121 23
102782297472553 66
102782297504419 91
102782297513557 23
102782297520738 66
102782364628769 23
102782364662286 66
102782364669667 91
102782442974965 23
102782443014254 66
102782443021785 91
102782498651968 23
102782498682906 66
102782566389548 91
102782566421013 23
102782632829263 66
102782632861169 91
102782699937376 23
102782699971459 66
102782699979334 91
102782846038550 91
102782846071064 23
102782846078744 66
102782901165006 23
102782901196373 66
102782901204142 91
102782978014977 91
102782978051013 23
102783042928767 66
102783042960776 91
102783113311757 23
102783113348634 66
102783169545561 91
102783169577888 23
102783169585570 23
102783169592465 66
102783169599526 91
102783236431748 23
102783236469444 66
102783236476934 91
102783315218748 23
102783315248246 66
102783315255864 91
102783315263193 23
102783370480169 66
102783370513045 91
102783370520827 23
102783370527888 66
102783443763537 23
102783443798244 66
102783443805594 91
102783516560633 91
102783587749850 23
102783587788064 66
102783587795738 23
102783587802966 66
102783648426890 91
102783705822286 23
102783705855976 66
102783772956969 91
102783772990432 23
102783839946444 66
102783906972729 91
102783974010892 23
102783974042129 66
102783974049752 91
102784051784237 23
102784051839117 66
102784051848764 91
102784108284534 23
102784175277694 23
102784175311548 66
102784175319093 91
102784175326109 91
102784251709618 23
102784251745131 66
102784251752656 91
102784309386848 23
102784309424513 66
102784309432026 91
102784309439085 23
102784376456622 66
102784376491210 23
102784376499185 66
102784443850562 91
102784521006224 91
102784521042974 23
102784521050816 66
102784577713000 23
102784577749738 66
102784577757446 91
102784644802897 23
102784644836783 66
102784644845000 91
102784711722833 91
102784711761329 23
102784711768820 66
102784779088367 23
102784779127313 66
102784845989002 91
102784924144171 23
102784924176162 66
102784924183910 91
102784980135403 23
102784980179219 66
102784980186941 91
102785047279007 91
102785047323310 23
102785047331825 66
102785114113579 23
102785114145294 66
102785114152706 91
102785181467846 23
102785181501191 66
102785181510584 91
102785248568160 23
102785248604810 66
102785248612439 91
102785315773683 23
102785315809288 66
102785315816970 91
102785449522584 23
102785449559964 66
102785449568249 91
102785516652397 23
102785516684336 66
102785516691839 91
102785583723289 23
102785583758578 66
102785583765922 91
102785650703106 91
102785717733793 23
102785717766373 66
102785717773960 23
102785717781137 66
102785796792710 91
102785852128477 23
102785852163175 66
102785852171020 91
102785928507202 91
102785928540811 23
102785928548277 66
102785985991384 91
102785986019925 23
102785986027611 66
102786063868952 23
102786063898923 66
102786120215748 91
102786187221421 91
102786187254993 23
102786265807199 66
102786265841167 23
102786265848750 91
102786321481735 23
102786321515790 66
102786321523222 23
102786321530110 66
102786394610602 91
102786455470373 23
102786455506455 66
102786455514030 91
102786533076223 23
102786533110514 66
102786533118279 91
102786589749971 91
102786589785437 23
102786656952567 66
102786657004585 91
102786657013411 23
102786657021121 66
102786735129621 23
102786735168687 66
102786735176574 91
102786790917006 23
102786790981388 66
102786858910422 91
102786925005991 23
102786925042190 91
102786925049834 23
102786925056721 66
102787002348828 23
102787002383225 66
102787002390796 91
102787059146551 23
102787059183106 66
102787126208285 91
102787126244717 23
102787193231671 66
102787193262753 91
102787193270238 91
102787260318959 23
102787260353012 66
102787260360583 23
102787260367354 66
102787339580070 91
102787394530742 23
102787394577400 66
102787394584974 91
102787471501366 23
102787471532580 66
102787471540401 91
102787528768623 23
102787528804042 66
102787595819922 91
102787662675337 23
102787662707523 66
102787662715271 91
102787729765193 91
102787729792666 23
102787729800346 66
102787729807515 23
102787729814368 66
102787808847235 91
102787808879927 23
102787863845941 66
102787863877443 91
102787863901748 23
102787940723220 66
102787940754140 91
102787998054030 23
102787998082054 66
102787998089817 91
102788071459772 91
102788071491863 23
102788071499400 23
102788071506519 66
102788132181286 23
102788132213518 66
102788132221469 91
102788199262702 23
102788199300788 66
102788199308254 91
102788266394529 23
102788266433986 66
102788333427997 91
102788409906304 23
102788409938464 66
102788409945868 91
102788467478264 91
102788545235932 23
102788545267346 66
102788545275035 23
102788545281979 91
102788601590874 23
102788601623291 66
102788668830340 91
102788668865243 23
102788668872756 66
102788668879780 23
102788668886708 66
102788747212486 91
102788802834146 23
102788802867973 66
102788802875764 91
102788875213687 23
102788875250160 66
102788942604987 91
102788942638338 91
102789009973052 23
102789010007639 66
102789010015261 23
102789087423785 66
102789087460024 91
102789144697109 23
102789144731949 66
102789144739457 91
102789212054267 91
102789212087091 23
102789279419345 66
102789279446685 23
102789279454297 66
102789346832547 91
102789414196753 23
102789414231232 66
102789414238771 91
102789481601778 91
102789481638136 23
102789481645586 66
102789481652616 91
102789540493247 23
102789540524783 66
102789540532485 91
102789607640228 23
102789607738316 66
102789607748869 23
102789607755852 66
102789674752897 91
102789741701349 23
102789741735770 66
102789808762250 91
102789808790944 91
102789875940919 23
102789875971602 66
102789875979151 23
102789875986346 66
102789943307871 91
102790009969122 23
102790010002517 66
102790010010044 91
102790083777367 23
102790083810724 66
102790083818263 91
102790151151122 91
102790151182616 23
102790218517300 66
102790218548725 91
102790218555858 23
102790218562943 66
102790286042223 23
102790286077818 66
102790286085444 91
102790353456117 23
102790353506921 66
102790353516208 91
102790420669544 23
102790420701739 66
102790479476761 91
102790546522409 23
102790546557531 91
102790613609548 23
102790613646117 66
102790613653682 23
102790613660773 66
102790613667676 91
102790680705499 23
102790680738592 66
102790747684295 91
102790747716383 91
102790814735121 23
102790814767254 66
102790814775015 23
102790814782125 66
102790881888935 91
102790948988129 91
102790949019267 23
102790949026921 66
102791022868448 23
102791022896277 91
102791022903917 23
102791022911033 66
102791090303885 23
102791090348997 66
102791090356957 91
102791167636092 91
102791167672542 23
102791225049794 66
102791225080562 23
102791225088037 66
102791225095477 91
102791292434467 23
102791292465756 66
102791351227837 91
102791429324305 91
102791429363362 23
102791485581994 66
102791485619335 23
102791485626989 66
102791552831844 91
102791552865444 91
102791619590531 23
102791619624227 66
102791619632052 91
102791686732650 23
102791686768145 66
102791686775633 91
102791686782547 23
102791686789416 66
102791753685363 91
102791753723382 23
102791753730869 66
102791820717258 91
102791820748613 23
102791820756166 66
102791894586693 23
102791894619298 66
102791894626682 91
102791961974595 23
102791962007310 66
102791962016177 91
102792029347467 91
102792029385418 23
102792029392921 66
102792112995071 91
102792113031640 23
102792113039340 66
102792156240108 23
102792156267916 66
102792156275482 91
102792223166146 23
102792223200414 66
102792223208245 91
102792300652618 91
102792357609997 23
102792357654463 66
102792357662092 23
102792357669014 66
102792357675899 91
102792424380492 91
102792424411841 23
102792499632097 66
102792499668330 91
102792558566743 23
102792558604420 66
102792558611734 91
102792558618664 23
102792558625539 23
102792625721903 66
102792625758717 91
102792625766556 23
102792703899812 66
102792703933733 23
102792703941212 66
102792703948391 91
102792826647451 23
102792826682201 66
102792826689644 91
102792900546758 23
102792900583086 66
102792900590864 91
102792960876596 91
102792960909814 23
102793027958148 66
102793027993218 91
102793028001550 23
102793107271338 66
102793107310029 91
102793107317697 23
102793107324622 66
102793162168838 23
102793162211325 66
102793162222189 91
102793250779380 23
102793250816715 66
102793250824367 91
102793296246433 23
102793296281689 66
102793363450142 91
102793363500998 91
102793430374744 23
102793430414095 66
102793430421751 91
102793497336859 23
102793497364326 23
102793497372015 66
102793576369447 23
102793576404872 66
102793576412509 91
102793631827556 23
102793706262301 66
102793706294057 91
102793777832765 91
102793777873361 23
102793777881206 66
102793777888717 91
102793832702110 23
102793832736807 66
102793832744340 23
102793832751183 66
102793909607548 91
102793909639941 23
102793966891374 66
102793966918471 91
102794034008710 23
102794034046049 66
102794034053562 91
102794111593359 23
102794111627170 66
102794111634755 91
102794176522591 23
102794176558383 66
102794176565784 91
102794302182860 23
102794302230468 66
102794302238616 91
102794378756037 23
102794378788914 66
102794378796437 91
102794448974919 91
102794503393581 23
102794503422418 66
102794577410519 23
102794577448780 66
102794577456552 91
102794637456909 23
102794637487343 66
102794637494573 91
102794704735440 23
102794704781487 66
102794704789181 91
102794782020073 91
102794838669697 23
102794838699344 66
102794838707008 23
102794838713970 66
102794838720935 91
102794905828437 91
102794972889400 23
102794972921868 66
102794972929968 23
102795049294690 66
102795049333063 91
102795049340552 23
102795107011136 66
102795107057996 91
102795174107766 91
102795174141026 23
102795174148637 66
102795251250552 23
102795251284339 66
102795251292189 91
102795308213132 23
102795308242168 66
102795308249560 91
102795375205425 23
102795375237675 66
102795442347752 91
102795509364901 91
102795509393993 23
102795509401639 66
102795576397609 23
102795576433061 66
102795576440651 91
102795654511800 23
102795654545778 66
102795654553450 91
102795710864310 91
102795710910319 23
102795710919835 66
102795777631114 91
102795777659921 23
102795777667569 66
102795844806619 91
102795844835743 23
102795844843194 66
102795911819389 91
102795911855268 23
102795911862970 66
102795978979466 91
102795979009552 23
102795979017168 66
102796045838792 91
102796045865060 23
102796045872583 66
102796123721508 23
102796123754249 66
102796192180391 91
102796192215154 91
102796247241040 23
102796247274941 66
102796247282410 23
102796247289812 91
102796325246007 23
102796325287342 66
102796325295168 91
102796381361974 23
102796381393742 23
102796381401281 66
102796381408192 91
102796448300818 23
102796448338773 66
102796448346131 91
102796448353591 23
102796527010568 66
102796527042971 23
102796527050434 66
102796527057488 91
102796582502824 23
102796582531120 66
102796582538414 91
102796649537600 23
102796716623945 66
102796716658631 91
102796716666216 23
102796794366340 66
102796794406216 91
102796850776220 23
102796850809122 66
102796850816798 91
102796917737128 23
102796917767518 66
102796917775244 91
102796996170692 91
102796996202500 23
102797052110894 66
102797052147260 23
102797052154998 66
102797052161952 91
102797125284716 23
102797125317789 66
102797186052344 91
102797253061998 91
102797253093794 23
102797253101429 66
102797320250782 23
102797320285460 66
102797320293146 91
102797387229425 91
102797387265602 23
102797387273435 66
102797387280620 91
102797465382995 23
102797465416070 66
102797521356081 23
102797521386069 66
102797521394078 91
102797588506621 91
102797666747630 23
102797666780564 66
102797666788236 23
102797666795329 91
102797722606250 23
102797722654995 66
102797722665354 91
102797722674532 23
102797789864592 66
102797789900581 91
102797789908152 23
102797868642191 66
102797868675192 91
102797923814246 23
102797923854832 66
102797923862331 23
102797923869174 66
102797923876098 91
102797990714182 23
102798057959066 66
102798057993627 91
102798135860505 23
102798135890716 91
102798135898349 23
102798135905349 66
102798191980957 91
102798192015794 23
102798192024112 66
102798259131517 23
102798259179887 66
102798259187378 91
102798342416939 23
102798342459945 66
102798342467583 91
102798393167314 23
102798393198415 66
102798460378403 91
102798460408823 23
102798460416344 91
102798539150737 23
102798539183779 66
102798539191471 91
102798594434283 23
102798594468945 66
102798594476429 23
102798594483437 66
102798594490246 91
102798671031083 91
102798728692434 23
102798728728313 66
102798728735746 23
102798728742731 66
102798728749575 91
102798795659235 91
102798862797834 23
102798862830130 66
102798862837975 23
102798862845629 66
102798929632633 91
102798996729250 23
102798996762385 66
102798996769804 91
102799063850718 23
102799063885571 66
102799063893350 91
102799130906474 91
102799130939135 23
102799197974725 66
102799198008307 23
102799198016005 66
102799198023291 91
102799271723342 23
102799271757686 66
102799271765302 91
102799406556004 23
102799406590344 66
102799406597976 91
102799473946762 23
102799473980984 66
102799473988853 91
102799541248210 91
102799541286155 23
102799608704515 23
102799608740940 66
102799608748746 91
102799608755760 23
102799667616596 66
102799667671711 91
102799667681133 23
102799734523565 23
102799734556665 66
102799734564009 91
102799801525433 23
102799801559780 66
102799801567363 91
102799801574250 23
102799868750608 66
102799868784254 23
102799868791727 66
102799868798844 91
102799935920969 91
102800003261409 23
102800003300901 66
102800003310317 23
102800003320491 66
102800003329736 91
102800069871154 23
102800069912173 66
102800069919623 91
102800136937766 91
102800210852363 23
102800210883501 66
102800210891046 91
102800278248484 23
102800278282004 66
102800278289521 23
102800345560494 23
102800345595633 66
102800345603148 91
102800413181262 91
102800413234157 23
102800413241973 66
102800480368620 23
102800480401241 66
102800480408947 91
102800548060781 23
102800548093797 66
102800606378754 91
102800673500097 91
102800673543131 23
102800673550637 66
102800673557599 91
102800740640782 23
102800740677582 66
102800740685248 91
102800740692324 23
102800807605682 66
102800807637657 91
102800807645079 23
102800807652224 66
102800874772591 23
102800874817498 66
102800941645134 91
102800941675850 23
102800941683626 66
102801009195072 91
102801009236810 23
102801075810648 66
102801075849339 91
102801150011390 91
102801150050250 23
102801150057814 66
102801217390767 23
102801217423531 66
102801217431108 91
102801284689767 23
102801284722804 66
102801284730458 91
102801354224721 23
102801354260171 66
