88874393719924 91
88874460819212 91
88874527768302 23
88874527801178 66
88874594908125 23
88874594949833 66
88874594957617 91
88874668715604 91
88874736009076 23
88874736040596 66
88874736048545 91
88874803374191 23
88874803405717 66
88874803413542 91
88874870739820 23
88874870772623 66
88874938094347 23
88874938122564 66
88874938130387 91
88875005488617 91
88875005518880 23
88875064319377 66
88875064348758 23
88875064357836 66
88875131423151 91
88875198476471 23
88875198505341 66
88875198512848 91
88875265497767 91
88875332559051 23
88875332591116 66
88875332598858 91
88875399716367 23
88875399749373 66
88875466834539 23
88875466870710 66
88875466878344 91
88875533817732 91
88875607712876 23
88875607747072 66
88875607754496 91
88875675872492 23
88875675902328 66
88875675909970 91
88875742464894 23
88875742499361 66
88875742506769 91
88875809832435 23
88875809864386 66
88875809872583 91
88875877271447 23
88875877300402 66
88875877308062 91
88875944577978 23
88875944613925 66
88875944622265 91
88876003161002 23
88876003186578 66
88876070358685 91
88876070387131 23
88876070394702 66
88876137385410 91
88876137412843 23
88876137420439 66
88876137427911 91
88876204383257 23
88876204412804 66
88876271455399 91
88876271484153 23
88876338706501 66
88876338741871 23
88876338749687 66
88876338756802 91
88876479406104 91
88876479437971 23
88876479445681 66
88876546771624 91
88876546798689 23
88876546806363 66
88876614346197 91
88876614374189 23
88876681522334 66
88876681552010 91
88876681559424 23
88876740999268 66
88876741032018 91
88876819772704 23
88876819799799 66
88876875131055 23
88876875159071 66
88876875166892 91
88876951637709 91
88877009185009 23
88877009205849 66
88877009213820 91
88877084509384 23
88877084529918 66
88877084537734 91
88877143358469 23
88877143384172 66
88877210294039 91
88877210316966 23
88877210324338 66
88877277466039 23
88877277485011 66
88877277492216 91
88877411533447 23
88877411557533 66
88877411564935 91
88877485203601 91
88877545749740 23
88877545772043 66
88877612768288 23
88877612791474 91
88877612799214 23
88877612806291 66
88877679889715 91
88877679909425 23
88877758114787 66
88877758134876 23
88877758142683 66
88877758149839 91
88877881138050 91
88877881181153 23
88877881189209 66
88877959459835 91
88877959493986 23
88878015242383 66
88878015270604 23
88878082515567 66
88878161578390 91
88878216533077 91
88878216560977 23
88878293309665 66
88878293340758 23
88878356309252 66
88878356342390 91
88878423714459 23
88878423745822 66
88878423753759 91
88878558452569 23
88878558485859 66
88878558493314 91
88878625822438 91
88878693206682 23
88878693237237 66
88878693245199 91
88878760563607 23
88878760595534 66
88878760603119 91
88878827969398 23
88878827999148 66
88878828006824 23
88878886993842 66
88878887020599 91
88878954137452 91
88878954158298 23
88879032045481 66
88879032085836 91
88879088280089 23
88879088307212 66
88879155237536 91
88879155260789 23
88879155268300 66
88879222341089 23
88879222372394 66
88879289560854 91
88879356457914 91
88879423595824 23
88879423617089 66
88879501204560 23
88879501224633 66
88879501232130 91
88879624638686 23
88879624659722 66
88879624667352 91
88879702482834 23
88879702502009 23
88879702509444 66
88879758947820 91
88879758967565 91
88879826120189 23
88879826139588 66
88879904475782 91
88879904492021 23
88879960031642 66
88879960045682 91
88879960052809 23
88880027117624 66
88880027135262 91
88880027143266 23
88880094219525 66
88880094236363 23
88880094243681 66
88880171720516 91
88880228635666 91
88880228653197 23
88880228660792 66
88880228667941 91
88880295440471 23
88880295461829 66
88880373645992 91
88880373664876 23
88880373672407 66
88880429656315 91
88880429684196 23
88880504882577 66
88880504913150 91
88880504920657 23
88880563677815 66
88880563707557 23
88880630672247 66
88880630701643 91
88880630709295 91
88880697881663 23
88880697912157 66
88880776931325 23
88880776960870 66
88880831942439 91
88880966144081 23
88880966175326 66
88880966182839 91
88881033122101 91
88881033150181 23
88881033157559 66
88881110153045 23
88881110179815 66
88881110187829 91
88881167168684 23
88881234353605 66
88881234374253 91
88881301544867 91
88881368391460 23
88881368421588 66
88881368429296 91
88881435606731 23
88881435635445 66
88881513412362 91
88881513441883 23
88881513449587 66
88881569732289 91
88881569759082 23
88881569766788 66
88881637594549 91
88881637621143 23
88881711442533 66
88881711477280 91
88881770891692 23
88881770917395 66
88881770925268 91
88881837949649 23
88881837971884 66
88881916653519 91
88881916676361 23
88881916683947 66
88881972026574 91
88881972043634 23
88882048815215 66
88882048859738 91
88882106258451 23
88882106289913 66
88882106297585 91
88882173282129 23
88882173305625 66
88882173313237 91
88882240439065 23
88882240462179 66
88882319874868 23
88882319899331 66
88882319907186 91
88882374445697 91
88882451810417 23
88882451838960 66
88882508614555 23
88882508639713 66
88882508647519 91
88882575607241 23
88882575628696 66
88882642621383 91
88882709860644 91
88882709885703 23
88882776866689 66
88882776894456 23
88882776902126 23
88882776909221 66
88882855051975 91
88882910929049 23
88882910955544 66
88882910963049 91
88882985395706 23
88883045184133 66
88883045218896 91
88883112138885 91
88883112169721 23
88883179187316 66
88883179217117 91
88883179224575 23
88883246402586 66
88883246432199 91
88883246439867 23
88883324251360 66
88883324283948 91
88883380426839 23
88883380456054 91
88883447519912 23
88883447551271 66
88883447559013 91
88883525536422 23
88883525564646 66
88883581640839 91
88883581671856 23
88883581679144 66
88883648644626 23
88883648673885 66
88883648681533 91
88883782868428 23
88883782896402 66
88883782904106 91
88883856431238 23
88883856457938 66
88883856465598 91
88883983969598 91
88883984000461 23
88884060722183 66
88884060755825 23
88884060763509 66
88884118322234 91
88884185141629 91
88884252267212 23
88884252293160 66
88884252300727 23
88884319436108 66
88884319455951 91
88884398034687 23
88884398056708 66
88884398064587 91
88884453520218 23
88884453539697 66
88884529899033 91
88884587571191 91
88884654742317 23
88884654760411 66
88884654767823 91
88884731196442 23
88884731224152 66
88884731231440 91
88884788800089 23
88884788823048 66
88884855928072 91
88884855960246 23
88884933149023 66
88884933168983 91
88884990004852 23
88884990022742 66
88884990030247 23
88884990037280 66
88885056988594 91
88885134434852 91
88885134451605 23
88885191229491 66
88885191246450 91
88885258227657 23
88885258244594 66
88885336386388 91
88885336404494 23
88885336411868 23
88885392481843 66
88885392498005 91
88885459478794 23
88885459496316 66
88885459503897 91
88885459511014 23
88885526479143 66
88885526495504 23
88885526502935 66
88885526509824 91
88885660713320 91
88885660742984 23
88885660750366 66
88885727711592 91
88885727734942 23
88885727742662 66
88885805628862 23
88885805659071 66
88885805666495 91
88885862372484 91
88885862405957 23
88885929344567 23
88885929376053 66
88885929383761 91
88885995985041 23
88885996016101 66
88886072866643 23
88886072898268 66
88886072906191 91
88886197233829 91
88886197266147 23
88886197273956 66
88886275382673 91
88886275418086 23
88886337014364 66
88886337045354 91
88886398510358 23
88886398542464 66
88886398550049 91
88886476174791 23
88886476205985 66
88886532467650 23
88886532497304 66
88886532505040 91
88886599548512 91
88886678108631 23
88886678143124 66
88886678150623 91
88886733790448 23
88886733819824 66
88886733827478 23
88886800733050 66
88886800763192 91
88886879387276 91
88886934909719 23
88886934940519 66
88886934948209 91
88887002081398 23
88887002112421 66
88887069104780 23
88887069131716 66
88887069139390 91
88887147260961 91
88887147282092 23
88887203125331 66
88887203149079 91
88887282663075 23
88887282685160 66
88887282693079 91
88887337352077 23
88887337370279 66
88887337377764 23
88887414527885 66
88887414551075 91
88887471378822 91
88887471399060 23
88887538601835 66
88887538625387 91
88887538633194 23
88887613104592 66
88887613129488 91
88887613137140 23
88887672609130 66
88887672630534 91
88887739779527 23
88887739799184 66
88887739806888 91
88887817808021 23
88887817840639 66
88887817848266 91
88887874226250 23
88887874254518 66
88887874262208 23
88887874269365 66
88887940878782 91
88888013873728 91
88888075089967 23
88888075116869 66
88888142183692 91
88888142214924 23
88888142222552 66
88888221060426 91
88888221089613 23
88888276262246 66
88888276286875 91
88888352921882 23
88888352944206 66
88888352951861 91
88888410348694 23
88888410369734 66
88888477506162 23
88888477524459 66
88888477532263 91
88888554242065 23
88888554258988 66
88888554266450 91
88888611832070 91
88888678582258 23
88888678599952 66
88888756227866 23
88888756254612 66
88888756262395 91
88888812787614 91
88888812806611 23
88888879797476 66
88888879816746 91
88888879824389 23
88888957485829 66
88888957512508 91
88889014096978 23
88889014123005 66
88889081153292 23
88889081183334 91
88889081191293 23
88889081198402 66
88889159449837 91
88889159480285 23
88889215139404 66
88889215165936 23
88889282318566 66
88889282347367 91
88889360769491 91
88889360802940 23
88889360810620 66
88889416359290 91
88889483374906 23
88889483396264 66
88889483404052 91
88889562705657 23
88889562729542 66
88889562737213 91
88889617551661 23
88889617570386 66
88889685020590 91
88889685040131 23
88889685047690 66
88889751672718 91
88889751698566 23
88889751706324 66
88889829959523 91
88889829991820 23
88889885849172 66
88889885874068 91
88889952822149 23
88889952849359 66
88889952856837 91
88890031920182 23
88890031946772 66
88890031954776 23
88890087063952 66
88890087088305 91
88890154040840 91
88890154066133 23
88890221169279 66
88890221194212 23
88890221201775 66
88890221208767 91
88890299126654 91
88890355244151 23
88890355262119 66
88890422407068 23
88890422427846 66
88890422438369 91
88890501219262 91
88890501255664 23
88890556512326 66
88890556539733 91
88890623671414 23
88890623694839 66
88890623702664 91
88890623709690 23
88890702438417 66
88890702468016 23
88890757833186 66
88890757868104 91
88890834393073 91
88890834430000 23
88890891856190 66
88890891883128 23
88890891890723 66
88890891897792 91
88891035620424 91
88891035653284 23
88891035661074 66
88891093294283 91
88891160117429 23
88891160146950 66
88891160154775 91
88891237665491 23
88891237705834 66
88891294318543 23
88891294343270 91
88891294350662 23
88891294357679 66
88891361369139 91
88891361396864 23
88891428363919 66
88891428390074 23
88891428397704 66
88891504884836 91
88891504912476 91
88891574897880 23
88891574922979 66
88891629583367 23
88891629604216 66
88891629611433 91
88891706874244 91
88891706905348 23
88891763754064 66
88891763790015 91
88891837924762 23
88891837952963 66
88891837960597 91
88891897828165 23
88891897854520 66
88891897862445 91
88891964845723 23
88891964876400 66
88892032051198 91
88892032082879 23
88892110191685 66
88892110230622 91
88892166203519 23
88892166229871 66
88892166237219 91
88892240823475 23
88892240852947 66
88892240860878 91
88892300620277 23
88892300651618 66
88892367401475 91
88892367432068 23
88892367439802 66
88892434532006 91
88892434551701 23
88892513326750 66
88892513351417 91
88892568480087 23
88892568504690 66
88892643696823 91
88892643717837 23
88892643724881 23
88892714593176 66
88892714614896 91
88892714622516 23
88892769830503 66
88892769846991 91
88892846503540 23
88892846523162 66
88892846531181 91
88892903883363 23
88892903901117 66
88892903908587 91
88892970970214 23
88892970996148 66
88893044518786 23
88893044544224 66
88893044551873 91
88893104991261 23
88893172068607 66
88893172091178 91
88893249706553 91
88893249725577 23
88893306218109 66
88893306242034 91
88893306249752 23
88893373218851 66
88893373239600 91
88893451667346 23
88893451684965 66
88893507398606 23
88893507413714 66
88893507421002 91
88893574377865 91
88893652967314 23
88893652984327 66
88893652991935 91
88893708528256 23
88893708544941 66
88893708552297 91
88893784943349 23
88893784972964 66
88893784980762 91
88893854948629 23
88893854976772 66
88893854984506 91
88893915585137 23
88893915615123 66
88893915622523 91
88893976917627 23
88893976949151 66
88894043981248 91
88894044010886 23
88894122191083 66
88894122220279 91
88894178112545 23
88894178134571 66
88894245178095 23
88894245203134 66
88894245210455 91
88894312254391 91
88894379137266 23
88894379159379 66
88894379167097 91
88894446338829 23
88894446359616 66
88894446367252 91
88894525441965 23
88894525465922 66
88894525474035 91
88894580398999 23
88894580419162 66
88894657486204 23
88894657526804 66
88894657537642 91
88894714716317 23
88894714753335 66
88894714761165 91
88894781677802 91
88894858653089 23
88894858676094 66
88894858683772 91
88894916269994 23
88894916307352 66
88894916317596 91
88894982998935 23
88894983031448 66
88895060615118 23
88895060649661 66
88895060657242 91
88895117135417 91
88895184024092 23
88895184049668 66
88895184057227 91
88895251106041 23
88895251132704 66
88895327846872 91
88895327867816 23
88895327876011 66
88895327883055 91
88895385297114 23
88895385361239 66
88895452264645 91
88895529777971 23
88895529795666 66
88895529803435 91
88895529810441 23
88895592393954 66
88895592413252 91
88895592420638 23
88895665128886 66
88895665146945 23
88895665154338 66
88895665162042 91
88895720528561 91
88895797021070 23
88895797038314 66
88895867177063 23
88895867195014 66
88895867202724 91
88895921856225 23
88895921887665 66
88895988869879 91
88896055947439 91
88896055981570 23
88896134431757 66
88896134466672 91
88896134474316 23
88896134482042 66
88896134489808 91
88896190131654 91
88896257104112 23
88896257133439 66
88896257140976 23
88896336339093 66
