98285814089996 91
98285869586474 23
98285869619897 23
98285869627575 66
98285937939567 91
98286003544199 23
98286003582200 66
98286003590485 91
98286082272238 91
98286082319097 23
98286082326876 66
98286144686016 91
98286144714879 23
98286144722770 66
98286204720407 23
98286204755140 66
98286204762514 91
98286271897863 23
98286271929554 66
98286271936942 91
98286405951727 23
98286405982933 66
98286405991188 91
98286473126492 91
98286473157634 23
98286473165228 66
98286473172417 91
98286540535066 23
98286540576350 66
98286540584104 23
98286607303219 23
98286607333101 66
98286607340574 91
98286674347281 23
98286674377361 66
98286674385089 91
98286741651775 91
98286741686835 23
98286808410873 66
98286808444541 91
98286808451994 23
98286808458894 66
98286808465837 91
98286878417738 91
98286952674907 23
98286952705560 66
98286952713373 23
98286952720423 66
98287009768094 91
98287076817479 91
98287076859266 23
98287076866793 66
98287076874523 91
98287164037835 23
98287164087933 66
98287210703176 23
98287210731078 66
98287210738744 91
98287287742877 91
98287287775395 23
98287344937642 66
98287344969183 91
98287344976673 23
98287412154243 23
98287412195093 66
98287489000420 91
98287489028350 23
98287489036601 66
98287546174513 23
98287546209507 66
98287546217075 91
98287613238442 91
98287691093717 23
98287691131233 66
98287691138589 23
98287691145563 66
98287691152503 91
98287747271754 91
98287814378775 23
98287814408145 66
98287814415569 91
98287881389944 23
98287881423389 66
98287881431178 91
98287881438224 23
98287881445168 66
98287958202771 91
98287958235156 23
98287958242699 66
98288015755813 23
98288015793392 66
98288082817469 91
98288222357402 23
98288222392486 66
98288222400001 91
98288289750752 91
98288289782172 23
98288289791252 66
98288289798401 91
98288357111193 23
98288357144494 66
98288424639177 23
98288424679655 66
98288424687109 91
98288491868060 91
98288491900999 23
98288491908489 66
98288491915604 91
98288570896677 23
98288570933374 66
98288570941034 91
98288626680423 23
98288626711201 66
98288626719043 91
98288694146025 23
98288694181288 66
98288761466644 23
98288761511665 91
98288761519508 23
98288761526403 66
98288761533460 91
98288828846485 23
98288828880546 66
98288828888232 91
98288887357281 23
98288887389459 66
98288887397191 91
98288954820107 23
98288954856267 66
98288954864006 23
98288954906376 66
98289021842631 91
98289089896637 91
98289089925308 23
98289089932860 66
98289155762606 91
98289155800921 23
98289155808385 66
98289155815331 91
98289222779497 23
98289222808819 66
98289289842663 23
98289289879269 66
98289289886914 91
98289363645317 91
98289363677905 23
98289431011519 66
98289431049081 23
98289431056475 66
98289431063496 91
98289498349342 23
98289498378971 66
98289558057558 91
98289630796726 23
98289630829504 66
98289630837377 91
98289703156034 23
98289703191487 66
98289703199289 91
98289759296750 23
98289759326132 91
98289826347727 23
98289826380275 66
98289826387956 91
98289899153288 23
98289899195626 66
98289899203332 91
98289960520719 23
98289960559040 66
98290027625379 91
98290027668632 23
98290027676249 66
98290106694966 23
98290106739742 66
98290106747196 91
98290161726688 91
98290228731881 23
98290228764227 66
98290295961047 23
98290296002814 66
98290296010407 91
98290363000266 23
98290363033279 66
98290429902400 91
98290496954261 91
98290496984898 23
98290564017781 66
98290564052127 91
98290644345541 23
98290644373915 66
98290644381589 23
98290698348051 66
98290698383875 91
98290698391294 91
98290775562677 23
98290775590701 66
98290832287861 91
98290832321968 23
98290832329382 66
98290899542807 23
98290899577767 66
98290899585624 91
98290966454017 91
98290966490407 23
98290966498143 66
98290966505760 91
98291045195144 23
98291045225296 66
98291045232630 91
98291100763133 23
98291100807481 66
98291100816170 23
98291100824178 66
98291173178944 91
98291240511437 91
98291240549472 23
98291307908738 66
98291307937672 23
98291307945305 66
98291307952434 91
98291375293791 23
98291375326136 66
98291442646107 91
98291442675546 91
98291510119516 23
98291510162678 66
98291510170334 91
98291577469569 23
98291577498619 66
98291577506265 23
98291644810836 66
98291644841652 91
98291712161101 23
98291712194005 66
98291712201639 91
98291779620964 91
98291779652575 23
98291779659737 66
98291838318098 91
98291905358025 23
98291905393840 66
98291905401289 91
98291972432762 23
98291972462182 66
98291972469978 23
98292039526034 66
98292039559374 91
98292106675748 91
98292106710177 23
98292106717859 66
98292173688281 91
98292173718977 23
98292173726459 23
98292173733459 66
98292240704012 91
98292240735243 23
98292240742583 66
98292314352044 23
98292314385427 66
98292314392962 91
98292381774191 91
98292460954804 23
98292460991494 66
98292460999272 23
98292461006306 66
98292461013296 91
98292516534187 23
98292516570754 66
98292583931544 91
98292651257285 91
98292651292064 23
98292651299709 66
98292720701441 23
98292720738140 66
98292720745885 91
98292777335580 23
98292777402428 66
98292844566738 91
98292911718121 91
98292911747599 23
98292911755160 66
98292978464432 23
98292978498994 66
98292978506569 91
98293045468911 91
98293112757097 23
98293112790228 66
98293112797854 23
98293112804854 66
98293112811846 91
98293254735655 91
98293254763576 23
98293254771825 66
98293320927612 91
98293320960698 23
98293320968335 66
98293388467656 23
98293388521258 66
98293388528714 91
98293455661784 23
98293455693889 66
98293455701674 91
98293523060439 91
98293590399914 23
98293590444453 66
98293590452487 23
98293649751506 66
98293649778832 91
98293649786430 23
98293716198445 66
98293716228298 91
98293796059594 23
98293796094049 66
98293796101721 91
98293850242398 23
98293917436989 66
98293917467377 91
98293984387566 91
98293984420028 23
98294051523426 66
98294051558671 23
98294051566260 91
98294125190939 23
98294125223769 66
98294125231287 23
98294125238326 91
98294192594921 23
98294192626726 66
98294260127668 23
98294260176324 66
98294319765345 91
98294386906026 91
98294386944150 23
98294464622001 66
98294464657311 91
98294464664800 23
98294464671904 66
98294521044594 23
98294521080256 66
98294588106746 91
98294655121550 23
98294655154188 91
98294655161681 23
98294655168758 66
98294722247593 23
98294722294586 66
98294722302227 91
98294789228978 23
98294789289033 66
98294789298668 91
98294856325509 91
98294856365288 23
98294933841405 66
98294933878712 91
98294933886706 23
98294933893585 66
98294990765272 91
98294990803136 23
98294990810704 66
98295057411319 91
98295057441720 23
98295057449477 66
98295124725984 23
98295124768030 66
98295124775724 91
98295193430535 23
98295258726596 66
98295258763223 91
98295325921229 23
98295325954386 66
98295325962129 91
98295392869957 23
98295392905878 66
98295392913252 91
98295459942814 91
98295459976857 23
98295459984205 66
98295459991265 91
98295526843241 23
98295526876072 66
98295526883641 23
98295595828219 66
98295595858546 91
98295668023539 91
98295735346586 23
98295735377191 66
98295735384676 23
98295735391722 66
98295802720464 91
98295870085948 91
98295870116454 23
98295937479498 66
98295937516668 23
98295937524511 66
98295937531501 91
98295996371749 91
98296063413408 23
98296063442506 66
98296063450001 91
98296063457228 23
98296130517520 66
98296130547107 91
98296130554875 23
98296130561857 66
98296197671012 91
98296197711168 23
98296264577976 66
98296264605286 23
98296264613048 66
98296331765360 91
98296331793577 23
98296398802642 66
98296398834381 91
98296465920710 23
98296465957556 66
98296539712497 91
98296607043244 91
98296607074587 23
98296674410236 66
98296674440385 23
98296674447861 66
98296742194817 91
98296809177141 91
98296809210023 23
98296809217785 23
98296809224666 66
98296888075963 23
98296888113900 66
98296888121628 91
98296935455524 91
98296935490723 23
98297002537123 66
98297002564005 91
98297002571946 23
98297002578918 66
98297069717504 91
98297069752914 23
98297141819115 66
98297141854584 23
98297141862040 91
98297203593419 23
98297203635023 66
98297270814435 91
98297270850059 23
98297270857650 66
98297337883565 23
98297337934858 66
98297337942451 91
98297405103589 23
98297405145442 66
98297405152945 91
98297478836329 91
98297546149305 23
98297546178654 66
98297546186229 23
98297613541646 66
98297613578128 91
98297680894710 23
98297680923354 66
98297680931008 91
98297748278597 23
98297748314836 66
98297748322138 91
98297807191064 91
98297807219514 23
98297874345550 66
98297874421584 23
98297874429540 66
98297941208399 91
98298008445004 91
98298008484623 23
98298008492477 66
98298075457805 23
98298075486052 66
98298075493836 91
98298142450250 91
98298209560558 23
98298209597147 66
98298209604718 91
98298276686066 23
98298276724089 66
98298276731727 91
98298350503066 23
98298350532856 66
98298350540626 91
98298417913194 23
98298417957220 66
98298417965119 91
98298485385931 23
98298485429341 66
98298485436665 23
98298485443514 66
98298485450365 91
98298620052285 23
98298620086893 66
98298620094709 91
98298679266552 91
98298679321550 23
98298679329894 66
98298679337252 91
98298752667176 23
98298752700736 66
98298752709086 91
98298820037669 23
98298820065986 66
98298820073574 23
98298887448358 66
98298887482286 91
98298954775738 23
98298954807108 91
98298954814604 23
98298954821578 66
98299022194746 91
98299022227147 23
98299022234718 23
98299022241771 66
98299089841141 91
98299089906772 23
98299089914693 66
98299157103871 23
98299157139376 66
98299157148005 91
98299215543146 23
98299282591509 66
98299282618051 91
98299349815786 91
98299349854169 23
98299349861827 66
98299416691732 91
98299416732274 23
98299416740056 66
98299484002654 23
98299484034514 66
98299550887397 91
98299619129208 91
98299619158620 23
98299691744971 66
98299691781498 91
98299691789017 23
98299691796115 66
98299777998376 91
98299778039016 23
98299778046969 23
98299778054132 66
98299826622124 91
98299826657556 23
98299826664948 66
98299894055527 91
98299894103791 23
98299894111451 66
98299961340897 91
98299961373491 23
98299961381147 66
98299961387988 91
98300028767293 23
98300028808305 66
98300028816023 91
98300087405549 23
98300087434741 66
98300154430881 91
98300154461745 23
98300154469435 66
98300221458679 91
98300221489923 23
98300221497404 66
98300288646686 91
98300288684176 23
98300355676419 66
98300355712332 91
98300422693005 23
98300422725517 66
98300489890730 91
98300489923389 23
98300489930956 66
98300556890144 23
98300556956171 66
98300556964332 91
98300630887588 23
98300630926336 66
98300630933796 91
98300698232305 91
98300698263578 23
98300765701097 66
98300765730461 91
98300765738075 23
98300833049295 66
98300833093134 91
98300900472965 23
98300900508959 66
98300900516496 23
98300959425792 66
98300959463671 91
98301026389400 23
98301026420825 66
98301026428525 91
98301093406909 23
98301160550000 66
98301160583849 91
98301227703329 91
98301227734545 23
98301227742044 66
98301295040292 91
98301295077734 23
98301295085327 66
98301361659755 91
98301361711384 23
98301361719199 66
98301428764851 91
98301428800167 23
98301428807816 66
98301502596665 91
98301502633721 23
98301570089120 23
98301570117589 66
98301570125424 23
98301570132524 91
98301570139442 23
98301637331382 66
98301637361707 91
98301637369200 23
98301704714731 66
98301704744580 23
98301704752447 66
98301704759445 91
98301772103502 23
98301772142330 66
98301772150245 91
98301839459389 91
98301898204658 23
98301898237391 66
98301898245250 91
98301965221934 23
98301965257117 66
98301965264759 23
98301965272000 66
98301965278986 91
98302099423454 23
98302099454803 66
98302099462485 91
98302176553692 91
98302233484581 23
98302233514889 66
98302233522279 23
98302300648391 66
98302300687625 91
98302367752720 91
98302367789725 23
98302367797266 66
98302434678282 91
98302434709084 23
98302501881744 66
98302501912670 91
98302501921026 23
98302579857851 66
98302579888931 23
98302579896534 66
98302579903438 91
98302636171660 91
98302702952985 23
98302702985931 66
98302702993698 91
98302775845472 23
98302775874324 66
98302775882071 23
98302775889087 66
98302837219892 91
98302904223846 91
98302904255374 23
98302904263086 66
98302983081322 23
98302983113428 66
98302983120985 91
98303038325103 91
98303114990350 23
98303115017777 66
98303115025382 91
98303172517793 23
98303172563897 66
98303172573643 91
98303256638974 23
98303256681227 66
98303256688883 23
98303256696314 66
98303306762086 91
98303374025981 23
98303374057783 66
98303374065489 91
98303440701713 91
98303440734967 23
98303440742579 66
98303440749536 91
98303507799883 91
98303584252175 23
98303584284919 66
98303584292427 91
98303584299331 23
98303642160470 66
98303642191495 91
98303642201082 23
98303716679288 66
98303716729084 23
98303716737957 66
98303716745414 91
98303785036901 23
98303785066341 66
98303785073892 91
98303851155873 23
98303851190692 23
98303851198115 66
98303851205169 91
98303918523523 23
98303918556021 66
98303918563944 91
98303977400443 23
98303977435314 66
98304045891070 23
98304045920756 66
98304045928359 91
98304111337141 91
98304111370054 23
98304178445641 66
98304178479182 91
98304178486633 23
98304245538502 66
98304245569721 91
98304245577314 23
98304245584183 66
98304312574847 23
98304312604931 66
98304312612700 91
98304379602179 23
98304379635447 66
98304379643054 91
98304453349908 23
98304520739079 66
98304520770279 91
98304588114047 23
98304588144893 66
98304588152806 91
98304655519471 23
98304655552461 66
98304722908419 91
98304722942974 91
98304790221853 23
98304790252777 66
98304790260308 91
98304849048571 23
98304849083674 66
98304849091650 91
98304916290600 23
98304916325421 66
98304916372562 91
98304983301284 23
98304983336919 66
98304983344519 23
98304983351704 66
98305050311364 91
98305117614822 91
98305117645250 23
98305117653173 66
98305184478556 23
98305184512279 66
98305251479285 91
98305318497304 23
98305318561468 66
