100551688006448 91
100551755315729 91
100551755393077 23
100551833899403 66
100551833927821 23
100551833935583 66
100551833942499 91
100551889322762 23
100551889353550 66
100551965796229 91
100552035848504 91
100552035879440 23
100552035886929 66
100552105190272 23
100552105227370 66
100552105234752 91
100552157578395 91
100552157611092 23
100552224776008 66
100552224807032 23
100552224814705 66
100552224821621 91
100552303094376 23
100552303126731 66
100552303134089 91
100552358840698 23
100552358874600 66
100552358882151 91
100552425797382 91
100552425828472 23
100552425835874 66
100552499833985 91
100552560028592 23
100552560060398 66
100552560067879 91
100552560074899 23
100552627068954 66
100552627102333 91
100552627109874 23
100552627117103 66
100552706386998 23
100552706416816 66
100552706424333 91
100552761192734 23
100552761223292 66
100552761230775 91
100552838255297 91
100552895272671 23
100552895303668 66
100552970053160 91
100552970085843 23
100552970093583 23
100552970101176 66
100552970108184 91
100553037399098 23
100553037430636 66
100553037438197 91
100553037445282 23
100553104797626 66
100553104830450 91
100553104838053 23
100553104845037 66
100553163568735 23
100553163600519 66
100553163608030 91
100553297798050 23
100553297829884 91
100553297837706 23
100553297844721 66
100553364702318 23
100553364734701 66
100553364742393 91
100553431915741 23
100553431948367 66
100553431955914 91
100553499020444 91
100553568001658 23
100553568036930 66
100553568044556 91
100553568051618 23
100553568058576 66
100553633129934 91
100553633161398 23
100553633169066 66
100553706976792 91
100553707008125 23
100553707015773 66
100553774357839 91
100553774387168 23
100553774394422 66
100553842165264 91
100553842238375 23
100553917546371 66
100553917594357 23
100553917605455 66
100553917614900 91
100553976506255 23
100553976542825 66
100553976550365 91
100554035452993 23
100554035482017 66
100554102472646 91
100554172252012 23
100554172286068 66
100554172293529 91
100554236670489 91
100554303716580 23
100554303750083 66
100554303757735 91
100554370711741 23
100554370748745 66
100554370756598 91
100554370763935 23
100554437816404 66
100554437850354 91
100554437857906 23
100554505010028 66
100554505043093 91
100554578716751 23
100554578749259 66
100554578756800 91
100554646079521 23
100554646107401 66
100554646114988 91
100554646122083 23
100554713503863 66
100554713538465 23
100554713546654 66
100554713553813 91
100554848307490 23
100554848354118 66
100554848361651 91
100554915584371 91
100554915613819 23
100554915621151 66
100554974384820 91
100554974417933 23
100554974425430 66
100555041381035 23
100555041412421 66
100555041419962 91
100555108509237 91
100555108545243 23
100555108553281 66
100555175569382 91
100555175598896 23
100555175606399 66
100555242611214 91
100555242645045 23
100555242652627 66
100555309618718 23
100555309650127 66
100555376848701 91
100555376883202 91
100555444182958 23
100555444214219 66
100555444221833 91
100555444230092 23
100555517852568 66
100555517883506 91
100555517891128 23
100555585162116 66
100555585193320 91
100555661805775 23
100555661841377 66
100555661848727 23
100555661855640 66
100555719928332 91
100555787313917 23
100555787347002 66
100555787354193 91
100555854751380 23
100555854788448 66
100555854795908 91
100555913318559 91
100555980328580 23
100555980361307 66
100555980368818 23
100555980376013 66
100555980382983 91
100556047335028 91
100556114538946 23
100556114572669 66
100556114580377 91
100556114587524 23
100556181543725 66
100556181579501 91
100556181587193 23
100556248528469 66
100556248554552 23
100556248562433 66
100556248569398 91
100556315711747 23
100556315742800 66
100556315750285 91
100556389555729 23
100556456863621 23
100556456892772 66
100556456900456 91
100556524306117 91
100556524337695 23
100556524345168 66
100556591672874 91
100556591706492 23
100556591713868 66
100556663008437 91
100556663042148 23
100556663049870 66
100556663057234 91
100556718037326 23
100556718067048 66
100556718074760 91
100556794866072 23
100556794896872 66
100556852258873 23
100556852295488 91
100556852302995 23
100556852310819 66
100556919276577 91
100556919310448 23
100556919317994 66
100556996839449 91
100556996871398 23
100556996879184 66
100556996886261 91
100557059821185 23
100557059853316 66
100557059860709 91
100557132296453 23
100557132328325 66
100557132335790 91
100557193879792 23
100557193916287 66
100557193923971 23
100557193930812 66
100557193937703 91
100557321825092 23
100557321856314 66
100557321863848 91
100557388724203 91
100557388755053 23
100557388762574 66
100557455878139 91
100557455912888 23
100557523012313 66
100557523042894 23
100557523050337 66
100557523057982 91
100557601423815 91
100557656950209 23
100557656983308 66
100557656990980 23
100557656997911 66
100557733353107 91
100557795640219 23
100557795675782 66
100557795683386 91
100557858309525 23
100557858340816 66
100557858348251 91
100557925487085 23
100557925519315 66
100557925527311 91
100557992279146 23
100558059456145 66
100558059500494 91
100558126470385 23
100558126534451 66
100558126542362 91
100558200433656 91
100558267803515 23
100558267838887 66
100558267846501 23
100558267853633 66
100558346433674 91
100558402555818 23
100558402600367 66
100558402609308 91
100558470164622 23
100558470202372 66
100558470210014 91
100558537451159 91
100558600462650 23
100558600498173 66
100558600505523 23
100558662988322 66
100558663023976 91
100558663031291 23
100558730165677 66
100558730208636 91
100558797192334 23
100558797226224 66
100558797234079 91
100558864350541 23
100558864384861 66
100558931234185 91
100558998318076 23
100558998351575 66
100558998358837 91
100559072151662 91
100559072180672 23
100559072187974 66
100559132468574 91
100559132500080 91
100559132507543 23
100559199499011 66
100559199539104 91
100559199549114 23
100559199556110 66
100559266672502 91
100559266704104 23
100559266711859 66
100559344534208 23
100559344567241 66
100559344575182 23
100559344582287 66
100559400727989 91
100559467734298 23
100559467770364 23
100559467777712 66
100559467784821 91
100559542399895 23
100559542434275 66
100559542442032 91
100559609793658 23
100559609823849 66
100559677243731 91
100559736101501 91
100559736133281 23
100559736140719 66
100559803261123 23
100559803343481 66
100559803352074 91
100559870109938 23
100559870142281 66
100559870149838 91
100559937313404 23
100559937345069 66
100559937353034 91
100560004490519 91
100560004524435 23
100560071386457 66
100560071429133 23
100560071436491 66
100560071443505 91
100560138363461 91
100560138394959 23
100560205482917 66
100560205516209 23
100560205523833 66
100560205530931 91
100560346779236 23
100560346810998 66
100560346818698 91
100560425765020 91
100560425799589 23
100560425807114 66
100560483694678 91
100560483724814 23
100560483732581 66
100560483739780 91
100560548934934 23
100560548969155 66
100560548976511 91
100560616278617 23
100560616306313 66
100560616313862 23
100560616321981 66
100560675056854 91
100560742035506 91
100560742076104 23
100560742083731 66
100560742090924 91
100560809209624 23
100560809242168 66
100560876188989 23
100560876215663 66
100560876223011 91
100560943226207 23
100560943258787 66
100560943266314 91
100561010244440 91
100561010281631 23
100561010289073 23
100561077595837 66
100561077645855 91
100561077653378 23
100561077660613 66
100561144344478 91
100561144372741 23
100561144380166 66
100561218490119 91
100561218523830 23
100561218534521 66
100561285920116 23
100561285950499 66
100561285957885 91
100561353341122 23
100561353379497 66
100561353387358 91
100561420623585 23
100561420658579 66
100561487992466 91
100561488022294 91
100561546940280 23
100561546973905 66
100561546981574 91
100561614012519 23
100561614049583 66
100561614057561 91
100561614064696 23
100561680998478 66
100561681030451 23
100561681038123 66
100561748024721 91
100561815080624 23
100561882186969 66
100561882219613 91
100561949190526 23
100561949219623 66
100561949227039 91
100562016326076 23
100562016359262 66
100562016367147 91
100562090293994 23
100562090335248 66
100562090342718 91
100562157570970 23
100562233331205 66
100562233386348 91
100562233394883 91
100562292386812 23
100562292423888 66
100562292431495 23
100562292438429 66
100562359765927 91
100562427159367 23
100562427194075 91
100562427201526 23
100562427208544 66
100562485887349 23
100562485922828 91
100562485930665 23
100562552871681 66
100562552905605 23
100562552913021 66
100562619937906 91
100562619971716 91
100562686862241 23
100562686893830 23
100562686901399 66
100562686908357 91
100562754074634 23
100562754107689 66
100562754115152 23
100562754122164 66
100562821172869 91
100562821206642 23
100562888872878 66
100562888907793 91
100562961927800 23
100562961962985 66
100562961970856 91
100563029293300 23
100563029327463 66
100563029335111 91
100563096673528 23
100563096706961 66
100563164052277 91
100563231401267 91
100563231435708 23
100563231443379 66
100563298815117 91
100563298850994 23
100563298858646 66
100563357587089 23
100563357618315 66
100563357625878 91
100563424986400 91
100563425026088 23
100563425033400 66
100563491787595 23
100563491817924 23
100563491825463 91
100563491832544 23
100563569416971 66
100563569447017 91
100563569455173 23
100563625842265 66
100563625873862 91
100563625881152 23
100563625888083 66
100563693208632 23
100563693265773 66
100563693273155 91
100563771438619 23
100563771471887 66
100563834439133 91
100563894172185 91
100563894203884 23
100563894211299 66
100563894218186 23
100563961225676 66
100563961259747 91
100564038649635 23
100564038680419 66
100564038687871 91
100564095320452 23
100564095352728 66
100564162506430 91
100564235169739 23
100564235203542 66
100564235211073 91
100564296500150 91
100564296532350 23
100564363519564 66
100564363555435 91
100564363563439 23
100564442008243 66
100564442053178 91
100564442060542 23
100564442067455 66
100564497761048 23
100564497789678 66
100564497797161 91
100564564770755 23
100564564797423 66
100564631859081 91
100564698953642 91
100564698985080 23
100564698992649 66
100564698999551 23
100564699006965 91
100564766028427 23
100564766060796 23
100564766068182 66
100564766075204 23
100564833069072 66
100564833104422 91
100564833111629 23
100564911086044 66
100564911121174 91
100564967312009 23
100564967344116 66
100565034213189 91
100565034244178 91
100565101414764 23
100565101444723 66
100565168411171 23
100565168444385 66
100565168451719 91
100565235466204 23
100565235502106 23
100565235509775 91
100565314595204 23
100565314627656 66
100565314635179 91
100565369762156 23
100565369794835 66
100565369802358 23
100565369809456 66
100565446320120 91
100565511311081 91
100565511347288 23
100565511354646 66
100565581623410 91
100565581654226 23
100565581661873 66
100565637944440 23
100565637974838 91
100565637982417 23
100565637989494 66
100565704926533 23
100565704957787 66
100565704965055 91
100565793572604 91
100565793630796 23
100565793642580 66
100565793649674 23
100565839125108 66
100565839153725 91
100565912034752 23
100565912065794 66
100565912073351 91
100565992219630 91
100565992253662 23
100565992260914 66
100566040405496 91
100566040438697 23
100566040446419 66
100566116759621 23
100566116791984 66
100566116800372 91
100566174316541 91
100566174347873 23
100566241512945 66
100566241543395 91
100566241550669 23
100566308785085 66
100566308830939 91
100566375473315 23
100566375502701 66
100566375538558 23
100566375546871 66
100566375553821 91
100566442650261 91
100566520094049 23
100566520124527 66
100566520132233 91
100566576733579 23
100566576769887 66
100566576777539 91
100566643894148 23
100566643931023 66
100566643938650 91
100566720010300 23
100566720053408 66
100566720060929 91
100566720067961 23
100566778010741 66
100566778043327 91
100566778050904 23
100566778058278 66
100566857398819 23
100566857435651 66
100566857443508 91
100566912261546 91
100566989262819 23
100566989301382 66
100567046357450 23
100567046393179 91
100567046400850 23
100567046407780 66
100567113431173 23
100567113469584 66
100567113477403 91
100567180409396 91
100567247444662 23
100567247479139 23
100567247486723 66
100567247493678 91
100567247500676 23
100567314498523 23
100567314538236 66
100567314548885 91
100567314557868 23
100567392635226 66
100567392666017 91
100567392673647 23
100567448578101 66
100567448612194 23
100567448619502 66
100567448626862 91
100567515679783 23
100567515723061 66
100567591366455 91
100567591516671 23
100567650135924 66
100567650201843 91
100567716906480 91
100567716938978 23
100567795795911 66
100567795837285 23
100567795844706 66
100567795851581 91
100567851135519 23
100567851167830 66
100567928048057 91
100567991928034 23
100567991962708 66
100567991970283 91
100568052403389 23
100568052434817 66
100568052442205 91
100568128966963 23
100568129006194 66
100568186377467 91
100568253428062 23
100568253462102 66
100568253469603 91
100568331009299 91
100568331053353 23
100568331061007 91
100568331067892 66
100568387708291 23
100568387739437 66
100568387746793 91
100568454943148 23
100568454973338 66
100568454980863 23
100568532202043 66
100568532231606 91
100568597596813 23
100568597632529 66
100568597640050 91
100568655857928 91
100568734246247 23
100568734284377 66
100568789907166 23
100568789936081 66
100568789943819 91
100568857205228 23
100568857240964 66
100568857248375 91
100568935499087 23
100568935529505 66
100568935537239 91
100569058177801 91
100569058207742 23
100569058215627 66
100569137396012 91
100569137428204 23
100569137436389 66
100569137443439 91
100569192420540 23
100569192454965 66
100569259423007 91
100569259453011 23
100569259460435 66
100569326407075 23
100569326435514 66
100569326442842 91
100569393681503 91
100569393711625 23
100569393719295 66
100569460632415 91
100569460661984 23
100569460669719 66
100569460676646 91
100569538520623 23
100569538555243 66
100569594648773 23
100569594680734 66
100569594688377 91
100569594695281 91
100569661848369 23
100569661878521 66
100569661886237 91
100569728872425 23
100569728907343 66
100569802787598 23
100569802819540 23
100569802828031 66
100569870126546 91
100569937531272 23
100569937564902 66
100569937572489 91
100570004972945 23
100570005013694 66
100570005021116 91
100570072321226 23
100570072360625 66
100570139640677 91
100570139673563 23
100570198537733 66
100570198569243 91
100570265317035 23
100570265348807 66
100570265356583 91
100570332508122 91
100570332554244 23
100570332563000 66
100570399499609 23
100570399534227 66
100570399541514 91
100570466706092 91
100570466736351 23
100570466743646 66
100570533557263 23
100570533584186 66
