100578658604979 91
100578715648227 91
100578715674161 23
100578782805447 66
100578782841068 91
100578782848444 23
100578782855416 66
100578860825745 91
100578860856147 23
100578860863637 66
100578860870945 23
100578916990529 66
100578917042802 91
100578917050615 91
100578984004826 23
100578984036214 66
100578984043795 91
100579052076864 23
100579052126603 66
100579127853817 91
100579127891827 23
100579127899579 66
100579185091853 91
100579185121480 23
100579185128963 66
100579252295289 91
100579252336343 23
100579252344011 66
100579330792154 23
100579330822481 66
100579330830163 91
100579386253737 91
100579386288150 23
100579460948198 66
100579460981180 23
100579460988742 66
100579460995547 91
100579587803125 91
100579587842275 23
100579587849663 66
100579654574311 23
100579654611367 66
100579654618946 91
100579733135242 91
100579733169832 23
100579788721722 66
100579788752395 91
100579863894528 23
100579863930556 66
100579863938061 23
100579863945007 66
100579922869989 91
100580008448319 91
100580008498375 23
100580008506397 66
100580066280450 23
100580066315267 66
100580066322847 91
100580136332120 23
100580136362875 66
100580136370473 91
100580191166811 23
100580191197474 91
100580258342866 23
100580258378978 66
100580258386586 91
100580325201491 23
100580325233556 23
100580325241188 66
100580325248196 91
100580392214106 23
100580392246898 66
100580392254537 91
100580459424472 23
100580459454769 66
100580459462328 91
100580459469264 23
100580459476779 66
100580526532329 23
100580526566868 66
100580526574733 91
100580605531958 91
100580660842794 23
100580660875173 66
100580660882545 91
100580727669613 23
100580727699932 66
100580727707445 23
100580727714475 66
100580727721401 91
100580806861784 23
100580806894141 66
100580861711281 91
100580861740838 91
100580938783601 23
100580938819262 66
100580938826868 91
100580938833912 23
100580996142114 66
100580996171166 91
100580996179242 91
100581062907554 23
100581062937558 66
100581062945236 91
100581147439985 23
100581147596509 66
100581147604610 91
100581147613120 23
100581197067394 66
100581197097122 91
100581264208186 23
100581264237624 66
100581264245322 23
100581264252398 66
100581264259354 91
100581341981991 23
100581342009871 66
100581342017539 23
100581342024659 66
100581399632708 91
100581465337725 91
100581465374739 23
100581465383187 66
100581553209093 91
100581553243890 23
100581553251695 66
100581553258512 23
100581599586415 66
100581599614566 91
100581667672685 23
100581667701896 66
100581667709578 91
100581745575655 23
100581745606950 66
100581745614390 91
100581800719863 91
100581877130801 23
100581877162890 66
100581877170568 91
100581934870536 23
100581934902113 66
100581934909790 23
100582001997861 66
100582002031052 91
100582069231911 91
100582069266400 23
100582069274366 66
100582136093540 23
100582136124855 66
100582136132561 91
100582214464693 91
100582214497060 23
100582270104442 66
100582270134649 91
100582270141949 23
100582270148993 66
100582337272094 91
100582337305889 23
100582415754740 66
100582415785866 91
100582415793222 23
100582471355742 66
100582471385701 91
100582471393224 23
100582471400391 66
100582547672202 23
100582547703676 66
100582547711696 91
100582617798009 23
100582617841881 66
100582672613967 91
100582749662267 23
100582749693777 91
100582749701147 23
100582749708183 66
100582812576758 23
100582812608461 66
100582812615982 91
100582885018521 23
100582885063828 66
100582940709739 91
100583007903135 91
100583007937401 23
100583007944912 66
100583007951859 91
100583087024640 23
100583087059553 66
100583087067084 91
100583087073992 23
100583142389080 66
100583142434996 91
100583142442584 23
100583208997679 66
100583209024733 23
100583209032152 66
100583276077124 91
100583276116806 23
100583354226835 66
100583354262698 91
100583410330645 91
100583410361837 23
100583410369328 66
100583477394969 91
100583477430549 23
100583477438432 66
100583556272108 91
100583556304398 23
100583611559266 66
100583611593277 91
100583611600621 23
100583611607506 66
100583678549351 23
100583678577989 66
100583678585339 91
100583745665112 23
100583745696670 66
100583745704139 91
100583812586091 91
100583812620749 23
100583812628453 66
100583879851760 91
100583879884693 23
100583879892085 66
100583946808726 91
100583946836869 23
100583946844504 66
100584020633860 23
100584020669739 91
100584020677308 23
100584020684318 66
100584087920440 23
100584087952059 66
100584087959866 91
100584155456434 23
100584155508371 66
100584155515948 91
100584222688483 23
100584222717954 66
100584290094221 91
100584290126379 91
100584357439620 23
100584357472433 66
100584357480127 91
100584357487170 23
100584416300969 66
100584416333879 91
100584416341154 23
100584416348124 66
100584483273169 23
100584483302486 66
100584483310241 91
100584550304280 91
100584617503564 23
100584617536011 66
100584617543528 23
100584684638381 66
100584684673210 91
100584751640295 91
100584751670960 23
100584818622664 66
100584818655167 23
100584818662572 66
100584818669397 91
100584885696690 23
100584885757039 66
100584885767850 91
100584959668156 91
100584959699847 23
100585027039925 66
100585027072966 91
100585027080427 23
100585094462029 66
100585094505662 91
100585094512986 23
100585094519907 66
100585161871994 91
100585161900865 23
100585161908298 66
100585229221672 23
100585229251721 66
100585229259041 91
100585288096980 91
100585288127925 23
100585288135325 66
100585355167914 91
100585355198328 23
100585355206131 66
100585422355596 23
100585422383813 66
100585422391387 91
100585489313975 23
100585489341183 66
100585489348660 91
100585565399508 91
100585623507582 23
100585623542504 66
100585623550093 91
100585623557010 23
100585623564000 66
100585690559182 23
100585690593066 66
100585690600460 91
100585757556687 91
100585831391880 23
100585831422228 23
100585831429807 66
100585831436920 91
100585831443902 23
100585898813493 66
100585898843681 23
100585898851311 91
100585898858307 23
100585966156176 66
100585966189360 23
100585966196873 66
100586033511805 91
100586100919725 91
100586100952764 23
100586100961148 66
100586168297511 23
100586168329963 66
100586168337315 91
100586227138717 23
100586227169961 66
100586227177472 91
100586294077219 91
100586294108189 23
100586294115964 23
100586361147399 66
100586361178623 91
100586361186235 23
100586361193416 66
100586428226307 91
100586428257682 23
100586428265277 23
100586428272139 66
100586495442429 91
100586495488569 23
100586495496001 66
100586562289339 91
100586562320167 23
100586562328097 66
100586562335322 91
100586635715650 91
100586635745764 23
100586703141692 66
100586703175406 91
100586703183316 23
100586703190352 66
100586703197402 91
100586770520924 23
100586770557229 66
100586770564879 91
100586837833644 23
100586837865524 66
100586905244869 91
100586905276568 23
100586905283971 66
100586972628529 23
100586972660226 66
100586972667777 23
100587040125152 66
100587040181031 91
100587098843640 91
100587098872402 23
100587098879899 66
100587165896197 23
100587165926179 66
100587165933806 91
100587233094397 23
100587233124262 66
100587233131704 91
100587299974127 23
100587300007113 66
100587300014604 91
100587367162104 23
100587367194031 66
100587367201805 91
100587501217590 91
100587501250211 23
100587501257997 66
100587568256214 91
100587568315380 23
100587568323141 23
100587568330211 66
100587642198266 91
100587642227172 23
100587642234928 66
100587709602316 23
100587709633776 66
100587709641494 91
100587777059059 91
100587844338276 23
100587844366393 66
100587844373797 91
100587911818176 23
100587911853507 66
100587979128524 91
100587979161712 23
100587979169150 66
100587979176315 91
100588037892749 23
100588037922619 66
100588037930490 91
100588037937639 23
100588105189743 66
100588105245463 91
100588105253680 23
100588105260759 66
100588172060854 23
100588172099207 66
100588172107325 91
100588239002391 23
100588239040450 66
100588239047957 91
100588306258000 23
100588306292530 66
100588306300194 91
100588440248303 91
100588440283233 23
100588440290822 66
100588513930446 23
100588513964927 66
100588513972575 91
100588581402561 23
100588581441829 66
100588581449457 91
100588648695872 91
100588716062778 23
100588716097764 66
100588716105267 91
100588716112046 23
100588783501398 66
100588783536892 91
100588783544508 23
100588783551641 66
100588859725132 23
100588859760856 66
100588859768405 91
100588909662424 91
100588909693019 23
100588976797052 66
100588976824956 91
100588976832654 23
100588976839690 91
100589044008180 23
100589044039086 66
100589044046342 91
100589111056258 23
100589111093533 66
100589111101398 23
100589177925576 66
100589177964637 91
100589177972494 91
100589244905631 23
100589244939458 66
100589244946961 91
100589312107858 23
100589312138191 66
100589379526294 23
100589379580691 66
100589379588401 91
100589379595453 23
100589379602286 66
100589446087964 91
100589446116015 23
100589446123236 66
100589520393339 23
100589520427888 66
100589520435602 91
100589587763219 23
100589587796178 66
100589587803882 91
100589655149842 23
100589732381415 66
100589732422248 91
100589781483854 91
100589781516575 23
100589781524072 66
100589781531193 91
100589848567866 23
100589848597672 66
100589848605957 23
100589848612951 66
100589915594533 91
100589997369591 91
100589997409650 23
100590049772569 66
100590049803570 23
100590049811137 66
100590049818177 91
100590116845666 91
100590183999041 23
100590184029065 91
100590184036704 66
100590184043904 23
100590251132917 66
100590251168350 91
100590251176130 23
100590251183179 66
100590318009624 23
100590318045227 66
100590318052561 91
100590392224734 23
100590392258867 66
100590392266320 91
100590459492246 23
100590459520419 66
100590526878943 91
100590594242815 23
100590594274649 66
100590594282033 91
100590661631107 23
100590661665621 66
100590661673190 91
100590720468966 23
100590720494950 66
100590720502485 91
100590787481599 23
100590787511309 66
100590787518824 91
100590854742390 23
100590921584813 66
100590921619053 91
100590988786171 23
100590988817546 66
100590988824733 91
100591055788875 23
100591055820048 66
100591122830770 91
100591204009364 91
100591204045784 23
100591204053325 23
100591204060329 23
100591263834379 66
100591263867480 91
100591263874923 23
100591331291800 66
100591331323050 91
100591331330330 23
100591331337368 23
100591398566183 66
100591398597429 91
100591398604924 23
100591466029652 66
100591466074947 91
100591466082241 23
100591533341850 66
100591533374214 23
100591533381661 66
100591533388528 91
100591592300792 91
100591659382178 23
100591659416595 66
100591659424236 91
100591726562517 23
100591726610414 66
100591726618676 91
100591793468149 23
100591793502724 66
100591793510356 91
100591860499479 23
100591860533851 66
100591860541396 91
100591927519828 23
100591927549027 66
100591994726617 23
100591994761603 66
100591994769309 91
100592061784766 91
100592061818712 23
100592061826282 66
100592135527344 91
100592135560705 23
100592202970221 66
100592203007000 91
100592203014814 23
100592270290503 66
100592270320068 91
100592270327589 23
100592270334619 66
100592337704914 23
100592337739725 66
100592405097352 91
100592472554477 91
100592472590422 23
100592472597977 66
100592531277129 91
100592531306804 23
100592531314388 66
100592598514058 91
100592598583509 23
100592598592072 91
100592598599035 66
100592665344454 23
100592665375362 66
100592665383115 91
100592733091236 23
100592733132923 66
100592733140600 23
100592799454197 66
100592799483865 91
100592866485564 23
100592866517219 66
100592866524842 91
100592933729712 23
100592933763044 66
100592933770563 91
100593000899232 23
100593000932830 66
100593074667179 91
100593074700244 23
100593142024017 66
100593142055748 91
100593209472137 91
100593209501660 23
100593209508941 66
100593276789986 23
100593276823691 66
100593276831246 91
100593344159095 91
100593403043421 23
100593403073026 66
100593403080581 23
100593470371428 66
100593470402023 91
100593537314882 23
100593537349769 91
100593537357494 23
100593537364717 66
100593604516719 23
100593604547325 66
100593604555345 91
100593671276726 23
100593671308389 66
100593738418117 91
100593738459005 23
100593805465976 66
100593805499375 91
100593872480023 91
100593872512547 23
100593872519935 23
100593872527046 66
100593946362069 23
100593946395095 66
100593946402723 91
100594013762417 23
100594013789281 66
100594081158641 91
100594081188429 23
100594081196085 66
100594158665358 91
100594215889650 23
100594215922842 66
100594215930622 91
100594283440095 23
100594283473689 66
100594283481348 91
100594342037944 23
100594342065887 66
100594342073217 91
100594420238570 23
100594420277625 66
100594476022858 91
100594556877675 23
100594556915467 66
100594556922958 91
100594610230875 23
100594610258032 66
100594610265464 91
100594677343421 91
100594677377451 23
100594677384916 66
100594750707044 91
100594750738879 23
100594750746503 66
100594818082902 23
100594818116271 66
100594818123804 91
100594878463227 23
100594878491573 66
100594878499321 91
100594945502933 23
100594945536650 66
100595012695251 91
100595090335628 91
100595146724794 23
100595146753140 66
100595146760792 91
100595220987364 23
100595221018154 66
100595221025793 91
100595280845957 23
100595280877507 66
100595280884658 23
100595280891596 66
100595280898585 91
100595348001090 91
100595415153828 23
100595415183363 66
100595415190763 91
100595493482821 23
100595493513355 66
100595493520743 23
100595493527775 66
100595549299225 91
100595549336591 91
100595632186433 23
100595632220829 66
100595632228529 91
100595683524167 23
100595683557423 66
100595683565294 91
100595683572379 23
100595750487434 66
100595750519671 23
100595750527240 66
100595817415651 91
100595817445997 91
100595896876681 23
100595896934801 66
100595896945251 91
100595951689900 23
100595951731099 66
100595951742120 91
100596024684926 23
100596024718118 66
100596024725808 91
100596085672126 23
100596085707336 66
100596085714597 91
100596085721484 23
100596152849243 66
100596152883380 91
100596152891309 23
100596219850105 66
100596219882291 23
100596219890300 66
100596286949576 91
100596432011164 23
100596432051021 66
100596432058436 91
100596488262715 23
100596488294845 66
100596488302360 91
100596555107839 23
100596555140269 66
100596555147830 91
100596633285639 91
100596633315591 23
100596689494143 66
100596689523770 91
100596689531504 23
100596756730418 66
100596835146237 23
100596835178328 66
100596835186175 91
100596895773480 91
100596895806314 23
100596895813744 66
100596957636899 23
100596957671173 66
100596957678817 91
100597024618242 91
100597024647962 23
100597102400528 23
100597102433957 66
100597102441923 23
100597102448955 66
100597102455912 91
100597158738439 91
100597158771490 23
100597158779105 66
100597225850269 23
100597225889379 66
