28570835405064 0
28570909497689 23
28570910004203 66
28570910308639 0
28571020641482 23
28571020705717 0
28571020724772 23
28571020742849 66
28571020760210 23
28571020777544 0
28571037597711 23
28571037619626 66
28571037637015 0
28571037654238 23
28571037671207 66
28571037688131 0
28571037704994 23
28571104980324 66
28571105020681 0
28571105039104 23
28571105056313 66
28571105073380 0
28571105091443 23
28571163965325 66
28571164014502 23
28571164032686 0
28571164050345 23
28571164067141 66
28571230834358 0
28571230882354 23
28571230901009 66
28571230918803 0
28571230936138 23
28571230953324 66
28571297942676 23
28571297984145 0
28571298002363 23
28571298019596 66
28571298036203 0
28571298053085 23
28571298069929 66
28571365444781 23
28571365898214 66
28571366134785 0
28571455214561 23
28571455267501 0
28571455286500 23
28571455303592 66
28571455320862 23
28571455338636 0
28571507149709 23
28571507195052 66
28571507213477 0
28571507231265 23
28571507248842 66
28571507265990 0
28571574549304 23
28571574591917 66
28571574610029 0
28571574627185 23
28571574643816 66
28571656510704 23
28571656558101 66
28571656576446 0
28571707739348 23
28571707788613 0
28571707807107 23
28571707824164 66
28571707840966 23
28571707857893 0
28571707874566 23
28571767376365 66
28571767410298 0
28571767428951 23
28571767447008 66
28571767464854 0
28571767484601 23
28571843939508 66
28571843987844 0
28571844006372 23
28571844023617 66
28571844041433 0
28571844058412 23
28571928156959 66
28571928223817 23
28571928242938 0
28571928260784 23
28571928278383 66
28572003333016 0
28572003388196 23
28572003406917 66
28572003424133 0
28572003441130 23
28572003458039 66
28572036523774 23
28572036554463 0
28572036572643 23
28572036590557 66
28572036607923 0
28572036625171 23
28572036642239 66
28572113552757 23
28572113598090 66
28572113617113 0
28572214486512 23
28572214538915 0
28572214557678 23
28572214576361 66
28572214593499 23
28572214610575 0
28572273021157 23
28572273078312 66
28572273097174 0
28572273114491 23
28572273132614 66
28572273149161 0
28572311482271 23
28572311514006 23
28572311532271 66
28572311549425 0
28572311566688 23
28572311583866 66
28572433495954 0
28572433547195 23
28572433566363 66
28572433583840 0
28572433601916 23
28572433635693 66
28572465045276 0
28572465076205 23
28572465095097 66
28572465112937 0
28572465130710 23
28572465148067 66
28572549417288 23
28572549475506 0
28572549494117 23
28572549511516 66
28572549528310 0
28572549545261 23
28572585071583 66
28572585104638 0
28572585123509 23
28572585140774 66
28572585157795 23
28572585174730 0
28572667189536 23
28572667239880 66
28572667258249 0
28572667276382 23
28572667293534 66
28572667310340 0
28572706342103 23
28572706380541 66
28572706398815 0
28572706416261 23
28572706433431 66
28572797335262 23
28572797379988 0
28572797398208 23
28572797415273 66
28572797431971 0
28572797448875 23
28572797465776 66
28572840485682 0
28572840738597 23
28572840959379 66
28572841177736 23
28572841395563 0
28572841613396 23
28572942621024 66
28572942668391 0
28572942686625 23
28572942703940 66
28572942720774 0
28572942737615 23
28572974589505 66
28572974625048 23
28572974642848 66
28572974660008 0
28573048514462 23
28573048554863 0
28573048573014 23
28573048590619 66
28573138883110 23
28573138929213 0
28573138948033 23
28573138966191 66
28573138983441 0
28573139000509 23
28573139017552 66
28573239928327 0
28573239979160 23
28573239998192 66
28573240015904 0
28573240033337 23
28573240051803 66
28573250577624 23
28573250606363 0
28573250623844 23
28573250641417 66
28573250658444 0
28573250675833 23
28573250692957 66
28573355845793 0
28573355891703 23
28573355910225 66
28573355927508 0
28573355944658 23
28573406282587 66
28573406337465 23
28573406357063 0
28573406375118 66
28573406392386 23
28573406410355 0
28573482720127 23
28573482775491 66
28573482794023 0
28573482811485 23
28573482828373 66
28573524207958 0
28573524255170 23
28573524274171 66
28573524291866 23
28573524309203 0
28573524326630 23
28573581940951 66
28573581980151 0
28573581999101 23
28573582016205 66
28573582033033 0
28573582049743 23
28573582066573 66
28573675778449 0
28573675832866 23
28573675851979 66
28573675870063 23
28573675887891 0
28573675907231 23
28573760005450 66
28573760056605 0
28573760074911 23
28573760092051 66
28573760108594 0
28573760125305 23
28573789330906 66
28573789370517 23
28573789468533 0
28573789487875 23
28573789505768 66
28573789523592 0
28573846372183 23
28573846409719 66
28573846428458 0
28573846446294 23
28573846463615 66
28573945303513 0
28573945351736 23
28573945371358 66
28573945389162 23
28573945406563 0
28573945423685 23
28573987559002 66
28573987590688 0
28573987609501 23
28573987627790 66
28573987645060 0
28573987662419 23
28573987679505 66
28574077919474 23
28574077972964 0
28574077991950 23
28574078009816 66
28574078027328 0
28574078044561 23
28574143215038 66
28574143264058 0
28574143283400 23
28574143301453 66
28574143319014 0
28574143336548 23
28574212828283 66
28574212876650 23
28574212894872 0
28574212911954 23
28574212928880 66
28574212946129 0
28574281173864 23
28574281486420 66
28574281709424 0
28574281929033 23
28574282185768 66
28574321593636 23
28574321636038 0
28574321654866 23
28574321671977 66
28574321688888 0
28574321705827 23
28574321722645 66
28574412706561 0
28574412757782 23
28574412776794 66
28574412794256 0
28574412811370 23
28574412828122 66
28574473420088 23
28574473461637 0
28574473479950 23
28574473497518 66
28574473514406 0
28574473531355 23
28574520741109 66
28574520782138 0
28574520800716 23
28574520818101 66
28574520835454 23
28574520852387 0
28574616990244 23
28574617034974 66
28574617056278 0
28574617074301 23
28574617091964 66
28574667478104 0
28574667520903 23
28574667539117 66
28574667556398 23
28574667573701 0
28574667591070 66
28574785422368 23
28574785471641 0
28574785491853 23
28574785509904 66
28574785527251 0
28574785544443 23
28574785561485 66
28574785578568 23
28574785595604 66
28574785612832 0
28574859505792 23
28574859552426 0
28574859571008 23
28574859588110 66
28574859604835 23
28574859621676 0
28574947552988 23
28574947608266 66
28574947627327 0
28574947645334 23
28574947662607 66
28574947679857 0
28575001893962 23
28575001945328 66
28575001963916 0
28575001981317 23
28575001998270 66
28575053830860 0
28575054230178 23
28575054454343 23
28575054674590 66
28575054989083 0
28575055313575 23
28575055534582 66
28575162383713 0
28575162438562 23
28575162457490 66
28575162474638 0
28575162491758 23
28575162508469 66
28575219006942 23
28575219056376 0
28575219075321 23
28575219199742 66
28575219218056 0
28575219235653 23
28575271834711 66
28575271887181 0
28575271905775 23
28575271923219 66
28575271940113 23
28575271956955 0
28575356049573 66
28575356107166 23
28575356126208 0
28575356161506 23
28575356179282 66
28575356196490 0
28575430649798 23
28575430702042 66
28575430720874 0
28575430738243 23
28575430755308 66
28575490810000 23
28575490863602 0
28575490882299 23
28575490899922 66
28575490917344 0
28575490934560 23
28575490951780 66
28575561941651 23
28575561998516 23
28575562017426 66
