15298793242529 0
15298867358783 0
15298867861520 23
15298959623972 66
15298959668392 0
15298994407176 23
15298994434832 0
15298994453468 23
15298994472197 66
15299061641602 23
15299061681933 66
15299061700406 0
15299061717993 23
15299144939874 66
15299144983870 0
15299206870238 23
15299206902368 0
15299206920988 23
15299206938152 66
15299267565080 0
15299267607186 0
15299267625722 23
15299364126570 66
15299364175483 0
15299429256799 0
15299429303246 23
15299429323602 14
15299429341603 66
15299429358840 0
15299471371239 23
15299471395378 23
15299471414218 14
15299563972450 66
15299564043846 23
15299564062507 0
15299564081884 23
15299624949120 0
15299624989920 23
15299625008075 14
15299625025422 0
15299698683858 23
15299698734399 14
15299698753538 0
15299732334433 23
15299732364537 14
15299732382757 66
15299732400024 23
15299732417260 66
15299799446528 23
15299799480865 66
15299799499250 0
15299883966751 0
15299884013534 23
15299974184167 66
15299974226389 0
15300019146887 23
15300019414408 23
15300019636109 66
15300130869104 23
15300130926103 0
15300130944893 23
15300130962141 0
15300134593532 23
15300134615948 0
15300134633376 23
15300134650282 66
15300237816148 0
15300237860437 23
15300237879015 66
15300275735017 0
15300275765805 0
15300275784031 23
15300355621720 14
15300355664630 66
15300355683686 0
15300355701846 23
15300420908441 66
15300420941991 0
15300488292996 23
15300488334441 0
15300488352617 23
15300488370720 14
15300488387466 66
15300572467897 0
15300572517847 23
15300572536413 66
15300613576295 0
15300613616951 0
15300613635191 23
15300613653114 14
15300671328543 66
15300671365221 0
15300671383976 23
15300769668675 66
15300769716263 0
15300769877607 23
15300842189844 66
15300842251152 0
15300909405113 23
15300909454097 0
15300909472550 14
15300909489590 23
15300909506430 14
15300939532473 0
15300939562893 23
15300939580966 14
15300939598155 66
15301032123012 23
15301032167038 66
15301032185262 23
15301073524343 66
15301073553618 0
15301150122000 0
15301150161872 23
15301150180249 66
15301214795264 0
15301214826263 23
15301214844730 66
15301214862238 0
15301284961578 23
15301285002381 0
15301285020993 23
15301349585174 66
15301349624339 0
15301349642568 23
15301429495259 66
15301429540310 0
15301497376978 23
15301497696047 0
15301497922170 23
15301498143170 66
15301549633994 0
15301549677891 0
15301549696457 23
15301549714142 14
15301631610451 66
15301631655061 0
15301704442250 0
15301704484836 23
15301704503160 14
15301704520206 66
15301704537012 0
15301766344970 0
15301766391595 23
15301766410139 14
15301766427397 66
15301848574761 0
15301848623197 0
15301848641725 23
15301878275604 14
15301878301657 66
15301878319903 0
15301983231053 0
15301983272627 23
15301983291120 14
15301983308655 66
15301983325199 0
15302012483721 0
15302012512262 23
15302012530464 14
15302106223813 66
15302106267607 23
15302106286191 0
15302167704545 23
15302167768744 14
15302167787292 0
15302224908664 23
15302224950292 14
15302224968629 0
15302224985821 23
15302225003432 14
15302288730889 0
15302289089655 23
15302289313091 14
15302289533455 0
15302404378283 23
15302404431549 14
15302404450155 66
15302404467145 23
15302414943892 66
15302414968884 23
15302414987354 66
15302539131956 0
15302539187020 0
15302549027538 23
15302549050262 66
15302549068104 0
15302654937357 23
15302654981332 0
15302654999876 23
15302705431084 66
15302705464542 0
15302789674972 23
15302789728066 0
15302789746702 66
15302789763840 0
15302817516307 0
15302817554317 23
15302817572967 14
15302817590469 66
15302884656733 0
15302884691081 0
15302884708843 23
15302884726270 14
15302954943600 66
15302955193287 0
15303059270108 0
15303059320590 23
15303059339001 14
15303059356065 66
15303059373026 0
15303103889854 0
15303103925835 23
15303103944405 14
15303193972924 66
15303194022946 0
15303194045294 0
15303244510052 23
15303244548578 14
15303244567327 66
15303244585153 0
15303328734368 23
15303328778588 0
15303328797466 23
15303328815445 14
15303328832651 66
15303377191876 0
15303377230030 23
15303444550713 66
15303444594332 0
15303444612826 23
15303491976411 66
15303492013755 0
15303492031440 23
15303554943841 0
15303554983421 23
15303555001589 14
15303555018649 66
15303555035581 0
15303622308675 23
15303622345954 66
15303622364399 0
15303726173707 23
15303726220145 0
15303726238687 23
15303726256012 14
15303726272798 66
15303769699714 0
15303770095254 23
15303830062268 66
15303830102076 0
15303830121304 0
15303830138719 23
15303933051357 14
15303933100020 66
15303933118553 0
15304005203375 23
15304005255577 66
15304005275036 0
15304067825876 0
15304067870173 23
15304067889584 14
15304067907208 66
15304099463112 0
15304099487545 23
15304099505325 66
15304183615305 0
15304183655650 23
15304183674685 0
15304183692575 14
15304225593086 66
15304225621887 0
15304225639970 23
15304318388741 66
15304318435987 0
15304379391261 23
15304379423218 0
15304379441603 23
15304379460416 14
15304379477711 66
15304434009924 0
15304434050172 23
15304434068911 66
15304506681450 0
15304506971712 23
15304507194845 66
15304507415217 0
15304621602475 23
15304621653674 0
15304621672075 23
15304621690050 14
15304633507096 66
15304633533641 0
15304633551616 23
15304695191271 66
15304695265400 0
15304787871631 0
15304787915063 23
15304787933834 14
15304787951855 66
15304787969892 0
15304864238525 23
15304864279057 66
15304864297323 0
15304924737558 23
15304924771514 0
15304924790092 14
15305006980976 23
15305007023286 14
15305007041462 0
15305007058513 23
15305007075476 14
15305038619970 66
15305038650171 23
15305038668962 66
15305132426152 23
15305132474243 66
15305132492282 0
15305179465043 0
15305179532010 23
15305236779414 66
15305236815637 0
15305236833988 23
15305299042499 66
15305299085609 0
15305377510687 23
15305377560043 0
15305377578343 23
15305377595246 66
15305377612060 0
15305432788510 23
15305432828744 66
15305432848945 0
15305533277300 23
15305533320710 66
15305567015588 23
15305567041595 66
15305567059740 23
15305663842597 66
