21251321308535 0
21251388967703 0
21251389311095 23
21251494662755 66
21251494714017 0
21251494732372 23
21251494749492 0
21251494766244 23
21251523503710 66
21251523527244 0
21251523545485 23
21251523562633 0
21251624405296 66
21251624454146 0
21251624472575 23
21251681035037 66
21251681082959 0
21251681101406 23
21251681118611 66
21251681135278 0
21251743625237 23
21251743917904 66
21251744140624 0
21251744360630 23
21251809981434 66
21251810032825 0
21251810051078 23
21251810068115 66
21251882891734 0
21251882936399 23
21251882955697 66
21251882973151 0
21251882990486 23
21251883007415 23
21251961476496 66
21251961526499 0
21251961545709 0
21251985271324 23
21251985298252 14
21251985316327 66
21251985333600 0
21252052466046 23
21252052493396 14
21252052511254 66
21252052529511 23
21252052546988 0
21252052564301 23
21252119433606 0
21252119467316 23
21252119485750 14
21252119502686 66
21252119519848 23
21252186421111 0
21252186452205 23
21252186470409 0
21252186487750 23
21252186505035 66
21252260469767 0
21252260509606 23
21252260529619 66
21252260547690 0
21252327845752 23
21252327887103 66
21252327906085 0
21252395237244 23
21252395282915 14
21252395301081 66
21252395318809 23
21252395336260 0
21252472132065 23
21252472442353 0
21252472665309 23
21252500160160 66
21252500186293 0
21252534664325 23
21252535103561 66
21252535356633 0
21252628533078 23
21252628587559 14
21252628605896 66
21252628623005 23
21252628640194 0
21252628657309 23
21252683569111 0
21252683605195 23
21252683623971 66
21252683641589 0
21252683658959 23
21252723026377 66
21252723060882 0
21252723080247 23
21252818310530 14
21252818362093 66
21252818380852 23
21252818398692 0
21252818416946 23
21252818434299 0
21252818451433 23
21252875129407 66
21252875159994 0
21252875178697 23
21252951016530 66
21252951061234 0
21252951079685 23
21252951097448 14
21252991214519 66
21252991245003 23
21252991262652 0
21252991280170 23
21252991297495 0
21252991314500 23
21253073306102 66
21253073361504 0
21253073379698 23
21253073396933 66
21253132230169 0
21253132278455 23
21253132298344 66
21253132316150 0
21253207603610 23
21253207642532 14
21253207661141 66
21253207678428 23
21253207861888 0
21253267244085 23
21253267601477 0
21253267823966 23
21253268045496 66
21253334409006 0
21253334452611 23
21253334470870 66
21253334487905 0
21253422613486 23
21253422654633 14
21253422673340 66
21253422691351 23
21253422708509 66
21253506838548 0
21253506885862 23
21253506904805 66
21253506922813 0
21253540533927 23
21253540565465 66
21253540583480 0
21253624764842 23
21253624812792 0
21253624831204 23
21253624848203 66
21253624865001 0
21253661867644 23
21253661895994 0
21253661914559 66
21253661932167 0
21253661949402 23
21253763418724 66
21253763464168 0
21253763482583 23
21253824785996 66
21253824836911 0
21253824856286 23
21253824874060 66
21253899551277 23
21253899594610 0
21253899612943 23
21253899630308 66
21253899647384 0
21253960888155 23
21253961301185 0
21253961322849 14
21253961340725 23
21253961357865 14
21253961375952 66
21254009964976 23
21254010392598 23
21254010498967 66
21254010517600 23
21254010624585 0
21254077950461 23
21254077994748 66
21254078012610 0
21254078029917 23
21254161691376 66
21254161740605 0
21254161759093 23
21254161776239 0
21254161792989 23
21254213668742 66
21254213709054 0
21254213727656 0
21254213745221 23
21254303355703 66
21254303403659 0
21254303422748 23
21254340755791 66
21254340783202 0
21254340801607 23
21254340819781 66
21254340837205 0
21254423621039 23
21254423665859 66
21254423684037 0
21254423701581 23
21254466795798 66
21254466828664 0
21254466847163 23
21254466864219 66
21254533764192 0
21254533797000 23
21254533815473 23
21254533833161 66
21254533850562 0
21254614941308 0
21254614981964 23
21254615000749 14
21254615018080 66
21254615035948 0
21254702586365 23
21254702632657 14
21254702651058 66
21254702668031 23
21254702684851 0
21254737197229 23
21254737227275 0
21254737245625 23
21254737262603 66
21254816761786 0
21254816807756 23
21254816826043 66
21254816843503 0
21254874658548 23
21254874704231 66
21254874722317 0
21254979978440 23
21254980031017 14
21254980049102 66
21254980065757 23
21254980082547 0
21254980099512 23
21255035513863 0
21255035554383 23
21255035573207 14
21255035590423 66
21255035607702 23
21255119744513 0
21255119794867 23
21255119813296 0
21255119830334 23
21255119847194 66
21255145161588 0
21255145202860 23
21255145221736 66
21255145239338 0
21255212506584 23
21255212542564 14
21255212560981 66
21255212578230 23
21255212595275 0
21255305038444 23
21255305103256 0
21255305121732 23
21255305140014 66
21255347259394 0
21255347285874 23
21255347304235 66
21255347321711 0
21255425004434 23
21255425054234 14
21255425072694 66
21255425090202 23
21255425107179 0
21255478918790 23
21255479182513 0
21255479402981 23
21255479622837 14
21255479884257 66
21255597826142 23
21255597875372 0
21255597894509 23
21255597912200 0
21255606749974 23
21255606771408 14
21255606788305 66
21255606805350 23
21255606822317 0
21255690340077 23
21255690388148 0
21255690407024 23
21255690424468 66
21255690441817 0
21255796543518 23
21255796594815 66
21255796614120 0
21255825097723 23
21255825130010 14
21255825148069 66
21255825165714 23
21255825183196 0
21255825200293 23
21255886155867 0
21255886182821 23
21255886200554 14
21255886217582 66
21255886234866 23
21255950096506 0
21255950144965 23
21255950163788 0
21255950181948 23
21256009293680 14
21256009332101 66
21256009350295 23
21256009367839 0
21256009385178 23
21256009402338 0
21256111467405 23
21256111521022 66
21256111540457 0
21256111558490 23
21256143262830 66
21256143295414 0
21256143313811 23
21256143331037 14
21256225580422 66
21256226082980 23
21256226307889 0
21256226528059 23
21256226747772 0
21256226966752 23
21256328350652 66
21256328401977 0
21256328420813 23
21256379063490 66
21256379132490 0
21256379151040 23
21256379169707 14
21256379188597 66
21256419051107 23
21256419097419 0
21256419115505 23
21256419133000 0
21256419150315 23
21256513638651 66
21256513690968 0
21256513709653 23
21256513727430 66
21256574687186 0
21256574721840 23
21256574740826 66
21256574758378 0
21256648469750 23
21256648514138 14
21256648533177 66
21256648550733 23
21256648568404 0
21256679954565 23
21256679982475 0
21256680000456 23
21256680017771 66
21256770487957 0
21256770533389 23
21256770551786 66
21256770569668 0
21256833678037 23
21256833725889 14
21256833744407 66
21256833761890 23
21256833779103 0
21256912747632 23
21256912793498 0
21256912811879 23
21256912829461 14
21256912846372 66
21256952506046 23
21256952782078 0
21256953005466 23
21256953224365 0
21256953442809 23
21257050809434 66
21257050865547 0
21257050884561 23
21257050901836 66
21257109499349 0
21257109553074 23
21257109571528 14
21257109588780 66
21257185321569 23
21257185376668 0
21257185394809 23
21257185412776 0
21257185429679 23
21257252695396 66
21257252736268 0
21257252755817 23
21257252773826 66
21257327158447 0
21257327204291 23
21257327222797 14
21257327239844 66
21257327257783 23
21257387527847 0
21257387572597 23
21257387591551 0
21257387609273 23
21257387626473 66
21257461915701 0
21257461959469 23
21257461977961 14
21257461995016 66
21257522212874 23
21257522253553 66
21257522272225 23
21257522289695 66
