21074865705517 0
21074940144038 0
21074940658792 23
21074940967864 66
21074999889471 0
21074999927339 23
21074999945405 0
21074999962353 23
21075090926002 66
21075090969641 0
21075090987921 23
21075091006355 0
21075091023827 23
21075158311984 66
21075158357412 0
21075158376075 23
21075240515497 66
21075240566464 0
21075240585589 23
21075240602884 14
21075240619376 66
21075281421300 23
21075281764457 66
21075281784538 23
21075281802635 0
21075336969082 23
21075337103955 0
21075337240642 23
21075337350073 66
21075337368523 0
21075425761628 23
21075425804338 66
21075425822540 0
21075425839978 23
21075510074651 66
21075510125556 0
21075510144226 23
21075510162839 66
21075560473023 0
21075560513549 23
21075560532359 66
21075611147142 23
21075611179805 0
21075611198165 23
21075611215191 0
21075611232858 23
21075678488996 66
21075678521993 0
21075678540448 23
21075678558184 66
21075745922314 0
21075745960836 23
21075745978696 66
21075745996890 0
21075830000740 23
21075830045347 66
21075830064086 0
21075830082010 23
21075904612988 66
21075904657729 0
21075904676287 23
21075964732367 14
21075964779508 66
21075964798720 23
21075964816274 0
21075964834694 23
21076040753759 0
21076040803839 23
21076040822467 66
21076040839625 0
21076040856673 23
21076092856020 66
21076093264070 0
21076093488903 23
21076093709264 66
21076181638573 0
21076181689763 23
21076181709054 66
21076181726525 0
21076207041989 23
21076207071953 66
21076207090396 0
21076274227165 23
21076274263504 14
21076274281332 66
21076274298607 23
21076274315988 0
21076348138328 23
21076348180545 0
21076348199799 23
21076348217774 66
21076348236095 0
21076427959020 23
21076427992852 66
21076428011198 0
21076428028686 23
21076490107484 66
21076490149589 0
21076490168139 23
21076490185894 66
21076550221948 0
21076550254737 23
21076550272309 66
21076550290003 0
21076637071141 23
21076637116039 14
21076637134442 66
21076637151498 23
21076703344413 0
21076703393083 23
21076703412269 0
21076703429880 23
21076703447450 66
21076765471891 0
21076765516645 23
21076765534976 66
21076822400598 0
21076822742733 23
21076822965398 66
21076823185276 0
21076823404376 23
21076903390119 66
21076903438444 0
21076903456941 23
21076971213990 66
21076971260042 23
21076971280577 0
21076971298821 23
21077038726599 0
21077047039167 14
21077047061778 23
21077047079687 14
21077047097104 66
21077047114512 0
21077047131756 23
21077105991361 66
21077106026671 0
21077106044673 23
21077106061924 66
21077173421761 0
21077173481328 23
21077173499866 66
21077173517000 0
21077219842652 23
21077219881638 66
21077219916570 0
21077219934865 23
21077324973703 66
21077325020685 0
21077325039635 23
21077325056761 66
21077354582540 0
21077354613350 23
21077354633227 66
21077354650792 0
21077442905684 23
21077442967567 66
21077442985928 23
21077509695815 0
21077509738908 23
21077509757096 0
21077510152203 23
21077510171461 66
21077556725142 0
21077556762950 23
21077556781390 66
21077642885373 0
21077642933361 23
21077642952681 66
21077642970059 0
21077642986887 23
21077717338831 66
21077717388688 0
21077717407503 23
21077749560561 66
21077749599459 0
21077749617665 23
21077749635161 66
21077853479848 0
21077853530680 23
21077853549657 14
21077853566839 66
21077853583725 23
21077912423390 0
21077912459265 23
21077912477604 0
21077912495156 23
21077912512958 66
21077988125483 0
21077988204680 23
21077988224067 66
21078047213972 0
21078047255069 23
21078047273526 66
21078131565848 23
21078131618644 0
21078131637327 23
21078131654409 0
21078131671347 14
21078131688111 23
21078131704835 66
21078180465477 0
21078180508875 23
21078180526988 66
21078243242312 0
21078243283354 23
21078243302121 66
21078243320000 0
21078243336878 23
21078302440952 66
21078302765544 0
21078302988941 23
21078303207425 66
21078402246718 0
21078402293932 23
21078402312460 66
21078428451490 0
21078428486234 23
21078428504871 66
21078428523071 0
21078492594886 23
21078492637720 66
21078492655540 0
21078492673237 23
21078584309702 14
21078584357419 66
21078584375814 23
21078584393228 0
21078584410464 23
21078621367517 0
21078621395612 23
21078621413349 66
21078621430493 0
21078621447536 23
21078709056324 66
21078709099692 0
21078709117944 23
21078755435423 66
21078755475790 0
21078755495040 23
21078755512786 66
21078836808633 0
21078836852383 23
21078836870897 66
21078836887975 0
21078904168557 23
21078904214572 14
21078904233295 66
21078904250676 23
21078904267752 0
21079015412032 23
21079015927783 0
21079015949296 23
21079015967200 66
21079040433540 0
21079040703638 23
21079040929472 66
21079041195329 0
21079156830727 23
21079156891848 66
21079156910788 0
21079156928908 23
21079186278663 66
21079186310883 0
21079186329427 23
21079186346925 14
21079186364007 66
21079267058981 23
21079267110559 0
21079267128936 23
21079267146487 0
21079267163657 23
21079323152744 66
21079323193234 0
21079323211834 23
21079359036100 66
21079359060598 0
21079359078806 23
21079359096322 66
21079441061877 0
21079441103282 23
21079441121673 66
21079441139374 0
21079503039374 23
21079503070731 66
21079503088634 0
21079592783723 23
21079592834648 14
21079592854338 66
21079592872237 23
21079592889495 0
21079668474461 23
21079668523027 0
21079668543289 23
21079668560620 66
21079668577796 0
21079716832290 23
21079716909175 66
21079716928212 0
21079716945945 23
21079790878352 66
21079790923229 0
21079790941831 23
21079791093552 66
21079840226469 0
21079840770118 23
21079841002228 66
21079841420122 0
21079946451383 23
21079946501003 14
21079946519623 66
21079946536624 23
21079946553500 0
21079980120218 23
21079980156178 0
21079980175776 23
21079980193499 66
21080062231608 0
21080062276290 23
21080062294598 66
21080062311710 0
21080129631692 23
21080129670427 66
21080129688583 0
21080129706131 23
21080196991495 66
21080197038829 0
21080197058260 23
21080197076136 66
21080264380837 0
21080264415607 23
21080264433815 14
21080264451028 66
21080338488706 23
21080338537714 0
21080338556550 23
21080338573784 0
21080338590780 23
21080382310673 66
21080382349359 0
21080382368082 23
21080382385998 66
21080466554784 0
21080466598313 23
21080466618259 66
21080466635741 0
21080516788355 23
21080517154001 66
21080517380636 0
21080517601005 23
21080579369496 66
21080601559198 0
21080601586349 23
21080601604030 66
21080660278948 0
21080660319928 23
21080660338633 14
21080660356209 66
21080719205362 23
21080719251156 0
21080719270434 23
21080719288053 0
21080719304953 23
21080780241255 66
21080780282725 23
21080780301286 66
21080873580270 23
21080873625889 66
21080873644298 23
21080873662711 66
21080873679723 0
21080936044461 23
21080936079125 0
21080936097486 23
21080982948735 66
21080982993720 0
21080983012200 23
21080983029259 66
21081043557286 0
21081043590684 23
21081043608903 66
21081043626501 0
21081111039271 23
21081111083795 66
21081111102269 0
21081111120147 23
21081169813640 66
21081169850771 0
21081169869693 23
21081169887297 66
21081237366571 23
21081237408758 66
