22220415280891 0
22220489358984 23
22220489867190 0
22220490137127 23
22220490434752 66
22220586146456 23
22220586189681 0
22220586208971 23
22220586226390 66
22220586243424 0
22220632046025 23
22220632080554 66
22220632098461 0
22220632115765 23
22220684845412 66
22220684882461 23
22220684900565 0
22220684918129 23
22220783734092 66
22220783783514 0
22220783801825 23
22220783818973 66
22220842378577 23
22220842704600 0
22220842927214 23
22220843147407 66
22220914525125 0
22220914583869 23
22220914601789 23
22220914618829 66
22220914635683 0
22220914652640 23
22220985838707 66
22220985886867 0
22220985905403 23
22220985922452 66
22221048964361 0
22221049012883 23
22221049031201 66
22221100886948 23
22221100924577 0
22221100943153 23
22221100961186 66
22221188120266 0
22221188172659 23
22221188190803 66
22221188207712 23
22221188224745 0
22221238491387 66
22221238526540 23
22221238545058 0
22221238562465 23
22221320622230 66
22221320673817 23
22221320692578 0
22221320709857 23
22221354423434 66
22221354455280 0
22221354473850 23
22221354491366 66
22221438556611 0
22221438598259 23
22221438617004 66
22221438634234 23
22221438651048 0
22221489220563 23
22221489260765 66
22221489279442 0
22221489297269 23
22221556614630 66
22221556649954 23
22221556668162 0
22221556686513 66
22221636799528 23
22221637086538 0
22221637309323 23
22221637531641 66
22221767388750 23
22221767431623 0
22221767449690 23
22221767467518 66
22221767484406 0
22221767501073 23
22221767517813 66
22221767534428 0
22221767551385 23
22221842804288 66
22221842849546 23
22221842867545 0
22221842884983 23
22221910179792 66
22221910222700 0
22221910241656 23
22221910259275 66
22221984865001 23
22221984911881 0
22221984930755 23
22221984948102 66
22221984964787 0
22222018332689 23
22222018360504 66
22222018378847 0
22222018396876 23
22222129149677 66
22222129203939 23
22222129222573 0
22222129239780 23
22222175493501 66
22222175531027 23
22222175549581 0
22222175567484 66
22222227125668 23
22222227156796 0
22222227175026 23
22222227192097 66
22222293546427 0
22222293583525 23
22222293602234 66
22222293619635 23
22222293636795 0
22222383319021 23
22222383363930 66
22222383382421 0
22222383399525 23
22222383416482 66
22222434800793 23
22222435236255 0
22222435558565 66
22222531358624 23
22222531407338 0
22222531426817 23
22222531444505 66
22222563066087 23
22222563093605 0
22222563111694 23
22222563129039 66
22222563146100 0
22222563163142 23
22222666094501 66
22222666144875 0
22222666163763 23
22222666181090 66
22222688981810 23
22222689010884 0
22222689029233 23
22222800852628 66
22222800900748 0
22222800919512 23
22222800936851 66
22222823092834 23
22222823121898 0
22222823140068 66
22222823157705 23
22222823174825 0
22222914050682 23
22222914094773 66
22222914113627 23
22222914131650 0
22222957318800 23
22222957356332 66
22222957375124 0
22222957393201 23
22222957410649 66
22223024303727 0
22223024340129 23
22223024358399 66
22223113415960 23
22223113701393 0
22223113940682 23
22223113961107 66
22223113978814 0
22223114169009 23
22223165547404 66
22223165915915 0
22223166139662 23
22223253623624 66
22223253680262 23
22223256995273 0
22223257018357 23
22223300081377 66
22223300124842 23
22223300143776 0
22223300162567 66
22223367396135 23
22223367433768 0
22223367452328 23
22223367469420 66
22223367486403 0
22223451507447 23
22223451566408 66
22223451585207 23
22223451602571 0
22223523073910 23
22223523125561 66
22223523144180 0
22223523161973 23
22223523179095 66
22223560808448 0
22223560836615 23
22223560854805 66
22223647904924 23
22223647946944 0
22223647965505 23
22223647982944 66
22223706255182 23
22223706289682 0
22223706307908 66
22223706326148 23
22223706343431 0
22223799378172 23
22223799431269 66
22223799451758 0
22223799469256 23
22223799486235 66
22223856339342 23
22223856384993 66
22223913981212 0
22223914025049 23
22223963316076 0
22223963743542 23
22223963967406 66
22223964187087 23
22223964406750 0
22224070930485 23
22224070985262 66
22224071003408 0
22224071020844 23
22224123273291 66
22224123313706 23
22224123332157 66
22224171734563 0
22224239074532 23
22224239109285 0
22224239128959 23
22224239146272 66
22224239163696 23
22224239180751 0
22224306489422 23
22224306530956 66
22224306549230 0
22224306566841 23
22224373829060 66
22224373861144 0
22224373879667 23
22224373897145 66
22224447543733 23
22224447586314 0
22224447605156 23
22224447622688 66
22224512682346 0
22224512723973 23
22224512742608 66
22224512759919 0
22224512777200 23
22224570729278 66
22224570769876 23
22224570789163 0
22224643289719 23
22224643734555 66
22224643756088 0
22224643774292 23
22224643791865 66
22224702449542 23
22224702703038 0
22224702924218 23
22224703143228 66
22224782188774 0
22224782235821 23
22224782254665 66
22224782272020 23
22224842130917 0
22224842177330 66
22224842195446 23
22224842213428 0
22224916993374 23
22224917037241 66
22224917056322 23
22224917074275 0
22224917091755 23
22224976069709 66
22224976103941 0
22224976122513 23
22224976139213 66
22225064390351 0
22225064429420 23
22225064447453 66
22225110903836 23
22225110946263 0
22225110964406 66
22225110981488 23
22225110998318 0
22225184045116 23
22225184091580 66
22225184109884 23
22225184127573 0
22225273333027 23
22225273377759 66
22225273396514 0
22225273413720 23
22225273430681 66
22225335968140 0
22225336011091 23
22225336029408 66
22225397185375 23
22225397239852 0
22225397258484 23
22225397275655 66
22225397292567 0
22225397309331 23
22225443898042 66
22225444173275 23
22225444394525 0
22225444613382 66
22225521504208 23
22225521551394 0
22225521569819 23
22225578915350 66
22225578958369 23
22225578976549 0
22225578994476 23
22225579011370 66
22225656150017 0
22225656188732 23
22225656207451 66
22225656224522 0
22225656241375 23
22225740260888 66
22225740301842 23
22225740320103 0
22225774083373 23
22225774115165 66
22225774133208 0
22225774150626 23
22225774167625 66
22225875016949 23
22225875066389 0
22225875085144 66
22225922022118 23
22225922068780 0
22225922087552 23
22225922105384 66
22225922122316 0
22226009798119 23
22226009854477 66
22226009873590 23
22226009891317 0
22226092027594 23
22226092075194 66
22226092093414 0
22226092111346 23
22226092128148 66
22226117302419 0
22226117330840 23
22226117348901 66
22226198461896 23
22226198509242 0
22226198527490 23
22226198544644 66
22226277521298 23
22226277565414 0
22226277583402 66
22226277600251 23
22226277617071 0
22226344600825 23
22226344643085 66
22226344661786 0
22226344679062 23
22226344696041 66
22226395124206 23
22226395172738 0
22226395191177 23
22226395208556 66
22226462497480 0
22226462542928 23
22226462561782 66
22226529938984 23
22226529996004 66
22226530015202 0
22226614146188 23
22226614197850 0
22226614216506 23
22226645912565 66
22226645954249 23
22226645973002 66
22226645990397 0
22226712914076 23
22226712955215 0
22226786916948 23
22226786964027 66
22226786983452 0
22226787001330 23
22226787018903 66
22226889214357 23
22226889274394 0
22226889293463 23
22226889311198 66
22226955757501 0
22226956284593 23
22226956511874 66
22226956821296 23
22227056409604 66
22227056454072 0
22227056472825 23
22227056490398 0
22227056507457 23
22227115303682 66
22227115340753 23
22227115359400 0
22227115377705 23
22227115395118 66
22227218390921 0
22227218439115 23
22227218457822 66
22227218475784 0
22227285791327 23
22227285842461 66
22227285860816 23
22227285878221 0
22227323809938 23
22227323843288 0
22227323862426 23
22227323879996 66
22227391143797 23
22227391181124 66
22227391198962 23
22227391216371 66
