15119869993057 0
15119944131224 0
15119944662852 23
15120023594821 66
15120023639965 0
15120023658513 23
15120090986831 66
15120091018673 0
15120091037146 23
15120156264977 66
15120156311579 0
15120198390611 23
15120198426823 23
15120198444995 66
15120198461854 23
15120198478829 0
15120272509590 23
15120272799915 66
15120336440034 0
15120336481952 23
15120336500701 66
15120336724681 0
15120432115952 23
15120432168818 66
15120432187469 0
15120526859077 23
15120526914059 66
15120526933492 0
15120533444506 23
15120533465689 66
15120533483296 0
15120628647614 23
15120628694259 66
15120628712609 0
15120695291297 23
15120695331676 23
15120695350389 0
15120695367917 23
15120796373437 66
15120796421852 0
15120796440776 23
15120825843431 66
15120825871797 0
15120883299729 23
15120883341540 0
15120883359750 23
15120943876961 14
15120943910979 66
15120943929728 0
15120943947236 23
15120943964453 66
15121038753030 0
15121038799093 23
15121090353453 66
15121090659395 0
15121090880203 23
15121091137634 0
15121184879900 23
15121198526527 66
15121198548637 0
15121214439394 0
15121214474768 23
15121214492893 14
15121214509794 66
15121280180529 0
15121280221680 23
15121280241085 66
15121364880509 0
15121364925536 23
15121364944686 0
15121364962049 14
15121405406766 23
15121405438757 14
15121405456452 66
15121501754359 0
15121501800614 23
15121501819403 66
15121501837442 0
15121577187645 23
15121577245254 66
15121577264953 0
15121636485262 23
15121636539730 0
15121636559237 23
15121718618477 66
15121718669319 0
15121718687532 23
15121748241377 0
15121748269334 23
15121748287581 14
15121748304922 66
15121748322015 0
15121847792609 23
15121847840301 0
15121847858960 14
15121920999530 23
15121921067887 14
15121921086616 0
15121921104719 23
15121921122074 14
15121921139069 66
15121978754068 0
15121978797754 23
15121978816471 66
15122021833458 0
15122021866867 23
15122021885721 66
15122106074119 0
15122106118430 23
15122106136910 66
15122143115520 0
15122143143768 23
15122143161827 66
15122240819249 0
15122240864343 23
15122240882505 66
15122277124534 23
15122277152719 66
15122365939796 23
15122365987295 66
15122366006809 0
15122411404534 0
15122411439681 23
15122487948342 66
15122487995533 0
15122566038831 23
15122566342589 0
15122566564613 23
15122566784556 66
15122567003896 0
15122676677862 23
15122676728049 0
15122676746184 23
15122694530626 66
15122694568319 0
15122754773187 23
15122754808664 0
15122754827823 14
15122754845164 23
15122754862029 14
15122754878817 0
15122843017058 23
15122843057702 14
15122843075924 66
15122889474541 0
15122889513733 23
15122889531987 66
15122889549817 0
15122963009267 23
15122963058593 66
15122963077433 0
15123064106361 23
15123064160012 66
15123064179131 0
15123081999751 23
15123082024044 0
15123082041727 23
15123082058977 66
15123167303970 0
15123167353145 23
15123167371673 0
15123232542574 14
15123232588671 23
15123232607066 14
15123232624675 0
15123283286129 23
15123283323444 14
15123283341517 66
15123283358812 23
15123283376930 0
15123379918423 23
15123379967534 66
15123379986478 23
15123449430077 66
15123449475983 0
15123449495505 23
15123491645061 66
15123491674783 0
15123491692498 23
15123559071878 66
15123559108541 0
15123559126813 23
15123651545209 66
15123651594231 0
15123651612781 23
15123718942637 66
15123718985109 0
15123719003796 23
15123752726075 66
15123752752432 0
15123819693755 23
15123819722029 0
15123819740106 23
15123819757480 66
15123819774652 0
15123904242139 23
15123904287760 66
15123904306652 0
15123958275181 23
15123958307126 66
15123958325396 0
15124036006953 23
15124036048522 66
15124036067531 0
15124137934806 23
15124137982758 0
15124138000928 23
15124188468144 66
15124188503534 0
15124266883286 23
15124266934167 14
15124266952898 0
15124266970070 23
15124266987542 14
15124323247564 66
15124323287603 23
15124323306235 0
15124323323998 23
15124397667883 66
15124397708716 23
15124397726793 0
15124430746898 23
15124430777844 66
15124430797471 23
15124430814838 0
15124508579831 23
15124508614507 66
15124565530473 23
15124565566644 0
15124565586296 23
15124565604321 66
15124660159595 23
15124660205673 0
15124660224007 23
15124660241159 66
15124691512229 23
15124691543538 0
15124691562148 23
15124782618511 66
15124782659891 23
15124782678373 0
15124782695758 23
15124829372130 66
15124829707350 23
15124829928310 0
15124927536222 23
15124927589114 66
15124927607571 23
15124927624816 0
15124960130692 23
15124960163946 66
15124960181812 23
15124960199065 0
15125062328682 23
15125062381728 66
15125112814533 23
15125112849298 0
15125112868435 23
15125112886921 66
15125204358833 23
15125204406313 0
15125204425128 23
15125204442415 66
15125256021619 23
15125256055756 0
15125256074509 23
15125348690355 66
15125348745603 23
15125348763978 0
15125348781496 23
15125369885570 66
15125369913367 23
15125369932024 0
15125461046600 23
15125461094868 66
15125461113151 23
15125461129935 0
15125510941605 23
15125511221884 66
15125563796951 23
15125565148760 0
15125565269409 23
15125565337394 66
15125683464771 23
15125683511901 0
15125683530837 23
15125683548375 66
15125697388868 23
15125697410735 0
15125697428359 23
15125768140239 66
15125768180093 23
15125768198617 0
15125768216680 23
15125831652138 66
15125831685278 23
15125831703252 0
15125898643371 23
15125898679580 66
15125898697479 23
15125898714502 0
15125982453120 23
15125982491998 66
15125982510359 23
15125982527634 0
15126039777178 23
15126039821520 66
15126106822905 23
15126106859745 0
15126106879742 23
15126106898100 66
15126174208902 23
15126174245796 0
15126174264284 23
15126174281523 66
15126248433544 23
15126248717642 0
15126248939302 23
15126340462734 66
15126340515915 23
15126340534469 0
15126381959242 23
15126381994818 66
15126382013330 23
15126382030628 0
15126456337690 23
15126456383039 66
15126456401257 23
15126456418554 0
15126523570755 23
15126523610466 66
15126576625799 23
15126576668859 0
15126576687715 23
15126576705617 66
15126658345881 23
15126658384918 0
15126658403651 23
15126658420946 66
15126742679187 23
15126742724581 0
15126742743193 23
15126770603501 66
15126770629942 23
15126770648291 0
15126770665940 23
15126867594686 66
15126867638330 23
15126867656743 0
15126920880762 23
15126920920417 66
15126920938816 23
15126920956259 0
15126978593040 23
15126978862245 66
15126978881921 23
15126978899331 0
15127096898001 23
15127096958303 66
15127113292689 23
15127113321584 0
15127113339798 23
15127113358278 66
15127197394905 23
15127197439001 0
15127197457921 23
15127197475827 66
15127258455392 23
15127258493701 23
15127258511704 66
15127346871026 23
15127346916222 0
15127346935231 23
15127382686078 66
15127382730562 0
15127382748601 23
15127382765898 66
15127465796359 0
15127465843613 23
15127465862051 66
15127532187602 0
15127532228520 23
15127532247196 0
15127532265044 23
15127616416094 66
15127616468740 0
15127642479552 23
15127642506679 0
15127642524386 23
15127642542033 66
15127724641299 0
15127724680703 23
15127724698931 66
15127787663038 0
15127787994749 23
15127788216609 14
15127788436246 0
15127877508935 23
15127877554970 14
15127877573747 66
15127877591004 0
15127936455174 23
15127936486061 66
15127936504591 0
15128018587224 23
15128018633746 66
15128018652723 0
15128052393240 0
15128052421475 23
15128052439490 66
15128143636701 23
15128143680887 66
15128203849822 23
15128203883347 66
15128203901996 23
15128288173117 66
