28483576673587 0
28483647493951 23
28483648000570 66
28483648336868 0
28483710602459 23
28483710650542 66
28483796169681 0
28483796225602 23
28483796244804 66
28483863531300 0
28483863587693 23
28483863606436 66
28483922711789 0
28483922760889 23
28483922779415 66
28484010509765 0
28484027955103 23
28484091345176 66
28484091403264 0
28484141464488 23
28484141509262 66
28484141527800 0
28484215172348 23
28484215228279 66
28484215247391 0
28484282524214 23
28484282574642 66
28484282593220 0
28484349937321 23
28484349993448 66
28484400402926 0
28484400455181 23
28484400474664 66
28484489072803 0
28484489126088 23
28484489144491 66
28484535216441 0
28484535250349 23
28484535268977 66
28484619466078 0
28484619520241 23
28484649391134 66
28484649431217 0
28484740999148 23
28484741044680 66
28484741062921 0
28484787096814 23
28484787667523 23
28484788036751 66
28484788261416 0
28484788482594 0
28484894735516 23
28484894787738 66
28484894806097 0
28484894823392 23
28484894840311 66
28484924870870 23
28484924905942 0
28484924924559 23
28484924941815 66
28484924959919 23
28484924977266 0
28484924994581 23
28485038429617 66
28485038482330 23
28485038500770 0
28485038518016 23
28485038534997 66
28485038551676 23
28485038568340 0
28485059639947 23
28485059675510 66
28485059693332 23
28485059710888 0
28485059728475 23
28485059745792 66
28485156345399 23
28485156390674 0
28485156409552 23
28485156426819 66
28485156443876 23
28485156460897 0
28485185921162 23
28485185958986 66
28485185977500 23
28485185995615 0
28485186012898 23
28485186030708 66
28485291768262 23
28485291818709 0
28485291837146 23
28485291854280 66
28485291871279 23
28485291888145 0
28485291904953 23
28485320118737 66
28485320149068 23
28485320167270 0
28485320184774 23
28485320202284 66
28485320219662 23
28485320236764 0
28485417550434 23
28485417599693 66
28485417618074 23
28485417635051 0
28485417651855 23
28485417668673 66
28485479280857 23
28485479817509 0
28485479839801 23
28485479858043 66
28485479875155 23
28485479892269 0
28485479910247 23
28485522471229 66
28485522518455 23
28485522536361 66
28485522553386 0
28485588791858 0
28485588841035 23
28485588860056 66
28485588877228 0
28485588894326 23
28485588911162 66
28485655711945 23
28485655745323 0
28485655763592 23
28485655781323 66
28485655798364 23
28485655815317 0
28485722502676 23
28485722545466 66
28485722563803 23
28485722582438 0
28485722600286 23
28485722617387 66
28485796594757 23
28485796635568 66
28485796654181 0
28485796671777 0
28485878583633 23
28485878627162 66
28485878646884 0
28485878665107 23
28485878682719 66
28485878699801 23
28485878716814 0
28485940635145 23
28485940676441 66
28485940694790 23
28485940711888 0
28485940729114 23
28485940745972 66
28486002358279 23
28486002400452 0
28486002419261 23
28486002436852 66
28486002453690 23
28486002470528 0
28486002487368 23
28486066148064 66
28486066190498 23
28486066208757 0
28486066226979 23
28486066244314 66
28486124852954 23
28486124917833 0
28486124936636 23
28486124953690 66
28486124970470 23
28486124987582 0
28486125004748 23
28486191861641 66
28486191907799 23
28486191925836 0
28486191943581 23
28486191961128 66
28486191979346 23
28486191996457 0
28486265416991 23
28486265458535 66
28486265518994 23
28486265537178 0
28486265554885 23
28486265571953 66
28486348119634 23
28486348169233 0
28486348187982 23
28486348205893 66
28486348222997 23
28486348240338 0
28486348257337 23
28486415504301 66
28486415549252 23
28486415568409 0
28486415585761 23
28486415603057 66
28486415619914 23
28486415636497 0
28486460115484 23
28486460157862 66
28486460176229 23
28486460193989 0
28486460211141 23
28486527203870 66
28486527243386 23
28486527260967 0
28486527278097 23
28486527294543 66
28486527310989 23
28486527327579 0
28486617615701 23
28486617664007 66
28486617683034 23
28486617701725 0
28486617719213 23
28486617736387 66
28486675763213 23
28486675807088 0
28486675825616 23
28486675842753 66
28486675860364 23
28486675877178 0
28486675893916 23
28486752395041 66
28486752445972 23
28486752464377 0
28486752482139 23
28486752499401 66
28486752516543 23
28486752533617 0
28486808933341 23
28486808983892 66
28486809002040 23
28486809019286 0
28486809036386 23
28486809053067 66
28486870510076 23
28486870565235 0
28486870583634 23
28486870601247 66
28486870618176 23
28486870635062 0
28486870652061 23
28486950077401 66
28486950117514 23
28486950135772 0
28486950154302 23
28486950495140 66
28486950514551 23
28487012954106 0
28487013570812 23
28487013835591 66
28487014128370 23
28487014377727 0
28487014667668 23
28487063696247 66
28487063730539 23
28487063748592 0
28487063765595 23
28487063782669 66
28487063799483 23
28487063816068 0
28487154602868 23
28487154670327 66
28487154690333 23
28487154708264 0
28487154725555 23
28487154742763 66
28487211628026 23
28487211681831 0
28487211700307 23
28487211717332 66
28487211733973 23
28487211750359 0
28487211768430 23
28487299931692 23
28487299993702 66
28487300012431 0
28487300030076 23
28487300047496 66
28487300064919 23
28487300082077 0
28487373564913 23
28487373614410 66
28487373633091 23
28487373666441 0
28487373684696 23
28487373701954 66
28487399064475 23
28487399092463 0
28487399111043 23
28487399128352 66
28487399145484 23
28487399162523 0
28487399179868 23
28487508322633 66
28487508373951 23
28487508393774 0
28487508410884 23
28487508427991 66
28487540025094 23
28487540056834 0
28487540075726 23
28487540093121 66
28487540110184 23
28487540127314 0
28487540144474 23
28487643086275 66
28487643151848 23
28487643170497 0
28487643188159 23
28487643205267 66
28487643221884 23
28487643238561 0
28487674817591 23
28487674851219 66
28487674870139 23
28487674887601 0
28487674904906 23
28487674922130 66
28487759018147 23
28487759064110 0
28487759082994 23
28487759100095 66
28487759116761 23
28487759133476 0
28487759150190 23
28487809771398 66
28487810126360 23
28487810349131 0
28487810567342 23
28487810786426 66
28487811004261 23
28487876940696 23
28487876979134 66
28487876997487 0
28487961013030 23
28487961057270 66
28487961075997 0
28487961093747 23
28488043119785 66
28488043171052 0
28488043190714 0
28488043208784 23
28488069693420 66
28488069731403 0
28488069749173 23
28488069766450 66
28488069783499 0
28488069800498 23
28488069817542 66
28488179999980 23
28488180051088 0
28488180069805 23
28488180086999 66
28488180105388 23
28488180122093 0
28488203885434 23
28488203920170 66
28488203938889 23
28488203956261 66
28488203974628 0
28488270907570 0
28488270946850 23
28488270966086 66
28488270983670 0
28488271000967 23
28488365299273 66
28488365347933 23
28488365367090 0
28488365385127 23
28488365402478 66
28488365419530 23
28488411742076 0
28488411780820 23
28488411799225 66
28488411816578 23
28488411833963 0
28488411851202 23
28488479179877 66
28488479226540 23
28488479245120 0
28488479263533 23
28488479280900 66
28488479298032 23
28488479314925 0
28488546809440 23
28488547171839 66
28488547394080 23
28488547614194 0
28488547834073 23
28488548053834 66
28488634838897 23
28488634899876 0
28488634918210 23
28488634936575 66
28488634953450 23
28488634970226 0
28488634987148 23
28488681280874 66
28488681321061 23
28488681339251 0
28488681356920 23
28488681373952 66
28488681390917 23
28488681408584 0
28488761772514 23
28488761822636 66
28488761841810 23
28488761860167 0
28488761877432 23
28488761895143 66
28488832743247 23
28488832794846 66
