21954159332974 0
21954229993066 23
21954230321560 66
21954327075570 0
21954327122850 23
21954385267416 66
21954385309074 0
21954435933732 23
21954435964464 66
21954520025382 0
21954583165275 23
21954583586205 66
21954639057908 0
21954739027225 23
21954739075766 66
21954772733271 0
21954830059256 23
21954830095704 66
21954907456737 0
21954907502949 23
21954991693444 66
21954991747845 0
21955076023347 23
21955076071046 66
21955105505905 0
21955208543073 23
21955208592604 66
21955259080741 0
21955307865934 23
21955307905961 66
21955369594696 0
21955470199949 23
21955470267732 66
21955518061359 0
21955518098656 23
21955596018361 66
21955596066148 0
21955663368871 23
21955663408528 66
21955737615574 0
21955768995762 23
21955769026700 66
21955882349010 0
21955930801958 23
21955930841573 66
21955998162264 0
21956049722551 23
21956049997035 66
21956132911190 0
21956132959776 23
21956200304304 66
21956200350588 0
21956273433089 23
21956273477587 66
21956334134045 0
21956419408009 23
21956419455066 66
21956469816097 0
21956544646208 23
21956544701904 66
21956604573445 0
21956664978306 23
21956665029756 66
21956714053491 0
21956714095866 23
21956788483391 66
21956788704881 0
21956848992228 23
21956849028447 66
21956929037912 0
21956983724955 23
21956983760382 66
21957081014087 0
21957141498530 23
21957141538915 66
21957215626674 0
21957276267913 23
21957276309974 66
21957326809864 0
21957326852110 23
21957394149460 66
21957394193295 0
21957470753013 23
21957470793530 66
21957527146260 0
21957622540534 23
21957622593756 66
21957678423155 0
21957720716602 23
21957720753394 66
21957788036960 0
21957880581590 23
21957880625487 66
21957937388930 0
21957937423809 23
21958015344112 66
21958015389666 0
21958057549709 23
21958057579038 66
21958133807411 0
21958210287918 23
21958210336287 66
21958256558087 0
21958366959114 23
21958367014573 66
21958384534041 0
21958451568575 23
21958451606799 66
21958518732471 0
21958518766380 23
21958602791403 66
21958602835956 0
21958659738896 23
21958659767254 66
21958754404416 0
21958815458086 23
21958815494614 66
21958884133090 0
21958929282437 23
21958929544100 66
21958988173064 0
21959055208011 23
21959055251912 66
21959147078371 0
21959147126150 23
21959207139889 66
21959282916762 0
21959282961830 23
21959282980178 66
21959341880997 0
21959431228353 23
21959431275788 66
21959491349396 0
21959577687621 23
21959577738134 66
21959598864180 0
21959686910295 23
21959687233204 66
21959763131730 0
21959763197009 23
21959822416039 66
21959886277870 0
21959886320051 23
21959886339556 66
21959946703855 0
21960013507325 23
21960013541231 66
21960112499060 0
21960148302578 23
21960148334691 66
21960235772347 0
21960262708585 23
21960262737717 66
21960329367597 0
21960329398924 23
21960406090534 66
21960494427503 0
21960494477050 23
21960494495543 66
21960586274120 0
21960619961049 23
21960620004351 66
21960709093849 0
21960769452975 23
21960769510970 66
21960798964864 0
21960887346564 23
21960887396065 66
21960933083343 0
21960933113357 23
21961000150060 66
21961067115831 0
21961067152465 23
21961067171019 66
21961134808410 0
21961213064383 23
21961213635891 66
21961291652864 0
21961348486721 23
21961348522242 23
21961348540587 66
21961348558286 0
21961441147123 0
21961441197539 23
21961491635745 0
21961491667461 23
21961491685938 66
21961491703706 0
21961575977965 23
21961576023867 0
21961576043045 23
21961576060555 66
21961576077550 0
21961603632778 23
21961603660205 0
21961603678093 23
21961603695288 14
21961603712130 23
21961603728745 0
21961710664516 23
21961710719420 14
21961710738461 66
21961710756172 23
21961710773570 66
21961761187294 23
21961761226188 66
21961761244064 23
21961761261090 66
