29004617051179 0
29004617101528 23
29004617122271 0
29004617139972 23
29004674323730 66
29004674628011 0
29004674849897 23
29004675067933 0
29004675322037 66
29004675540891 23
29004801365155 0
29004801421491 66
29004801440353 23
29004801457368 66
29004801473991 0
29004801490677 23
29004801507575 66
29004808396438 0
29004808419922 23
29004808437243 66
29004808455552 23
29004808472390 0
29004808489144 23
29004875463905 66
29004875506074 0
29004875524419 23
29004875541599 66
29004875558845 0
29004875578125 23
29004961585313 66
29004961628222 23
29004961646253 66
29004961663723 0
29005024388136 23
29005024432246 0
29005024450835 23
29005024468148 66
29005024485092 0
29005024502075 23
29005024518684 66
29005083856699 0
29005084167971 23
29005084389459 66
29005084609398 0
29005084827941 23
29005085046671 66
29005196194698 0
29005196246255 23
29005196264839 66
29005196281971 0
29005196299030 23
29005196315913 66
29005235349055 0
29005235394193 23
29005235412834 66
29005235430746 23
29005235448017 66
29005293115204 0
29005293165437 23
29005293184087 66
29005344912643 0
29005344947651 0
29005344966078 23
29005344983600 0
29005345000887 66
29005441119277 23
29005441172002 66
29005441190267 0
29005441207628 23
29005441224301 66
29005441240950 0
29005502755044 23
29005502809744 66
29005502829501 0
29005502847246 23
29005502865239 66
29005502882305 0
29005576338078 23
29005576426942 66
29005576446156 0
29005576463571 23
29005576480488 66
29005576498137 0
29005637566314 23
29005637629758 66
29005637649028 0
29005637666727 23
29005637683982 66
29005721745246 0
29005721802479 23
29005721821246 66
29005721838203 0
29005721855522 23
29005721872304 66
29005747266208 23
29005747296157 66
29005747314569 0
29005747332250 23
29005817985669 0
29005818028430 23
29005818046720 66
29005818063494 0
29005818080326 23
29005818096998 66
29005930198367 0
29005930259436 23
29005930297952 66
29005930315955 0
29005930333278 23
29005930351297 0
29005992426166 66
29005992473947 23
29005992492423 66
29005992509967 0
29005992526978 23
29005992543694 66
29005992560444 0
29006030215729 23
29006030258298 66
29006030277152 23
29006030294849 0
29006030312246 66
29006105620813 0
29006105668898 23
29006105687657 66
29006105704764 23
29006105722528 0
29006105739521 23
29006174428071 66
29006174471761 0
29006174490669 23
29006174508593 66
29006174526013 0
29006174543275 23
29006266153402 66
29006266208374 23
29006266227421 66
29006266244696 0
29006309187246 23
29006309223300 0
29006309242071 23
29006309259388 66
29006309276455 0
29006309293563 23
29006309310530 66
29006350942071 0
29006350979595 23
29006350997755 66
29006351015144 0
29006351032851 23
29006351050339 66
29006417934864 0
29006443990846 23
29006444014404 66
29006444032458 0
29006444049986 23
29006494645927 23
29006495002455 66
29006495024364 0
29006495042691 23
29006495060271 66
29006495077646 0
29006562818117 23
29006562865960 66
29006562883758 0
29006562901719 23
29006562918277 66
29006562934761 0
29006619520339 23
29006619565055 66
29006619583722 0
29006619601218 23
29006619618619 66
29006619636185 0
29006713489955 23
29006713544895 66
29006713563764 0
29006713581647 23
29006713599139 66
29006713616341 0
29006774558194 23
29006774622218 66
29006774641219 0
29006774659547 23
29006774677043 66
29006834804577 0
29006834854653 23
29006834873107 66
29006834890118 0
29006834907055 23
29006894691882 66
29006894735512 0
29006894753669 23
29006894770797 66
29006894788024 0
29006894805264 23
29006894822541 66
29006962158470 0
29006962205780 23
29006962224145 66
29006962241235 0
29006962258499 23
29006962275549 66
29007029472883 0
29007029516559 23
29007029534970 66
29007029552571 0
29007029569733 23
29007029586756 66
29007096969237 0
29007097015063 23
29007097033281 66
29007097050371 0
29007097067156 23
29007155674839 66
29007155716697 0
29007155735214 23
29007155753499 66
29007155770904 0
29007155788050 23
29007230842817 66
29007230886189 0
29007230904908 23
29007230922607 66
29007230939725 0
29007230956937 23
29007297007485 66
29007297511247 0
29007297814933 23
29007298080653 66
29007298382751 0
29007402065985 23
29007402129094 66
29007402149223 0
29007402166849 23
29007402183864 66
29007402201077 0
29007423897802 23
29007423924619 66
29007423941934 0
29007423959139 23
29007423976854 66
29007423994245 0
29007490966779 23
29007491004614 66
29007491022896 0
29007491039941 23
29007491056737 66
29007570454185 0
29007570496157 23
29007570514983 0
29007570532475 23
29007570549582 66
29007625334877 0
29007625372247 23
29007625390579 66
29007625407387 0
29007625425314 23
29007625442138 66
29007715747426 0
29007715800302 23
29007715818987 66
29007715836564 0
29007715853987 23
29007715871797 66
29007773562442 0
29007773606604 23
29007773624879 66
29007773642139 0
29007773659126 23
29007773675971 66
29007833813280 0
29007833858119 23
29007833876502 66
29007833894237 0
29007833912385 23
29007833929800 66
29007901197823 0
29007901244389 23
29007901262935 66
29007901280481 0
29007901297621 23
29007975263021 66
29007975576578 0
29007975596699 23
29007975614390 66
29007975631571 0
29007975648765 23
29008045896649 66
29008045937022 0
29008045956272 23
29008045973380 66
29008045989975 0
29008046006813 23
29008096310476 66
29008096365072 0
29008096383874 23
29008096401683 66
29008096419789 23
29008169615900 66
29008169666669 23
29008169685452 0
29008169703111 23
29008169720393 66
29008169737236 23
29008169754014 0
29008228935588 23
29008228989239 66
29008229009207 0
29008229026590 23
29008229044191 66
29008229062290 0
29008343239962 23
29008343297684 66
29008343316316 0
29008343334247 23
29008343351727 66
29008362910117 0
29008362948212 23
29008362968090 66
29008362985775 0
29008363003016 23
29008363020413 66
29008444294432 23
29008444336458 0
29008444356686 23
29008444373695 66
29008444390571 0
29008444407251 23
29008444423799 66
29008507451874 0
29008507505216 23
29008507524440 66
29008507541612 0
29008507558946 23
29008570799717 66
29008570842480 23
29008570860551 66
29008570878542 0
29008570895462 23
29008661249214 0
29008661318071 23
29008661337959 66
29008661355328 0
29008661373009 23
29008661390314 66
29008745382521 0
29008745439439 23
29008745457798 66
29008745474923 0
29008745492142 23
29008745509008 66
29008776989464 0
29008777217683 23
29008777238111 66
29008777255810 0
29008777273391 23
29008777290563 66
29008853038235 0
29008853087452 23
29008853105879 66
29008853123337 0
29008853160065 23
29008853177712 66
29008930992124 0
29008931040635 23
29008931058400 66
29008931075484 0
29008931092449 23
29008931109301 66
29008966501864 0
29008981200957 23
29008981223538 66
29008981241157 0
29008981258953 23
29009033585787 66
29009033623235 0
29009033641823 23
29009033659683 66
29009033677916 0
29009033695430 23
29009123092651 66
29009123136773 0
29009123155345 23
29009123172741 66
29009123189440 0
29009167604460 23
29009167641383 66
29009167659823 23
29009167677385 66
