28132891587534 0
28132965581756 23
28132966025725 66
28132966295251 0
28133055775093 0
28133055823117 23
28133055841816 66
28133055858871 23
28133055876054 0
28133055893379 23
28133125078709 66
28133125124712 23
28133125143469 0
28133125161008 23
28133125178323 66
28133125195585 23
28133167625721 66
28133167674263 0
28133247439950 23
28133247481452 66
28133247499215 0
28133247516132 23
28133247532713 66
28133325558735 0
28133325965236 23
28133325985502 66
28133326003246 0
28133384427927 23
28133384477110 66
28133384495372 0
28133384512538 23
28133447979223 66
28133448033169 0
28133448051631 23
28133448068745 66
28133448086174 0
28133537019863 23
28133537077846 66
28133537097889 0
28133537115389 23
28133581559799 66
28133581615227 0
28133581634001 23
28133581652050 66
28133581669208 0
28133666446912 23
28133666501419 66
28133666519642 0
28133666536856 23
28133696413984 66
28133696444981 0
28133696463469 23
28133696481164 66
28133696498365 0
28133801200090 23
28133801259652 66
28133801278019 0
28133801295177 23
28133830660990 66
28133830691024 0
28133830709648 23
28133830727565 66
28133830745155 0
28133927542819 23
28133927601244 66
28133927620215 0
28133927637624 23
28133986489416 66
28133986532504 0
28133986551394 23
28133986569021 66
28133986586155 0
28134064842524 23
28134065143206 66
28134065365537 0
28134065586837 23
28134124474537 66
28134124895257 0
28134125119701 23
28134125341279 66
28134125628430 0
28134227603678 23
28134227662770 66
28134227681123 0
28134270756528 23
28134270810299 23
28134270828390 0
28134270845792 23
28134270863213 66
28134270880402 23
28134270897232 66
28134331167330 0
28134331218195 0
28134331237079 23
28134388652183 66
28134388696603 23
28134388715658 0
28134388733263 23
28134388750296 66
28134388767245 23
28134388783998 0
28134434122968 23
28134434154933 66
28134434172739 23
28134434190050 66
28134434207650 0
28134504246683 0
28134504295856 23
28134504314094 66
28134504330961 23
28134584475017 0
28134584519183 23
28134584536746 66
28134584553731 23
28134584570744 0
28134584588214 23
28134658188994 66
28134658234864 23
28134658253474 66
28134658271992 0
28134702429112 0
28134702470269 23
28134702488409 66
28134702506609 23
28134702523898 0
28134702541589 23
28134776343963 66
28134776391883 23
28134776409944 0
28134776427309 23
28134776444264 66
28134776461221 23
28134856955746 66
28134857287940 0
28134857510232 0
28134925838970 23
28134925883442 66
28134925901151 23
28134925918134 0
28134925935258 23
28134925952123 66
28134978372345 23
28134978408244 0
28134978426490 23
28134978443650 66
28134978460603 23
28134978478727 66
28135068865665 0
28135068909327 0
28135068928207 23
28135127728770 66
28135127781252 23
28135127799902 0
28135127817716 23
28135127834685 66
28135127851801 23
28135127868786 0
28135211985738 23
28135212044882 66
28135212062881 23
28135212079760 66
28135212096525 0
28135238882498 0
28135238912483 23
28135238930504 66
28135238948234 23
28135238965402 0
28135306074452 23
28135306117577 66
28135306135523 23
28135306152548 0
28135306169680 23
28135306186591 66
28135380400535 23
28135380445339 66
28135380464452 0
28135481516546 23
28135481583980 66
28135481602566 0
28135481620124 0
28135481636894 23
28135507162750 66
28135507190137 23
28135507208811 0
28135507226474 23
28135507244053 66
28135507262233 23
28135507279079 0
28135587013311 23
28135587056222 66
28135587074555 23
28135587091737 66
28135644319183 0
28135644904783 0
28135645223511 23
28135645446262 66
28135725723318 23
28135725775596 0
28135725795186 23
28135725812538 66
28135725832286 23
28135725848913 0
28135725865609 23
28135782709189 66
28135782750533 23
28135782769162 66
28135782787072 0
28135874347887 0
28135874394131 23
28135874413069 66
28135874430063 23
28135874446895 0
28135917408636 23
28135917448796 66
28135917467660 23
28135917485168 0
28135917502551 23
28135917519792 66
28136001547757 23
28136001597119 66
28136001615269 0
28136001632614 0
28136043725169 23
28136043768843 66
28136043787069 23
28136043804183 0
28136043821427 23
28136043839517 66
28136111019818 23
28136111063667 0
28136111082102 23
28136111099004 66
28136111115845 23
28136111132540 66
28136177937573 0
28136177989520 0
28136178008096 23
28136278668748 66
28136278717293 23
28136278735894 0
28136278753520 23
28136278770686 66
28136278787460 23
28136278804152 0
28136343009538 23
28136343325211 66
28136343544865 23
28136343762571 66
28136343980363 0
28136392517792 0
28136392738145 23
28136392758578 66
28136392812532 23
28136456387296 0
28136456441808 23
28136456460756 66
28136456477741 23
28136456494561 23
28136456511196 66
28136555421544 0
28136555473284 0
28136555491269 23
28136555508373 66
28136587120879 23
28136587164853 0
28136587182846 23
28136587199861 66
28136587216824 23
28136587233815 0
28136587251033 23
28136690203083 66
28136690251847 23
28136690270156 66
28136690287322 0
28136721799150 0
28136721827411 23
28136721847419 23
28136721865199 66
28136721882391 0
28136721899940 23
28136811403442 66
28136811453906 23
28136811472129 0
28136811489788 23
28136811506604 66
28136811523219 23
28136875381996 66
28136875440040 0
28136875458394 0
28136966445619 23
28136966499141 66
28136966517430 23
28136966534592 0
28136966552076 23
28136966569334 66
28137010153030 23
28137010219542 0
28137010238587 23
28137010256505 66
28137010273696 23
28137010290888 66
28137081424027 0
28137081471046 0
28137081489366 23
28137123384449 66
28137123419756 23
28137123437590 0
28137123454690 23
28137123472333 66
28137123489095 23
28137123505716 0
28137212576916 23
28137212636593 66
28137212655447 23
28137212672800 66
28137212689721 0
28137294590700 0
28137294645602 23
28137294664092 66
28137294681209 23
28137294698007 0
28137355873910 23
28137355931905 66
28137355950298 23
28137355967416 0
28137355984643 23
28137391245188 66
28137391286512 23
28137391305408 66
28137391322795 0
28137496594510 0
28137496645853 23
28137496664506 66
28137496681501 23
28137496698212 0
28137496716686 23
28137526140415 66
28137526168047 23
28137526186070 0
28137526204548 23
28137526221694 66
28137526238675 23
28137526255652 66
28137631301238 0
28137631359019 0
28137681813088 23
28137681861132 66
28137681881824 23
28137681899208 0
28137681916462 23
28137681933463 66
28137766047256 23
28137766097535 0
28137769667046 23
28137769689158 23
28137769706819 66
28137769723760 23
28137769741510 23
28137769758207 66
28137795674979 0
28137795711298 0
28137795729754 23
28137795748157 66
28137884123744 23
28137884168329 0
28137884186708 23
28137884204094 66
28137884221433 23
28137884238140 0
28137884255037 23
28137931546130 66
28137932009550 23
28137932402204 66
28137932662648 0
28137988674842 0
28137988717775 23
28137988736263 23
28137988754008 66
28137988771424 23
28138083987747 66
28138084042579 0
28138084062102 0
28138084080006 23
28138133432450 66
28138133476544 23
28138133494889 0
28138133512315 23
28138133529310 66
28138133545871 23
28138133563063 0
28138191462243 23
28138191506707 66
28138191524849 23
28138191542039 66
28138191558972 0
28138256902192 0
28138256942323 23
28138256961044 66
28138256978683 23
28138353516131 0
28138353574477 23
28138353593419 66
28138353611020 23
28138353647864 0
28138353666151 23
28138398832148 66
28138398862019 23
28138398879656 66
28138398896602 0
28138477776165 0
28138477843284 23
28138477862066 66
28138477880773 23
28138477898305 0
28138477915662 23
28138572468802 66
28138572522830 23
28138572541256 0
28138572558663 23
28138572575676 66
28138572592943 23
28138611933623 66
28138612278940 0
28138612298898 0
28138674958179 23
28138675190088 66
28138675315290 23
28138675334244 0
28138675401603 23
28138675473433 66
28138774644628 23
28138774692632 0
28138774711404 23
28138774728608 66
28138774745319 23
28138774762009 66
