23861029485791 0
23861029857008 23
23861030081227 66
23861101845623 0
23861205200078 23
23861205249718 66
23861205268769 0
23861230810323 23
23861230851938 66
23861297874529 0
23861297924301 23
23861297943191 66
23861388407321 0
23861462253105 23
23861462574952 66
23861556939516 0
23861556990282 23
23861557009059 66
23861615785692 0
23861615842068 23
23861615861022 66
23861682355984 0
23861742108279 23
23861742162409 66
23861767375702 0
23861767425724 23
23861767444755 66
23861853725078 0
23861853782946 23
23861853802096 66
23861901373265 0
23861997469812 23
23861997526273 66
23862055869955 0
23862055913995 23
23862055932663 66
23862129581536 0
23862129643398 23
23862187543865 66
23862187852038 0
23862262432559 23
23862262482788 66
23862318042771 0
23862318086576 23
23862318105084 66
23862378196753 0
23862378234760 23
23862445528835 66
23862445567116 0
23862520284414 23
23862520332849 66
23862580318452 0
23862580364790 23
23862580383244 66
23862700186367 0
23862706169883 23
23862706193037 66
23862706210752 0
23862808814779 23
23862808861186 66
23862868625494 0
23862868680734 23
23862868700284 66
23862922909362 0
23863011816115 23
23863011868882 66
23863011888146 0
23863114255573 23
23863114305174 66
23863114323664 0
23863114341431 23
23863114358724 66
23863223550922 0
23863249893127 23
23863249922694 66
23863317232515 0
23863317271844 23
23863317289977 66
23863405580815 0
23863405647725 23
23863405666756 66
23863452005325 0
23863519408927 23
23863519448002 66
23863578188812 0
23863578235819 23
23863578254525 66
23863675105546 0
23863675180896 23
23863675206764 66
23863732030232 0
23863791486172 23
23863791528639 66
23863875072126 0
23863875128148 23
23863875148080 66
23863959331605 0
23863959388948 23
23863980442619 66
23863980469549 0
23864061104076 23
23864061145325 66
23864127766285 0
23864127811260 23
23864127829946 66
23864228871233 0
23864228915317 23
23864262522878 66
23864262564038 0
23864320384973 23
23864320429208 66
23864383091427 0
23864383136680 23
23864383155331 66
23864487320215 0
23864535543985 23
23864553783933 66
23864553809544 0
23864600140365 23
23864600321448 66
23864667719431 0
23864667759381 23
23864667777495 66
23864725936124 0
23864793275144 23
23864793315897 66
23864793334590 0
23864883686193 23
23864883743030 66
23864934217902 0
23864934259811 23
23864934278657 66
23864992209802 0
23865053505012 23
23865053547083 66
23865170051341 0
23865170122715 23
23865170141774 66
23865187559689 0
23865187582461 23
23865187600361 66
23865259825388 0
23865321880048 23
23865322222893 66
23865440801579 0
23865440854729 23
23865440873173 66
23865462854114 0
23865462882122 23
23865543018623 66
23865543068492 0
23865597630288 23
23865597669669 66
23865679562222 0
23865679607678 23
23865679626731 66
23865751169569 0
23865751210191 23
23865808062863 66
23865808103073 0
23865858308799 23
23865858353136 66
23865925440209 0
23865925480346 23
23865925498850 66
23866005884302 0
23866062523092 23
23866062572444 66
23866062590588 0
23866159811071 23
23866165969058 66
23866260765616 0
23866260808111 23
23866260827868 66
23866260846434 0
23866334580767 23
23866334618905 66
23866334636960 0
23866429198856 23
23866429268256 66
23866490222828 0
23866490274612 23
23866490292929 66
23866536732365 0
23866631349040 23
23866631432994 66
23866631453167 0
23866698707391 23
23866698758123 66
23866730180805 0
23866730213658 23
23866730260947 66
23866797673451 0
23866898770205 23
23866898830433 66
23866966122276 0
23866966182411 23
23866966200740 66
23867016651154 0
23867016691915 23
23867016711423 66
23867132548100 0
23867132591358 23
23867132610004 66
23867206311015 0
23867206351319 23
23867206369366 66
23867273662595 0
23867273703831 23
23867387283413 66
23867387344345 0
23867437776998 23
23867437830200 66
23867512150024 0
23867512200688 23
23867512219208 66
23867587619154 0
23867588119274 23
23867623423686 66
23867623479776 0
23867705182839 23
23867705231276 66
23867778156262 0
23867778217019 23
23867778235621 23
23867778253363 66
23867823136470 0
23867893705676 23
23867907302462 66
23867907324669 0
23867937370626 23
23867937400775 66
23868042102058 0
23868042163121 23
23868042182079 66
23868071552794 0
23868176856121 23
23868176906388 66
23868176924801 0
23868212774131 23
23868212806304 66
23868301851744 0
23868302152989 23
23868302174594 66
23868347548287 0
23868457246222 23
23868457299641 66
23868457318324 0
23868494774073 23
23868494815300 66
23868560259600 0
23868560308755 23
23868560327864 66
23868608279085 0
23868688487020 23
23868688528632 66
23868848526111 0
23868848575779 0
23868848594277 23
23868848611378 66
23868876185354 23
23868876223204 66
23868876241762 0
23868966459768 23
23868966511546 66
23869027141311 0
23869027185989 23
23869027205482 66
23869097043036 0
23869187533760 23
23869187593929 66
23869187613200 0
23869244689429 23
23869244733781 66
23869301249647 0
23869301300240 23
23869301319134 66
23869385457867 0
23869436001749 23
23869436059638 66
23869520194971 0
23869520241400 23
23869520259984 66
23869546861382 0
23869655008458 23
23869655081547 66
23869705524012 0
23869705588800 23
23869705607332 66
23869789746409 0
23869789802753 23
23869815048649 66
23869815076106 0
23869888971346 23
23869889016698 66
23869998677169 0
23869998725139 23
23869998743745 66
23870068240121 0
23870107682034 23
23870107723400 66
23870191945075 0
23870192000166 23
23870192019134 66
23870225733311 0
23870225765917 23
23870326666337 66
23870326729574 0
23870351687893 23
23870351721561 66
23870418680894 0
23870418719362 23
23870418738224 66
23870511958445 0
23870562054729 23
23870562098212 66
23870631495023 0
23870631539298 23
23870631558311 66
23870709874974 0
23870709928744 23
23870786095786 66
23870786141839 0
23870846751381 23
23870846803517 66
23870930972117 0
23870931022784 23
23870931041765 66
23870962712048 0
23871065732307 23
23871065782588 66
23871116253926 0
23871116296801 23
23871116315715 66
23871164839303 0
23871164881041 23
23871223444598 66
23871325370244 0
23871362030457 0
23871362069687 23
23871362088040 66
23871362104848 23
23871436558478 66
23871436604901 0
23871507733753 23
23871507783256 66
23871558826343 0
23871558866374 23
23871558884648 66
23871644920005 0
23871644965644 23
23871720565736 66
23871720614603 0
23871787916876 23
23871787973962 66
23871841731985 0
23871841773518 23
23871841792985 66
23871901794409 0
23871969184990 23
23871969230514 66
23872046899543 0
23872046961247 23
23872046981173 66
23872121880980 0
23872121928365 23
23872164156925 66
23872164478171 0
23872296739606 23
23872296781051 66
23872296799456 0
23872296816994 23
23872296834062 66
23872400476150 0
23872459625426 23
23872459682245 66
23872527011711 0
23872527066953 23
23872527086136 66
23872577560578 0
23872678747810 23
23872678797526 66
23872678815712 0
23872706107863 23
23872706136559 66
