17154433146295 0
17154433522970 23
17154433746344 66
17154500875463 0
17154605722670 23
17154605779191 66
17154605797319 0
17154635319098 23
17154635348822 66
17154635367006 0
17154706791200 23
17154706835371 66
17154796562803 0
17154796610099 23
17154863994400 66
17154864285450 0
17154913610837 23
17154913753961 66
17154913864454 0
17155010031440 23
17155010080528 66
17155065026276 0
17155065068914 23
17155065087588 66
17155115248508 0
17155193799992 23
17155193846618 66
17155193864605 0
17155258406228 23
17155258442783 66
17155258461054 0
17155361624161 23
17155361671705 66
17155372264855 0
17155372286599 23
17155479673511 66
17155479723512 0
17155507037130 23
17155507065873 66
17155507084256 0
17155604507838 23
17155604555007 66
17155636282823 0
17155636312422 23
17155636330312 66
17155797459382 0
17155797513272 23
17155797532373 66
17155797549616 0
17155876591049 23
17155876640880 66
17155876659255 0
17155915361961 23
17155915394477 66
17155999640175 0
17155999699371 23
17156035485807 66
17156035514171 0
17156134395455 23
17156134441293 23
17156134459986 66
17156134476973 0
17156201750990 23
17156201795458 66
17156269131181 0
17156269183480 23
17156269203076 66
17156327266666 0
17156392605372 23
17156392649068 66
17156392667089 0
17156469282489 23
17156469329936 66
17156469348390 0
17156553481768 23
17156553537297 66
17156584435850 0
17156584471870 23
17156688159127 66
17156688214344 0
17156706223411 23
17156706246560 66
17156706263977 0
17156789243971 23
17156789281416 66
17156840270744 0
17156840307223 23
17156840325996 66
17156946991346 0
17156991362574 23
17156991396846 66
17156991415889 0
17157083073146 23
17157083619714 66
17157083856489 0
17157119698154 23
17157119988781 66
17157193725471 0
17157193770644 23
17157275589347 66
17157275635569 0
17157353833319 23
17157353883414 66
17157353901632 0
17157393498200 23
17157393531373 66
17157477762174 0
17157477803468 23
17157477821819 66
17157511072449 0
17157592156408 23
17157592198212 66
17157592217179 0
17157645065525 23
17157645106218 66
17157645125136 0
17157747405988 23
17157747454640 66
17157779369829 0
17157779402356 23
17157863093429 66
17157863351783 0
17157935011988 23
17157935467395 66
17157935787108 0
17157999946837 23
17157999983671 66
17158054801437 0
17158054836522 23
17158054854782 66
17158122204041 0
17158189542917 23
17158189575984 66
17158189594942 0
17158284197599 23
17158284246577 66
17158284265165 0
17158334711508 23
17158334741988 66
17158382908618 0
17158382946854 23
17158449913221 66
17158449947708 0
17158517047785 23
17158517084272 66
17158517102202 0
17158608553441 23
17158609580564 66
17158680778413 0
17158681400970 23
17158681652393 66
17158778161023 0
17158785291804 23
17158785313486 66
17158785330962 0
17158865329649 23
17158865366530 66
17158865384750 0
17158953783343 23
17158953831627 66
17159006400333 0
17159006433205 23
17159060614456 66
17159060658418 0
17159120826976 23
17159120860654 66
17159120878587 0
17159187642022 23
17159187678507 66
17159261348172 0
17159261395800 23
17159261414463 66
17159356046188 0
17159438069271 23
17159438128542 66
17159438147414 0
17159494935324 23
17159494982972 66
17159495001267 0
17159522982681 23
17159523012429 66
17159589959817 0
17159589997162 23
17159657033992 66
17159657074536 0
17159739126663 23
17159739158871 66
17159739177103 0
17159812858415 23
17159812901801 66
17159888683948 0
17159964477422 0
17159964530591 23
17159992364237 66
17159992396019 23
17159992414337 66
17159992431495 0
17160076900286 23
17160076945382 66
17160138434064 0
17160138864548 23
17160251501674 66
17160251542192 0
17160260658952 23
17160260680670 66
17160260698017 0
17160368741639 23
17160368792186 66
17160417133104 0
17160461900143 23
17160461946872 66
17160461965479 0
17160551901000 23
17160551951066 66
17160612981875 0
17160613021866 23
17160677595677 66
17160677639095 0
17160737358602 23
17160737395985 66
17160811076227 0
17160811115361 23
17160811133848 66
17160888801803 0
17160947470781 23
17160947515989 66
17160947534213 0
17161023611269 23
17161023653002 66
17161090963660 0
17161132641877 23
17161132668594 23
17161132686981 66
17161217308364 0
17161290949510 0
17161290984989 23
17161291004559 66
17161358458216 23
17161358500275 66
17161358518452 0
17161425741579 23
17161425784357 66
17161425803510 0
17161489180442 23
17161489223386 66
17161545861098 0
17161650460903 23
17161650508748 66
17161650526926 0
17161676443231 23
17161676479621 66
17161779503791 0
17161779549629 23
17161811216255 66
17161811243042 0
17161931130946 23
17161931185258 66
17161931203844 0
17161937333519 23
17161937395033 66
17162004511191 0
17162093223052 23
17162093272346 66
17162093291453 0
17162171443094 23
17162171490030 66
17162241256220 0
17162258308415 23
17162284581312 66
17162284754695 0
17162342672641 23
17162342718102 66
17162410111071 0
17162410150529 23
17162410168821 66
17162499624519 0
17162555363537 23
17162555409425 66
17162555427796 0
17162615511369 23
17162615541698 66
17162682944362 0
17162682982205 23
17162769174587 66
17162769236947 0
17162843982758 23
17162844029931 66
17162903853382 0
17162903898302 23
17162954613314 66
17162954660066 0
17163024629700 23
17163024975391 66
17163025196412 0
17163105991684 23
17163106039447 66
17163144490296 0
17163211684708 23
17163211718980 66
17163211736812 0
17163291326096 23
17163291365489 66
17163409192419 0
17163409246237 23
17163419868063 66
17163419890863 0
17163527142401 23
17163527187769 66
17163527205834 0
17163575539068 23
17163575581725 66
17163659776076 0
17163689404375 23
17163689433561 66
17163689451966 0
17163757621380 23
17163757786743 66
17163843835086 0
17163843881133 23
17163882160142 66
17163882184377 0
17163963049125 23
17163963095924 66
17164064051328 0
17164064097852 23
17164064116519 66
17164111030289 0
17164198833371 23
17164198882100 66
17164198900722 0
17164249364229 23
17164249401237 66
17164306895393 0
17164382026222 23
17164382089552 66
17164466360868 0
17164504744958 0
17164505099956 23
17164505120031 66
17164562410073 23
17164562465443 66
17164562483313 0
17164664673658 23
17164664722163 66
17164664740814 0
17164735731179 23
17164735780450 66
17164771049751 0
17164853672630 23
17164853718343 66
17164853736817 0
17164888181932 23
17164888210753 66
17164988426872 0
17164988471010 23
17165022232537 66
17165022265246 0
17165121696944 23
17165121744841 66
17165121763075 0
17165163307039 23
17165163337946 66
17165259583096 0
17165310663919 23
17165311327736 66
17165311563568 0
17165371320890 23
17165371501685 66
17165457971036 0
17165458015208 23
17165529663666 66
17165529713181 0
17165592730262 23
17165592771005 66
17165643305164 0
17165643347866 23
17165643365947 66
17165710619306 0
17165800518329 23
17165800563869 66
17165800582172 0
17165827193824 23
17165827225839 66
17165894085014 0
17165961263119 23
17165961301427 66
