8548058074301 0
8548132217991 23
8548132721138 66
8548243305937 0
8548260236537 23
8548260261257 66
8548327657665 0
8548438778861 23
8548438834793 66
8548454019301 0
8548523608391 23
8548607567749 66
8548607621392 0
8548661545135 23
8548748642028 66
8548748689590 0
8548789068699 23
8548789103032 66
8548856216346 0
8548927214568 23
8548927257685 66
8549016062215 0
8549071397837 23
8549071441098 66
8549132002234 0
8549204582850 23
8549204628392 66
8549258313925 0
8549357912246 23
8549357966884 66
8549420345998 0
8549487712639 23
8549487756618 66
8549487775043 0
8549526484379 23
8549606028218 66
8549660576456 0
8549755122485 23
8549755168395 66
8549801567247 0
8549884405398 23
8549884453053 66
8549884471886 0
8549936318670 23
8549936356647 66
8550108876265 0
8550108924088 23
8550138480124 66
8550138516749 0
8550209981232 23
8550210025448 23
8550327850136 66
8550331261134 0
8550426773267 23
8550426810488 23
8550426828601 66
8550501833943 0
8550561542777 23
8550561584065 66
8550561602542 0
8550636544637 23
8550636590571 66
8550685582485 0
8550763919256 23
8550831095236 66
8550831136364 0
8550875488273 23
8550965806783 66
8550965852230 0
8551016409091 23
8551016447880 66
8551083753605 0
8551136149397 23
8551136184439 66
8551203091067 0
8551290172145 23
8551290222334 23
8551290241773 66
8551406522555 0
8551471451085 23
8551471495227 66
8551471513874 0
8551570200811 23
8551612423608 66
8551612466151 0
8551704931330 23
8551704998180 66
8551775734344 0
8551824772812 23
8551892849293 66
8551892897542 0
8551949323561 23
8551949365333 66
8552008818484 0
8552090217961 23
8552090270838 66
8552158941511 0
8552209203453 23
8552209245947 66
8552359750178 0
8552413781257 23
8552413817552 23
8552413835931 66
8552511441024 0
8552551456595 23
8552551483406 66
8552551502612 0
8552618862005 23
8552686204070 66
8552778995433 0
8552821003855 23
8552821035755 66
8552897863229 0
8552964357593 23
8552964786747 66
8552965013006 0
8553048366518 23
8553048414267 66
8553098841742 0
8553148021489 23
8553215359246 66
8553215400534 0
8553295343851 23
8553365198551 23
8553365242371 66
8553425787686 0
8553490568171 23
8553490606134 66
8553571926405 0
8553625304195 23
8553625336608 66
8553720009900 0
8553772790818 23
8553772836050 66
8553825983783 0
8553896460640 23
8553896510195 66
8553969030324 0
8553969078524 23
8554019861643 66
8554086984749 0
8554174790943 23
8554174841554 66
8554231252183 0
8554288641769 23
8554289065330 66
8554404296393 0
8554448471349 23
8554516674918 66
8554516721226 0
8554564449188 23
8554564483407 66
8554661175966 0
8554690565611 23
8554690623596 66
8554779383391 0
8554824880424 23
8554824926827 66
8554913850406 0
8554981211249 23
8554981262637 66
8554981281615 0
8555056111849 23
8555092912584 66
8555166654875 0
8555248603016 23
8555248644115 66
8555350088485 0
8555400378806 23
8555400434118 66
8555400453326 0
8555457982265 23
8555458024172 66
8555503505293 0
8555578935760 23
8555629580872 66
8555629612157 0
8555696654957 23
8555787659634 66
8555871900198 0
8555920314288 23
8555920353675 66
8556004530532 0
8556046853057 23
8556047325903 66
8556047548931 0
8556109976937 23
8556110086672 66
8556223529537 0
8556240479045 23
8556325219935 66
8556325509429 0
8556375398497 23
8556459326564 66
8556459368317 0
8556501296668 23
8556501323883 66
8556594094249 0
8556655164711 23
8556655193973 66
8556726788625 0
8556769544368 23
8556769573017 66
8556841200451 0
8556928896656 23
8556928951562 66
8557000088828 0
8557063463586 23
8557063930460 66
8557131050400 0
8557179618792 23
8557179658827 66
8557179677668 0
8557270052512 23
8557333188990 66
8557413195782 0
8557467934313 23
8557467972258 66
8557550039814 0
8557574442339 23
8557574471809 66
8557574490059 0
8557641429305 23
8557641463267 66
8557776765171 0
8557777083210 23
8557880643554 66
8557880691727 0
8557962632084 23
8557999765225 66
8557999803659 0
8558095409299 23
8558095467167 66
8558139657942 0
8558222038723 23
8558253499612 66
8558253539039 0
8558339737371 23
8558339790929 66
8558407010865 0
8558476286415 23
8558476335892 66
8558513971318 0
8558609184459 23
8558609238715 66
8558647454873 0
8558714589722 23
8558714628613 66
8558714646638 0
8558788291803 23
8558895642472 66
8558923026878 0
8558990424604 23
8558990461591 66
8559057778769 0
8559125212018 23
8559125252491 66
8559125270604 0
8559198738718 23
8559198778357 66
8559365091328 0
8559398764575 23
8559398796037 66
8559398815287 0
8559483015032 23
8559519314705 66
8559519342566 0
8559600919556 23
8559600962663 66
8559668284668 0
8559752526550 23
8559819887820 66
8559819934478 0
8559885151312 23
8559885200620 66
8559932059543 0
8560019957133 23
8560020011270 66
8560064269716 0
8560148813097 23
8560148857772 66
8560205216850 0
8560272612134 23
8560272652152 66
8560272670378 0
8560339969121 23
8560424184839 66
8560458173474 0
8560565308438 23
8560565358194 66
8560614965141 0
8560684578622 23
8560684625194 66
8560684643738 0
8560759080032 23
8560759132832 66
8560868626588 0
8560936013973 23
8560936050725 66
8560936069136 0
8560994835020 23
8561086209952 66
8561086255599 0
8561142202385 23
8561142236484 66
8561196225329 0
8561263095694 23
8561362311801 66
8561362360059 0
8561406411101 23
8561406687971 66
8561498067355 0
8561548581218 23
8561548619140 66
8561641235535 0
8561700188505 23
8561700236551 66
8561757298299 0
8561807703466 23
8561807740725 66
8561807759625 0
8561886142201 23
8561952879248 66
8562013912463 0
8562087589780 23
8562087633492 66
8562135043820 0
8562237362812 23
8562237414604 66
8562237432933 0
8562287665154 23
8562287707633 66
8562439252500 0
8562510855769 23
8562510891795 66
8562510910409 0
8562582418252 23
8562641402153 66
8562641446039 0
8562715847577 23
8562715892423 66
8562776160983 0
8562805588438 23
8562872712460 66
8562872756880 0
8562941454483 23
8562941930409 66
8563006907269 0
8563086517076 23
8563086555466 66
8563178327940 0
8563262535047 23
8563262584802 66
8563281625970 0
8563363639113 23
8563363679057 66
8563363697311 0
8563430992353 23
8563533199359 66
8563565750380 0
8563640069477 23
8563640110845 66
8563682227096 0
8563784739933 23
8563784787382 66
8563784805542 0
8563811535992 23
8563909346203 66
8563967933514 0
8564012716185 23
8564012741864 66
8564012759637 0
8564079763587 23
8564159494524 66
8564159529582 0
8564243740779 23
8564243784720 66
8564288103032 0
8564373783080 23
8564423130538 66
8564423482109 0
8564490263470 23
8564490304487 66
8564574376434 0
8564574419100 0
8564635393364 23
8564635437830 66
8564706955977 23
8564707003605 66
