15729428319938 0
15729502400053 23
15729502863699 66
15729503162667 0
15729594601239 23
15729594648622 66
15729645119702 0
15729706166925 23
15729706215175 66
15729796736240 0
15729796787890 23
15729796806230 66
15729823116788 0
15729901629444 23
15729901798192 66
15729956860978 0
15729956902385 23
15729956920361 23
15730071133009 66
15730071185215 0
15730115191496 23
15730115232446 66
15730198901756 0
15730198948503 23
15730232727784 66
15730232757757 0
15730333654079 23
15730333701714 66
15730384184865 0
15730384218497 23
15730426376349 66
15730426410096 0
15730518945759 23
15730519007365 66
15730564530308 0
15730564577210 23
15730628682711 66
15730628726574 0
15730761797053 23
15730761841501 66
15730761859916 0
15730761877142 23
15730828728397 66
15730828764236 0
15730902378320 23
15730902421507 66
15730969645743 0
15730969676312 23
15731037050206 66
15731037088309 0
15731104385593 23
15731104414696 66
15731254639845 0
15731254684818 0
15731320319218 23
15731320367956 66
15731320386899 23
15731320404475 66
15731365190185 0
15731481700137 23
15731481750732 66
15731513606881 0
15731513642462 23
15731513660469 23
15731567452019 66
15731567527312 0
15731633456707 23
15731633493085 66
15731727541528 0
15731788616691 23
15731788646548 66
15731788664760 0
15731849471089 23
15731849521406 66
15731908765407 0
15732013944519 23
15732013999632 66
15732043539960 0
15732043566733 23
15732122307405 66
15732122348882 0
15732199467575 23
15732199920684 66
15732266623145 0
15732304274956 23
15732304303298 23
15732304320874 66
15732406391652 0
15732406441449 23
15732466627235 66
15732601388323 0
15732601435535 0
15732601454445 23
15732651933337 66
15732651973809 23
15732651992190 66
15732719294360 0
15732719332855 23
15732820503178 66
15732820551548 0
15732847925026 23
15732847955780 66
15732916095248 0
15733005678400 23
15733005743500 66
15733089886187 0
15733089933795 23
15733089952064 66
15733118748378 0
15733210740210 23
15733210783483 66
15733273046280 0
15733333469204 23
15733333511285 66
15733333529845 0
15733391004316 23
15733391037608 66
15733480465290 0
15733542639336 23
15733542683277 66
15733602096545 0
15733602156719 23
15733673311251 66
15733673670550 0
15733744951612 23
15733744995957 66
15733829085079 0
15733883690832 23
15733883738450 66
15733944811963 0
15733944850196 23
15734029085241 66
15734029129071 0
15734062635718 23
15734062667379 66
15734147149705 0
15734181984004 23
15734182012517 66
15734289969558 0
15734290054703 23
15734332182224 66
15734332220237 0
15734408559720 23
15734408604504 66
15734453750049 0
15734558569220 23
15734558619455 66
15734618549834 0
15734618593823 23
15734618612446 66
15734701690837 0
15734726061460 23
15734726090633 66
15734817250983 0
15734860836680 23
15734860868715 66
15734860887774 0
15734919718190 23
15734919748121 66
15735020721351 0
15735064926512 23
15735064956960 66
15735129254919 0
15735129537357 23
15735188366586 66
15735188723479 0
15735295791329 23
15735295837813 66
15735379454682 0
15735397618183 23
15735397645622 66
15735463013454 0
15735463046328 23
15735530407423 66
15735530445784 0
15735597740716 23
15735597772812 66
15735692407962 0
15735753438365 23
15735753474409 66
15735827243630 0
15735827291433 23
15735827310136 66
15735859499435 0
15735925784337 23
15735925822719 66
15736000632576 0
15736092500781 23
15736092560983 66
15736126954602 0
15736126984120 23
15736127004034 66
15736231556815 0
15736261108300 23
15736261136483 66
15736328151460 0
15736402147322 23
15736402193817 66
15736402212653 0
15736498856656 23
15736498911914 66
15736536888924 0
15736629565605 23
15736629612853 66
15736686303093 0
15736686570459 23
15736794265555 66
15736794320527 0
15736818940746 23
15736818981429 66
15736901619907 0
15736931689030 23
15736931718408 66
15737039680852 0
15737039728774 23
15737065836193 66
15737065861967 0
15737132803514 23
15737132831208 66
15737208408325 0
15737273830945 23
15737273872949 66
15737352946437 0
15737352991272 23
15737353010343 66
15737419623121 0
15737476045195 23
15737476096971 66
15737543350378 0
15737619034263 23
15737619081745 66
15737669420064 0
15737669458544 23
15737669477191 66
15737760140684 0
15737821159593 23
15737821187416 66
15737892756176 0
15737937611000 23
15737937641142 66
15737937660501 0
15738056383699 23
15738056438403 66
15738071896648 0
15738145488421 23
15738145994338 66
15738280331776 0
15738280373255 23
15738280391676 66
15738280410347 0
15738347658754 23
15738347690875 66
15738415114111 0
15738482427724 23
15738482461284 66
15738548311280 0
15738548351614 23
15738629705457 66
15738629741747 0
15738701303274 23
15738701352603 66
15738766549320 0
15738833980236 23
15738834025003 66
15738886712992 0
15738887144874 23
15738887394908 66
15738985654715 0
15739036117580 23
15739036177495 66
15739112797368 0
15739170854429 23
15739170890429 66
15739170908659 0
15739260106384 23
15739260150285 66
15739320339719 0
15739389850316 23
15739389894185 66
15739421597247 0
15739421626907 23
15739480113709 66
15739480144050 0
15739560089393 23
15739560132767 66
15739614405983 0
15739681371214 23
15739681409865 66
15739772776775 0
15739772829543 23
15739815498632 66
15739815530335 0
15739907290545 23
15739907342617 66
15739956393403 0
15740061526805 23
15740061575413 66
15740091121725 0
15740091150635 23
15740179417559 66
15740179461675 0
15740246799547 23
15740246850301 66
15740345798765 0
15740362610620 23
15740362650281 66
15740419167748 0
15740448272813 23
15740448299851 66
15740514528231 0
15740598538059 23
15740598591818 66
15740620375478 0
15740687351977 23
15740687385960 66
15740687404288 0
15740783787747 23
15740783835809 66
15740834356960 0
15740895504488 23
15740895541912 66
15740962802561 0
15740962834598 23
15741053235496 66
15741053290794 0
15741097594595 23
15741097625339 66
15741166160788 0
15741232554780 23
15741232601089 66
15741295021766 0
15741295062646 23
15741358027241 66
15741358060648 0
15741472281121 23
15741472332947 66
15741492060369 0
15741559218015 23
15741559250822 66
15741640691832 0
15741640724024 23
15741698400558 66
15741698440593 0
15741788115233 23
15741788160713 66
15741847534651 0
15741914515705 23
15741915025865 66
15742009230491 0
15742009276280 23
15742009295575 66
15742036702112 0
15742104094931 23
15742104135300 66
15742162823853 0
15742261875110 23
15742261926552 66
15742261946520 0
15742312426970 23
15742312455823 66
15742369900995 0
15742431455099 23
15742431489701 66
15742548276556 0
15742548333992 23
15742565172852 66
15742565195411 0
15742634089514 23
15742634128939 23
15742634147566 66
15742739887673 0
15742825807391 23
15742825853711 66
15742833480581 0
15742833503780 23
15742916726036 66
15742916767991 0
15742967674168 23
15742967704318 66
15743051498512 0
15743119861367 23
15743119899869 66
15743210621337 0
15743210670448 23
15743270443154 66
15743270484837 0
15743310613958 23
15743310646242 66
