9045074387592 0
9045148467274 23
9045148826609 66
9045240717573 0
9045305990909 23
9045306029775 66
9045373356910 0
9045457596662 23
9045457644467 66
9045492511461 0
9045573761772 23
9045573811404 66
9045618545105 0
9045691317944 23
9045691362997 66
9045758702521 0
9045842924761 23
9045879348794 66
9045879378793 0
9045946338842 23
9045946375580 66
9046129292007 0
9046129342588 23
9046154670457 66
9046154699223 0
9046255384592 23
9046297869267 66
9046420561013 0
9046424186603 23
9046424209085 66
9046424226151 0
9046482851766 23
9046565115803 66
9046627063926 0
9046699864746 23
9046699906209 66
9046792505331 0
9046851489956 23
9046851534714 66
9046885294563 0
9046969526434 23
9046969570384 66
9047060040459 0
9047111349003 23
9047111866190 66
9047203148962 0
9047228525976 23
9047228559029 66
9047337901312 0
9047371562300 23
9047371600871 66
9047448017863 0
9047506309418 23
9047506344848 66
9047590560571 0
9047623099132 23
9047623129129 66
9047708491592 0
9047781961637 23
9047782281175 23
9047841629919 66
9047841689202 0
9047992751925 23
9047992800915 66
9047992819799 0
9048044344267 23
9048161187331 66
9048161255211 0
9048167602346 23
9048167624465 66
9048234993189 0
9048293631272 23
9048397165202 66
9048397217240 0
9048427868612 23
9048512169274 66
9048582123831 0
9048690075831 23
9048690130150 66
9048690148678 0
9048717049299 23
9048797349274 66
9048837187729 0
9048921841261 23
9048921883056 66
9048984500506 0
9049102384060 23
9049102443842 66
9049106707431 0
9049173964423 23
9049174010780 66
9049232609636 0
9049315232127 23
9049315279970 66
9049389008303 0
9049456128370 23
9049456185042 66
9049508567249 0
9049588892227 23
9049588934010 66
9049656111795 0
9049723539938 23
9049723593136 66
9049776281724 0
9049843706818 23
9049843748591 66
9049911037228 0
9049983445598 23
9050047176878 66
9050047675733 0
9050138764685 23
9050138814496 66
9050171537941 0
9050238631247 23
9050305600032 66
9050305633572 0
9050395183296 23
9050449954324 66
9050529991690 0
9050597331803 23
9050597374434 66
9050597392844 0
9050655226337 23
9050719929567 66
9050799779205 0
9050850302276 23
9050850347444 66
9050919611690 0
9050976269006 23
9050976329337 66
9051069015625 0
9051136375927 23
9051136410436 66
9051201664635 0
9051269007457 23
9051269047038 66
9051337066269 0
9051403962773 23
9051404010284 66
9051468743744 0
9051519940585 23
9051520291247 66
9051587126366 0
9051673271453 23
9051673310895 66
9051721876675 0
9051789239075 23
9051789275665 66
9051875448137 0
9051915452527 23
9052041804350 66
9052041860197 0
9052049360496 23
9052049383248 66
9052165228937 0
9052204879144 23
9052258252911 66
9052258533098 0
9052317653939 23
9052392198140 66
9052479748956 0
9052526212261 23
9052526246603 66
9052526265342 0
9052603957274 23
9052681901025 66
9052747137803 0
9052801888498 23
9052801931600 66
9052854132941 0
9052935498367 23
9052935831418 66
9052990128396 0
9053084068386 23
9053084113341 66
9053122357306 0
9053193287795 23
9053193336031 66
9053256537222 0
9053353574181 23
9053353621934 23
9053353640378 66
9053410420614 0
9053488350781 23
9053488395457 66
9053532681357 0
9053626110516 23
9053626154119 23
9053626172607 66
9053686805478 0
9053789418725 23
9053789468524 23
9053789486694 66
9053793048696 0
9053908184622 23
9053908244934 66
9053927236490 0
9054013360696 23
9054013405315 66
9054177058613 0
9054177114057 23
9054227408335 66
9054227445345 0
9054309653361 23
9054309706667 66
9054337090040 0
9054405389549 23
9054472326653 66
9054579054160 0
9054612728076 23
9054612761807 66
9054695087868 0
9054732042678 23
9054732071527 23
9054831719546 66
9054831769588 0
9054866044809 23
9054946724719 66
9054946774821 0
9055017024266 23
9055017061847 66
9055149959303 0
9055216527803 23
9055216662152 23
9055216769576 66
9055301273425 0
9055385500161 23
9055410903875 66
9055410934705 0
9055469755689 23
9055469786113 66
9055543822562 0
9055603752038 23
9055688691646 66
9055688735184 0
9055749719277 23
9055812425205 66
9055885092267 0
9055956217006 23
9055956273652 66
9055956292423 0
9056074123481 23
9056080466376 66
9056147910320 0
9056225651059 23
9056225700725 66
9056296477429 0
9056388347612 23
9056388401373 66
9056430655244 0
9056512015471 23
9056512072682 66
9056564842965 0
9056659269565 23
9056659405623 23
9056659424655 66
9056692404449 0
9056744256424 23
9056744308011 66
9056829911275 0
9056908213761 23
9056908257091 66
9056981532566 0
9057055922383 23
9057055966151 23
9057055984588 66
9057116293816 0
9057191214024 23
9057191259156 66
9057234247485 0
9057322921950 23
9057322973549 66
9057364008127 0
9057426095451 23
9057426148756 66
9057501833717 0
9057548607681 23
9057615685748 66
9057615725109 0
9057737426098 23
9057737473301 66
9057750498215 0
9057828831945 23
9057922753441 66
9057922800677 0
9057996687791 23
9058026037037 66
9058141460073 0
9058161779967 23
9058162039021 66
9058225462618 0
9058225594737 23
9058297168158 66
9058392277709 0
9058442796687 23
9058442842237 66
9058528436292 0
9058554737221 23
9058554766506 66
9058621686864 0
9058712330488 23
9058712376658 66
9058779709064 0
9058830407958 23
9058830447661 66
9058921720591 0
9058982077501 23
9058982437285 66
9059047160074 0
9059114493172 23
9059114535462 66
9059158309767 0
9059225352613 23
9059225393197 66
9059384005941 0
9059436649443 23
9059436680010 66
9059493607298 0
9059567328127 23
9059567367895 66
9059643370109 0
9059718125987 23
9059718171944 66
9059805171098 0
9059836862721 23
9059836899618 66
9059904248390 0
9059963024516 23
9060030062812 66
9060030100821 0
9060097171938 23
9060097202559 66
9060190464169 0
9060247307522 23
9060318883399 66
9060318929525 0
9060377007812 23
9060432375686 66
9060538331229 0
9060594742734 23
9060594786544 66
9060594804750 0
9060659973312 23
9060744237260 66
9060784203244 0
9060862244741 23
9060862290470 66
9060918976527 0
9060986498756 23
9060986544747 66
9061064296414 0
9061138902949 23
9061138951211 66
9061200684842 0
9061239654908 23
9061239844464 66
9061333814485 0
9061378214021 23
9061378250175 66
9061445516448 0
9061533856348 23
9061533900053 66
9061601185146 0
9061668670935 23
9061668714644 66
9061735943364 0
9061786534644 23
9061786577808 66
9061840792231 0
9061907849900 23
9062005613837 66
9062005669987 0
9062072885919 23
9062072936731 66
9062120828713 0
9062176187680 23
9062243213742 66
9062243244406 0
9062346781892 23
9062407636867 66
9062459111572 0
9062519376833 23
9062519414494 66
9062519433205 0
9062586802519 23
9062654415923 23
9062654820714 0
9062655047498 23
9062738232121 0
9062738279162 23
9062738297440 23
9062738314624 66
9062795093905 23
9062795132021 66
9062852626640 23
9062852670945 66
