16682821855938 0
16682822203366 23
16682889480277 66
16682889828410 0
16682978704814 23
16682978750454 66
16682978768278 0
16683046068612 23
16683046107202 66
16683130286010 0
16683130342792 23
16683177705905 66
16683177748023 0
16683254597304 23
16683254874719 66
16683376090551 0
16683376135424 23
16683376153805 66
16683448213436 0
16683507896721 23
16683507934994 66
16683583030618 0
16683583076691 23
16683583094883 66
16683650369391 0
16683734588976 23
16683734638949 66
16683734657240 0
16683760821745 23
16683760850518 66
16683852487522 0
16683852537869 23
16683919886110 66
16683919934483 0
16683988080923 23
16683988131265 66
16683988149133 0
16684040923078 23
16684041383344 66
16684136782931 0
16684136830155 23
16684170571488 66
16684170600550 0
16684271516664 23
16684271566418 66
16684271584387 0
16684305328510 23
16684305358805 66
16684381587643 0
16684456807464 23
16684456849064 66
16684456868596 0
16684531256491 23
16684531300103 66
16684591610153 0
16684591658944 23
16684591678576 66
16684664513405 0
16684727387112 23
16684727676401 66
16684727896981 0
16684793962887 23
16684794011639 66
16684868264777 0
16684868311178 23
16684942396034 66
16684993722036 0
16684993759293 0
16685081993383 23
16685082041647 66
16685082059863 23
16685109670790 66
16685109699331 0
16685195889030 23
16685195932848 66
16685195950962 0
16685259045138 23
16685259080695 66
16685319031549 0
16685382503482 23
16685382546343 66
16685382564422 0
16685459868307 23
16685459911145 66
16685519077887 0
16685519417858 23
16685571862636 66
16685571909828 0
16685661248269 23
16685661295035 66
16685732933910 0
16685732979810 23
16685801160056 66
16685801202899 0
16685867648454 23
16685867687968 66
16685934905844 0
16685934943873 23
16685981442365 66
16685981475176 0
16686048765698 23
16686048804069 66
16686116175040 0
16686116212788 23
16686207596522 66
16686207886304 0
16686288762176 23
16686288816454 66
16686323053838 0
16686323083844 23
16686376475400 66
16686376512999 0
16686443551008 23
16686443592957 66
16686510538966 0
16686510574833 23
16686604493211 66
16686604537195 0
16686683625999 23
16686683685720 66
16686724552601 0
16686724584703 23
16686815723634 66
16686815770496 0
16686853100764 23
16686853129255 66
16686920744260 0
16686920784631 23
16686998504611 66
16686999003409 0
16687089127802 23
16687089183198 66
16687145675309 0
16687145719483 23
16687181191229 66
16687181222588 0
16687261466975 23
16687261511421 66
16687352462542 0
16687352510514 23
16687352528593 66
16687413043664 0
16687472438471 23
16687472480044 66
16687516553836 0
16687516588197 23
16687516606463 66
16687583509748 0
16687664113199 23
16687664153451 66
16687733328740 0
16687733380363 23
16687733398662 66
16687792217859 0
16687859554406 23
16687859582629 66
16687859600897 0
16687952114541 23
16687952160178 66
16688013166992 0
16688075047879 23
16688075091953 66
16688075110257 0
16688126836705 23
16688126871671 66
16688202681638 0
16688254274325 23
16688254313988 66
16688254332548 0
16688344604336 23
16688344649303 66
16688404991222 0
16688529578037 23
16688529623129 66
16688529641025 0
16688598537065 0
16688598583601 23
16688663922496 66
16688663958105 23
16688663976432 66
16688663993884 0
16688758569367 23
16688758621382 66
16688819610069 0
16688872879393 23
16688872918772 66
16688872937016 0
16688924959516 23
16688924996240 66
16689002811854 0
16689059111426 23
16689059152426 66
16689059172103 0
16689158135601 23
16689158187467 66
16689228106247 0
16689261395996 23
16689261429280 66
16689261447303 0
16689327399674 23
16689327438741 66
16689394374215 0
16689508966943 23
16689509020169 66
16689509039864 0
16689535628197 23
16689535653976 66
16689632392238 0
16689695545046 23
16689695596651 23
16689695615265 66
16689695633909 0
16689775780472 23
16689775838540 66
16689824240426 0
16689824284391 23
16689891984690 66
16689930938827 0
16689998349617 0
16689998392585 23
16689998410843 66
16690085075631 23
16690085120183 66
16690085138727 0
16690163323075 23
16690163372628 66
16690219838852 0
16690219880162 23
16690306877317 66
16690306927948 0
16690333345290 23
16690333373854 66
16690436698687 0
16690436747901 23
16690474740837 66
16690474773667 0
16690554613520 23
16690554661356 66
16690622864506 0
16690623258843 23
16690676941095 66
16690676983389 0
16690755032250 23
16690755077911 66
16690824154645 0
16690824206429 23
16690893634449 66
16690893674659 0
16690958933963 23
16690958977992 66
16691026252780 0
16691026292310 23
16691093784037 66
16691093824896 0
16691161045792 23
16691161087854 66
16691243137095 0
16691243190448 23
16691279083760 66
16691279114776 0
16691363928688 23
16691363972442 66
16691413889796 0
16691414247566 23
16691521554080 66
16691521609280 0
16691578841519 23
16691578884490 66
16691607537248 0
16691607561803 23
16691697973139 66
16691698017004 0
16691759023802 23
16691759055672 66
16691815765969 0
16691815807456 23
16691815893490 66
16691875731598 0
16691967494127 23
16691967549131 66
16692009984791 0
16692010011161 23
16692010029595 66
16692079076018 0
16692218204707 23
16692218244750 66
16692218262483 0
16692218281035 23
16692218298054 66
16692285516055 0
16692386522483 23
16692386575608 66
16692386594681 0
16692420323910 23
16692420354629 66
16692504413246 0
16692565468282 23
16692565499008 66
16692565517435 0
16692639184208 23
16692639230617 66
16692680607790 0
16692757969155 23
16692758009650 66
16692946772405 0
16692946825420 0
16692946843891 23
16692948920393 66
16692948940534 23
16692948957388 66
16692948974076 0
16693016287031 23
16693016324974 66
16693145119066 0
16693176105787 23
16693176139086 66
16693176157792 0
16693232921802 23
16693232951607 66
16693327714724 0
16693378236240 23
16693378274831 66
16693378294202 0
16693445595311 23
16693445647920 66
16693500357219 0
16693574961905 23
16693575007107 23
16693575025287 66
16693575042335 0
16693645739937 23
16693645790828 66
16693696206294 0
16693753692364 23
16693753737222 66
16693753755410 0
16693820709419 23
16693820746531 66
16693887818228 0
16693968980659 23
16693969033245 66
16693969051317 0
16694029016426 23
16694029057996 66
16694096431707 0
16694184693626 23
16694184745199 66
16694184763685 0
16694263193865 23
16694263242509 66
16694306843610 0
16694424575922 23
16694424612105 66
16694424630184 0
16694424647554 23
16694424694725 23
16694424712251 66
16694492645196 0
16694492681137 23
16694586859871 66
16694586908646 0
16694671123037 23
16694671169613 66
16694721602970 0
16694721648035 23
16694796006030 66
16694839543872 0
16694931006791 0
16694931055169 23
16694931073486 66
16694976592414 23
16694976623711 66
16694976641619 0
16695035473689 23
16695035505106 66
16695142743521 0
16695142800334 23
16695208095330 66
16695208140138 0
16695241750646 23
16695241795929 66
16695333023578 0
16695333072988 23
16695376442558 66
16695376476486 0
16695460679569 0
16695460725698 23
16695460744081 66
16695497405398 23
16695497435183 66
