23578490616622 0
23578564736399 23
23578565282080 66
23578644220800 0
23578644264715 23
23578644283152 66
23578684266965 0
23578684302007 23
23578684320618 66
23578781070118 0
23578854007372 23
23578854055860 66
23578886861887 0
23578886906059 23
23578886925182 66
23578961711344 0
23579040370751 23
23579040423921 66
23579108529741 0
23579108585536 23
23579108604070 66
23579162656668 0
23579162707993 23
23579162726428 66
23579267593628 0
23579294978947 23
23579295007599 23
23579295025704 66
23579385373892 0
23579385445953 23
23579385465028 66
23579429721024 0
23579518069108 23
23579518134779 66
23579518153754 0
23579579109017 23
23579579160612 66
23579643019802 0
23579643067189 23
23579643085608 66
23579691653483 0
23579769134161 23
23579769331767 66
23579824702807 0
23579824749639 23
23579824768424 66
23579912619289 0
23579958628946 23
23579958670054 66
23579958688979 0
23580047329425 23
23580047375959 66
23580107590269 0
23580107631646 23
23580107650640 66
23580208795209 0
23580234078779 23
23580234115539 66
23580341316972 0
23580341369281 23
23580341388352 66
23580368911085 0
23580436273964 23
23580436314869 66
23580436332655 0
23580548865731 23
23580548919613 66
23580606627494 0
23580606677774 23
23580606697689 66
23580644563236 0
23580737991810 23
23580738044277 66
23580831537977 0
23580831577493 0
23580831595671 23
23580914057153 66
23580914109995 23
23580914129187 66
23580914146997 0
23581012998215 23
23581013058803 66
23581048790301 0
23581048825589 23
23581048844887 66
23581142265658 0
23581185922250 23
23581186209699 66
23581299372463 0
23581299423941 23
23581299443435 66
23581319341600 0
23581417310756 23
23581417376071 66
23581434268453 0
23581434293891 23
23581434311296 66
23581518369911 0
23581568139076 23
23581568184232 66
23581649793290 0
23581649837760 23
23581649856223 66
23581702301247 0
23581785802692 23
23581785852575 66
23581836545548 0
23581836587541 23
23581836606192 66
23581931055673 0
23581931106898 23
23581990078479 66
23581990419240 0
23582055555817 23
23582055604187 66
23582113312946 0
23582113363128 23
23582113381389 66
23582190035044 0
23582274260663 23
23582274315295 66
23582347850031 0
23582347939121 23
23582347958320 66
23582409021839 0
23582476374968 23
23582476427214 66
23582526982431 0
23582527038125 23
23582527056869 66
23582616072932 0
23582659562825 23
23582659602025 66
23582736202384 0
23582736469245 23
23582736490387 66
23582794971817 0
23582795420137 23
23582849229193 66
23582849265915 0
23582945965715 23
23582946023365 66
23583003447338 0
23583003491188 23
23583003509787 66
23583051352610 0
23583131259680 23
23583131304462 66
23583215472128 0
23583215520203 23
23583215539244 66
23583282852155 0
23583311788928 23
23583311827458 66
23583378974972 0
23583379016821 23
23583379035041 66
23583446025600 0
23583542668610 23
23583542818742 66
23583647188294 0
23583647232697 23
23583647251861 66
23583647269620 0
23583725452787 23
23583725500021 66
23583788380707 0
23583788424298 23
23583788442883 66
23583870300758 0
23583870348046 23
23583932407658 66
23583932453700 0
23584021916771 23
23584021973618 66
23584085935738 0
23584085995942 23
23584086014540 66
23584137971483 0
23584188758225 23
23584188795983 66
23584260647863 0
23584260690408 23
23584260708807 66
23584336792006 0
23584407321936 23
23584407365904 66
23584464074794 0
23584464117040 23
23584464134906 66
23584609400304 0
23584667361263 0
23584667405176 23
23584667423664 66
23584667440904 23
23584667457956 66
23584727435114 0
23584818840509 23
23584818885094 66
23584818903519 0
23584878886095 23
23584878935726 66
23584973089765 0
23584973491656 23
23585002164291 66
23585002462397 0
23585055629346 23
23585055670244 66
23585163137905 0
23585163193770 23
23585163212726 66
23585281039044 0
23585365321671 0
23585365372793 23
23585365391431 66
23585365408746 23
23585390874575 66
23585390902358 0
23585500072455 23
23585500124032 66
23585531767071 0
23585531796976 23
23585531815285 66
23585626355750 0
23585685348362 23
23585685408522 66
23585746141991 0
23585746193596 23
23585746211966 66
23585801423511 0
23585801759069 23
23585919074816 66
23585919130173 0
23585935937563 23
23585935985446 66
23586037207420 0
23586037266322 23
23586037284840 66
23586074827773 0
23586164557096 23
23586164612207 66
23586222255352 0
23586222300158 23
23586222318896 66
23586297125633 0
23586357015207 23
23586357066604 66
23586445036152 0
23586445089158 23
23586445107471 66
23586470863877 0
23586557988797 23
23586558038833 66
23586652326635 0
23586652386050 23
23586652404264 66
23586716567525 0
23586716618456 23
23586759164571 66
23586759208154 0
23586799312343 23
23586799360609 66
23586893946053 0
23586894003463 23
23586894022971 66
23586955006826 0
23587028733300 23
23587028785516 66
23587096116987 0
23587096174247 23
23587096193332 66
23587171952873 0
23587223127136 23
23587223180326 66
23587282737426 0
23587282780418 23
23587282798789 66
23587380391517 0
23587421286970 23
23587421330595 66
23587477341670 0
23587477379780 23
23587477398233 66
23587586159561 0
23587612084282 23
23587612113388 66
23587670993808 0
23587671032734 23
23587671050655 66
23587767782850 0
23587767830496 23
23587805226100 66
23587805262409 0
23587893102679 23
23587893146779 66
23587953043832 0
23587953095160 23
23587953114293 66
23588007637341 0
23588079221039 23
23588079759989 66
23588186776238 0
23588186825365 23
23588186844196 66
23588237286609 0
23588321524275 23
23588321570133 66
23588372073379 0
23588372120993 23
23588372139615 66
23588456299308 0
23588506829170 23
23588506872290 66
23588591068882 0
23588591118065 23
23588591136647 66
23588610013643 0
23588692180824 23
23588692244957 66
23588692263420 0
23588759026411 23
23588759406004 66
23588811159502 0
23588811208575 23
23588912173835 66
23588912224123 0
23588965775245 23
23588965858700 66
23589026334763 0
23589026381742 23
23589026399845 66
23589085995910 0
23589174266837 23
23589174311698 66
23589227849522 0
23589227894149 23
23589227912269 66
23589313279477 0
23589397728212 23
23589397787563 66
23589422908996 0
23589422937328 23
23589422955192 66
23589481793469 0
23589562165425 23
23589562425511 66
23589648336145 0
23589648387543 23
23589648405598 66
23589732385927 0
23589732433930 23
23589779192837 66
23589779248731 0
23589833340004 23
23589833389195 66
23589934436852 0
23589934489282 23
23589934507508 66
23589951502174 0
23590035539984 23
23590035592297 66
23590195516789 0
23590195567473 0
23590253464045 23
23590253520998 66
23590253539729 23
23590253557328 23
23590253574351 66
23590298480852 0
23590298526078 23
23590298544340 66
23590363529731 0
23590437953675 23
23590438006682 66
23590494703246 0
23590494744166 23
23590494762835 66
23590589303779 0
23590656699125 23
23590656759725 66
23590656778756 0
23590724085933 23
23590724143719 66
23590764173605 0
23590764203150 23
23590843106937 66
