23389365599203 0
23389439647717 23
23389440154901 66
23389527648764 0
23389527707027 23
23389527725708 66
23389593176661 0
23389662408478 23
23389662469508 66
23389735405220 0
23389735457269 23
23389735475701 66
23389796172839 0
23389862684013 23
23389862737535 66
23389946788448 0
23389946847940 23
23389946866705 66
23389980353042 0
23389980398664 23
23390041392225 66
23390041433127 0
23390096237137 23
23390096274470 66
23390199313931 0
23390199363661 23
23390199382720 66
23390283561059 0
23390334088195 23
23390334138712 66
23390397750015 0
23390397800383 23
23390397819026 66
23390460053831 0
23390536416982 23
23390536468036 66
23390570940348 0
23390570987411 23
23390571005975 66
23390693770706 0
23390693822401 23
23390699850757 66
23390699874028 0
23390795274055 23
23390795324005 66
23390854215101 0
23390854274774 23
23390854293519 66
23390942736009 0
23391005773831 23
23391005835862 66
23391035238537 0
23391035266110 23
23391035284001 66
23391123677114 0
23391185774408 23
23391185815939 66
23391261279288 0
23391261327093 23
23391261760657 66
23391311247374 0
23391312205212 23
23391312226533 66
23391412983705 0
23391504671785 23
23391504748640 66
23391504769658 0
23391504787574 23
23391504804692 66
23391571823205 0
23391638940889 23
23391638980342 66
23391705959019 0
23391706002359 23
23391706020784 66
23391772864108 0
23391857473199 23
23391857518270 66
23391857536669 0
23391930127136 23
23391930179447 66
23391979862778 0
23391979909547 23
23391979929895 66
23392055704346 0
23392127090686 23
23392127133028 66
23392214381806 0
23392214438736 23
23392214458018 66
23392297164078 0
23392332336560 23
23392332386668 66
23392384919240 0
23392384950203 23
23392384968188 66
23392443578200 0
23392510576487 23
23392510617616 66
23392510636168 0
23392577832409 23
23392577868163 66
23392644811028 0
23392644852720 23
23392644871825 66
23392753440323 0
23392787588539 23
23392787626539 66
23392854569898 0
23392854846094 23
23392855305920 66
23392970054744 0
23393014978081 23
23393015024255 66
23393054647331 0
23393054695094 23
23393054713318 66
23393129183982 0
23393129225274 23
23393189424938 66
23393189472442 0
23393273490610 23
23393273537355 66
23393315447763 0
23393315485603 23
23393315504046 66
23393408262559 0
23393467233953 23
23393467281396 66
23393543049287 0
23393543100846 23
23393543120428 66
23393611067883 0
23393678014525 23
23393678066047 66
23393745160484 0
23393745219348 23
23393745238389 66
23393827391956 0
23393827440176 23
23393859008862 66
23393859049046 0
23393953593367 23
23393953649623 66
23394012559169 0
23394012612600 23
23394012632431 66
23394068185867 0
23394128498563 23
23394128538554 66
23394231762302 0
23394231815979 23
23394231834356 66
23394254452373 0
23394332629212 23
23394332672640 66
23394388561316 0
23394388825997 23
23394389048552 66
23394455562732 0
23394455601646 23
23394549509021 66
23394549558257 0
23394650589573 23
23394650653506 66
23394656786522 0
23394656833742 23
23394656853030 66
23394768570725 0
23394798097217 23
23394798134893 66
23394888520613 0
23394888563892 23
23394888582384 66
23394953760096 0
23395038132107 23
23395038183034 66
23395067613153 0
23395067656412 23
23395067674451 66
23395128045007 0
23395128450957 23
23395193338014 66
23395193719681 0
23395299578352 23
23395299629995 66
23395355958553 0
23395356025127 23
23395356050226 66
23395409384781 0
23395490700181 23
23395490763092 66
23395567034740 0
23395567091788 23
23395567110447 66
23395625471563 0
23395709703104 23
23395709753150 66
23395737179572 0
23395737212259 23
23395737230703 66
23395844448144 0
23395844501599 23
23395882544024 66
23395882577502 0
23395944378858 23
23395944533645 66
23396022435315 0
23396022490507 23
23396022509300 66
23396145528756 0
23396199290898 0
23396199332011 23
23396199350441 66
23396199368023 23
23396199385179 66
23396295029589 0
23396333324730 23
23396333364600 66
23396415571186 0
23396415614003 23
23396415632884 66
23396476111688 0
23396541551212 23
23396541597025 66
23396621508547 0
23396621848737 23
23396621869294 66
23396691245429 0
23396780344690 23
23396780392465 66
23396853161568 0
23396853212859 23
23396853231255 66
23396887431185 0
23396887479241 23
23396945796585 66
23397004062847 0
23397004097809 23
23397004115959 66
23397093999386 0
23397094053421 23
23397138227806 23
23397138261485 66
23397138281396 0
23397221522944 23
23397221566566 66
23397288848136 0
23397288896659 23
23397356270046 66
23397356310885 0
23397424996937 23
23397425521412 66
23397488731734 0
23397489091870 23
23397489313546 66
23397571025600 0
23397642633082 23
23397642686188 66
23397709995241 0
23397710042881 23
23397710061727 66
23397792262097 0
23397825794213 23
23397825827208 66
23397893193651 0
23397893241200 23
23397893259475 66
23397942994129 0
23398044771771 23
23398044818525 66
23398077202182 0
23398077242726 23
23398077262280 66
23398167855817 0
23398213517901 23
23398213826328 66
23398339705139 0
23398339754165 23
23398339772476 66
23398371126584 0
23398440136022 23
23398440184129 66
23398487145668 0
23398487184705 23
23398487203487 66
23398567910039 0
23398649096510 23
23398649148139 66
23398723781645 0
23398723833111 23
23398723852047 66
23398767064789 0
23398851259832 23
23398851312939 66
23398889306871 0
23398889338892 23
23398889357995 66
23398969889787 0
23399016590187 23
23399016982685 66
23399120784072 0
23399120843816 23
23399120862168 66
23399169188498 0
23399258723026 23
23399258779446 66
23399284416168 0
23399284447241 23
23399284465566 66
23399418441859 0
23399522932987 0
23399522977560 23
23399522996218 66
23399523013614 23
23399523030621 66
23399552646412 0
23399552687609 23
23399657682856 66
23399657734928 0
23399721737491 23
23399722042556 66
23399809538953 0
23399809596450 23
23399876664387 66
23399876719194 0
23399895760110 23
23399895788584 66
23399963164665 0
23399963201948 23
23399963220811 66
23400032447955 0
23400110582784 23
23400110637575 66
23400171431308 0
23400171481935 23
23400171500819 66
23400245160588 0
23400312526979 23
23400312587360 66
23400364717945 0
23400364759742 23
23400364778296 66
23400424488748 0
23400493504560 23
23400493588786 66
23400587388184 0
23400587440680 23
23400587458767 66
23400683119099 0
23400712585398 23
23400712620462 66
23400784388026 0
23400784435687 23
23400784454422 66
23400851543878 0
23400916910520 23
23400916951699 66
23400984165200 0
23400984213486 23
23400984232046 66
23401051700520 0
23401095135052 23
23401095179216 66
23401203316674 0
23401203367861 23
23401203386037 66
23401237428402 0
23401296291378 23
23401296327808 66
23401374139340 0
23401374653518 23
23401374959289 66
23401453907679 0
23401504438008 23
23401504483675 66
23401571798851 0
23401571838157 23
23401571855983 66
23401639193169 0
23401723276274 23
23401723330590 66
23401787487326 0
23401787534598 23
23401787552436 66
23307298850389 66
