11136646562750 0
11136720678837 23
11136721031752 0
11136827849738 23
11136827898231 66
11136827916431 0
11136827933642 23
11136886533546 66
11136886564115 0
11136886582822 23
11136922474085 66
11136922506271 23
11136922525179 0
11136989846055 23
11136989879167 66
11136989896727 0
11137071963657 23
11137072164782 66
11137132956797 0
11137133403598 23
11137133744110 66
11137250191727 23
11137250234361 0
11137250253152 23
11137250270781 66
11137250287800 0
11137250305040 23
11137250322044 66
11137317217703 0
11137317251924 23
11137317270164 66
11137384388614 23
11137384426796 0
11137384445552 23
11137384463824 66
11137451656943 0
11137451697838 23
11137451716429 66
11137518381613 0
11137518419336 23
11137518438580 66
11137613008003 0
11137613057719 23
11137613076442 66
11137674060798 23
11137674094879 0
11137674113940 23
11137733653729 66
11137733701176 0
11137733719861 23
11137733737115 66
11137807609759 0
11137807657815 23
11137807945238 66
11137868881217 23
11137868927800 0
11137949872364 23
11137949923967 66
11137949943702 0
11137949961789 23
11138003763894 66
11138003805707 0
11138003824896 23
11138060788855 66
11138060831619 23
11138060849746 0
11138135535241 23
11138135580417 66
11138135598802 0
11138135616302 23
11138198335117 66
11138198368271 0
11138198386998 23
11138256167582 66
11138256208110 0
11138256226425 23
11138323105969 66
11138323154362 23
11138323173288 0
11138419459863 23
11138419512415 66
11138469979648 0
11138470013250 23
11138470032343 66
11138534007972 0
11138534048598 23
11138534067804 66
11138598762655 23
11138599107127 0
11138599331093 23
11138599550404 66
11138707521119 0
11138707570644 23
11138707588909 66
11138733335909 0
11138733364423 23
11138733383048 66
11138807616875 23
11138807665360 0
11138807684813 23
11138868062507 66
11138868099066 0
11138868119468 23
11138868137785 66
11138945536139 0
11138945577594 23
11138945596184 66
11139006886543 0
11139006920865 23
11139006940316 66
11139064567024 23
11139064608595 0
11139064627978 23
11139127930342 66
11139127964055 0
11139127982331 23
11139209342585 66
11139209386055 0
11139209404861 23
11139296737335 66
11139296781848 23
11139296799945 0
11139336880326 23
11139337173598 66
11139337395836 0
11139337656181 23
11139454362163 66
11139454414486 0
11139454432995 23
11139495396229 66
11139495429346 23
11139495448311 0
11139579656597 23
11139579708610 66
11139579726905 0
11139579744483 23
11139605041423 66
11139605069558 0
11139672364048 23
11139672391539 66
11139762828159 23
11139762870582 0
11139762889693 23
11139762907479 66
11139813324440 0
11139813353739 23
11139813371792 66
11139870986738 0
11139871028431 23
11139871047065 66
11139948150166 0
11139948219728 23
11139948245246 66
11140005872460 23
11140005916538 0
11140005935953 23
11140005953181 66
11140071249179 0
11140071743253 23
11140072041573 66
11140157610857 0
11140157654999 23
11140157673784 66
11140201121169 23
11140201150631 0
11140201168570 23
11140268239156 66
11140268276832 0
11140268295454 23
11140268312867 66
11140341964293 0
11140341998245 23
11140342016678 66
11140434510215 23
11140434561767 0
11140476715415 23
11140476742313 66
11140476760557 0
11140476779055 23
11140569258356 66
11140569307159 0
11140569326129 23
11140611488893 66
11140611515274 23
11140611533458 0
11140701552734 66
11140701601420 23
11140701621105 0
11140764228905 23
11140781392403 66
11140781416804 0
11140781434849 23
11140812563290 66
11140812720903 0
11140812800477 23
11140889315375 66
11140889360443 23
11140889379307 0
11140945808014 23
11140945851406 66
11141005820553 23
11141005861753 66
11141108421474 0
11141139952833 23
11141139981000 23
11141139999311 66
11141226473077 0
11141308347235 23
11141308400338 0
11141308420815 23
11141308438909 66
11141375701201 0
11141375760490 23
11141375779613 66
11141430039159 23
11141430078048 0
11141430096489 66
11141483235844 23
11141483269086 0
11141483287160 23
11141562000705 66
11141562512409 0
11141562743411 23
11141563101496 66
11141643247718 0
11141643297348 23
11141643316543 66
11141676435826 23
11141676463517 0
11141676482205 23
11141796849016 66
11141796903507 0
11141796922582 23
11141810690130 66
11141810713668 0
11141810731373 23
11141898402586 66
11141898446209 23
11141898464580 0
11141944602242 23
11141944629699 66
11141944648062 0
11141944665425 23
11142011995229 66
11142012034630 0
11142012053136 23
11142089503304 66
11142089550984 23
11142089570102 0
11142155813292 23
11142155857123 66
11142155875578 0
11142244573968 23
11142261702835 66
11142261728910 0
11142328710563 23
11142328766728 66
11142375867621 0
11142375899856 23
11142375918307 66
11142441801657 23
11142459102878 0
11142459128124 23
11142459146406 66
11142502200626 0
11142502234009 23
11142502252678 66
11142592632166 0
11142592713177 23
11142592734231 66
11142636942892 23
11142636979761 0
11142636998731 23
11142637016819 66
11142704370229 0
11142704415830 23
11142704434798 66
11142771724280 0
11142771765101 23
11142771783733 66
11142816471385 23
11142816498619 0
11142816516853 23
11142883659019 66
11142883697919 0
11142883716815 23
11142883734546 66
11142954118824 0
11142954419253 23
11142954640646 66
11143017985173 0
11143018062305 23
11143018081030 66
11143100205596 23
11143100249726 23
11143100268680 66
11143158779166 0
11143241271223 23
11143241313132 23
11143325611620 66
11143325653930 0
11143352989676 23
11143353019364 0
11143450542684 23
11143450583392 66
11143450601977 0
11143450620806 23
11143494085900 66
11143494116903 0
11143494135801 23
11143583221663 66
11143583265104 23
11143583283366 0
11143638436159 23
11143638473683 66
11143704663648 0
11143704706346 23
11143704725284 66
11143763731116 0
11143764192207 23
11143764461550 66
11143868993749 23
11143869035690 0
11143869054297 23
11143869071787 66
11143912959083 0
11143912993830 23
11143913012372 66
11143971096163 0
11143971143063 23
11143971161527 66
11144023661334 23
11144023695356 0
11144023729795 23
11144090889937 66
11144090925989 0
11144090943861 23
11144090961001 66
11144182476368 0
11144182531211 23
11144182550184 66
11144266713879 23
11144266762028 66
11144292040036 0
11144368963294 23
11144369004487 66
11144440594607 0
11144501216482 23
11144501504906 66
11144501726901 0
11144580427456 23
11144580474181 0
11144642599014 23
11144642642489 66
11144642660763 0
11144642679361 23
11144719402041 66
11144719443152 0
11144719462703 23
11144768885980 66
11144768927308 23
11144768946878 0
11144854155175 23
11144854192963 66
11144854211653 0
11144928798814 23
11144928842115 66
11144988913084 0
11144988947955 23
11144988967115 66
11145073154556 23
11145073205086 0
11145073223846 66
11145096763830 23
11145096791134 0
11145096809426 23
11145096826834 66
11145163952167 23
11145163988203 66
11145164007023 0
11145230871202 23
11145305162546 66
11145305207456 0
11145372336638 23
11145466874884 66
11145466926561 0
11145525168126 23
11145525213970 0
11145525234057 23
11145581528650 66
11145581573243 0
11145581591566 23
11145581608740 66
11145633347166 0
11145633382846 23
11145711943750 66
11145711983342 23
11145727997065 0
11145767433031 23
11145767476964 66
11145767495361 0
11145767512970 23
11145845921716 66
11145845965180 0
11145845983909 23
11145914191473 66
11145914234346 0
11145978209611 23
11145978248787 66
11145978267260 23
11146041005885 66
