25623306263806 0
25623306625941 23
25623380390403 66
25623380903155 0
25623476716797 23
25623476768279 66
25623476787451 0
25623514688281 23
25623514726061 66
25623514744267 0
25623594573039 23
25623594615214 66
25623594633724 0
25623649523798 23
25623649572804 66
25623649591134 0
25623734864133 23
25623735209935 66
25623752031059 0
25623842920433 23
25623842992728 66
25623843014493 0
25623843032214 23
25623843049511 66
25623843066870 0
25623929398107 23
25623929455871 66
25623996783100 0
25623996839730 23
25623996858556 66
25624050337431 0
25624050382917 23
25624050401528 66
25624111137044 0
25624111176242 23
25624111195351 66
25624178231130 0
25624178271020 23
25624178289246 66
25624245160697 0
25624245203667 23
25624245222011 66
25624348408794 0
25624348476386 23
25624348495600 66
25624386409541 0
25624386437449 23
25624386455588 66
25624459000231 0
25624459288653 23
25624521206321 66
25624521560581 0
25624521783412 23
25624626217311 66
25624626318900 0
25624685292802 23
25624685341969 66
25624685360108 0
25624725646617 23
25624725695198 23
25624725713994 66
25624725731244 0
25624781715360 23
25624781754007 66
25624781772317 0
25624890173388 23
25624890224164 66
25624890242263 0
25624915982030 23
25624916017678 66
25624916035902 0
25624982983210 23
25624983021724 66
25624983039793 0
25625050114803 23
25625050160532 66
25625050179295 0
25625133767046 23
25625133815034 66
25625133833300 0
25625190770303 23
25625190810066 66
25625306480303 0
25625306536819 23
25625306555331 66
25625373816658 0
25625373863105 23
25625373882476 66
25625392894701 0
25625392925652 23
25625392944270 66
25625460496473 0
25625460536942 23
25625460555156 66
25625527630057 0
25625527666383 23
25625527685289 23
25625589466456 66
25625589506839 0
25625589525073 23
25625589542068 66
25625672810711 0
25625672859528 23
25625672877978 66
25625727748894 0
25625727795763 23
25625811791740 66
25625811864826 0
25625811884165 23
25625894109739 66
25625894167923 0
25625931987214 23
25625932438649 66
25625932459169 0
25625992123017 23
25625992174053 66
25625992192794 0
25626079189876 23
25626079237816 66
25626079256350 0
25626163463813 23
25626163522925 66
25626163541046 0
25626197243092 23
25626197279164 66
25626197297748 0
25626293929582 23
25626293979079 66
25626293997482 0
25626331996388 23
25626332032595 66
25626332051129 0
25626432944223 23
25626432993024 66
25626483453570 0
25626483494530 23
25626483513313 66
25626567711098 0
25626567760629 23
25626567778835 66
25626592627901 0
25626592667882 23
25626592686092 66
25626695333150 0
25626695384120 23
25626695402257 66
25626767947711 0
25626768005716 23
25626768023798 66
25626885649607 0
25626885701998 0
25626885721094 23
25626885739032 66
25626969863310 23
25626969912059 66
25626969930013 0
25626969947968 23
25627001585661 66
25627001626148 0
25627121464726 23
25627121518270 23
25627121537383 66
25627121554324 0
25627136363218 23
25627136393501 66
25627136410812 0
25627239384127 23
25627239433015 66
25627239451378 0
25627271076211 23
25627271105852 66
25627365781104 0
25627365836780 23
25627365855127 66
25627423660358 0
25627423715515 23
25627423734198 66
25627494571008 0
25627494621203 23
25627494640565 66
25627535459919 0
25627535498200 23
25627535516361 66
25627624766251 0
25627624827786 23
25627665673203 66
25627665711803 0
25627775827289 23
25627775877966 66
25627775896697 0
25627826882239 23
25627826937081 66
25627902181670 0
25627902233234 0
25627961590899 23
25627961634138 66
25627961652471 23
25627961670701 66
25628049290992 0
25628049340157 23
25628049358903 66
25628075482870 0
25628075518777 23
25628075537102 66
25628180587239 0
25628180638222 23
25628180656645 66
25628210205952 0
25628210247731 23
25628210266209 66
25628291931526 0
25628291979653 23
25628347114962 66
25628347461120 0
25628403367619 23
25628403412562 66
25628403430521 0
25628498536606 23
25628498593371 66
25628498612210 0
25628559584998 23
25628559641266 66
25628559659379 0
25628633304631 23
25628633352630 66
25628671591777 0
25628671620759 23
25628671639512 66
25628751203930 0
25628751249218 23
25628751267909 66
25628812383646 0
25628812421231 23
25628812439781 66
25628902816121 0
25628902879505 23
25628902898715 66
25628968241130 0
25628968297780 23
25629038870376 66
25629038940488 0
25629082776967 23
25629083222271 66
25629187070486 0
25629187132926 0
25629208025605 23
25629208080949 66
25629208102211 23
25629208119884 66
25629208136782 0
25629293888357 23
25629293935750 66
25629355510232 0
25629355557424 23
25629355576368 66
25629409358086 0
25629409399718 23
25629409418148 66
25629476325214 0
25629476365049 23
25629476384382 66
25629591340391 0
25629591398429 23
25629591417355 66
25629610356963 0
25629610385008 23
25629684295956 66
25629684338131 0
25629787691049 23
25629787738452 66
25629787757018 0
25629843317466 23
25629843505225 66
25629843613924 0
25629886359090 23
25629886411055 66
25629886429280 0
25629962007982 23
25629962094567 66
25629962123651 0
25630037706173 23
25630037751828 66
25630102046041 0
25630102100873 23
25630102119455 66
25630147090738 0
25630147119623 23
25630147166249 66
25630229359064 0
25630229415720 23
25630229433815 66
25630296720780 0
25630296769495 23
25630364121745 66
25630364177544 0
25630431432335 23
25630431482143 66
25630431500838 0
25630487042582 23
25630487085937 66
25630487104322 0
25630560191469 23
25630560782885 66
25630561095260 0
25630650487909 23
25630650540956 66
25630650559369 0
25630690568412 23
25630690593001 66
25630767409830 0
25630767454441 23
25630767473166 66
25630846253592 0
25630846294522 23
25630846313086 23
25630846330375 66
25630925773338 0
25630925833665 23
25630925852557 66
25630976807337 0
25630976846485 23
25630976864755 66
25631043041074 0
25631043087881 23
25631103196185 66
25631103246133 0
25631209804473 23
25631209865418 66
25631209884334 0
25631220011678 23
25631220034459 66
25631220051983 0
25631292802220 23
25631292850082 66
25631387397380 0
25631421355609 0
25631421402012 23
25631421420407 66
25631421437875 23
25631421454981 66
25631503189258 0
25631503235219 23
25631503254992 66
25631562319431 0
25631562363814 23
25631562382415 66
25631629829589 0
25631629890262 23
25631629909280 66
25631697083891 0
25631697128629 23
25631791703611 66
25631791765232 0
25631852748029 23
25631852806748 66
25631852824803 0
25631909614017 23
25631909674203 66
25631909692069 0
25631957679113 23
25631957711912 66
25631957730187 0
25632035661352 23
25632035706874 66
25632111870887 0
25632111925843 23
25632111944495 66
25632177025035 0
25632177071350 23
25632177089876 66
25632250434832 0
25632250482800 23
25632250502882 23
25632250521247 66
25632320278498 0
25632320329675 23
25632320348874 66
25632377026307 0
25632377072896 23
25632488646299 66
25632488699487 0
25632494354853 23
25632494377661 66
25632494396199 0
25632581314125 23
25632581355578 66
25632581374142 0
25632628385772 23
25632628419949 66
