10308059318809 0
10308133379165 23
10308133902267 0
10308222464161 23
10308222506460 66
10308280297428 23
10308280328005 0
10308280346499 23
10308280363800 66
10308347779832 23
10308347884251 0
10308347909891 23
10308412004627 66
10308412054206 23
10308412072730 0
10308412090419 23
10308455443791 66
10308455482814 23
10308455501368 0
10308531426498 23
10308531633706 66
10308531654490 23
10308531700630 0
10308600392463 23
10308600434897 66
10308655576072 23
10308655607817 0
10308655626603 23
10308655644386 66
10308733226328 23
10308733276009 0
10308733294525 23
10308813025167 66
10308813066646 23
10308813085494 0
10308813103744 23
10308870953703 66
10308870996661 23
10308871015426 0
10308931061639 23
10308931092703 66
10308931110482 23
10308931127445 0
10309013083194 23
10309013125067 66
10309065856944 23
10309065893052 0
10309065911695 23
10309065929348 66
10309133248569 23
10309133289177 0
10309133307266 23
10309133324259 66
10309213564203 23
10309213857536 0
10309214077830 23
10309263664217 66
10309263851340 23
10309263910611 0
10309345992719 23
10309346037062 66
10309346055310 23
10309346072694 0
10309415378851 23
10309415424103 66
10309415442696 23
10309488979323 0
10309489023996 23
10309489042924 66
10309563324762 23
10309563368759 0
10309563387332 23
10309563404584 66
10309623699525 23
10309623735601 0
10309623754320 23
10309724787168 66
10309724843508 23
10309724863229 0
10309735490639 23
10309735539506 66
10309735557254 23
10309735574581 0
10309842821597 23
10309842876104 66
10309842894703 23
10309842911808 0
10309870199649 23
10309870227657 66
10309959051663 23
10309959106393 0
10309959124966 23
10309959142093 66
10310015638047 23
10310016093192 0
10310016349527 23
10310108318852 66
10310108363117 23
10310108381667 0
10310108399189 23
10310145888663 66
10310145922373 23
10310145941022 0
10310246970497 23
10310247021440 66
10310247041467 23
10310247059178 0
10310265243866 23
10310265265578 66
10310355013182 23
10310355056077 0
10310355074583 23
10310355091805 66
10310413310986 23
10310413347565 0
10310413366357 23
10310413384064 66
10310514382590 23
10310514436931 0
10310514455282 23
10310545943408 66
10310545975994 23
10310545994691 0
10310649144870 23
10310649201023 66
10310649220499 23
10310649237624 0
10310667497999 23
10310667520685 66
10310667537813 23
10310784222185 0
10310784272627 23
10310784291012 66
10310834440941 23
10310834484603 0
10310834502891 23
10310834520067 66
10310876694066 23
10310876729818 0
10310876748746 23
10310969180007 66
10310969221596 23
10310969240796 0
10311040990243 23
10311041034618 66
10311041053695 23
10311041071405 0
10311101797505 23
10311101831328 66
10311101849774 23
10311101866958 0
10311136932951 23
10311136956815 66
10311219734054 23
10311219775877 0
10311219795218 23
10311219813086 23
10311281791512 66
10311281827952 0
10311281846203 23
10311281864771 66
10311369959688 23
10311370014256 0
10311370033025 23
10311442110046 66
10311442152714 23
10311442171103 0
10311487195465 23
10311487716368 66
10311488042308 23
10311488267829 0
10311581573705 23
10311581621732 66
10311640857170 23
10311640896462 0
10311640914636 23
10311640932396 66
10311725103757 23
10311725148006 0
10311725166546 23
10311748385160 66
10311748413240 23
10311748431343 0
10311748449055 23
10311843011248 66
10311843057893 23
10311843076350 0
10311908267326 23
10311908304528 66
10311908323805 23
10311908341538 0
10311941954760 23
10311941985391 66
10312043025855 23
10312043079855 0
10312043099107 23
10312043116939 66
10312101820371 23
10312101864005 0
10312101882838 23
10312101900187 66
10312155804753 23
10312156179547 0
10312156199718 23
10312245248521 66
10312245333885 23
10312245352380 0
10312304104487 23
10312304143630 66
10312304162792 23
10312304181428 0
10312371740540 23
10312371791427 66
10312371810313 23
10312417983801 0
10312418020455 23
10312418038466 66
10312514699911 23
10312514748555 0
10312514767893 23
10312514785941 66
10312552833087 23
10312552880880 0
10312552900154 23
10312632724439 66
10312632779524 23
10312632798166 0
10312714704283 23
10312714753774 66
10312714772434 23
10312714789904 0
10312789520603 23
10312789565733 66
10312789584283 23
10312789603193 0
10312832609334 23
10312832643954 66
10312904074726 23
10312904118174 0
10312904136740 23
10312904154600 66
10312948126866 23
10312948555075 0
10312948781433 23
10313056277321 66
10313056326351 23
10313056344891 0
10313056362709 23
10313102155657 66
10313102191252 23
10313102209237 0
10313171511786 23
10313171554476 66
10313171646164 23
10313171669435 0
10313216121174 23
10313216152236 66
10313321144055 23
10313321184891 23
10313321203320 23
10313321220762 66
10313357042525 0
10313424431670 23
10313424463824 0
10313424482193 23
10313521176739 66
10313521230937 23
10313521250585 0
10313559182642 23
10313559214210 23
10313559232068 66
10313559248792 0
10313559265646 23
10313646504011 66
10313646806920 23
10313723535046 0
10313723583781 23
10313723602027 66
10313790696152 23
10313790745888 0
10313790764096 23
10313790781001 66
10313833038707 23
10313833082337 0
10313833100861 23
10313886985185 66
10313887020551 23
10313887038307 0
10313994649228 23
10313994699013 66
10313994717796 23
10313994735354 0
10314020832260 23
10314020860380 66
10314020878319 23
10314087824319 0
10314087855910 23
10314087873987 66
10314178139206 23
10314178204286 0
10314178223520 23
10314178241539 66
10314229638438 23
10314229673689 0
10314229692299 23
10314310745816 66
10314310789995 23
10314310808772 0
10314368079039 23
10314368115419 66
10314368133659 23
10314368151089 0
10314434566481 23
10314434850649 66
10314435131630 23
10314435352106 0
10314513018977 23
10314513072404 66
10314571130422 23
10314571169683 0
10314571188398 23
10314571205733 66
10314624481626 23
10314624516327 0
10314624534869 23
10314691736418 66
10314691774061 23
10314691792430 0
10314691810056 23
10314758485720 66
10314758520835 23
10314758539439 0
10314825715760 23
10314825756613 66
10314825774715 23
10314825791885 0
10314892642665 23
10314892671770 66
10314959835221 23
10314959876545 0
10314959895449 23
10314959913243 66
10315043482091 23
10315043527172 0
10315043545984 23
10315101332410 66
10315101372624 23
10315101391114 0
10315101408416 23
10315172779974 66
10315173114013 23
10315173336822 0
10315295274855 23
10315295317981 66
10315295336133 23
10315295353255 0
10315295370306 23
10315295387064 66
10315295403946 23
10315382434763 0
10315382513244 23
10315382532512 66
10315454109294 23
10315454149443 0
10315454168080 23
10315454186091 66
10315538341678 23
10315538391905 0
10315538411227 23
10315570028614 66
10315570058394 23
10315570076389 0
10315673097097 23
10315673145027 66
10315673163211 23
10315673180129 0
10315723594473 23
10315723631133 66
10315723649958 23
10315723667261 0
10315805752435 23
10315805800890 66
10315839595770 23
10315839625466 0
10315839643788 23
10315839662328 66
10315913286612 23
10315913324219 0
10315913342262 23
10315991302230 66
10315991352195 23
10315991369963 0
10315991386783 23
10316058424291 66
10316058467564 23
10316058485772 0
10316113226053 23
10316113272012 66
10316113291868 23
10316113309661 0
10316193181777 23
10316193229856 66
10316260554168 23
10316260588521 0
10316260607304 23
10316260626236 66
10316335145165 23
10316335185759 0
10316335204351 23
10316395286851 66
10316395332649 23
10316395361862 0
10316395380989 23
10316462182703 23
10316479599367 66
10316479621761 0
10316479639575 23
10316530070252 66
10316530109199 23
10316530128755 0
10316605635073 23
10316606196870 66
10316679916511 23
10316679986782 0
10316680006793 23
10316680024478 66
10316747006846 23
10316747071419 0
10316747098749 23
10316747124287 66
10316778690817 23
10316778732483 0
10316778751196 23
10316881755164 66
10316881815624 23
10316881833697 0
10316913416921 23
10316913446061 66
10316913464505 23
10316913483075 0
10317016635270 23
10317016693062 66
10317016711598 23
10317038875219 0
10317038906184 23
10317038924732 66
10317129841426 23
10317129888861 0
10317129907480 23
10317129924632 66
10317184933142 23
10317184979467 0
10317184998542 23
10317276788938 66
10317276833601 23
10317276851968 0
10317319678556 23
10317319713055 66
10317319731645 23
10317319750825 0
10317399680051 23
10317399727203 66
10317399746314 23
10317399764278 0
10317469147438 23
10317469194991 66
10317570252815 23
10317570300735 0
10317570320926 23
10317570339878 66
10317603981504 23
10317604038528 0
10317604057464 23
10317688287036 66
10317688337987 23
10317688356334 0
10317688373504 23
10317717786080 66
10317717818932 23
10317717837918 0
10317776519355 23
10317776596017 66
10317776615184 23
10317776632743 0
10317873651918 23
10317873702459 66
10317920081333 23
10317920125529 0
10317920143810 23
10317920161370 66
10317991559809 23
10317991608170 0
10317991627281 23
10318044828067 66
10318044866833 23
10318044884830 0
10318044901879 23
10318126108982 66
10318126157686 23
10318126176043 0
10318179008929 23
10318179035447 66
10318179053789 23
10318275611035 66
