24887331030908 0
24887398479620 23
24887398934547 66
24887505195670 0
24887505247105 23
24887505265710 66
24887565158376 0
24887565205567 23
24887565224196 66
24887702124065 0
24887702196130 0
24887702215696 23
24887763987615 66
24887764272794 23
24887764493493 23
24887764712776 66
24887764930422 0
24887820728935 23
24887837055966 66
24887907485002 0
24887907541008 23
24887907559451 66
24887988421983 0
24887988484695 23
24887988503149 66
24888009601422 0
24888099618415 23
24888099666970 66
24888099703395 0
24888155151746 23
24888155200420 66
24888238986057 0
24888239029564 23
24888239048054 66
24888269909601 0
24888269953090 23
24888269971616 66
24888373760294 0
24888373810901 23
24888404038985 66
24888404081478 0
24888508493411 23
24888508547038 66
24888508565833 0
24888562061626 23
24888562385088 66
24888626181770 0
24888626318164 23
24888632958000 66
24888716930501 0
24888716987575 23
24888786533846 66
24888786591377 0
24888845391823 23
24888845444323 66
24888845463945 0
24888906233259 23
24888906293752 66
24888969586499 0
24888969638295 23
24888969656976 66
24889007586100 0
24889007616316 23
24889007634878 66
24889095928755 0
24889141797064 23
24889141838168 66
24889141856431 0
24889226502088 23
24889226551420 66
24889276223187 0
24889276501903 23
24889276522944 66
24889343885867 0
24889343926551 23
24889343944464 66
24889426533853 0
24889500228666 23
24889500276598 66
24889500295866 0
24889567572524 23
24889567619643 66
24889627294470 0
24889627341960 23
24889627360488 66
24889702363711 0
24889702411778 23
24889702430839 66
24889753067465 0
24889753104129 23
24889820403157 66
24889820441991 0
24889910487707 23
24889910531222 23
24889910549623 66
24889910566898 0
24889969796372 23
24889969853738 66
24890044659071 0
24890044706957 23
24890044725201 66
24890138304164 0
24890138362690 23
24890147835997 66
24890147860693 0
24890239329216 23
24890239399246 66
24890239417655 0
24890300363787 23
24890300417739 66
24890356051788 0
24890356094297 23
24890356112467 66
24890441445544 0
24890441500645 23
24890441519314 66
24890525814320 0
24890557356682 23
24890557387689 66
24890557406426 0
24890649393641 23
24890649450900 66
24890692123055 0
24890692155726 23
24890692173578 66
24890774205220 0
24890774255817 23
24890774274705 66
24890860636246 0
24890894211770 23
24890894251143 66
24890894269391 0
24890952645439 23
24890952690882 23
24890952709714 66
24891019677364 0
24891019717528 23
24891019735862 66
24891113102269 0
24891113149054 23
24891113168167 66
24891174171278 0
24891174212041 23
24891247876467 66
24891247924520 0
24891287856265 23
24891287897132 66
24891287915242 0
24891365486301 23
24891365537309 66
24891429193677 0
24891429242349 23
24891429261012 66
24891510622326 0
24891510672995 23
24891510691479 66
24891582886220 0
24891639152512 23
24891639199913 66
24891639218169 0
24891698655147 23
24891698703670 66
24891784817009 0
24891784870726 23
24891784890462 66
24891852211235 0
24891852273466 23
24891852292980 66
24891928168277 0
24891986955468 23
24891987017196 66
24891987036183 0
24892071185488 23
24892071241647 66
24892119618506 0
24892119680466 23
24892119699409 66
24892159820623 0
24892159862142 23
24892159880298 66
24892232942339 0
24892233202085 23
24892362496301 66
24892362548471 0
24892368207744 23
24892368231158 66
24892368248539 0
24892435573703 23
24892435618056 66
24892503094272 0
24892503139074 23
24892503157723 66
24892570328456 0
24892570372113 23
24892649249221 66
24892649299326 0
24892709142923 23
24892709189988 66
24892709208430 0
24892763378959 23
24892763417830 66
24892830388079 0
24892830433398 23
24892830452064 66
24892914930619 0
24892914983799 23
24892915002510 66
24892970033981 0
24893032158865 23
24893032226026 66
24893032245783 0
24893128166250 23
24893128219875 66
24893172569425 0
24893172612607 23
24893172630799 66
24893262898038 0
24893262949915 23
24893262969030 66
24893347187106 0
24893374828571 23
24893374863241 66
24893374882558 0
24893472793875 23
24893472847576 66
24893532466433 0
24893532532573 23
24893532550932 66
24893616694917 0
24893616756635 23
24893616775223 66
24893650330381 0
24893650369251 23
24893720786677 66
24893720831559 0
24893778954905 23
24893779298858 66
24893779519020 0
24893867258189 23
24893867319507 66
24893903402852 0
24893903433587 23
24893903452355 66
24893970497856 0
24893970541409 23
24893970559550 66
24894044249534 0
24894111648284 23
24894111687862 66
24894111706040 0
24894204137232 23
24894204186546 66
24894288568856 0
24894288621706 23
24894288640250 66
24894313815851 0
24894313845281 23
24894313863549 66
24894423146990 0
24894463485297 23
24894463969166 66
24894463989556 0
24894522299522 23
24894522351105 66
24894623322697 0
24894623374353 23
24894623393333 66
24894708223231 0
24894708262280 0
24894708280064 23
24894808450370 66
24894808498237 23
24894808516699 66
24894808534074 0
24894842291156 23
24894842321264 66
24894842340274 0
24894943214611 23
24894943261590 66
24894983357551 0
24894983404773 23
24894983423671 66
24895077986687 0
24895078039686 23
24895118114018 66
24895195872084 0
24895195920728 0
24895270792517 23
24895271121237 66
24895271343198 23
24895271561704 66
24895374613355 0
24895374674174 23
24895374693094 66
24895378936092 0
24895378958339 23
24895378975849 66
24895470851228 0
24895524313492 23
24895524355510 66
24895524373901 0
24895598047656 23
24895598092760 66
24895665401246 0
24895665446408 23
24895665465030 66
24895766558684 0
24895766612305 23
24895766631354 66
24895800191011 0
24895855128815 23
24895855170363 66
24895855188440 0
24895922439218 23
24895922482996 66
24896007295550 0
24896007862769 23
24896008095356 66
24896057301023 0
24896057686876 23
24896057910234 66
24896168667151 0
24896168717352 23
24896191973168 66
24896192013322 0
24896250972381 23
24896251016644 66
24896251035773 0
24896323789175 23
24896323843513 66
24896384823150 0
24896384863245 23
24896384881540 66
24896468746261 0
24896468794185 23
24896539259737 66
24896539319285 0
24896596108063 23
24896596166838 66
24896596185276 0
24896674042474 23
24896674102209 66
24896741402844 0
24896741460755 23
24896741479659 66
24896798980351 0
24896799024061 23
24896799042508 66
24896861587389 0
24896965643984 23
24896965694505 66
24896965713105 0
24897018203527 23
24897018245623 66
24897091426809 0
24897091486004 23
24897091504485 66
24897143564131 0
24897143605105 23
24897143624013 66
24897227906662 0
24897256735923 23
24897256772027 66
24897256791134 0
24897362537956 23
24897362589788 66
24897362608175 0
24897413071131 23
24897413119642 66
24897498637492 0
24897498687994 23
24897498706824 66
24897525001913 0
24897525038249 23
24897607627970 66
24897607821361 0
24897693472171 23
24897693525198 66
24897693543245 0
24897764684903 23
24897764732521 66
24897800664005 0
24897800704402 23
24897800723373 66
24897880560211 0
24897880614952 23
24897880633212 66
