10028865190269 0
10028932666590 23
10028933004115 66
10029014606486 0
10029081985827 23
10029164086045 66
10029233558507 0
10029260675193 23
10029260705335 66
10029329007723 0
10029404125314 23
10029501011542 66
10029551534207 0
10029635759771 23
10029635810962 66
10029663048650 0
10029770526240 23
10029804341765 66
10029920033758 0
10029939074289 23
10029939098679 66
10030023103591 0
10030080092059 23
10030080655384 0
10030172691891 23
10030172746000 66
10030199530957 23
10030199558716 0
10030199577250 23
10030199595353 66
10030293883378 23
10030293929326 0
10030293947546 23
10030333579601 66
10030333607857 23
10030333625860 0
10030400806433 23
10030400843917 66
10030400861861 23
10030400878796 23
10030490628475 66
10030567349552 0
10030627501360 23
10030627545454 66
10030708119558 0
10030746391850 23
10030746437350 66
10030878317635 0
10030968878665 23
10030968924088 66
10031029704060 0
10031113900905 23
10031113946453 66
10031138513028 0
10031205538135 23
10031282355618 66
10031360246345 0
10031406800594 23
10031406834691 66
10031478651607 0
10031548054278 23
10031615192917 66
10031709481437 0
10031749919881 23
10031749953153 66
10031836127456 0
10031895028335 23
10031971006831 0
10031971053401 23
10031971071968 66
10032010620199 23
10032010646787 0
10032010664384 23
10032108796127 66
10032108840675 23
10032108858897 0
10032156863550 23
10032156922778 66
10032156941254 23
10032156958730 0
10032211510100 23
10032211545924 66
10032211563883 23
10032322722562 0
10032322773406 23
10032322791839 66
10032379954250 23
10032379998507 0
10032380017153 23
10032440392459 66
10032440428147 23
10032440446373 0
10032440463821 23
10032501384038 66
10032501459815 23
10032501479037 0
10032546849978 23
10032546896363 66
10032546914380 23
10032546931938 0
10032642559053 23
10032642609085 66
10032680927193 23
10032680956263 0
10032680974777 23
10032680992635 66
10032777325177 23
10032777368162 0
10032777387412 23
10032815040018 66
10032815069116 23
10032815087862 0
10032896570004 23
10032896614890 66
10032896633217 23
10032896650518 0
10032956421683 23
10032956460228 66
10033037435465 23
10033037947809 0
10033038173295 23
10033038432263 66
10033121559470 23
10033121608337 0
10033121626750 23
10033196392978 66
10033196438599 23
10033196456601 0
10033217512662 23
10033217540547 66
10033217558999 23
10033217576191 0
10033314252943 23
10033314299137 66
10033351765662 23
10033351792499 0
10033351810488 23
10033351829036 66
10033439529459 23
10033439572312 0
10033439591238 23
10033499526518 66
10033499560204 23
10033499578611 0
10033552767645 23
10033552802184 66
10033552820195 23
10033552837626 0
10033619770204 23
10033619806755 66
10033619825146 23
10033704817290 0
10033704862663 23
10033704881378 66
10033770521693 23
10033771141246 0
10033771521521 23
10033771838949 66
10033838859716 23
10033838907666 0
10033838927504 23
10033895510459 66
10033895544067 23
10033895562627 0
10033962919787 23
10033962955262 66
10033962973760 23
10033962991121 0
10034030319205 23
10034030366382 66
10034097798739 23
10034097843674 0
10034097863042 23
10034097879941 66
10034156268894 23
10034156297964 0
10034156316570 23
10034230302224 66
10034230345620 23
10034230363693 0
10034290523652 23
10034290562438 66
10034290581016 23
10034290598530 0
10034373350792 23
10034373400914 66
10034465123157 23
10034465186170 0
10034465204756 23
10034465222793 66
10034558912249 23
10034558975346 0
10034558993988 23
10034559011195 66
10034559027926 23
10034559044861 0
10034649833718 23
10034649880156 66
10034649898881 23
10034649916155 0
10034699873295 23
10034699906289 66
10034699924560 23
10034792389744 0
10034792435920 23
10034792455818 66
10034834583924 23
10034834611045 0
10034834629046 23
10034927127977 66
10034927173867 23
10034927192554 0
10034927211267 23
10034988177192 66
10034988209860 23
10034988228259 0
10035052578232 23
10035052623394 66
10035052642213 23
10035095332399 0
10035095366955 23
10035095385269 66
10035171455197 23
10035171501344 0
10035171520077 23
10035171537569 66
10035239238894 23
10035239696111 0
10035239950424 23
10035317507916 66
10035317550636 23
10035317568914 0
10035381941238 23
10035381989651 66
10035382008967 23
10035382026706 0
10035480877675 23
10035480927564 66
10035514566867 23
10035514600597 0
10035514619896 23
10035514637398 66
10035598795224 23
10035598838553 0
10035598857111 23
10035638967431 66
10035638999812 23
10035639018475 0
10035733590701 23
10035733638330 66
10035733656695 23
10035733674068 0
10035773708156 23
10035773737202 66
10035851504334 23
10035851543938 0
10035851562027 23
10035851579477 66
10035901839332 23
10035902391306 0
10035902617314 23
10035986307336 66
10035986369445 23
10035986387836 0
10036087317956 23
10036087367678 66
10036087388010 23
10036087405788 0
10036137853555 23
10036137899375 66
10036137917734 23
10036175879389 0
10036175912786 23
10036175931312 66
10036275365069 23
10036275411058 0
10036275429610 23
10036275446955 66
10036337850396 23
10036337883483 0
10036337902311 23
10036388429946 66
10036388470329 23
10036388488647 0
10036436631781 23
10036436665781 66
10036436684482 23
10036436702079 0
10036540035435 23
10036540085354 66
10036590551436 23
10036590586152 0
10036590604791 23
10036590622160 66
10036661452575 23
10036661497482 0
10036661517259 23
10036722693399 66
10036722980087 23
10036723248336 0
10036809560404 23
10036809615307 66
10036809633622 23
10036809651193 0
10036843947678 23
10036843977797 66
10036952378093 23
10036952434624 0
10036952453785 23
10036952472347 66
10037009572460 23
10037009612678 0
10037009631903 23
10037047573064 66
10037047599441 23
10037047617389 0
10037144328734 23
10037144378568 66
10037144397187 23
10037144414944 0
10037182336286 23
10037182362914 66
10037182381021 23
10037249739654 0
10037249773509 23
10037249791605 66
10037329616784 23
10037329665457 0
10037329684634 23
10037383084374 66
10037383124567 23
10037383142779 66
10037442538747 0
10037526975303 23
10037527171859 66
10037599248167 0
10037651052311 23
10037651096347 0
10037651114774 23
10037651132272 66
10037733889689 23
10037733930553 0
10037733967110 23
10037799158808 66
10037799201811 23
10037799219955 0
10037881277383 23
10037881311908 66
10037881330619 23
10037881348041 0
10037957642917 23
10037957687279 66
10038001308485 23
10038001341491 0
10038001360293 23
10038001378089 66
10038085578214 23
10038085624211 0
10038085642648 23
10038121430870 66
10038121460039 23
10038121478378 0
10038212749173 23
10038212794868 66
10038212812811 23
10038212829500 0
10038283454162 23
10038283506923 66
10038355054145 23
10038355106803 0
10038355125834 23
10038355143728 66
10038381523993 23
10038381548869 0
10038381566441 23
10038489817583 66
10038489866422 23
10038489884956 0
10038515539578 23
10038515565573 66
10038515584193 23
10038515601486 0
10038582694122 23
10038582725705 66
10038582743229 23
10038649756381 0
10038649857749 23
10038649877180 66
10038764514645 23
10038764561547 0
10038764580222 23
10038807741674 66
10038807776001 23
10038807794154 0
10038807812535 23
10038878972252 66
10038879012539 23
10038879030982 0
10038926370284 23
10038926800899 23
10038927121841 66
10039034275773 23
10039034322448 0
10039034341014 23
10039034358254 66
10039090536123 23
10039090579257 0
10039090598638 23
10039090616265 66
10039119146293 23
10039119174808 0
10039119192886 23
10039212030128 66
10039212077664 23
10039212096431 0
10039273083040 23
10039273114007 66
10039273131718 23
10039273149319 0
10039344793031 23
10039344839611 66
10039387445779 23
10039387473439 0
10039387491523 23
10039387508777 0
10039454525798 23
10039454559788 66
10039459589169 23
10039521520096 66
10039521555046 23
10039521572962 66
