17621813148362 0
17621894035577 23
17621894394055 66
17621894617647 0
17621964917993 23
17621964963441 66
17621964981341 0
17622032116626 23
17622032163666 66
17622073186382 0
17622073213451 23
17622140215421 66
17622140260322 0
17622225136891 23
17622225183435 66
17622225202005 0
17622275370836 23
17622275643333 66
17622275863782 0
17622368973671 23
17622369024691 66
17622415427033 0
17622415461689 23
17622415480520 66
17622482812696 0
17622482847338 23
17622550145724 66
17622550180511 0
17622636339220 23
17622636382121 66
17622636401337 0
17622697425676 23
17622697454677 66
17622697472497 0
17622771327405 23
17622771373195 66
17622810958189 0
17622810988528 23
17622811006734 66
17622889325049 0
17622889363141 23
17622953056865 66
17622953095657 0
17623012535658 23
17623012571308 66
17623012589449 0
17623086399256 23
17623086857014 66
17623087149318 0
17623164952133 23
17623164999166 66
17623233978888 0
17623234022795 23
17623291740028 66
17623291782609 0
17623354503924 23
17623354539182 66
17623354557034 0
17623421901924 23
17623421939875 66
17623421958125 0
17623489236710 23
17623489272505 66
17623489290431 0
17623556762073 23
17623556798584 66
17623624010299 0
17623624048135 23
17623707498476 66
17623707544897 0
17623765815349 23
17623766097252 66
17623766318410 0
17623840627381 23
17623840673062 66
17623840692085 0
17623897931344 23
17623897971737 66
17623897989341 0
17623964998746 23
17623965041143 66
17624023939828 0
17624023977101 23
17624097740145 66
17624097776166 0
17624165028670 23
17624165060273 66
17624165079080 0
17624226241393 23
17624226274788 66
17624226293012 0
17624293567371 23
17624293601148 66
17624360998293 0
17624361038808 23
17624361057777 66
17624428393629 0
17624428429772 23
17624499466910 66
17624499712855 0
17624557180472 23
17624557734681 66
17624558064417 0
17624653516514 23
17624653571614 66
17624653590404 0
17624688579449 23
17624688606089 66
17624803106349 0
17624803156537 23
17624803175361 66
17624836705415 0
17624937767489 23
17624937823080 66
17624937841934 0
17624971466760 23
17624971500420 66
17624971518968 0
17625049132589 23
17625049179089 66
17625049197970 0
17625097969334 23
17625098003614 66
17625207343372 0
17625207393412 23
17625244530225 66
17625244811039 0
17625325528325 23
17625325582046 66
17625392615148 0
17625392656412 0
17625466441352 23
17625466493710 66
17625466512032 23
17625466529162 66
17625527364877 0
17625577900749 0
17625577941023 23
17625627646183 66
17625627678813 23
17625627697399 66
17625706355084 0
17625761859055 0
17625761890302 23
17625761909415 66
17625878994877 23
17625879056210 66
17625912680500 0
17625912727682 0
17626002281130 23
17626002577676 66
17626002798699 23
17626003017405 66
17626148537324 0
17626148592921 0
17626148611695 23
17626199056738 66
17626199097708 23
17626199116674 66
17626283277031 0
17626332011811 0
17626332047745 23
17626332066534 66
17626404870742 23
17626404922453 66
17626466446397 0
17626466493856 0
17626517011082 23
17626517051704 66
17626517070272 23
17626517087513 66
17626668582818 0
17626668637929 0
17626733010114 23
17626733183509 66
17626733203280 23
17626733220909 66
17626778655843 0
17626870745520 0
17626870800878 23
17626870819364 66
17626921270091 23
17626921310138 66
17626976148076 0
17626976185252 0
17627060296522 23
17627060340520 66
17627060358973 23
17627140250150 66
17627209726850 0
17627209771680 0
17627245668499 23
17627245697595 66
17627245715865 23
17627245733345 66
17627304256777 0
17627371287059 0
17627371324678 23
17627371343017 66
17627483078920 23
17627483353485 66
17627511321359 0
17627511356693 0
17627593286988 23
17627593345275 66
17627593363682 23
17627660339314 66
17627706529484 0
17627712994006 0
17627780493582 23
17627780533068 66
17627780551716 23
17627780569729 66
17627857177437 0
17627946700795 0
17627946745089 23
17627985447467 66
17627985476416 23
17627985494590 66
17628066721450 0
17628163559482 0
17628163610119 23
17628163628722 66
17628176254424 23
17628176280399 66
17628274177949 0
17628274225628 0
17628330750974 23
17628331114885 66
17628331337222 23
17628331557909 66
17628399407034 0
17628446064528 0
17628446102904 23
17628541703159 66
17628541751859 23
17628541769991 66
17628601546960 0
17628702609087 0
17628702659479 23
17628702678904 23
17628702696750 66
17628736289501 23
17628736317477 66
17628835300462 0
17628854315002 23
17628854338497 66
17628921699324 0
17628921734525 23
17628998955003 66
17628999000581 0
17629065708980 23
17629065754945 66
17629065773104 0
17629155322069 23
17629155370626 66
17629191098860 0
17629191130949 23
17629249118798 66
17629249153341 0
17629316322288 23
17629316360195 66
17629316378268 0
17629383360948 23
17629383401134 66
17629450293655 0
17629542711237 0
17629542756715 23
17629591287848 66
17629591319997 23
17629591338069 66
17629658715468 0
17629726080361 0
17629726128773 23
17629726148015 66
17629827017508 23
17629827088349 66
17629894385233 0
17629894433734 0
17629945256128 23
17629945316338 66
17629945335258 23
17629945353245 66
17630083801711 0
17630083891560 0
17630083910424 23
17630180778789 66
17630184742358 23
17630184767484 66
17630188034406 0
17630255335323 0
17630255377351 23
17630255395883 66
17630363968202 23
17630364023235 66
17630406162058 0
17630406208706 0
17630478311852 23
17630478355675 66
17630478373989 23
17630530732612 66
17630616613361 0
17630616663010 0
17630683944305 23
17630683987769 66
17630684006211 23
17630684023592 66
17630739570589 0
17630799894049 0
17630799927717 23
17630799946485 66
17630919805634 23
17630919858703 23
17630919877416 66
17630925703337 0
17630992874351 23
17630992913256 66
17631059970297 0
17631060011309 23
17631139621857 66
17631139994508 0
17631194046293 23
17631194394382 66
17631194616470 0
17631294506580 23
17631294590180 66
17631294627159 0
17631345091974 23
17631345120736 66
17631408765852 0
17631408810503 23
17631408828655 66
17631469470414 0
17631469505200 23
17631536880297 66
17631536922512 0
17631625177615 23
17631625215849 66
17631625234432 0
17631709421183 23
17631709472582 66
17631709491533 0
17631730620944 23
17631730648464 66
17631834427832 0
17631834474312 23
17631834493703 66
17631887326993 0
17631887627837 23
17631936732891 66
17631936955509 0
17631998888888 23
17631998928150 66
17631998946230 0
17632077913698 23
17632077955781 66
17632077973904 0
17632157867763 23
17632157909037 66
17632246335442 0
17632246388304 23
17632273834709 66
17632273865730 0
17632341160055 23
17632341187273 66
17632341205314 0
17632408602414 23
17632408636980 66
17632408655149 0
17632475935893 23
17632475972428 66
17632475990585 0
17632557366163 23
17632557414201 66
17632610688445 0
17632610950998 0
17632701164719 23
17632701220324 66
17632701239019 23
17632701256630 66
