25440106391031 0
25440173447839 23
25440174019216 66
25440174288850 0
25440218974931 23
25440219015375 66
25440219032812 0
25440285015573 23
25440285057904 66
25440285076662 0
25440371600001 23
25440371666841 66
25440456037929 0
25440456094285 23
25440456112865 66
25440486236802 0
25440486265896 23
25440486283833 66
25440553286423 0
25440553337422 23
25440553356383 66
25440641112830 0
25440641155794 23
25440641174846 66
25440716911670 0
25440716962724 23
25440716982509 66
25440761336683 0
25440761376358 23
25440843241008 66
25440843287122 0
25440910608246 23
25440910653531 66
25440910672036 0
25440978026028 23
25440978087075 66
25440978105575 0
25441060104285 23
25441060164197 66
25441060184381 0
25441110649857 23
25441110701254 66
25441110719949 0
25441156786599 23
25441156831019 66
25441156849362 0
25441245614638 23
25441245667951 66
25441291317214 0
25441291880362 23
25441292111599 66
25441397028492 0
25441397078027 23
25441397096281 66
25441447544477 0
25441447598204 23
25441447616714 66
25441531776823 0
25441531829043 23
25441531847384 66
25441559231054 0
25441559261152 23
25441634052682 66
25441634098073 0
25441634115970 23
25441717069337 66
25441717126357 0
25441809435988 23
25441809491494 66
25441809510031 0
25441849772106 23
25441849828605 66
25441849847242 0
25441902456235 23
25441902488324 66
25441902506431 0
25441986272298 23
25441986710620 66
25441986935648 0
25442095899627 23
25442095940316 66
25442095958874 0
25442095978261 23
25442095995600 66
25442178195188 0
25442178239050 23
25442178258564 66
25442253994332 0
25442254042573 23
25442254061137 66
25442296875012 0
25442296911396 23
25442296929574 66
25442388732575 0
25442388780704 23
25442388799539 66
25442431011583 0
25442431049996 23
25442506668657 66
25442506712972 0
25442572110543 23
25442572165656 66
25442572184290 0
25442656158967 23
25442656209569 66
25442656228414 0
25442714099436 23
25442714420082 66
25442714642171 0
25442789692639 23
25442789837718 66
25442789947793 0
25442841629921 23
25442841674094 66
25442925672135 0
25442925722257 23
25442925741410 66
25442986736962 0
25442986778914 23
25442986797090 66
25443060440347 0
25443060492119 23
25443060511105 66
25443101690938 0
25443101717914 23
25443101735933 66
25443195204516 0
25443195258267 23
25443195276439 66
25443235801553 0
25443235830394 23
25443313121728 66
25443313162672 0
25443386018934 23
25443386071100 66
25443386089698 0
25443450058756 23
25443450357119 66
25443450579809 0
25443580186042 23
25443580230977 66
25443580250661 0
25443580267848 23
25443580284462 66
25443580300925 0
25443657286772 23
25443657334279 66
25443657352773 0
25443748993641 23
25443749060091 66
25443799457629 0
25443799490758 23
25443799508745 66
25443866922200 0
25443866966256 23
25443866984929 66
25443906507910 0
25443906547302 23
25443906565918 66
25443985662333 0
25443985705894 23
25443985724555 66
25444054277086 0
25444054326247 23
25444054345153 66
25444119544106 0
25444119591799 23
25444191770687 66
25444192100164 0
25444242069783 23
25444242117626 66
25444242136174 0
25444315532602 23
25444315582111 66
25444315600358 0
25444382903730 23
25444382944940 66
25444382963033 0
25444466981907 23
25444467022952 66
25444467041874 0
25444525753143 23
25444525803402 66
25444585039600 0
25444585085919 23
25444585104435 66
25444678714864 0
25444678762212 23
25444678780452 66
25444740704251 0
25444740763521 23
25444740782114 66
25444798918938 0
25444798973705 23
25444798992034 66
25444858639138 0
25444858688991 23
25444858707531 66
25444912498023 0
25444912533963 23
25444984976046 66
25444985482383 0
25445058677513 23
25445058721653 66
25445061937433 0
25445142891341 23
25445142947620 66
25445142966750 0
25445227382334 23
25445227435947 66
25445227454219 0
25445254607994 23
25445254635905 66
25445254654187 0
25445361871106 23
25445361927942 66
25445389365424 0
25445389396996 23
25445389415593 66
25445456725477 0
25445456765304 23
25445456784496 66
25445547169244 0
25445547220654 23
25445547239948 66
25445610333853 0
25445610388095 23
25445610408161 66
25445672258353 0
25445672306430 23
25445672325139 66
25445732456263 0
25445732511533 23
25445797749984 66
25445797806547 0
25445851482326 23
25445851528073 66
25445851546919 0
25445933020018 23
25445933091134 66
25445933109682 0
25446037604006 23
25446037659017 66
25446037677183 0
25446067271085 23
25446067327658 66
25446067345570 0
25446122901462 23
25446122954924 66
25446122979997 0
25446235711103 23
25446235783430 66
25446272708609 0
25446272759631 23
25446272778104 66
25446347285400 0
25446347341309 23
25446347360336 66
25446399272644 0
25446399655483 23
25446399920811 66
25446495092268 0
25446495147782 23
25446495166782 66
25446538918790 0
25446538980645 23
25446538999434 66
25446589131186 0
25446589174400 23
25446671508111 23
25446671550362 66
25446671569705 0
25446729331013 23
25446729374005 66
25446729392054 0
25446790374113 23
25446790418436 66
25446874592732 0
25446874636503 0
25446941042552 23
25446941087891 66
25446941106732 23
25446941124385 66
25446941141505 0
25446999424525 23
25446999467275 66
25447077677965 0
25447077724984 23
25447077744230 66
25447154216153 0
25447154622742 23
25447154939263 66
25447223204236 0
25447223256259 23
25447223274781 66
25447294888891 0
25447335042846 23
25447335099938 66
25447335120900 0
25447413685824 23
25447413733100 66
25447413751236 0
25447477960196 23
25447478011240 66
25447478029692 0
25447595108737 23
25447595160311 66
25447595178544 0
25447595196050 23
25447595213419 66
25447697168733 0
25447697218127 23
25447697236858 66
25447764328450 0
25447764383913 23
25447764403184 66
25447820092158 0
25447865185434 23
25447865546194 66
25447865769453 0
25447937175059 23
25447937215201 66
25447937233584 0
25448033863165 23
25448033926613 66
25448118091544 0
25448139284867 0
25448139311253 23
25448139329526 66
25448139347907 23
25448139365019 66
25448217063063 0
25448217113520 23
25448217132321 66
25448274098900 0
25448274137588 23
25448274156089 66
25448348480076 0
25448419253481 23
25448419302986 66
25448419322194 0
25448503439935 23
25448503495647 66
25448503513336 0
25448534006253 23
25448534039610 66
25448534058226 0
25448604025882 23
25448604170003 66
25448705562555 0
25448705612048 23
25448708901336 66
25448772928843 0
25448772979068 23
25448772997347 23
25448773014326 66
25448815547547 0
25448815588921 23
25448815607727 66
25448890853040 0
25448958212988 23
25448958259351 66
25448958278048 0
25449047328707 23
25449047374762 66
25449047392604 0
25449107756661 23
25449107825597 66
25449107844227 0
25449183497025 23
25449183547405 66
25449225656985 0
25449225708292 23
25449225727607 66
25449299365897 0
25449299415494 23
25449299433777 66
25449345541375 0
25449345632248 23
25449345651951 66
25449456507511 0
25449495173375 23
25449495231240 66
25449495250584 0
25449539935086 23
25449539959799 66
25358019445278 0
25358019497616 23
25358019517053 66
