11416316619517 0
11416390700443 23
11416391210037 66
11416391512582 0
11416493417512 23
11416493466972 66
11416518801258 0
11416611320799 23
11416611369346 66
11416685971249 0
11416746752164 23
11416747035258 66
11416813685599 0
11416878712403 23
11416878755897 66
11416953412643 0
11417013496023 23
11417013536571 66
11417087500844 0
11417131398023 23
11417131431089 66
11417215650521 0
11417255756062 23
11417255786814 66
11417323167838 0
11417409310138 23
11417409357917 66
11417474214015 0
11417525521380 23
11417526014993 66
11417614340190 0
11417662008486 23
11417662042587 66
11417752545899 0
11417803062435 23
11417859190014 66
11417859231944 0
11417919127437 23
11418022188938 66
11418022236373 0
11418060113347 23
11418152526768 66
11418152609895 0
11418198975570 23
11418275169596 66
11418275312493 0
11418329623481 23
11418420541983 66
11418420588429 0
11418455886200 23
11418567480967 66
11418567535213 0
11418609503361 23
11418693767864 66
11418693816317 0
11418723988540 23
11418828526065 66
11418828580653 0
11418879063627 23
11418939002408 66
11418939043322 0
11418999244052 23
11419081206902 66
11419081249624 0
11419133915884 23
11419201378042 66
11419201420319 0
11419283324465 23
11419355822331 66
11419355867625 0
11419405418039 23
11419483366150 66
11419483414688 0
11419550747965 23
11419634695733 66
11419634739976 0
11419672595493 23
11419786591849 66
11419786658745 0
11419797018795 23
11419887635954 66
11419887679456 0
11419971862518 23
11420022373802 66
11420022412912 0
11420104476917 23
11420161397105 66
11420161445154 0
11420222427569 23
11420306673492 66
11420333632425 0
11420333662464 23
11420404076631 66
11420475891077 0
11420534898611 23
11420534938525 66
11420626710523 0
11420691973196 23
11420692012583 66
11420778313331 0
11420810044650 23
11420810074121 66
11420900721844 0
11420961465368 23
11420961507430 66
11421050695295 0
11421113234389 23
11421113702387 66
11421160334133 0
11421242809730 23
11421242862552 66
11421307286858 0
11421357319443 23
11421357375218 66
11421438165392 0
11421500562086 23
11421500595727 66
11421584731227 0
11421633143669 23
11421633179144 66
11421722360275 0
11421767936470 23
11421767974849 66
11421839995538 0
11421883861388 23
11421884122556 66
11421986935624 0
11422017611251 23
11422017669460 66
11422111545432 0
11422172204861 23
11422172240670 66
11422256452975 0
11422306931898 23
11422306969527 66
11422381012711 0
11422439629397 23
11422439679972 66
11422514181843 0
11422576606950 23
11422577076240 66
11422620847073 0
11422701912926 23
11422701958921 66
11422776529076 0
11422822959857 23
11422822994861 23
11422823013335 66
11422928246789 0
11422949171967 23
11422949199317 66
11423034278281 0
11423096574604 23
11423096613786 66
11423150270880 0
11423231320959 23
11423231364969 66
11423284498808 0
11423359590039 23
11423359930539 66
11423481878410 0
11423513470058 23
11423513505528 66
11423566152808 0
11423650338692 23
11423650381637 66
11423701448983 0
11423762031901 23
11423762065734 66
11423839351085 0
11423903017915 23
11423903068957 66
11423955015122 0
11424022211389 23
11424022247644 66
11424103253660 0
11424156614002 23
11424156658846 66
11424228130994 0
11424290408683 23
11424290447114 66
11424389409166 0
11424431616619 23
11424431645834 66
11424524170656 0
11424566382275 23
11424566409935 66
11424658915275 0
11424709478906 23
11424709513109 66
11424760103497 0
11424892628779 23
11424892681456 66
11424893937111 0
11424976880948 23
11424976930804 66
11425061205136 0
11425095148426 23
11425095176050 66
11425212707880 0
11425235972639 23
11425235996938 66
11425303468394 0
11425370736378 23
11425370771682 66
11425438772025 0
11425505470763 23
11425505754838 66
11425614869454 0
11425654464765 23
11425654496866 66
11425732897046 0
11425765789428 23
11425765815851 66
11425846522500 0
11425918071177 23
11425918106906 66
11425985456649 0
11426034075966 23
11426034107389 66
11426161648806 0
11426175101406 23
11426175127084 66
11426257991327 0
11426337095594 23
11426337141580 66
11426394584647 0
11426444609362 23
11426444644439 66
11426522372185 0
11426589757007 23
11426589793345 66
11426673991638 0
11426704652915 23
11426704683776 0
11426704702587 23
11426704720962 66
11426808755899 0
11426808805278 23
11426808823695 66
11426839079527 0
11426839109714 23
11426839127992 66
11426943517508 0
11426943569191 23
11426943587884 66
11426974370802 0
11426974648823 23
11426974870500 66
11427055388678 0
11427055431591 23
11427055450004 66
11427129062089 0
11427129108146 23
11427129126901 66
11427194067830 0
11427194112761 23
11427194131464 66
11427254052288 0
11427254092486 23
11427254110791 66
11427345681793 0
11427345730206 23
11427345749593 23
11427413016692 66
11427413048084 23
11427413066012 0
11427480407408 23
11427480453159 66
11427480471476 23
11427509496093 66
11427509528349 0
11427615220082 23
11427643680139 66
11427643711724 0
11427737180595 23
11427800720726 66
11427801121488 0
11427867872197 23
11427911883118 66
11427911920922 0
11428007952789 23
11428067865743 66
11428067901640 0
11428159008847 23
11428202652732 66
11428202686620 0
11428293579435 23
11428337404016 66
11428337445539 0
11428381436767 23
11428448491380 66
11428448532892 0
11428520116732 23
11428582638341 66
11428582674952 0
11428665874435 23
11428729055677 66
11428729101072 0
11428783776027 23
11428857629519 66
11428857669284 0
11428924941899 23
11429009194454 66
11429076469288 0
11429076510407 23
11429134114036 66
11429196728634 0
11429197453755 23
11429295491010 66
11429329146518 0
11429387369870 23
11429387409507 66
11429480758260 0
11429546039510 23
11429546086822 66
11429613396022 0
11429697603677 23
11429697649527 66
11429729322626 0
11429823400609 23
11429823451835 66
11429864104569 0
11429935808682 23
11429935848267 66
11430034528586 0
11430075476941 23
11430075520099 66
11430132768161 0
11430219824510 23
11430219869382 23
11430219888186 66
11430259134826 0
11430369402638 23
11430369449961 66
11430419831781 0
11430494516147 23
11430494560920 66
11430554622982 0
11430620225015 23
11430620496929 66
11430674660491 0
11430773594080 23
11430773645634 66
11430803187245 0
11430908323603 23
11430908373520 66
11430958874231 0
11431043106076 23
11431043156108 66
11431105015585 0
11431130966910 23
11431130992062 66
11431200035824 0
11431265209796 23
11431265248686 66
11431345523363 0
11431402918471 23
11431403528499 66
11431466419128 0
11431540188059 23
11431540233313 66
11431607520886 0
11431691628889 23
11431691670056 66
11431765335707 0
11431809677078 23
11431809709207 66
11431879617938 0
11431948499469 23
11431948565613 66
11432002995895 0
11432082010463 23
11432082263975 66
11432144144138 0
11432218154977 23
11432218201123 66
11432275747272 0
11432346555513 23
11432346592198 66
11432410260863 0
11432479232533 23
11432479265821 66
11432479284057 0
11432571774076 0
11432571822446 23
11432630704769 66
11432630735478 23
11432688149534 66
