26350972843659 0
26351045805047 23
26351046310349 66
26351046659407 0
26351151687797 23
26351151738189 66
26351151757246 0
26351175047371 23
26351175080196 66
26351175098829 0
26351233890638 23
26351233931212 66
26351233949362 0
26351233967356 23
26351323390850 66
26351337047158 0
26351337073549 23
26351367958035 66
26351367988636 0
26351368007351 23
26351368024739 66
26351435040647 0
26351435084779 23
26351435102770 66
26351542855284 0
26351542908142 23
26351542927093 66
26351631886755 0
26351631942522 23
26351631961716 66
26351636219621 0
26351636241544 23
26351636258998 66
26351722363524 0
26351722408617 23
26351722427248 66
26351722444410 0
26351806569036 23
26351806623934 66
26351806642626 0
26351881598435 23
26351881647548 66
26351881666003 0
26351941334003 23
26351941386288 66
26351941404728 0
26352003195114 23
26352003244423 66
26352003262493 0
26352065512569 23
26352065561871 66
26352065580568 0
26352126873125 23
26352126926705 66
26352126944885 0
26352173847309 23
26352173886394 66
26352173904379 0
26352173921988 23
26352259515423 66
26352259565391 0
26352259583727 23
26352306814600 66
26352306852034 0
26352306870381 23
26352306887368 66
26352373822255 0
26352373866126 23
26352373885247 66
26352441319507 0
26352441366025 23
26352441384366 66
26352522434514 0
26352522481973 23
26352522499972 66
26352596162185 0
26352596214208 23
26352596233366 66
26352661399431 0
26352661443324 23
26352661461301 66
26352661478306 0
26352721587624 23
26352721631822 66
26352721650004 0
26352783713458 23
26352783760362 66
26352783778685 0
26352873906590 23
26352874494161 66
26352874719207 0
26352923040223 23
26352923473903 66
26352923702266 0
26353030050175 23
26353030108536 66
26353030126700 0
26353067831082 23
26353067882065 66
26353067900882 0
26353133252555 23
26353133301482 66
26353133320746 0
26353133338546 23
26353178628355 66
26353178665934 0
26353178684341 23
26353284699854 66
26353284756946 0
26353284775243 23
26353284792467 66
26353335254218 0
26353335293309 23
26353335312117 66
26353420430914 0
26353420483283 23
26353420501555 66
26353446978140 0
26353447011010 23
26353447030212 66
26353513986393 0
26353514027892 23
26353514045872 66
26353588040823 0
26353588085804 23
26353588104362 66
26353588123272 0
26353655728884 23
26353656148357 66
26353656374239 0
26353769662010 23
26353769723224 66
26353769741581 0
26353804982170 23
26353805022554 66
26353870026584 0
26353870071094 0
26353916380960 23
26353916426082 66
26353916444956 23
26353916462444 23
26353916480610 66
26353983651256 0
26353983737587 0
26353983756964 23
26354050717904 66
26354050765065 23
26354050783730 66
26354050801105 0
26354117950808 23
26354117995083 66
26354118013854 0
26354184660957 23
26354184701410 66
26354184719535 0
26354276432208 23
26354276498320 66
26354276517326 0
26354334899539 23
26354334948420 66
26354334966660 0
26354390167842 23
26354390461999 66
26354390685194 0
26354527232412 23
26354527272517 66
26354527290900 0
26354527308026 23
26354527324766 66
26354527341634 0
26354594504192 23
26354594545387 66
26354594564213 0
26354678626768 23
26354678678884 66
26354678698042 0
26354746081453 23
26354746161557 66
26354746180404 0
26354746198178 23
26354803783487 66
26354803825119 0
26354803843828 23
26354880731083 66
26354880780488 0
26354880799935 23
26354956351172 66
26354956401657 0
26354956420178 23
26355015494993 66
26355015551717 0
26355015571061 23
26355095623321 66
26355095688761 0
26355095707224 23
26355137431949 66
26355137761450 0
26355137983578 23
26355190654084 66
26355190695179 0
26355190713743 23
26355290534565 66
26355369783963 0
26355369828005 0
26355369846653 23
26355369864401 66
26355398864317 23
26355398899343 66
26355398917102 0
26355398934168 23
26355398951243 66
26355501865084 0
26355501913026 23
26355501931586 66
26355533647420 0
26355533685644 23
26355533703683 66
26355619828656 0
26355619869773 23
26355619887979 66
26355668384275 0
26355668425856 23
26355668444183 66
26355760848568 0
26355760908128 23
26355760927107 66
26355794247495 0
26355794287097 23
26355794305665 66
26355883596406 0
26355883649282 23
26355883667774 66
26355942406502 0
26355942913811 23
26355943215676 66
26356007300632 0
26356007387444 23
26356007406249 66
26356091427573 0
26356091479367 23
26356091498028 66
26356156919951 0
26356156969890 23
26356156988453 66
26356226218893 0
26356226277267 23
26356226295726 66
26356291499175 0
26356291554600 23
26356291573329 66
26356358872488 0
26356358921552 23
26356358940687 66
26356405358349 0
26356493628798 0
26356493685083 23
26356493704184 66
26356493722016 23
26356493739468 66
26356577905732 0
26356577977349 23
26356577997136 66
26356599345189 0
26356599594757 23
26356599614510 66
26356666934588 0
26356667146033 23
26356667259507 66
26356780038766 0
26356780111081 23
26356780130844 66
26356813736591 0
26356813784692 23
26356813802928 66
26356867351263 0
26356867390219 23
26356867408192 66
26356965276723 0
26356965329860 23
26356965348436 66
26357001273724 0
26357001313755 23
26357001331792 66
26357068456165 0
26357068494285 23
26357068512322 66
26357165326305 0
26357165375532 23
26357165394754 66
26357226365832 0
26357226414096 23
26357226432998 66
26357300653437 0
26357300698474 23
26357300717032 66
26357368745677 0
26357369070351 23
26357369294596 66
26357411826347 0
26357411868015 23
26357411886462 66
26357534501854 0
26357534557059 23
26357534575255 66
26357534592264 0
26357552750683 23
26357552804408 23
26357552822479 66
26357552839959 0
26357620149505 23
26357620201377 66
26357620220048 0
26357672021748 23
26357672057677 66
26357672076301 0
26357739178631 23
26357739217942 66
26357739236572 0
26357837002883 23
26357837061932 66
26357837081369 0
26357873201691 23
26357873229162 66
26357873247131 0
26357954926613 23
26357954979907 66
26357954997868 0
26358014042659 23
26358014081133 66
26358014099667 0
26358106527896 23
26358106588764 66
26358167767985 0
26358167822883 0
26358219280084 23
26358219324379 66
26358219342549 23
26358219359436 66
26358219376284 0
26358350969992 23
26358351011722 66
26358351029725 0
26358351047959 23
26358351064957 66
26358351081761 0
26358409859373 23
26358409902662 66
26358409920828 0
26358510778727 23
26358510832303 66
26358510851082 0
26358576073753 23
26358576122554 66
26358576141076 0
26358615240344 23
26358615288407 66
26358615307283 0
26358727675074 23
26358727723109 66
26358727741594 0
26358757110227 23
26358757150684 66
26358757169570 0
26358812263784 23
26358812309435 66
26358812327551 0
26358896114031 23
26358896168896 66
26358896187400 0
26358990056576 23
26358990106584 66
26359020968146 0
26359021220900 0
26359131968184 23
26359132024119 66
26359132042973 23
26359132060091 23
26359132076877 66
26359132093530 0
26359182482953 23
26359182529867 66
26359182548361 0
26359222590747 23
26359222622436 66
26359222641481 0
26359317279471 23
26359317341381 66
