26079015318330 0
26079089677644 23
26079090039999 66
26079090263822 0
26079199325864 23
26079199377024 66
26079199395548 0
26079259772422 23
26079259820394 66
26079259839437 0
26079291523464 23
26079291564239 66
26079291582711 0
26079358986123 23
26079359055775 66
26079359080009 0
26079426378689 23
26079426432107 66
26079426450429 0
26079495907877 23
26079496363312 66
26079496593535 0
26079596704538 23
26079596757466 66
26079596775920 0
26079631089600 23
26079631131196 66
26079631148885 0
26079686240528 23
26079686287489 66
26079686305560 0
26079753131673 23
26079753168659 66
26079753187530 0
26079832689005 23
26079832729269 66
26079832748525 0
26079908301148 23
26079908345998 66
26079908364448 0
26079961089938 23
26079961132906 66
26079961151164 0
26080021338039 23
26080021382125 66
26080021400786 0
26080100570082 23
26080100617834 66
26080100636545 0
26080167099809 23
26080167516322 66
26080167537418 0
26080240458102 23
26080240517791 66
26080240535715 0
26080298173440 23
26080298648534 66
26080298950802 0
26080386286770 23
26080386332464 66
26080386351076 0
26080386368715 23
26080430645937 66
26080430690681 0
26080430709712 23
26080514690669 66
26080514733065 0
26080514751271 23
26080586319575 66
26080586368328 0
26080586387037 23
26080670536513 66
26080670591428 0
26080670610658 23
26080721070786 66
26080767615812 0
26080767660062 0
26080767678218 23
26080767695382 66
26080826143049 23
26080826189893 66
26080826209050 0
26080826227015 23
26080923259204 66
26080923330238 0
26080923348929 23
26080971453577 66
26080971981966 0
26080972006734 23
26081035052026 66
26081035101793 0
26081035120031 23
26081108873841 66
26081108929149 0
26081210554037 23
26081210612185 66
26081210630546 0
26081239847454 23
26081239886574 66
26081239906588 0
26081325403371 23
26081325455799 66
26081325474435 0
26081369721264 23
26081369750191 66
26081369768786 0
26081437176559 23
26081437217471 23
26081437236206 66
26081437254068 0
26081504473692 23
26081504513980 66
26081504532995 0
26081594914857 23
26081594983791 66
26081595002597 0
26081662259051 23
26081662308904 66
26081662328116 0
26081731324264 23
26081731373821 66
26081731392087 0
26081765056936 23
26081765356902 66
26081765613631 0
26081847568328 23
26081847619059 66
26081847638066 0
26081899278257 23
26081899319054 66
26081899337813 0
26081988759124 23
26081988805039 66
26081988823832 0
26082049700738 23
26082049747203 66
26082124238371 0
26082124288375 23
26082124306877 66
26082182368324 0
26082182415778 23
26082182434794 66
26082266574668 0
26082266616766 23
26082266635063 66
26082308831843 0
26082308870554 23
26082308888700 66
26082418180997 0
26082418237836 23
26082418256618 66
26082443638344 0
26082518305743 0
26082518367180 23
26082518386442 66
26082518403737 23
26082570155940 66
26082570198280 0
26082570216057 23
26082570233032 66
26082704136342 0
26082704175047 0
26082704193348 23
26082704210848 66
26082784555057 23
26082784598536 66
26082784617193 0
26082784634666 23
26082784651762 66
26082845229875 0
26082845273164 23
26082845291583 66
26082905263331 0
26082905301063 23
26082905319377 66
26083022496451 0
26083022554782 23
26083039377468 66
26083039400988 0
26083039420413 23
26083140430733 66
26083140492208 0
26083140511965 23
26083188382487 66
26083188416457 0
26083252679617 23
26083252961246 66
26083253336223 0
26083325559678 23
26083326175204 66
26083326482793 0
26083393078172 23
26083393122367 66
26083393140839 0
26083450060896 23
26083450101341 66
26083450119978 0
26083525078846 23
26083525125965 66
26083525144646 0
26083595198468 23
26083595248403 66
26083595267218 0
26083650876838 23
26083650928245 66
26083650946357 0
26083710050825 23
26083710091535 66
26083710110349 0
26083805204900 23
26083805258018 66
26083805276320 0
26083862623643 23
26083862680279 66
26083862698970 0
26083947061115 23
26083947118163 66
26083947136683 0
26084009114122 23
26084009425936 66
26084009647371 0
26084052341898 23
26084052386028 66
26084052404315 0
26084149290731 23
26084149345929 66
26084205394715 0
26084205445502 23
26084205463999 66
26084271085992 0
26084271138589 23
26084271156857 66
26084367964188 0
26084368019432 23
26084368038561 66
26084380673720 0
26084380696484 23
26084380714163 66
26084469050434 0
26084469105673 23
26084469124680 66
26084534303158 0
26084534345717 23
26084534364080 66
26084622297740 0
26084622353133 23
26084622371924 66
26084648794128 0
26084648825713 23
26084648843921 66
26084715997815 0
26084716040449 23
26084716058158 66
26084798135357 0
26084798175390 23
26084798193169 66
26084871442559 0
26084871492012 23
26084871510391 66
26084938689688 0
26084938760761 23
26084955497909 66
26084991360179 0
26084991400065 23
26085090186432 66
26085090235004 0
26085090254318 23
26085126103850 66
26085126137255 0
26085126156081 23
26085208097809 66
26085208148455 0
26085270231698 23
26085270274519 66
26085270292932 0
26085340723509 23
26085340772961 66
26085340791773 0
26085397566940 23
26085397612096 66
26085397630511 0
26085475530838 23
26085475578328 66
26085475597211 0
26085539714854 23
26085540172917 66
26085540194115 0
26085588570384 23
26085588855510 66
26085588876274 0
26085690406195 23
26085690459315 66
26085690477996 0
26085761881480 23
26085761940233 23
26085761958246 66
26085761975628 0
26085789011345 23
26085789039715 66
26085789058247 0
26085905423399 23
26085905473071 66
26085905491868 0
26085964012872 23
26085964074436 66
26085964093151 0
26086014614472 23
26086014670764 66
26086014689237 0
26086065219121 23
26086065253518 66
26086065271280 0
26086147245321 23
26086147288413 66
26086208232784 0
26086208279302 23
26086208299150 66
26086295247801 0
26086295306006 23
26086295324304 66
26086334944612 0
26086335227358 23
26086335449230 66
26086416954474 0
26086416999018 23
26086417016866 66
26086459659877 0
26086459698980 23
26086459718868 66
26086562877944 0
26086562928157 23
26086562946369 66
26086618867187 0
26086618912757 23
26086618931852 66
26086703060888 0
26086703112585 23
26086703131539 66
26086734790828 0
26086734829846 23
26086734847954 66
26086821069659 0
26086821119917 23
26086821138603 66
26086886257735 0
26086886310331 23
26086886329026 23
26086975433931 66
26086975487775 0
26086975506125 23
26086975523479 66
26087044351948 0
26087063150846 23
26087063182614 66
26087071664890 0
26087071690078 23
26087130401651 66
26087130488147 0
26087130512627 23
26087223215160 66
26087223278433 0
26087223296963 23
26087264459154 66
26087264487242 0
26087357913686 23
26087357970011 66
26087357988734 0
26087426312228 23
26087426364835 66
26087426383170 0
26087500504353 23
26087500557294 23
26087500575500 66
26087500592710 0
26087560077131 23
26087560137923 66
26087560156561 0
26087646888213 23
26087646940902 66
26087646958987 0
26087709566826 23
26087709630546 66
26087771589709 0
26087771642796 0
26087809068712 23
26087809099814 66
26087809118012 23
26087809150510 66
