11611813163942 0
11611887121718 23
11611887654754 0
11611887925268 23
11611974715017 66
11611974767968 23
11611974786439 0
11612027813950 23
11612027848507 66
11612027867552 23
11612095210264 66
11612095260106 0
11612181878430 23
11612181926024 66
11612207778422 0
11612283011737 23
11612283201970 66
11612381606737 0
11612426974855 23
11612482784071 66
11612482816134 0
11612571387309 23
11612571431952 66
11612634266600 0
11612750080676 23
11612750138046 66
11612752289987 0
11612855809431 23
11612855858986 66
11612895336532 0
11612958683096 23
11612958724056 66
11613020843661 0
11613120666954 23
11613120716006 66
11613146884802 0
11613213699603 23
11613213733171 66
11613289135009 0
11613364908530 23
11613364959441 66
11613436494099 0
11613508080079 23
11613508124592 66
11613563753366 0
11613670618696 23
11613670663087 23
11613670681126 66
11613693599492 0
11613808006593 23
11613808057762 66
11613843105402 0
11613905886195 23
11613905927845 66
11613994483433 0
11614040788047 23
11614040820830 66
11614100643090 0
11614160923998 23
11614160956429 66
11614230301211 0
11614230346850 23
11614312422260 66
11614312474326 0
11614385565250 23
11614432165656 66
11614432504032 0
11614514656509 23
11614555263207 66
11614555317093 0
11614622179057 23
11614714564321 66
11614714612122 0
11614770186104 23
11614830497728 66
11614830531223 0
11614897910127 23
11614965277932 66
11614965312474 0
11615032806504 23
11615032850829 66
11615114982481 0
11615164317067 23
11615164594941 66
11615253652620 0
11615328686366 23
11615328736702 66
11615388392598 0
11615472619262 23
11615472667262 66
11615518889819 0
11615607389992 23
11615607438014 66
11615634873758 0
11615732021828 23
11615732073179 66
11615769620940 0
11615837620624 23
11615837872197 66
11615905687451 0
11615971886630 23
11615983496090 66
11616060037135 0
11616135636572 23
11616135696742 66
11616194823762 0
11616279069746 23
11616279124087 66
11616298644102 0
11616365725011 23
11616365753735 66
11616443298263 0
11616548644775 23
11616548693284 66
11616573972897 0
11616649755694 23
11616649808016 66
11616731740351 0
11616799312299 23
11616799355099 66
11616843507030 0
11616902281162 23
11616902316084 66
11616984406248 0
11617046355973 23
11617046386429 66
11617046404355 0
11617119264400 23
11617220264707 66
11617220315187 0
11617253945501 23
11617305819978 66
11617305850420 0
11617388890235 23
11617487650530 66
11617487723344 0
11617555044010 23
11617580395719 66
11617580418094 0
11617672968910 23
11617733985565 66
11617734018099 0
11617807721867 23
11617841194972 66
11617841222636 0
11617908429550 23
11617908461506 66
11617993006913 0
11618079210310 23
11618079789783 66
11618128142391 0
11618195157060 23
11618195202556 66
11618243643946 0
11618342823615 23
11618361495759 66
11618384772093 0
11618452183425 23
11618452225515 23
11618452243872 66
11618607845430 0
11618654312794 23
11618654345756 0
11618654363889 66
11618713172314 0
11618713213064 23
11618732089381 66
11618732111890 0
11618801343748 23
11618801408323 66
11618801769399 0
11618847346618 23
11618847681347 23
11618847942463 66
11618967910967 23
11618967964135 0
11618967983150 23
11619001583860 66
11619001613376 23
11619001630882 66
11619083712965 0
11619115436695 23
11619115464279 66
11619201605967 0
11619256477161 23
11619256508820 66
11619336393284 0
11619416362336 23
11619416412624 66
11619493898673 0
11619541874450 23
11619542148492 66
11619601692860 0
11619683919945 23
11619683970176 66
11619757512900 0
11619786142156 23
11619786172747 66
11619853181554 0
11619920268888 23
11619920304723 66
11619920324241 0
11620001735775 23
11620061017138 66
11620061058605 0
11620142863316 23
11620201181696 66
11620201230175 0
11620264339448 23
11620330480316 66
11620330528062 0
11620418632700 23
11620505016996 66
11620505070854 0
11620524010629 23
11620629231582 66
11620629281594 0
11620657983185 23
11620747150941 66
11620751926379 0
11620814901358 23
11620815134267 66
11620898809694 0
11620926359602 23
11620926393538 66
11621016397736 0
11621067598773 23
11621068012735 66
11621185216426 0
11621202042970 23
11621202067890 66
11621270669232 0
11621353546520 23
11621353585956 66
11621395756355 0
11621479859551 23
11621479900477 66
11621536366838 0
11621620964318 23
11621621011417 66
11621695714602 0
11621734941589 23
11621735199378 66
11621839965210 0
11621865122121 23
11621865181454 66
11621939070373 0
11622006391964 23
11622006426976 66
11622092668144 0
11622141148390 23
11622141177102 66
11622208553215 0
11622275935955 23
11622275976221 66
11622367283020 0
11622405063961 23
11622405318639 66
11622479563312 0
11622579025789 23
11622579072106 66
11622636499341 0
11622696920131 23
11622696960246 66
11622771090158 0
11622771133940 23
11622823253206 66
11622823284123 0
11622903691632 23
11622966473381 66
11622966565844 0
11623080301459 23
11623080349590 66
11623080368897 0
11623166809077 23
11623218595769 66
11623219011377 0
11623273615976 23
11623366985230 66
11623367038766 0
11623429665558 23
11623503389779 66
11623503436739 0
11623541831858 23
11623621284292 66
11623621327112 0
11623705475273 23
11623705528002 66
11623780709577 0
11623817233063 23
11623817265760 66
11623887069971 0
11623972893942 23
11623972966563 66
11624040418842 0
11624088958580 23
11624088999571 66
11624175068843 0
11624212443869 23
11624212473110 66
11624285397088 0
11624360390769 23
11624360438840 66
11624451411697 0
11624495103806 23
11624495141063 23
11624495159607 66
11624576851600 0
11624626476141 23
11624626763000 66
11624728834212 0
11624758768160 23
11624758797731 66
11624855176621 0
11624914115271 23
11624914154131 66
11624998345787 0
11625032030342 23
11625032064642 66
11625112268841 0
11625166790130 23
11625166834002 66
11625234173689 0
11625285501134 23
11625285542597 66
11625367014103 0
11625434284044 23
11625434334567 66
11625528946314 0
11625567616219 23
11625567652621 66
11625653265682 0
11625720554337 23
11625720591919 66
11625720610693 0
11625804904417 23
11625830180365 66
11625830208206 0
11625890026517 23
11625973236207 66
11625973280186 0
11626046662735 23
11626090363029 66
11626090649335 0
11626173273650 23
11626224361676 66
11626224393841 0
11626304665939 23
11626358654525 66
11626358687289 0
11626445356654 23
11626445417932 66
11626527013322 0
11626599235940 23
11626599278129 66
11626634510636 0
11626712300365 23
11626712347589 66
11626785113586 0
11626838880749 23
11626838923602 66
11626931287713 0
11627002402958 23
11627002449936 66
11627063917359 0
11627136666768 23
11627136717335 66
11627198709813 0
11627230325474 23
11627230351288 66
11627333460435 0
11627408181788 23
11627408227308 66
11627463297318 0
11627522300256 23
11627522340300 66
11627573634289 0
11627699923192 23
11627699971956 66
11627699990466 0
11627780586085 23
11627780635718 66
11627780654162 0
11627834277432 0
11627834312833 23
11627901021634 66
11627901059194 23
11627968189466 66
