19644033518567 0
19644033869508 23
19644034090847 0
19644107687990 23
19644108196514 66
19644108502708 23
19644108800574 0
19644199777578 23
19644199822487 66
19644199840512 23
19644199857797 0
19644235673516 23
19644235701377 66
19644235720495 23
19644235737610 0
19644235754859 23
19644303050178 66
19644303084359 23
19644303102499 0
19644303119747 23
19644392918897 66
19644392968651 23
19644392987232 23
19644393004253 66
19644436435320 0
19644436686514 23
19644496160747 0
19644496194558 23
19644496212522 66
19644496229554 23
19644496246199 0
19644585110300 23
19644585157170 66
19644585175734 23
19644585193037 0
19644669420366 23
19644669469416 66
19644669487491 23
19644669504211 0
19644669520797 23
19644719817990 66
19644719858510 23
19644719876993 0
19644719894644 23
19644804081278 66
19644804129798 23
19644804148442 0
19644804166638 23
19644804183957 66
19644831324325 23
19644831348893 0
19644831366661 23
19644831411487 66
19644922008388 23
19644922053184 0
19644922071478 23
19644922089067 66
19644989383559 23
19644989433072 0
19644989452116 23
19644989469743 66
19644989486887 23
19644989504236 0
19645107263261 23
19645107481671 66
19645107499960 23
19645107517118 0
19645107534527 23
19645107551888 66
19645107568799 23
19645107585810 0
19645107603101 23
19645180525619 66
19645180801805 23
19645181285177 0
19645181506218 23
19645300960830 66
19645301003882 23
19645301022036 0
19645301039176 23
19645301055942 66
19645301073585 23
19645301090177 0
19645301106649 23
19645301123192 66
19645367840679 23
19645367875136 0
19645367893535 23
19645367911357 66
19645367928603 23
19645367945749 0
19645438582122 23
19645438626157 66
19645438644774 23
19645438661885 0
19645501921072 23
19645501955069 66
19645501973562 23
19645501990889 0
19645593741352 23
19645593784748 66
19645593803437 23
19645593821033 0
19645593838501 23
19645661052241 66
19645661090118 23
19645661108231 0
19645661125673 23
19645745291468 66
19645745349906 23
19645745367734 0
19645745384945 23
19645745401688 66
19645777010870 23
19645777039695 0
19645777057863 23
19645777075226 66
19645856877127 23
19645856919390 0
19645856938270 23
19645856955991 66
19645856972999 23
19645856990024 0
19645912652004 23
19645912932153 66
19645913154514 23
19645913374738 0
19645979363473 23
19645979406724 66
19645979424994 23
19645979441794 0
19645979458443 23
19646080089480 66
19646080144152 23
19646080162920 66
19646080181665 0
19646155145176 0
19646155197328 23
19646197946925 66
19646197982999 23
19646198002004 0
19646198020123 66
19646239725713 23
19646239753576 66
19646239771257 0
19646332255211 0
19646332309666 23
19646393799394 66
19646393838576 0
19646393856903 23
19646393873825 66
19646467505534 23
19646467554534 66
19646467573559 0
19646534960732 0
19646535045014 23
19646609898228 66
19646609945450 23
19646609963958 0
19646609981798 66
19646669650902 23
19646669711430 66
19646669730628 0
19646770737410 0
19646770796191 23
19646783467115 66
19646783489153 23
19646783507326 0
19646783524647 66
19646869709645 23
19646869762533 66
19646935282030 0
19646935338147 0
19646935356651 23
19647006513248 66
19647006563984 0
19647006582620 23
19647006600279 66
19647053042783 23
19647053088705 66
19647142862253 0
19647142916847 0
19647142935182 23
19647196024200 66
19647196072610 23
19647196091166 0
19647196109055 66
19647260163943 23
19647260211496 66
19647312953203 0
19647312993818 0
19647313012434 23
19647380274909 66
19647380312866 0
19647380331191 23
19647380348441 66
19647476188887 23
19647476237060 66
19647571775916 0
19647571824764 0
19647571843561 23
19647587804951 66
19647587829680 23
19647587847349 0
19647587864920 66
19647692962075 23
19647693011246 66
19647722571922 0
19647722616993 0
19647722636014 23
19647823529106 66
19647823570752 23
19647823589085 0
19647823606386 23
19647878250542 66
19647878288978 23
19647878308165 0
19647878326027 23
19647962621870 66
19647962673207 23
19647962691419 0
19647962708682 23
19647962725591 66
19647996168159 23
19647996203887 66
19648080513681 0
19648131271029 23
19648131651383 66
19648198318268 0
19648198362258 0
19648198380776 23
19648251679797 66
19648251719007 23
19648251737879 0
19648251755422 23
19648339810260 66
19648339852729 23
19648339870973 0
19648339888592 23
19648400442514 66
19648400475832 23
19648400494079 66
19648499384571 0
19648549938247 23
19648549972897 66
19648594256581 0
19648594282332 0
19648594300311 23
19648684705780 66
19648684756709 23
19648684777369 0
19648684795108 66
19648745762326 23
19648745796113 66
19648796425550 0
19648796455928 0
19648796474464 23
19648877403475 66
19648877988838 23
19648878312520 0
19648878587763 66
19648971036543 23
19648971087537 66
19648989487787 0
19648989510795 0
19648989528166 23
19649082667780 66
19649082707662 23
19649082726323 0
19649082744155 66
19649139501287 23
19649139534447 66
19649238579014 0
19649238624582 0
19649272150052 23
19649272182371 66
19649272200726 23
19649272218254 0
19649272235643 66
19649361313204 23
19649361353653 66
19649423775218 0
19649423818298 0
19649508110713 23
19649508157114 66
19649508174901 23
19649508191567 0
19649508210008 66
19649550615829 23
19649550817188 66
19649610324373 0
19649610366817 0
19649710146316 23
19649710192228 66
19649710210354 23
19649710227705 0
19649710244911 66
19649760670172 23
19649760720769 66
19649794381490 0
19649794415361 0
19649878587618 23
19649878628097 66
19649878647311 23
19649878664664 0
19649878681951 66
19649928403470 23
19649928437550 66
19650021748174 0
19650021789780 0
19650062467341 23
19650062496137 66
19650062514378 23
19650062532389 0
19650062549975 66
19650154461009 23
19650154509021 66
19650213405342 0
19650213466077 0
19650284445630 23
19650284490402 66
19650284508548 23
19650284525444 0
19650284542345 66
19650354745928 23
19650355259517 66
19650430034816 0
19650430087662 0
19650472471956 23
19650472503402 66
19650472522016 23
19650472539619 0
19650472556868 66
19650557791412 23
19650557842955 66
19650607231441 0
19650607262168 0
19650688158984 23
19650688203347 66
19650688221831 0
19650688239383 23
19650688256270 66
19650752436645 23
19650752498235 66
19650802953317 0
19650802992928 0
19650885087379 23
19650885138432 66
19650885157133 23
19650885174901 0
19650885192369 66
19650959685280 23
19650959733804 66
19651011642708 0
19651011677457 0
19651079406791 23
19651079449705 66
19651079467707 23
19651079484765 0
19651079501706 66
19651154674006 23
19651154728515 66
19651209500589 0
19651209539197 0
19651276815855 23
19651276852935 66
19651276871244 0
19651276888557 23
19651276905481 66
19651356717932 23
19651356758488 66
19651434586075 0
19651434619599 0
19651498697476 23
19651498738641 66
19651498757608 23
19651498774714 0
19651498791697 66
19651558834989 23
19651558871824 66
19651627299897 0
19651627341286 0
19651676749923 23
19651676786077 66
19651676804464 23
19651676821858 0
19651676839088 66
19651758876787 23
19651758927131 66
19651826503339 0
19651826818437 0
19651893877596 23
19651893920996 66
19651893938885 23
19651893955731 0
19651893972951 66
19651947028570 23
19651947072749 66
19652044758682 0
19652044807605 0
19652081217060 23
19652081245245 66
19652081263710 23
19652081281049 0
19652081298774 66
19652148556880 23
19652148593260 66
19652230526339 0
19652230567820 0
19652331746579 23
19652331800137 66
19652331818747 23
19652331835682 66
