27069913111729 0
27069913486131 23
27069987171480 66
27069987685642 0
27069987989247 23
27069988254211 66
27070075148717 0
27070075197150 23
27070075215263 66
27070075232602 0
27070115263402 23
27070115299240 66
27070115317167 0
27070209912129 23
27070209967564 66
27070209986235 0
27070210004000 23
27070282303923 66
27070282352277 0
27070282370888 23
27070282388311 66
27070343724313 0
27070344052548 23
27070344275293 66
27070344495696 0
27070383499071 23
27070383639527 66
27070383744149 0
27070473374734 23
27070473427095 66
27070473446265 0
27070544707088 23
27070544754790 66
27070544773081 0
27070544790381 23
27070544807198 66
27070576842736 0
27070576894962 23
27070576913619 66
27070576930801 0
27070643880420 23
27070643921348 66
27070643939526 0
27070728835419 23
27070728940649 66
27070728959959 0
27070784919653 23
27070784966076 66
27070784984847 0
27070785002653 23
27070881599197 66
27070881712004 0
27070881732340 23
27070881750027 23
27070881767109 66
27070919611460 0
27070919640361 23
27070919658724 66
27070919675951 0
27071014256879 23
27071014323446 66
27071014342744 0
27071074967044 23
27071076241861 66
27071076264776 0
27071076282580 23
27071129813603 66
27071129863513 0
27071129882378 23
27071129899567 66
27071204814110 0
27071204861494 23
27071204879741 66
27071204896856 0
27071284000843 23
27071284058891 66
27071284077419 0
27071319199527 23
27071319233191 66
27071319251753 0
27071381523097 23
27071401681802 66
27071401704135 0
27071401722607 23
27071401740015 66
27071462724397 0
27071462766338 23
27071462784663 66
27071462801793 0
27071523108434 23
27071523154119 66
27071523172587 0
27071582894596 23
27071582936590 66
27071582955570 0
27071650135077 23
27071650173440 66
27071650191634 0
27071650209949 23
27071738563084 66
27071738614290 0
27071738633506 23
27071738651235 66
27071795983577 0
27071796029489 23
27071796047933 66
27071796065135 0
27071869261415 23
27071869778202 66
27071870009673 0
27071938648117 23
27071938703177 66
27071938721414 0
27071938738638 23
27072015263992 66
27072015300820 0
27072015319332 23
27072015337824 66
27072090321522 0
27072090369188 23
27072090387545 66
27072090405403 0
27072140753539 23
27072140807240 66
27072140825790 0
27072224949155 23
27072224997885 66
27072225016502 0
27072253451970 23
27072253483245 66
27072253501250 0
27072253519685 23
27072253536869 66
27072362673364 0
27072362724215 23
27072362742572 66
27072362759708 0
27072387485478 23
27072387512760 66
27072387530676 0
27072454677102 23
27072454718010 66
27072454735799 0
27072521631086 23
27072521673068 66
27072521691630 0
27072521709577 23
27072521726725 66
27072636320317 0
27072636368863 23
27072636388485 66
27072670772983 0
27072670807543 23
27072670826031 66
27072670842873 0
27072762179541 23
27072762231962 66
27072762251013 0
27072819362951 23
27072819415499 66
27072819433935 0
27072819451837 23
27072890146675 66
27072890209617 0
27072890228081 23
27072890246631 66
27072932586945 0
27072932617299 23
27072932635923 66
27072932653431 0
27072996659923 23
27072996698692 66
27072996716719 0
27073058205761 23
27073058244730 66
27073058264591 0
27073058282644 23
27073125195797 66
27073125236327 0
27073125254917 23
27073125272397 66
27073216671962 0
27073216723931 23
27073216742540 66
27073216760003 0
27073277757092 23
27073277801884 66
27073277820663 0
27073351466205 23
27073351519282 66
27073351537951 0
27073417845435 23
27073418162211 66
27073418385652 0
27073418607459 23
27073418867369 66
27073477930054 0
27073477976541 23
27073477994633 66
27073478011376 0
27073557777193 23
27073557828086 66
27073557848100 0
27073618894833 23
27073618938691 66
27073618957549 0
27073702232631 23
27073702294874 66
27073702313334 0
27073702331385 23
27073702349816 66
27073787443108 0
27073787501463 23
27073787520399 66
27073821001969 0
27073821046773 23
27073821065946 66
27073821083410 0
27073862987035 23
27073863016681 66
27073863034211 0
27073955779446 23
27073955846326 66
27073955865354 0
27073955883269 23
27074014732589 66
27074014793263 0
27074014812033 23
27074014829629 66
27074090556542 0
27074090619828 23
27074090639082 66
27074090656741 0
27074137738652 23
27074138003405 66
27074138022865 0
27074205400737 23
27074205438633 66
27074205474327 0
27074205703744 23
27074290825553 66
27074290880985 0
27074290899465 23
27074290916953 66
27074346441713 0
27074346485819 23
27074346504148 66
27074346521487 0
27074406516703 23
27074406556903 66
27074406575338 0
27074526394346 23
27074526448274 66
27074526467752 0
27074541254089 23
27074541275640 66
27074541293440 0
27074541310908 23
27074541327907 66
27074608669490 0
27074608707151 23
27074608725180 66
27074676011596 0
27074676056802 23
27074676075559 66
27074676093452 0
27074734899388 23
27074734942136 66
27074734960340 0
27074802010741 23
27074802057852 66
27074802076511 0
27074802094496 23
27074888212283 66
27074888262552 0
27074888281740 23
27074888299632 66
27074941601199 0
27074941914137 23
27074942136900 66
27074942357788 0
27075013014736 23
27075013061344 66
27075013080019 0
27075070603662 23
27075070650708 66
27075070668931 0
27075070686231 23
27075164398343 66
27075164447591 0
27075164466012 23
27075164484005 66
27075229650034 0
27075229699171 23
27075229718031 66
27075229735104 0
27075306475456 23
27075306518921 66
27075306537515 0
27075345618895 23
27075345663086 66
27075345681734 0
27075413031412 23
27075413074009 66
27075413092167 0
27075413109003 23
27075413125855 66
27075480354034 0
27075480399426 23
27075480418054 66
27075480436021 0
27075547888206 23
27075547935054 66
27075547953085 0
27075606688850 23
27075606730447 66
27075606748706 0
27075681544997 23
27075681826608 66
27075682048900 0
27075682352350 23
27075682580164 66
27075744894846 0
27075745348625 23
27075745653731 66
27075842900478 0
27075842955416 23
27075842973775 66
27075842991165 0
27075895953959 23
27075895982991 66
27075896000473 0
27075987689898 23
27075987744901 23
27075987764068 66
27075987782051 0
27075987799394 23
27076023476544 66
27076023511336 0
27076023529560 23
27076023546715 66
27076114049807 0
27076114115911 23
27076114135068 66
27076114152558 0
27076149954748 23
27076149999287 66
27076150018088 0
27076240340001 23
27076240388738 66
27076240407851 0
27076240425713 23
27076301400269 66
27076301443957 0
27076301462523 23
27076301480882 66
27076359469109 0
27076359517345 23
27076359535991 66
27076359553115 0
27076432539613 23
27076432587991 66
27076432606692 0
27076492526312 23
27076492568791 66
27076492587377 0
27076552395984 23
27076552907087 66
27076553176599 0
27076553477939 23
27076553744969 66
27076650166451 0
27076650209635 23
27076650228371 66
27076709849817 0
27076709895206 23
27076709913714 66
27076709931948 0
27076794125779 23
27076794181146 66
27076794199203 0
27076827827621 23
27076827873874 66
