12560177090334 0
12560249700735 0
12560250262833 23
12560338183315 66
12560338224823 0
12560338243264 23
12560378476476 66
12560378506411 0
12560378525213 23
12560472903340 66
12560472954657 23
12560472972785 0
12560557315656 23
12560557365141 66
12560557383341 0
12560557400744 23
12560592844868 66
12560592882916 23
12560708748831 0
12560708801033 23
12560708820164 66
12560732546877 23
12560732581602 0
12560732599681 23
12560809853823 66
12560809903467 23
12560809921641 66
12560860376201 0
12560961463336 23
12560961524541 0
12560961543813 23
12560961561589 23
12560982059981 66
12560982084298 23
12560982101957 66
12561069840095 0
12561116248794 23
12561116280958 66
12561116299242 0
12561201044282 23
12561250239763 66
12561250274523 0
12561332988285 23
12561333033224 66
12561387611611 0
12561498372554 23
12561498421375 66
12561498440271 0
12561533017737 23
12561601434854 66
12561601547139 0
12561660607294 23
12561660641968 66
12561728361259 0
12561801589484 23
12561801624480 66
12561801643370 0
12561858902831 23
12561934229216 66
12561934269132 0
12561992283796 23
12561992321099 66
12562078971211 0
12562164185160 23
12562164240562 66
12562164259148 0
12562203726939 23
12562203756894 66
12562261643456 0
12562349013081 23
12562349050451 66
12562422702840 0
12562464929249 23
12562464956702 66
12562464975053 0
12562532351186 23
12562532384333 66
12562599707794 0
12562692249009 23
12562692304466 66
12562692323889 0
12562740632044 23
12562793875440 66
12562794145415 0
12562925972418 23
12562926020014 66
12562926860728 0
12562994021178 23
12562994051952 66
12562994069920 0
12563077574580 23
12563144933997 66
12563144965328 0
12563201945601 23
12563201982657 66
12563292329223 0
12563336679878 23
12563336711701 0
12563336729909 23
12563431314143 66
12563431374655 23
12563431393203 0
12563495126738 23
12563495171033 66
12563495189177 23
12563495206180 0
12563547217230 23
12563547552673 66
12563614528047 23
12563614570271 0
12563614588809 23
12563614605944 66
12563664697870 23
12563664734425 0
12563664753078 23
12563782946704 66
12563782997234 23
12563783016152 0
12563798900649 23
12563798925489 66
12563798943773 23
12563798961219 0
12563900963465 23
12563901007557 66
12563951386992 23
12563951422853 0
12563951441921 23
12563951459514 66
12564023429358 23
12564023475224 0
12564023493823 23
12564086142409 66
12564086184925 23
12564086203532 0
12564153520164 23
12564153564182 66
12564153582671 23
12564153599828 0
12564230117739 23
12564230415607 66
12564277570234 23
12564277791828 0
12564277851302 23
12564277942950 66
12564376263061 23
12564376312296 0
12564376330629 23
12564454732164 66
12564454778140 23
12564454796733 0
12564484096399 23
12564484125890 66
12564484144003 23
12564484161413 0
12564589390836 23
12564589440053 66
12564603542466 23
12564603564989 0
12564603583525 23
12564603601202 66
12564707311955 23
12564707359561 0
12564707378578 23
12564737920151 66
12564737971756 23
12564737990205 0
12564738008015 23
12564842057698 66
12564842109350 23
12564842127234 0
12564871784430 23
12564871812860 66
12564871831124 23
12564957081787 0
12564957124048 23
12564957142488 66
12565012806818 23
12565013142395 0
12565013365317 23
12565121713534 66
12565121766935 23
12565121785417 0
12565121802969 23
12565176828559 66
12565176874938 23
12565176893136 0
12565251541082 23
12565251587360 66
12565251605952 23
12565251623153 0
12565311599692 23
12565311643289 66
12565395896582 23
12565395944230 0
12565395962823 23
12565417012486 66
12565417040720 23
12565417059485 0
12565417077148 23
12565475387576 66
12565475423644 23
12565475442092 0
12565564276159 23
12565564323842 66
12565564342434 23
12565564360034 0
12565625337841 23
12565625374585 66
12565684017270 23
12565684059548 0
12565684079009 23
12565684096155 66
12565756529421 23
12565756816958 0
12565757039584 23
12565865357687 66
12565865408280 23
12565865426267 0
12565888440615 23
12565888514001 66
12565888536288 23
12565888554573 0
12565958022953 23
12565958066809 66
12566019208444 23
12566019246628 0
12566019265028 23
12566019282548 66
12566108218757 23
12566108264518 0
12566108283267 23
12566153956640 66
12566153986229 23
12566154004073 0
12566242402058 23
12566242444527 66
12566242462701 23
12566242481561 0
12566303350282 23
12566303395512 66
12566387580711 23
12566387634578 0
12566387653478 23
12566387671634 66
12566414372830 23
12566414400772 0
12566414418845 23
12566481541254 66
12566481590085 23
12566481608804 0
12566589895728 23
12566589958032 66
12566589976629 23
12566589994030 0
12566655120361 23
12566655165094 66
12566655184240 23
12566682615176 0
12566682642347 23
12566682660050 66
12566749594225 23
12566749627878 0
12566749645894 23
12566823584670 66
12566823627062 23
12566823645936 66
12566890889533 0
12566975044921 23
12566975090990 0
12566975112155 23
12567059271634 66
12567059324539 23
12567059343083 0
12567059360762 23
12567109813189 23
12567109866311 66
12567109885462 23
12567109903178 0
12567163506695 23
12567163538586 66
12567163556830 23
12567163574352 0
12567232371726 23
12567232425974 66
12567345665155 23
12567345714744 0
12567345733928 23
12567345751148 66
12567357900463 23
12567357930346 0
12567357947840 23
12567420478644 66
12567420516143 23
12567420533999 0
12567487358837 23
12567487394638 66
12567487412518 23
12567487429497 0
12567554364768 23
12567554397559 66
12567646730040 23
12567646782350 0
12567646801564 23
12567646819539 66
12567695247291 23
12567695275327 0
12567695293630 23
12567781466585 66
12567781514503 23
12567781532940 0
12567830009135 23
12567830038853 66
12567830057119 23
12567830074770 0
12567913965886 23
12567914323555 66
12568000740959 23
12568000793795 0
12568000812944 23
12568000830334 66
12568059528649 23
12568059568879 0
12568059588798 23
12568105721255 66
12568105753366 23
12568105772769 0
12568200489582 23
12568200535120 66
12568200553497 23
12568200571250 0
12568225037665 23
12568225064428 66
12568292284106 23
12568292320385 0
12568292338617 23
12568292355609 66
12568385754215 23
12568385793270 0
12568385811903 23
12568460250619 66
12568460296364 23
12568460314600 0
12568520516143 23
12568520561112 66
12568520579793 23
12568520598027 0
12568602764280 23
12568602821966 66
12568602840208 23
12568654676600 0
12568654951409 23
12568655172090 66
12568722882792 23
12568722930348 0
12568722948246 23
12568790055908 66
12568790104713 23
12568790124223 0
12568873711466 23
12568873761635 66
12568873779662 23
12568873796574 0
12568903879362 23
12568903907509 66
12568903926081 23
12569004822176 0
12569004866878 23
12569004885078 66
12569029884886 23
12569029914851 0
12569029934449 23
12569096951823 66
12569096981119 23
12569096998880 0
12569192230380 23
12569192282327 66
12569192302144 23
12569192320435 0
12569253251229 23
12569253283837 66
12569253302011 23
12569310160062 0
12569310201374 23
12569310219387 66
12569365312284 23
12569365347732 0
12569365365725 23
12569365382668 66
12569434641090 23
12569434687101 0
12569536471522 23
12569536532115 66
12569536550650 23
12569536568561 0
12569613438115 23
12569613494415 66
12569613512376 23
12569649131250 0
12569649162513 23
12569649181479 66
12569731251642 23
12569731297846 0
12569731317051 23
12569731334980 66
12569792300182 23
12569792331202 0
12569792349667 23
12569849985561 66
12569850023148 23
12569850041434 0
12569914445433 23
12569914478470 66
12569914496851 23
12569968863206 0
12569968896760 23
12569968915197 66
12570035883847 23
12570035925940 0
12570035945741 23
12570035979399 66
12570123802634 23
12570123844831 0
12570123863387 23
12570187320928 66
12570187625283 23
12570187848281 0
12570268456381 23
12570268508322 66
12570268526381 23
12570268543249 0
12570333454915 23
12570333504820 66
12570392502238 23
12570392547119 0
12570392565790 23
12570392584140 66
12570445190782 23
12570445224959 0
12570445243497 23
12570515375580 66
12570515414001 23
12570515431861 0
12570602936413 23
12570602977223 66
12570602995606 23
12570603012780 0
12570687226266 23
12570687277128 66
12570714689112 23
12570714714859 0
12570714733317 23
12570714750847 66
12570805126799 23
12570805174123 0
12570805192778 23
12570840709527 66
12570840740842 23
12570840759303 0
12570919480261 23
12570919527280 66
12570919545792 23
12570919562753 0
12570974907909 23
12570975262181 66
12571041814341 23
12571041851242 0
12571041869913 23
12571041887045 66
12571108910946 23
12571108942859 0
12571108961523 23
12571108980357 23
12571188917732 66
12571188959841 0
12571188978256 23
12571259918710 66
12571259957685 0
12571259977570 23
12571316917825 66
12571316955352 23
12571316974507 66
