12653264166305 0
12653333741969 0
12653334157087 23
12653435858067 66
12653435904931 0
12653494089504 23
12653494126900 0
12653494145164 23
12653494162322 66
12653532284781 0
12653532325371 23
12653532343442 66
12653623763301 0
12653623817360 23
12653623835896 66
12653682078171 23
12653682122500 0
12653682141191 23
12653780710311 66
12653780763113 0
12653780781460 23
12653780799069 66
12653822528621 23
12653822596875 0
12653905018462 23
12653905068005 66
12653905088359 23
12653905105569 0
12653965748957 23
12653965790891 66
12654001627525 23
12654001653822 0
12654001673033 23
12654001690517 66
12654077353853 23
12654077395282 0
12654077414285 23
12654146857714 66
12654146887341 23
12654146905415 0
12654208806443 23
12654208844989 66
12654208863338 23
12654208880134 0
12654270024480 23
12654270058633 66
12654270077632 23
12654358552633 0
12654358600475 23
12654358619246 66
12654421810970 23
12654422108297 0
12654422329772 23
12654422548204 66
12654519591310 23
12654519644732 0
12654519663161 23
12654570110858 66
12654570147620 23
12654570166212 23
12654651508841 66
12654651561679 23
12654651579806 66
12654704846697 0
12654789075603 23
12654789126807 66
12654789144808 0
12654839600973 23
12654923844145 66
12654923895929 0
12654957538639 23
12654957570207 66
12655041789754 0
12655092258589 23
12655092303735 66
12655092322422 0
12655152183944 23
12655224936482 66
12655225138050 0
12655316384887 23
12655316436646 66
12655367212377 0
12655444890521 23
12655444935164 66
12655444953217 0
12655484076762 23
12655484105142 66
12655551454306 0
12655618825205 23
12655618862363 66
12655618881110 0
12655700779463 23
12655753559739 66
12655753597136 0
12655840003066 23
12655840054647 66
12655886539555 0
12655951571925 23
12655951612776 66
12655951632386 0
12656031356672 23
12656031402872 66
12656132058867 0
12656166231340 23
12656166309088 66
12656166328932 0
12656250387362 23
12656281905389 66
12656281935919 0
12656385124880 23
12656385173317 66
12656423141466 0
12656503054960 23
12656503107287 66
12656503125821 0
12656574031201 23
12656640035766 66
12656640295882 0
12656692693194 23
12656693027094 66
12656797880639 0
12656837810511 23
12656837846962 66
12656837865729 0
12656885572805 23
12656885609728 66
12656952546715 0
12657056914800 23
12657056962681 0
12657086801101 23
12657086829805 66
12657086848628 0
12657086866873 23
12657191680073 66
12657191729701 23
12657191747836 23
12657220864141 66
12657220894187 0
12657309530900 23
12657309571478 0
12657384377242 23
12657384666654 66
12657384888214 23
12657385108500 0
12657492644383 23
12657492695397 66
12657492713965 23
12657518779452 0
12657518831190 23
12657518849084 66
12657564422431 23
12657564457844 0
12657564476128 23
12657564493632 66
12657623342912 23
12657623378141 0
12657623396044 23
12657690254144 66
12657690291556 23
12657690310065 0
12657757500595 23
12657757543842 66
12657757562889 23
12657757580232 0
12657824402031 23
12657824435344 66
12657913784196 23
12657913832822 0
12657913851666 23
12657913869188 66
12657974844694 23
12657974880122 0
12657974898459 23
12658032978159 66
12658033020613 23
12658033038852 0
12658033056386 23
12658106809579 66
12658107197982 23
12658107218123 0
12658174077855 23
12658174447563 23
12658174739268 66
12658175031609 0
12658248564573 23
12658248611988 66
12658306603118 23
12658306648962 0
12658306668148 23
12658306685410 66
12658393856193 23
12658393895743 0
12658393914560 23
12658457931405 66
12658457992263 23
12658458010980 0
12658518085386 23
12658518118244 66
12658518136385 23
12658518153626 0
12658602394160 23
12658602444023 66
12658602461982 23
12658629330150 0
12658629356887 23
12658629375467 66
12658737086459 23
12658737136607 0
12658737155236 23
12658737172177 66
12658763439371 23
12658763466886 0
12658763485408 23
12658851437125 66
12658851478522 23
12658851638429 0
12658911958664 23
12658912460892 66
12658912766899 23
12658913035411 0
12659003368160 23
12659003417309 66
12659038271571 23
12659038301131 0
12659038319472 23
12659119876685 66
12659119921029 23
12659119939848 0
12659119958493 23
12659173078878 66
12659173110215 23
12659173128278 0
12659173145808 66
12659264123437 23
12659264168134 66
12659307797553 0
12659391987028 23
12659392031427 66
12659392049857 0
12659459294777 23
12659534447817 66
12659534493144 0
12659596407708 23
12659596818666 66
12659636559947 0
12659724609928 23
12659724659407 66
12659724677969 0
12659777415943 23
12659777459618 66
12659861453608 0
12659912564412 23
12659912607057 66
12659912624992 0
12659983566313 23
12660069344530 66
12660069386172 0
12660130978442 23
12660131018519 66
12660205430943 0
12660264271014 23
12660264312861 66
12660264331075 0
12660316404433 23
12660417336365 66
12660417397864 0
12660484735794 23
12660484781902 66
12660484800418 0
12660533077400 23
12660581755867 66
12660581792066 0
12660649126814 23
12660649167327 66
12660735282361 0
12660802660260 23
12660802699705 66
12660802718456 0
12660876892188 23
12660937427979 66
12660937476991 0
12661010070308 23
12661010116049 66
12661056176922 0
12661156434161 23
12661156487085 66
12661156505834 0
12661206913084 23
12661206955939 66
12661278539803 0
12661341664387 23
12661341701527 66
12661341721395 0
12661425527690 23
12661474320186 66
12661474353786 0
12661558688169 23
12661558734773 66
12661588186891 0
12661676493742 23
12661676542293 66
12661676560696 0
12661714196822 23
12661784694958 66
12661784734048 0
12661861969457 23
12661862025322 66
12661954119565 0
12661954173972 23
12662003114693 66
12662003153312 0
12662081608340 23
12662081655977 66
12662116640048 0
12662213441221 23
12662213486641 66
12662213504499 0
12662257745476 23
12662365005615 66
12662365056251 0
12662415572368 23
12662415612371 66
12662483846872 0
12662530425578 23
12662530717120 66
12662530939750 0
12662634551616 23
12662634608556 66
12662658495877 0
12662720186977 23
12662720218990 66
12662720236792 0
12662787486635 23
12662866142837 66
12662866175181 0
12662928091644 23
12662928131642 66
12662988384983 0
12663087247297 23
12663087300173 66
12663087319666 0
12663129477396 23
12663196883596 66
12663196919306 0
12663264573604 23
12663264940752 66
12663369779691 0
12663369831735 23
12663398976502 66
12663399003712 0
12663468990116 23
12663469036155 66
12663525006934 0
12663617305386 23
12663617350530 66
12663617369056 0
12663659271247 23
12663744178626 66
12663744220996 0
12663809433095 23
12663809476798 66
12663860318436 0
12663938214088 23
12663938261429 66
12663938280089 0
12664007309648 23
12664089510175 0
12664089553931 23
12664089572737 66
12664163221847 23
12664163274747 0
12664163294212 23
12664163311982 66
12664203340025 23
12664203370035 0
12664203388339 23
12664281100962 66
12664281141059 23
12664281159299 0
12664365365956 23
12664365407916 66
12664365426289 23
12664365444147 23
12664438745244 66
12664438804694 0
12664483287982 0
12664483352394 23
12664567513623 66
12664567569786 0
12664598118030 23
12664598150393 0
12664598168687 23
12664598186583 0
12664688862131 23
12664688911978 66
12664688930251 0
12664750903144 23
12664751264539 66
12664751486849 0
12664834912777 23
12664834964170 66
12664885426985 23
12664885463701 0
12664885482305 23
12664885501425 14
12664885518921 66
12664957643817 23
12664957688186 0
12664957706529 23
12664957723993 66
12665007671839 23
12665007704623 0
12665007723209 23
12665087554451 66
12665087596640 0
12665087614957 23
12665171779873 66
12665171819651 0
12665171838627 23
12665246282639 66
12665246328960 23
12665246346860 66
12665289696125 23
12665289736437 66
