20004979653868 0
20004980007203 23
20004980229563 0
20005053645318 23
20005054118826 66
20005054421805 23
20005054722688 0
20005164878383 23
20005164926665 66
20005164945797 0
20005164964373 23
20005164981732 66
20005181842829 0
20005181865141 23
20005181882848 66
20005261740825 23
20005261793772 0
20005261812466 23
20005261829932 66
20005261847189 0
20005261864429 23
20005331205520 66
20005331249777 23
20005331267784 0
20005383380785 23
20005383728801 66
20005383748828 0
20005383766664 23
20005383784409 66
20005449606505 0
20005449652512 23
20005449671088 66
20005533597126 23
20005533662580 0
20005533680953 23
20005533698583 66
20005533716011 0
20005533733953 23
20005609330562 66
20005609374292 23
20005609392460 0
20005643171955 66
20005643204510 23
20005643222862 0
20005643240258 23
20005735504796 66
20005735552227 23
20005735571618 0
20005735589305 23
20005735606469 66
20005784041325 0
20005784069901 23
20005784087310 66
20005784104305 0
20005851451299 23
20005851488379 66
20005851506330 23
20005851523258 0
20005918776957 23
20005918808337 66
20005918826563 0
20005918844439 23
20005918861784 66
20006005018321 23
20006005065209 0
20006005084059 66
20006066070165 23
20006066102453 0
20006066120623 23
20006066138018 66
20006128602549 23
20006128644707 0
20006128663155 23
20006128680235 66
20006128697268 0
20006142243042 23
20006200379909 66
20006200709611 0
20006200969772 23
20006201189055 66
20006289304288 23
20006289361026 0
20006289379999 23
20006350332915 66
20006350373972 23
20006350392751 66
20006414193654 0
20006414237408 23
20006414256060 0
20006474560254 23
20006474596471 66
20006474616366 23
20006474634430 0
20006548941160 23
20006548985871 66
20006549004190 0
20006549021696 23
20006549038604 66
20006609318732 0
20006609355189 23
20006609373465 66
20006676716718 23
20006676757995 0
20006676777054 23
20006676794057 66
20006676810773 0
20006676827756 23
20006716175185 66
20006716204649 23
20006716222863 0
20006811471929 23
20006811519859 66
20006811538548 0
20006811555553 23
20006811572428 66
20006857901441 23
20006857931816 66
20006857949910 0
20006936356441 23
20006936400682 66
20006936419560 0
20006992890388 23
20006993232346 0
20007093528907 23
20007093616321 66
20007093637146 23
20007093654189 0
20007093671112 23
20007146218990 66
20007146251339 0
20007146270220 23
20007146287694 66
20007230458758 0
20007230507802 23
20007230526539 66
20007230544206 23
20007230561551 0
20007280984277 23
20007281016210 66
20007281034538 0
20007281052211 23
20007355244272 66
20007355283510 23
20007355301654 0
20007355319773 23
20007415763854 66
20007415800777 0
20007415819512 23
20007415838183 66
20007490254420 0
20007490298337 23
20007490316592 66
20007567359445 23
20007567422237 0
20007567441335 23
20007567459058 66
20007567476166 0
20007567493366 23
20007633882351 66
20007633932446 0
20007633951024 23
20007633968546 66
20007687003298 23
20007687289354 0
20007687552027 23
20007687771401 66
20007752989367 23
20007753046739 0
20007753064784 66
20007805272751 23
20007805324648 0
20007805343419 23
20007805361162 66
20007805378009 0
20007805394843 23
20007888354747 66
20007888396355 23
20007888414533 0
20007952676341 23
20007952716422 66
20007952734618 0
20007952751988 23
20007952769180 66
20008010152947 0
20008010198065 23
20008010216462 66
20008070621126 23
20008070654180 0
20008070673131 23
20008070690536 66
20008070707775 23
20008070725045 0
20008161927388 66
20008161968318 23
20008161987079 0
20008222264016 23
20008222310727 66
20008222329332 0
20008222346982 23
20008222365130 66
20008293790918 23
20008293839065 0
20008293857611 23
20008293875038 66
20008325800067 0
20008325831042 23
20008325849429 66
20008325867583 0
20008325884857 23
20008404297697 66
20008404338001 23
20008404356686 0
20008474673814 23
20008475446568 66
20008475739930 23
20008476014735 0
20008476289915 23
20008557735514 66
20008557797028 0
20008557815536 23
20008557833804 66
20008601357770 0
20008601390143 23
20008601408637 66
20008601426266 23
20008668836485 0
20008668911600 66
20008668930150 23
20008668968620 0
20008736110387 23
20008736152591 66
20008736170907 23
20008736188661 0
20008736206036 23
20008826494963 66
20008827225562 0
20008827246821 23
20008827264466 66
20008877048987 0
20008877080949 23
20008877099401 66
20008929354264 23
20008929388510 0
20008929406738 23
20008929424208 66
20008929441332 0
20008929458011 23
20008996297966 23
20008996331934 66
20008996350415 0
20008996368231 23
20009086908967 66
20009086958624 0
20009086977846 23
20009086994960 66
20009130582349 0
20009130615100 23
20009130633751 66
20009202138075 23
20009202179461 0
20009202198548 23
20009202215827 66
20009202232518 23
20009202249272 0
20009298179302 66
20009298229999 23
20009298248692 0
20009356941586 23
20009356988343 66
20009357006328 0
20009357023520 23
20009357040210 66
20009430825603 23
20009430870968 0
20009430889669 23
20009430907352 66
20009515050168 0
20009515100001 23
20009515118786 66
20009515136397 0
20009515154363 23
20009540445633 66
20009540471269 23
20009540488395 0
20009649824231 23
20009649868828 66
20009649887111 23
20009649904965 66
20009675225753 0
20009675253733 23
20009675271917 66
20009734136964 0
20009734176569 0
20009828264337 23
20009828313112 66
20009828331334 0
20009828349285 23
20009876339593 66
20009876627039 23
20009876850261 0
20009939888968 23
20009940083659 66
20009940102681 23
20009940207191 0
20010037252022 23
20010037300252 66
20010037318532 23
20010037335886 0
20010037352734 23
20010069403491 66
20010069434907 23
20010069453374 0
20010069471128 23
20010171983583 66
20010172029841 23
20010172048305 0
20010172065467 23
20010203613047 66
20010203642672 23
20010203661059 0
20010203678416 23
20010321601843 66
20010321647956 23
20010321666122 0
20010321683777 23
20010321700643 66
20010372090769 23
20010372160286 0
20010372179626 23
20010372197635 66
20010446780513 23
20010446824430 0
20010446843385 23
20010446860931 66
20010479535324 23
20010479565241 0
20010479584247 23
20010479601614 66
20010587851897 23
20010587901058 0
20010587919395 23
20010587936567 66
20010621729168 23
20010621999985 0
20010622486278 23
20010622802781 66
20010623023196 23
20010673560201 0
20010674733665 23
20010674757358 66
20010674774794 23
20010674791891 0
20010786922828 23
20010786976092 66
20010786995308 23
20010787012206 0
20010827012250 23
20010827048061 66
20010827065985 23
20010827083276 0
20010889604070 23
20010889649517 66
20010889668073 23
20010889685400 23
20010982531379 66
20010982582784 0
20011026837263 23
20011026869966 66
20011115726357 0
20011115773685 0
20011178474775 23
20011178510554 66
20011178529359 0
20011178547260 23
20011178564784 66
20011262688951 23
20011262738925 0
20011262757382 23
20011262774564 66
20011313234056 23
20011313278255 0
20011313296839 23
20011313314399 66
20011377232508 23
20011377277388 66
20011377295862 0
20011434553424 0
20011434897683 23
20011435119871 66
20011515390035 23
20011515439307 66
20011565904387 0
20011565936404 23
20011611784495 66
20011611812388 0
20011678967791 0
20011679004445 23
20011679023291 66
20011679040789 0
20011761723479 23
20011761764990 66
20011761783118 23
20011761800191 0
20011820543876 23
20011820589675 66
20011820607815 23
20011820657455 0
20011880162910 23
20011880196942 66
20011880215671 23
20011880233143 66
20011947284124 0
20011947327242 0
20012014442325 23
20012014482154 66
20012014501304 0
20012014518860 23
20012088243353 66
20012088279634 23
20012088297768 0
20012088315433 23
20012155626540 66
20012156018588 23
20012156272785 0
20012156493661 23
20012288142910 66
20012288196643 23
20012288215964 0
20012288234524 23
20012288252078 0
20012288269268 23
20012290362616 66
20012290383769 23
20012290400933 66
20012375151049 23
20012375193659 66
