13203274770789 0
13203348788435 0
13203349330123 23
13203460024188 66
13203460074091 0
13203460093357 23
13203468459076 66
13203468480778 0
13203468497867 23
13203535695894 66
13203535734108 0
13203535781960 0
13203535799601 23
13203628456446 66
13203628515152 0
13203686011024 0
13203686285546 23
13203686305370 66
13203686323837 0
13203752396358 0
13203752449373 23
13203752467469 14
13203830590991 66
13203830645215 0
13203898099777 23
13203898150972 14
13203898169580 66
13203898187322 23
13203898204775 0
13203937749334 23
13203937777747 66
13204014671174 23
13204014715159 0
13204014734027 23
13204014751452 66
13204079170875 23
13204079203960 0
13204079222239 23
13204146681541 66
13204146721310 0
13204146739435 23
13204146756680 66
13204213931613 0
13204213966389 23
13204213984499 66
13204300117280 0
13204300171494 23
13204300190744 66
13204361199958 0
13204361232749 23
13204361250624 66
13204419701690 23
13204420264888 66
13204502271109 23
13204502451995 66
13204502471993 0
13204561100561 0
13204561143402 23
13204616089130 66
13204616122973 0
13204616141153 23
13204704610989 0
13204704654083 23
13204704672508 23
13204704690141 66
13204771786119 0
13204771819196 0
13204771839413 23
13204837053954 66
13204837094284 0
13204876716509 0
13204876747454 23
13204876766851 14
13204876784254 66
13204876801523 0
13204971833649 23
13204971880207 14
13204971899520 66
13205010912807 23
13205010942118 0
13205010960912 23
13205112485677 66
13205112530061 23
13205112548311 0
13205157717352 23
13205157979086 66
13205158200105 0
13205158418008 23
13205275039643 66
13205275088889 0
13205275107426 23
13205286633884 66
13205286665730 0
13205286683741 23
13205374520459 66
13205374568654 0
13205420449183 23
13205420480860 66
13205420498871 23
13205420517258 0
13205500997658 23
13205501037481 66
13205501055559 23
13205555177738 0
13205555207307 23
13205555225753 66
13205663017860 23
13205663068137 0
13205663086258 23
13205663104704 66
13205689971462 0
13205689999549 23
13205690018085 66
13205690035383 0
13205795135473 23
13205795185990 66
13205795204192 0
13205826411884 23
13205826442645 66
13205896351796 0
13205896411646 23
13205896430053 66
13205949856335 23
13205949895428 0
13205949912882 23
13206047774817 66
13206047819743 23
13206047838032 23
13206084056985 66
13206084086894 23
13206084105183 0
13206084123612 23
13206173769148 66
13206173819886 0
13206173838680 23
13206249921350 66
13206249964726 23
13206249983483 0
13206334161255 23
13206334208672 66
13206334227012 0
13206334244386 23
13206359627904 66
13206359674841 0
13206359693527 23
13206466806584 66
13206466856139 0
13206466874613 23
13206494325455 66
13206494355730 0
13206561676830 23
13206561712011 66
13206561729869 23
13206561748497 0
13206626704207 23
13206626747808 66
13206687610880 23
13206688020583 0
13206688243877 23
13206688464323 66
13206797464483 23
13206797519821 0
13206797538552 23
13206797556020 66
13206837386869 0
13206837424900 23
13206837443235 66
13206895071670 0
13206895115142 23
13206895133572 66
13206955788986 0
13206955823153 23
13207031094690 66
13207031134592 23
13207031152603 23
13207031169598 66
13207090041562 0
13207163891041 0
13207163926745 23
13207163944557 66
13207256389642 0
13207256461094 23
13207256480869 66
13207337660773 0
13207337711563 23
13207337730205 66
13207380357291 0
13207380664559 23
13207380888422 0
13207492233538 23
13207492292917 66
13207492310493 0
13207500777546 23
13207500798162 66
13207598896639 23
13207598941280 0
13207598959880 23
13207598977117 66
13207660672460 23
13207660716027 0
13207660736626 23
13207693761357 66
13207693793978 0
13207693811930 23
13207693828911 66
13207778563233 0
13207778606981 23
13207778626424 66
13207845974207 0
13207846021163 23
13207846039981 66
13207894704646 0
13207894737432 23
13208029159997 66
13208029219662 23
13208029238906 0
13208029256931 23
13208035605728 66
13208035627110 23
13208035644604 0
13208124166883 23
13208124445149 66
13208124465399 23
13208124482599 0
13208178950553 23
13208179465041 66
13208179768090 0
13208264991411 23
13208265035843 66
13208265054558 0
13208305091567 23
13208305120731 0
13208380695523 12
13208380817198 15
13208380838038 23
13208380855178 66
13208450283756 23
13208450324660 0
13208450343345 23
13208450361098 66
13208498370121 0
13208498406367 23
13208498424464 66
13208498441799 0
13208585029158 23
13208585070557 66
13208585089169 0
13208684012380 23
13208684062352 66
13208684081079 0
13208719790535 23
13208719824024 66
13208719842200 0
13208785062226 23
13208785103311 66
13208852889865 0
13208852928690 23
13208852947168 66
13208852964413 0
13208908041611 0
13208908356440 23
13208997732963 66
13208997779367 0
13209071453606 0
13209071498201 23
13209071516737 14
13209071534378 66
13209071551383 0
13209138815938 0
13209138858181 23
13209138877357 14
13209138894885 66
13209213343055 0
13209213386525 0
13209213404699 23
13209213421773 14
13209273557453 66
13209273591977 0
13209303124973 0
13209303151082 23
13209303168570 14
13209303185591 66
13209303202604 0
13209370211913 23
13209370250972 0
13209370269809 14
13209475714541 23
13209475763157 23
13209475782026 14
13209475800295 66
13209504247009 23
13209504278465 0
13209504297102 23
13209504315350 0
13209504332542 23
13209605096874 66
13209605353370 0
13209656331232 23
13209656681781 0
13209656947184 23
13209657168850 14
13209657388520 66
13209657608296 0
13209705653228 0
13209705693174 23
13209705711318 14
13209772706904 66
13209772747082 0
13209865049609 0
13209865093950 23
13209865112353 14
13209865129280 66
13209865146052 0
13209928467889 0
13209928506544 23
13209928526250 14
13209928544066 66
13210029583017 0
13210029636565 23
13210029655311 0
13210029672559 23
13210063163041 14
13210063193536 66
13210063211679 0
13210155784103 0
13210155832612 23
13210155850687 14
13210155867831 66
13210155884617 0
13210197958519 0
13210197997220 23
13210198016446 14
13210242060541 66
13210242117032 0
13210315941216 0
13210315983027 23
13210316002259 14
13210316020807 66
13210316038325 0
13210376500777 14
13210376880641 0
13210377107604 14
13210493523880 23
13210493572649 0
13210493591052 23
13210493608365 14
13210493625098 66
13210527242458 23
13210527272530 66
13210527290090 23
13210599992923 0
13210600120003 23
13210600140325 66
13210656935062 23
13210656968373 0
13210656986717 23
13210657004855 66
13210734859875 23
13210734904108 0
13210734923163 23
13210802224451 66
13210802263163 0
13210802281027 23
13210802298410 66
13210860005342 0
13210860047879 23
13210860066103 66
13210920265988 0
13210920301737 23
13210920321138 66
13211032447799 0
13211032501738 23
13211066212750 66
13211066445719 23
13211066465617 23
13211129978055 66
13211130021065 0
13211204718855 0
13211204770124 23
13211289371517 66
13211289416371 23
13211289434772 23
13211327454721 66
