27603477934353 0
27603478320926 23
27603478544250 66
27603550834413 0
27603551346979 23
27603551616327 66
27603551916363 0
27603626513553 23
27603626557560 66
27603626576257 0
27603626593588 23
27603679261164 66
27603679303103 0
27603679321708 23
27603679339202 66
27603679356358 0
27603761247445 23
27603761298529 66
27603761317577 0
27603820406402 23
27603820445986 66
27603820463969 0
27603820481366 23
27603820498315 66
27603908146997 0
27603925363364 23
27603925388536 66
27603925407200 0
27603965115992 23
27603965332300 66
27603965550191 0
27603965574007 23
27604046907178 66
27604046955303 0
27604046973465 23
27604046990595 66
27604047007240 0
27604112892408 23
27604112939715 66
27604112958042 0
27604161332626 23
27604161384468 66
27604161403173 0
27604161422723 23
27604161440166 66
27604253649762 0
27604253697400 23
27604253716188 66
27604253732976 0
27604315024282 23
27604315083866 66
27604315103927 0
27604315121467 23
27604373005046 66
27604373056468 0
27604373075159 23
27604373092498 66
27604373109904 0
27604416956496 23
27604416986467 66
27604417005182 0
27604484055679 23
27604484098894 66
27604484117485 0
27604484135389 23
27604484152400 66
27604551031142 0
27604551073012 23
27604551091558 66
27604551109021 0
27604635604887 23
27604635653696 66
27604635672169 0
27604635689285 23
27604701952868 66
27604702536741 0
27604702842534 23
27604703139117 66
27604703403433 0
27604759491456 23
27604759533953 66
27604759552336 0
27604851919160 23
27604851965318 66
27604851984866 0
27604852002845 23
27604852019916 66
27604936218016 0
27604936284369 23
27604936303710 66
27604936321367 0
27604961573672 23
27604961600728 66
27604961618327 0
27605055118502 23
27605055163179 66
27605055181994 0
27605055200138 23
27605055217399 66
27605055234271 0
27605104614940 23
27605104656218 66
27605104674603 0
27605172009999 23
27605172054023 66
27605172071967 0
27605172089157 23
27605172106128 66
27605235157842 0
27605235212321 23
27605235231275 66
27605235248862 0
27605299075504 23
27605299124244 66
27605299142450 0
27605374168531 23
27605374224098 66
27605374242793 0
27605374260985 23
27605374278304 66
27605374295464 0
27605422928873 23
27605422969004 66
27605422987359 0
27605520557897 23
27605520608231 66
27605520626578 0
27605520644100 23
27605520660924 66
27605591245442 0
27605591301112 23
27605591319904 66
27605591336786 0
27605646903434 23
27605646950340 66
27605646967936 0
27605712157136 23
27605712207325 66
27605712226706 0
27605712244051 23
27605712261587 66
27605793136958 0
27605793197808 23
27605793216581 66
27605793233876 0
27605869307967 23
27605869353728 66
27605869372115 0
27605869389638 23
27605927921121 66
27605927980082 0
27605928000418 23
27605928018208 66
27605928035241 0
27606000715161 23
27606000771581 66
27606000789580 0
27606045821498 23
27606045862757 66
27606045881062 0
27606045898916 23
27606045916128 66
27606130072088 0
27606130129500 23
27606130148659 66
27606130165745 0
27606170513859 23
27606170815817 66
27606171038202 0
27606171259192 23
27606269038976 66
27606269103042 0
27606269121671 23
27606269138939 66
27606269155737 0
27606313220999 23
27606313258252 66
27606313277220 0
27606380629939 23
27606380679625 66
27606380698446 0
27606380715884 23
27606380732788 66
27606428876274 0
27606428915066 23
27606428933895 66
27606428951252 0
27606538684508 23
27606538733691 66
27606538751867 0
27606538769427 23
27606599565266 66
27606599609510 0
27606599628352 23
27606599645939 66
27606599663346 0
27606673850752 23
27606673899487 66
27606673918538 0
27606734353691 23
27606734406147 66
27606734424981 0
27606734443146 23
27606734460596 66
27606818600290 0
27606818657387 23
27606818675768 66
27606818692940 0
27606831438089 23
27606831465124 66
27606831482923 0
27606831499997 23
27606906892153 66
27606906935726 0
27606907046069 23
27606907065343 66
27606907082318 0
27607003841572 23
27607003894018 66
27607003912713 0
27607069128540 23
27607069184025 66
27607069203573 0
27607069220852 23
27607069258392 66
27607110470375 0
27607110516215 0
27607203891426 23
27607203943335 66
27607203961856 23
27607203979008 0
27607203996112 23
27607204013488 66
27607254447790 23
27607254495046 66
27607254513525 0
27607254531868 23
27607254549265 66
27607343142338 0
27607343190794 23
27607343209250 66
27607343226207 0
27607406047737 23
27607406107450 66
27607473442997 0
27607473491584 0
27607473510303 23
27607473529209 66
27607509358388 23
27607509388172 66
27607509406412 0
27607607478041 23
27607607528353 66
27607607546615 0
27607658073927 23
27607658564423 66
27607658888898 0
27607659222653 23
27607726143914 66
27607726195324 0
27607726214023 23
27607726231215 66
27607770270790 0
27607770312045 23
27607770330175 66
27607770347389 0
27607860485637 23
27607860533239 23
27607860551614 66
27607919791188 0
27607919834316 0
27607919852965 23
27607919870664 66
27607993506381 23
27607993554112 66
27607993572411 0
27608060848926 23
27608060894537 66
27608060913185 0
27608128266216 23
27608128313403 66
27608128332030 0
27608128349445 23
27608172614508 66
27608172660785 0
27608172679305 23
27608172697430 66
27608263031640 0
27608263075919 23
27608263095149 66
27608263112413 0
27608344454562 23
27608344513915 66
27608344532258 0
27608392970061 23
27608393013085 66
27608393031231 0
27608393049630 23
27608393066605 66
27608465170214 0
27608465223475 23
27608465244434 66
27608465262198 0
27608524147409 23
27608524197849 66
27608524215981 0
27608583376135 23
27608583427546 66
27608583648515 0
27608583669318 23
27608583686941 66
27608642085024 0
27608642129550 23
27608642148567 66
27608642165761 0
27608708989012 23
27608709026931 66
27608709045159 0
27608776348922 23
27608776388426 66
27608776406461 0
27608776423818 23
27608867345746 66
27608867411952 0
27608867430955 23
27608867448725 66
27608951745798 0
27608951807143 23
27608951826139 66
27608951843418 0
27608977279525 23
27608977308235 66
27608977326483 0
27609069486794 23
27609069542027 66
27609069560366 0
27609069577951 23
27609069594837 66
27609119078155 0
27609119389406 23
27609119613080 66
27609119831562 0
27609185692076 23
27609185733271 66
27609185751359 0
27609252791956 23
27609252831848 66
27609252850362 0
27609252868210 23
27609349604402 66
27609349655244 0
27609349673692 23
27609349690912 66
27609349707439 0
27609404247212 23
27609404284868 66
27609404303697 0
27609500568641 23
27609500629800 66
27609500648239 0
27609500665916 23
27609539041156 66
27609539097029 0
27609539115450 23
27609539133863 66
27609606404925 0
27609606456729 23
27609606475947 66
27609606493242 0
27609667422841 23
27609667469470 66
27609667487519 0
27609715071218 23
27609715111592 66
27609715130010 0
27609715147727 23
27609715164831 66
27609808579106 0
27609808641740 23
27609808661606 66
