27247964570594 0
27247964959025 23
27247965183393 66
27248038506957 0
27248038847847 23
27248039070061 66
27248105888895 0
27248105931768 23
27248105951102 66
27248105968693 0
27248204677379 23
27248204727962 23
27248204746618 66
27248204763710 0
27248240633581 23
27248240672797 66
27248240690848 0
27248240708728 23
27248240725781 66
27248371144916 0
27248371202652 23
27248371221586 66
27248371238913 0
27248381804844 23
27248382296260 66
27248382316698 0
27248443479170 23
27248443675060 66
27248443769244 0
27248443827857 23
27248501273646 66
27248501317429 0
27248501336491 23
27248501353386 66
27248608973876 0
27248609027764 23
27248609046218 66
27248609063408 0
27248635351391 23
27248635383076 66
27248702460294 0
27248702498989 0
27248702517121 23
27248702534669 66
27248769383052 23
27248792150297 66
27248792172650 0
27248853181496 23
27248853224802 66
27248853243004 0
27248853260550 0
27248917307559 23
27248917353749 66
27248917372239 23
27248917389055 66
27248977622146 0
27248977668328 0
27248977687083 23
27249068932159 66
27249068986888 23
27249069005448 66
27249069022652 0
27249132959576 0
27249133306030 23
27249133531585 66
27249133751640 23
27249133971625 66
27249188968745 0
27249189101453 0
27249280661600 23
27249280711769 66
27249280730835 23
27249280751373 66
27249322457107 0
27249322506477 0
27249322524887 23
27249379213276 66
27249379256210 23
27249379275381 66
27249379292724 0
27249470770325 0
27249470821399 23
27249470839996 66
27249470856958 23
27249470873881 66
27249531195868 0
27249531240411 0
27249574311560 23
27249574356792 66
27249574375129 23
27249574392540 66
27249641236703 0
27249641280278 0
27249641298856 23
27249733393151 66
27249733451070 23
27249733469431 66
27249733486551 0
27249800726397 0
27249800782117 23
27249800802393 66
27249800820585 23
27249800837970 66
27249864030764 0
27249864077171 0
27249922077111 23
27249923058598 66
27249923527990 23
27249924039095 66
27250051447682 0
27250051489837 0
27250051508499 23
27250051526301 66
27250051543664 23
27250051560738 66
27250051577526 0
27250131145794 0
27250131193178 23
27250131211445 66
27250131228285 23
27250131330181 66
27250205031097 0
27250205087224 0
27250280080227 23
27250280132995 66
27250280151708 23
27250280168898 66
27250320829649 0
27250320863145 0
27250320881294 23
27250320898376 66
27250405031800 23
27250405081380 66
27250405099769 0
27250445990508 0
27250446034192 23
27250446052708 66
27250446069946 23
27250446086845 66
27250539807795 0
27250539858394 0
27250580112582 23
27250580151915 66
27250580170217 23
27250580187923 66
27250658193499 0
27250658239628 0
27250658258221 23
27250658275747 66
27250758873346 23
27250758935187 66
27250758954182 0
27250817717679 0
27250817764887 23
27250817783813 66
27250817800994 23
27250817817759 66
27250871441664 0
27250871488902 0
27250944078731 23
27250944129432 66
27250944148175 23
27250944165464 66
27250990540150 0
27250990575891 0
27250990594594 23
27250990612303 66
27251093699895 23
27251093746310 66
27251093764273 0
27251144081403 0
27251144132827 23
27251144152594 66
27251144169667 23
27251144186596 66
27251228356376 0
27251228427281 0
27251250882461 23
27251250911330 66
27251250929353 23
27251250946716 66
27251350689553 0
27251350741065 0
27251350759543 23
27251350776578 66
27251397267947 23
27251397579021 66
27251397798644 0
27251510058100 0
27251510113296 23
27251510132053 66
27251510149607 23
27251510166832 66
27251548391418 0
27251548439195 0
27251548457982 23
27251623290024 66
27251623341536 23
27251623360133 66
27251683164510 0
27251683222769 0
27251683241619 23
27251683259680 66
27251683277367 23
27251769689921 66
27251769745527 0
27251794887998 0
27251794914894 23
27251794933331 66
27251794950467 23
27251794967554 66
27251862236299 0
27251862274081 23
27251929652362 66
27251929694247 0
27251929712835 23
27251929730271 66
27252009493421 0
27252009539464 23
27252009558002 66
27252009576033 0
27252075365249 23
27252075414173 66
27252075432435 0
27252122616935 23
27252122906127 66
27252123127848 0
27252123384525 23
27252231665222 66
27252231742519 0
27252231761896 23
27252231779265 66
27252256871689 0
27252256905264 23
27252256923788 66
27252256942115 0
27252345112126 23
27252345162180 66
27252345180631 0
27252405359380 23
27252405404268 66
27252405423667 0
27252405441748 23
27252472808437 66
27252472856194 0
27252472874967 23
27252472892588 66
27252472909702 0
27252531916103 23
27252531964449 66
27252531983237 0
27252624499954 23
27252624543657 66
27252624561906 0
27252689642660 23
27252689690944 66
27252689709445 0
27252689727066 23
27252689744811 66
27252734040260 0
27252734085298 23
27252734103284 66
27252734121076 0
27252801333606 23
27252801376909 66
27252801395696 0
27252868769542 23
27252868807718 66
27252868825411 0
27252868842581 23
27252927696109 66
27252928044019 0
27252928266376 23
27252928487284 66
27252928706599 0
27253038885340 23
27253038945357 66
27253038964018 0
27253083347200 23
27253083396160 66
27253083414440 0
27253178123294 23
27253178178133 23
27253178197099 66
27253178214925 0
27253178232325 23
27253178249629 66
27253195791746 0
27253195814760 23
27253195832809 66
27253195850071 0
27253279216855 23
27253279258551 66
27253279276977 0
27253346561361 23
27253346605390 66
27253346623450 0
27253346641316 23
27253413925489 66
27253413973712 0
27253413992345 23
27253414009277 66
27253470941239 0
27253470983718 23
27253471002358 66
27253471019929 0
27253552887926 23
27253552936552 66
27253552956453 0
27253629811513 23
27253629856424 66
27253629874676 0
27253629891880 23
27253629908873 66
27253677339926 0
27253677379713 23
27253677398551 66
27253677416091 0
27253740835578 23
27253740882002 66
27253740899914 0
27253832965133 23
27253833017846 23
27253833036149 66
27253833053619 0
27253898231536 0
27253898276531 23
27253898294996 66
27253898312587 23
27253933603544 66
27253933640181 0
27253933658278 23
27253933675201 66
27253933692017 0
27254018249907 23
27254018295650 66
27254018315351 0
27254067793604 23
27254067838492 66
27254067856891 0
27254134740652 23
27254134786521 66
27254134804859 0
27254134823331 23
27254235304567 66
27254235360038 0
27254235378518 23
27254235395308 66
27254268896688 0
27254268938513 23
27254268956906 66
27254268974348 0
27254342665500 23
27254342704692 66
27254421880568 0
27254422340820 0
27254422638354 23
27254477458810 66
27254477496962 23
27254477515124 66
27254477532010 0
27254544810151 0
27254544856156 23
27254544874957 66
27254544892151 23
27254629493477 66
27254629546494 0
27254629565350 0
27254679540404 23
27254679573089 66
27254679592131 23
27254679609201 66
27254757363403 0
27254757411467 0
27254757430796 23
27254824693068 66
27254824744518 23
27254824762812 66
27254824780103 0
27254879255833 0
27254879305535 0
27254879324075 23
27254879341321 66
27254939472007 23
27254939516107 66
27254939534724 23
27254939551868 66
