13293268925430 0
13293269275629 0
13293341972272 23
13293342478272 66
13293342748053 0
13293403274183 23
13293403313023 66
13293491237535 0
13293491274862 23
13293491293927 66
13293558616920 23
13293558657982 0
13293558676643 23
13293558695028 66
13293647033551 0
13293647082658 23
13293647101814 66
13293703340851 0
13293720466866 23
13293720491907 66
13293752000489 0
13293752171196 23
13293752193198 66
13293828163997 0
13293828212110 23
13293828230764 66
13293887104811 0
13293887158015 23
13293887176984 66
13293962896052 0
13293962940331 23
13294030378055 66
13294030420534 23
13294030440452 0
13294030457827 23
13294095515105 66
13294095548289 23
13294095566597 0
13294148033432 66
13294148075691 0
13294148095008 23
13294207863468 66
13294207895006 23
13294207913126 66
13294275066372 0
13294342037370 0
13294342075665 23
13294342094257 66
13294410638703 0
13294410679116 23
13294516868203 66
13294516917702 23
13294516935858 0
13294516953432 23
13294574857657 66
13294574910057 23
13294574929810 0
13294617908913 23
13294617941740 66
13294617959783 0
13294617977118 23
13294701976308 66
13294702019527 0
13294702038159 23
13294763953057 66
13294763987349 0
13294764005203 23
13294851482087 66
13294851530779 0
13294893537624 23
13294893565437 66
13294893583196 0
13294893600513 23
13294969384555 66
13294969427897 23
13294969447002 0
13295022021944 23
13295022060997 66
13295022079205 0
13295022096677 23
13295121088348 66
13295121136402 0
13295163281359 23
13295163550905 66
13295163771497 0
13295272565916 23
13295272618321 66
13295272636491 0
13295289436799 23
13295289472839 66
13295289491463 0
13295373697482 23
13295373740812 66
13295373759525 0
13295441000495 23
13295441043772 66
13295496841378 23
13295496881501 0
13295496899697 23
13295496916966 66
13295556946618 23
13295556978432 0
13295556996904 23
13295557014058 66
13295674758113 0
13295674808435 23
13295674827536 66
13295683307897 0
13295683329245 23
13295683346831 66
13295750434071 0
13295750472478 23
13295750518375 66
13295817567961 0
13295817606833 23
13295817625432 66
13295888780226 0
13295888826935 23
13295888846123 66
13295953453711 23
13295953776202 0
13295953998116 23
13296061690022 66
13296061748030 0
13296061766682 23
13296100063103 66
13296100095641 0
13296100113773 23
13296152903058 66
13296152950945 0
13296152969900 23
13296247486318 66
13296247533121 0
13296247552270 23
13296331711522 66
13296331758807 0
13296331777827 23
13296361303435 66
13296361330679 23
13296361349259 0
13296451901945 23
13296451944633 66
13296451963135 0
13296451980506 23
13296514903773 66
13296514943844 0
13296514962853 23
13296615972833 66
13296616026860 0
13296616046240 23
13296622286241 66
13296622308219 0
13296705044721 23
13296705237006 66
13296705265877 0
13296705409145 23
13296809401161 66
13296809463815 23
13296834378109 0
13296834446395 23
13296834465639 66
13296914200510 0
13296914255138 23
13296914304409 66
13296957703593 0
13296957737386 23
13296957755608 66
13296957772873 0
13297053928115 23
13297053973593 66
13297053992115 0
13297104447811 23
13297104479215 66
13297162372528 23
13297162416247 66
13297225902031 0
13297321306242 0
13297321356274 23
13297321375472 66
13297321393634 0
13297377346337 23
13297377380470 66
13297450463476 23
13297450513868 0
13297450532011 23
13297523567237 66
13297523624843 23
13297523643576 0
13297523661568 23
13297581601234 66
13297581645045 0
13297581663681 23
13297635236017 66
13297635271839 0
13297635289722 23
13297702602025 66
13297702640988 0
13297702659355 23
13297769917159 66
13297769951170 0
13297769969911 23
13297837462225 66
13297837505269 0
13297837523885 23
13297904670364 66
13297904701141 0
13297904719969 23
13297993055475 66
13297993129329 0
13297993150034 23
13298045644784 66
13298045690821 0
13298101804697 23
13298101844298 66
13298101862787 23
13298101880074 0
13298178453738 23
13298178804762 66
13298179027295 23
13298179246643 0
13298245956830 23
13298246005259 66
13298313062976 0
13298313114589 23
13298313133997 66
13298366115439 0
13298366150563 23
13298366169831 66
13298366187070 0
13298458353745 23
13298458391651 66
13298458410573 0
13298532084203 23
13298532129166 66
13298574265427 0
13298574292948 23
13298574311641 66
13298641723186 23
13298641763947 23
13298641781666 66
13298641799072 0
13298734190826 0
13298816295997 23
13298816353966 66
13298816372418 0
13298843821600 23
13298843849966 66
13298843868544 0
13298923908849 23
13298923950415 66
13298923968593 0
13299001909668 23
13299001954923 66
13299001973012 0
13299050714326 23
13299050757851 66
13299112969212 23
13299113009231 0
13299113028642 23
13299113046212 66
13299210594139 0
13299210641536 23
13299210660038 66
13299271114188 0
13299271151411 23
13299271170174 66
13299304878368 0
13299304902574 23
13299304920249 66
13299405919818 0
13299405967615 23
13299405986561 66
13299445991346 0
13299446020718 23
13299446038753 66
13299446056186 0
13299525904124 23
13299525951805 66
13299599162723 0
13299616416516 23
13299616443941 66
13299706962906 23
13299707017627 0
13299707038273 23
13299715531666 66
13299715554084 0
13299715572671 23
13299784883295 66
13299784929538 0
13299784948174 23
13299841769286 66
13299841804497 0
13299841822915 23
13299908772984 66
13299908813174 23
13299908831338 66
13299975604768 0
13300042651136 0
13300042691409 23
13300042709576 66
13300042726419 0
13300128107826 23
13300128151621 66
13300183452492 23
13300183498651 0
13300183517940 23
13300243831428 66
13300243932876 0
13300243951945 23
13300333199219 66
13300333509414 0
13300333963157 23
13300446031877 66
13300446084100 0
13300459121678 23
13300459150708 66
13300459168618 0
13300459185698 23
13300531163930 66
13300531196189 23
13300531215052 0
13300587309570 23
13300587346777 66
13300587364891 23
13300587382006 0
13300654599609 23
13300654631767 66
13300749256023 23
13300749304266 0
13300749323758 23
13300749342042 66
13300780365815 23
13300780391767 0
13300780409661 23
13300780426852 66
13300884234853 23
13300884291388 0
13300884315751 23
13300914456248 66
13300914488122 23
13300914506294 0
13300914524190 23
13301007194600 66
13301007246319 23
13301007264744 0
13301071105344 23
13301071485768 66
13301071509544 0
13301071528005 23
13301168292594 66
13301168351088 0
13301168369680 23
13301207347657 66
13301207382070 0
13301207400948 23
13301293140261 66
13301293182207 0
13301353529832 23
13301353575276 66
13301353593576 0
13301353612394 23
13301437758684 66
13301437802466 23
13301475662135 0
13301475692647 23
13301475711491 66
13301526299576 23
13301526326007 0
13301526343992 23
13301526361407 66
13301606236655 23
13301606282797 0
13301606301653 23
13301673604297 66
13301673647158 23
13301673665185 66
13301726803484 0
13301798407579 23
13301798700752 66
13301798922654 0
13301892617559 0
13301892677047 23
13301943199620 66
13301943236752 0
13301994083332 23
13301994129391 66
13301994147925 0
13301994165552 23
13302054576612 66
13302054611815 23
13302054630089 0
13302128568979 23
13302128604064 66
13302128622181 0
13302128639396 23
13302195895066 66
13302195930347 23
13302263287759 66
