13564414571762 0
13564414929566 0
13564488539458 23
13564489041203 66
13564584008582 23
13564584055229 0
13564584074302 23
13564584091675 66
13564642611064 23
13564642649236 66
13564705815453 0
13564762099607 0
13564762148446 23
13564817177757 66
13564817217189 23
13564817235652 0
13564897639113 23
13564897685536 66
13564897703959 23
13564897720956 0
13564995943896 23
13564996005080 66
13564996024459 23
13565063097895 66
13565063146970 0
13565113636648 0
13565113674875 23
13565214731616 66
13565214779286 0
13565214799003 23
13565227476295 66
13565227497876 0
13565227516357 23
13565349492693 66
13565349539255 23
13565349558348 0
13565353615548 23
13565353664755 66
13565353682605 23
13565353700013 0
13565420583726 23
13565420615338 66
13565501098991 23
13565501142868 66
13565501161430 0
13565562135278 0
13565562167624 23
13565628566120 66
13565628851751 0
13565629074503 23
13565703343894 66
13565703836133 0
13565704133104 23
13565792067681 66
13565792114303 0
13565845197416 23
13565845234174 66
13565845252249 23
13565845269176 0
13565936941204 23
13565936990188 66
13565937009365 0
13565937027929 23
13565976917737 66
13565976947111 0
13566054834375 23
13566054873342 66
13566054892563 0
13566054910776 23
13566122222070 66
13566122259043 23
13566202367711 0
13566202417137 23
13566202435395 66
13566240146622 23
13566240180027 0
13566240198664 23
13566330303621 66
13566330355582 23
13566330373724 66
13566378722583 0
13566442328648 23
13566442401205 0
13566442420980 66
13566504222974 23
13566504266728 0
13566504286183 23
13566504303458 66
13566598192722 23
13566598241637 66
13566598261243 0
13566642296743 0
13566642338731 23
13566743472629 23
13566743519563 0
13566743538141 23
13566768776798 66
13566768802885 0
13566768820811 23
13566878144695 66
13566878187949 23
13566878206921 0
13566928679516 66
13566928715314 23
13566928734110 0
13567012918996 23
13567012968978 66
13567012987952 23
13567038301739 66
13567038329799 0
13567038348242 23
13567038365414 66
13567141316641 0
13567141592206 23
13567141613172 66
13567171613180 23
13567171641220 0
13567248979178 23
13567249026514 66
13567249044984 23
13567249061920 0
13567305772718 23
13567305815440 66
13567365427591 23
13567365456082 66
13567365473753 0
13567448761541 23
13567448805418 0
13567510772021 23
13567510805387 66
13567510823060 23
13567510839991 0
13567600386884 23
13567600434677 66
13567600453778 23
13567684607309 66
13567684650657 0
13567707878536 0
13567707909495 23
13567707928413 66
13567819364164 0
13567819410897 23
13567819430288 66
13567842637774 0
13567842667854 23
13567919390063 66
13567919430333 0
13567919448352 23
13568021626851 66
13568021685555 23
13568021705058 66
13568078461143 0
13568122546929 0
13568122578970 23
13568205624084 66
13568205666370 23
13568205684861 0
13568237393397 23
13568237423014 66
13568237441293 23
13568237458821 0
13568339417516 23
13568339461177 66
13568339479275 23
13568371603023 66
13568371649710 0
13568474176773 0
13568474224745 23
13568505674822 66
13568505734468 0
13568505755139 23
13568586474500 66
13568586516488 0
13568586536124 23
13568659061716 66
13568659359065 23
13568659665893 0
13568760566413 23
13568760621246 66
13568760639859 23
13568817391047 0
13568817426244 23
13568817445311 66
13568889801948 23
13568889848989 66
13568889867199 0
13568924137668 0
13568924181199 23
13568975193668 66
13568975219675 0
13569061615349 23
13569061661116 66
13569061680235 0
13569061698035 23
13569122704811 66
13569122735875 23
13569122753777 0
13569185854824 23
13569185913226 66
13569243366358 23
13569243404888 0
13569243423615 23
13569243441276 66
13569332184967 23
13569332237302 66
13569332255737 0
13569396846743 0
13569397227333 23
13569458684829 66
13569458727869 0
13569533503623 23
13569533564857 66
13569533585839 0
13569533604306 23
13569591618414 66
13569591660210 23
13569668075745 0
13569670653720 23
13569670676691 66
13569735442065 23
13569735487569 0
13569735507565 23
13569735525630 66
13569788189543 23
13569788219329 66
13569788237246 0
13569868116448 0
13569868158408 23
13569935520014 23
13569935578974 0
13569935597675 23
13569986107764 66
13569986151402 0
13569986169855 23
13570070231763 66
13570070284589 0
13570070303509 23
13570149312648 66
13570149358262 23
13570149376470 0
13570193594976 23
13570193876444 66
13570306108693 23
13570306166282 0
13570306184758 23
13570306202761 66
13570327316839 23
13570327352824 66
13570327371179 0
13570327388416 23
13570412863915 66
13570412910242 0
13570412928619 23
13570474502447 66
13570474539199 23
13570541993788 0
13570542036013 23
13570542054209 66
13570592514387 23
13570592541536 0
13570592560561 23
13570592578109 66
13570708250526 23
13570708295777 66
13570708315158 0
13570727273388 0
13570727296537 23
13570809501389 66
13570809547235 0
13570809565644 23
13570872056376 66
13570872099056 0
13570872117612 23
13570920004658 66
13570920042756 23
13571003083354 66
13571095666619 0
13571146198583 0
13571146238187 23
13571146257695 66
13571230631949 23
13571230680191 0
13571230698767 23
13571262128783 66
13571262159734 23
13571262178375 0
13571346205809 23
13571346252494 66
13571346270624 23
13571346287772 66
13571413578373 0
13571464296873 0
13571464329118 23
13571464347803 66
13571464365598 0
13571548348295 23
13571548394950 66
13571632743500 0
13571632789836 23
13571632808221 66
13571632825058 0
13571673288330 23
13571673633372 66
13571734005395 23
13571734068844 0
13571734088156 23
13571818250250 66
13571818299053 0
13571818317241 23
13571818334397 66
13571883204395 0
13571883249571 23
13571935076660 66
13571935118115 23
13571935136399 0
13571935154040 23
13572036864657 66
13572036913529 0
13572036933147 23
13572060111517 66
13572060137915 0
13572060156045 23
13572133891112 66
13572133927573 0
13572133946231 23
13572220037787 66
13572220078144 0
13572220096834 23
13572304268375 66
13572304319933 0
13572304339119 23
13572336002525 66
13572336031118 23
13572336049453 0
13572410008975 23
13572410052363 66
13572476470497 23
13572477102273 0
13572477332752 23
13572477616875 66
13572590640656 23
13572590692323 66
13572590711265 0
13572596575298 0
13572596597050 23
13572708753426 66
13572708799732 0
13572730846882 23
13572730876015 66
13572730894456 0
13572730912248 23
13572834863296 66
13572834906696 23
13572891748520 0
13572891783928 23
13572891802494 66
13572976060374 23
13572976105391 0
13572976124368 23
13572976141880 66
13573026494097 23
13573026541954 66
13573026561763 0
13573110704177 0
13573110754853 23
13573144814765 66
13573144854693 0
13573144873609 23
13573245552865 66
13573245636057 0
13573245654530 23
13573310742765 66
13573310784588 23
13573355711815 0
13573355774262 23
13573355792842 66
13573410134524 23
13573410181209 0
13573410199761 23
13573498156124 66
13573498202918 23
13573498220989 66
13573565518126 0
13573565558796 0
13573647762166 23
13573647807294 66
13573647825888 0
13573677235873 23
13573677263644 66
13573677281446 0
13573782391024 23
13573782442627 66
13573812030601 23
13573812067994 0
13573812086659 23
13573900669881 66
13573900717753 23
13573900736353 0
13573900754812 23
13573946600936 66
13573946818544 23
13573946869255 66
13574005114497 0
13574072244359 0
13574072280330 23
13574072298965 66
13574072316535 0
13574139488364 23
13574139526248 66
13574220388241 0
13574220428837 23
13574220449097 66
13574220466814 0
13574282455179 23
13574282493542 66
13574371973500 23
13574372020936 66
