27868594685432 0
27868595069368 23
27868595293068 66
27868595512836 0
27868668440677 23
27868668936609 66
27868669236281 0
27868669537070 23
27868765530377 66
27868765586315 0
27868765604678 23
27868765623028 66
27868765639838 0
27868796809469 23
27868796838036 66
27868796856198 0
27868796873424 23
27868855494071 66
27868855533406 0
27868855551873 23
27868855569452 66
27868855616959 0
27868948297625 23
27868948345752 66
27868948364083 0
27868948381899 23
27868994208487 66
27868994629455 0
27868994651498 23
27868994669173 66
27868994686356 0
27869099925213 23
27869099980800 66
27869099999660 0
27869100017395 23
27869167271989 66
27869167330747 0
27869167349625 23
27869167367809 23
27869167385592 0
27869190822307 23
27869190852578 66
27869190869943 23
27869190887073 66
27869190904005 0
27869274797905 0
27869274852974 23
27869274872175 66
27869274890148 23
27869274907650 0
27869324893701 23
27869324938529 66
27869324956659 23
27869324973899 66
27869419965486 0
27869420018921 0
27869420038055 23
27869420056092 66
27869485374832 23
27869485421629 0
27869485441947 23
27869485459675 66
27869485476990 23
27869485494208 66
27869552578583 0
27869552626028 0
27869552644240 23
27869620001680 66
27869620051734 23
27869620070523 0
27869620088289 23
27869620105610 66
27869620122611 23
27869620140043 66
27869694502095 0
27869694554532 0
27869758704349 23
27869759076688 66
27869759300853 0
27869759522574 23
27869759741869 66
27869759963673 23
27869794383948 66
27869794417731 0
27869794436155 0
27869861703204 23
27869861748732 66
27869861766105 23
27869861783120 0
27869861799912 23
27869956922838 66
27869956979713 23
27869956999252 66
27869957017177 0
27869995582052 0
27869995613180 23
27869995631333 66
27869995648642 23
27869995665885 0
27869995683139 23
27870091663503 66
27870091727287 23
27870091746245 66
27870091763767 0
27870129781763 0
27870129810580 23
27870129828386 66
27870129846394 23
27870129863635 0
27870210904743 23
27870210951428 66
27870210969658 23
27870210986945 66
27870270769630 0
27870270814605 0
27870270833523 23
27870270851387 66
27870338156082 23
27870338201207 0
27870338220548 23
27870338238490 66
27870338256119 23
27870338273114 66
27870405515440 0
27870405561145 0
27870405579504 23
27870472921900 66
27870472961303 23
27870472979936 0
27870472997928 23
27870473015229 66
27870473032160 23
27870473049093 66
27870541543519 0
27870541987686 0
27870542321543 23
27870636962817 66
27870637008910 23
27870637026804 0
27870637043930 23
27870637060855 66
27870637077476 23
27870667524650 66
27870667565071 0
27870667582756 0
27870746663194 23
27870746707692 66
27870746726198 23
27870746743360 0
27870746760405 23
27870746776861 66
27870813864139 23
27870813907012 66
27870813925208 0
27870867564730 0
27870867604620 23
27870867623182 66
27870867640746 23
27870867657854 0
27870867675453 23
27870934569951 66
27870934614865 23
27870934633039 66
27870934651277 0
27871032880980 0
27871032932561 23
27871032951250 66
27871032968935 23
27871032986050 0
27871077062122 23
27871077114115 66
27871077132834 23
27871077150599 66
27871142491182 0
27871142529871 0
27871142547731 23
27871142564988 66
27871209864746 23
27871209909576 0
27871209929432 23
27871209947048 66
27871209964428 23
27871209981477 66
27871277485548 0
27871277738993 0
27871277961454 23
27871344699476 66
27871344764435 23
27871344783738 0
27871344801626 23
27871344818907 66
27871344836596 23
27871344853703 66
27871411993990 0
27871412032903 0
27871412051131 23
27871499220817 66
27871499268542 23
27871499286770 0
27871499304101 23
27871499322042 66
27871499338952 23
27871586645674 66
27871586755998 0
27871586777091 0
27871605175289 23
27871605198876 66
27871605217315 23
27871605235015 0
27871605252865 23
27871677060699 66
27871677134058 23
27871677152739 66
27871677169728 0
27871755060142 0
27871755103975 23
27871755122269 66
27871755139852 23
27871755156899 0
27871755174250 23
27871813310705 66
27871813355126 23
27871813373769 66
27871813390663 0
27871901630143 0
27871901680286 23
27871901698484 66
27871901716949 23
27871901734443 0
27871949287024 23
27871949331456 66
27871949350153 23
27871949367257 66
27872007801834 0
27872008225839 0
27872008451380 23
27872008671357 66
27872106694133 23
27872106738710 0
27872106756846 23
27872106773897 66
27872106790804 23
27872106807575 66
27872148939093 0
27872148974455 0
27872148992953 23
27872241463627 66
27872241518030 23
27872241537068 0
27872241555266 23
27872241572567 66
27872241589540 23
27872241606531 66
27872283709077 0
27872283747294 0
27872351108815 23
27872351153015 66
27872351171231 23
27872351188301 0
27872351205471 23
27872351222233 66
27872426733323 23
27872426776167 66
27872426794359 0
27872426812895 0
27872494109359 23
27872494155528 66
27872494173785 23
27872494190748 0
27872494207709 23
27872561508317 66
27872561563609 23
27872561582491 66
27872561600259 0
27872619046523 0
27872619099347 23
27872619117515 66
27872619134317 23
27872619150952 0
27872704915622 23
27872722124573 66
27872722150038 23
27872722167866 66
27872722184897 0
27872760340942 0
27872760584216 23
27872760703270 66
27872760769326 23
27872760883436 0
27872812700811 23
27872812741353 66
27872812759551 23
27872812776834 66
27872896358867 0
27872896419655 0
27872896438681 23
27872896456270 66
27872953281332 23
27872953317944 0
27872953336526 23
27872953353978 66
27872953371673 23
27872953388774 66
27873039461840 0
27873039518036 0
27873039537265 23
27873108967878 66
27873109011006 23
27873109030246 0
27873109047925 23
27873109065309 66
27873109082481 23
27873109099645 66
27873162382277 0
27873162425043 0
27873222801067 23
27873222844252 66
27873222862933 23
27873222880586 0
27873222898084 23
27873222915205 66
27873300582527 23
27873300626695 66
27873300644434 0
27873300661723 0
27873367961230 23
27873368010690 66
27873368029677 23
27873368047402 0
27873368065065 23
27873459285304 66
27873459340292 23
27873459358484 66
27873459375573 0
27873483294075 0
27873483653865 23
27873483973690 66
27873484195146 23
27873484430257 0
27873484651994 23
27873607970077 66
27873608033642 23
27873608052689 66
27873608070398 0
27873617037175 0
27873617058698 23
27873617076679 66
27873617094058 23
27873708317012 66
27873708366563 0
27873770135577 23
27873770182147 66
27873770200846 0
27873770218883 23
27873770236449 66
27873861646277 0
27873861690401 23
27873861708957 66
27873861726160 0
27873921726125 23
27873921771514 66
27873921789778 0
27873983433112 23
27873983481555 66
27873983500342 0
27873983518023 23
27873983535650 66
27874027150073 0
27874027191866 23
27874027210824 66
27874056484062 0
27874140739490 23
27874140802862 66
27874140820901 0
27874140838729 23
27874183863937 66
27874184163722 0
27874184384574 23
27874184604545 66
27874184821923 0
27874239783427 23
27874239837568 66
27874239856193 0
27874290621482 23
27874290767855 66
27874290825836 0
27874290919903 23
27874290976048 66
27874401222403 0
27874401279530 23
27874401297933 66
27874401315877 0
27874441837588 23
27874441892450 66
27874441910730 0
27874489001259 23
27874489038097 66
27874489057440 0
27874489074837 23
27874489092130 66
27874576585466 0
27874576644359 23
27874576663365 66
27874576680948 0
27874637628968 23
27874637663216 66
27874637681120 0
27874637698566 23
27874697180848 66
27874697227272 0
27874697245856 23
27874697263477 66
