5168445 23
5192488 23
5216984 23
5241222 23
5265585 23
5289896 23
5314302 23
5338645 23
5362992 23
5387329 23
5411693 23
5436039 23
5460394 23
5484740 23
5509086 23
5533424 23
5557806 23
5582120 23
5606508 23
5630851 23
5655214 23
5679517 23
5703898 23
5728250 23
5752618 23
5776943 23
5801323 23
5825661 23
5850026 23
5874367 23
5898702 23
5923117 23
5947424 23
5971741 23
5996119 23
6020463 23
6044815 23
6069123 23
6093483 23
6117871 23
6142214 23
6166573 23
6190873 23
6215213 23
6239599 23
6263946 23
6288307 23
6312634 23
6337003 23
6361363 23
6385672 23
6410042 23
6434368 23
6458746 23
6483061 23
6507454 23
6531762 23
6556114 23
6580456 23
6604836 23
6629186 23
6653492 23
6677884 23
6702237 23
6726578 23
6750902 23
6775237 23
6799611 23
6823951 23
6848269 23
6872661 23
6897023 23
6921356 23
6945694 23
6970054 23
6994389 23
7018767 23
7043055 23
7067442 23
7091766 23
7116107 23
7140442 23
7164834 23
7189179 23
7213510 23
7237832 23
7262192 23
7286576 23
7310918 23
7335257 23
7359607 23
7383947 23
7408287 23
7432602 23
7456995 23
7481355 23
7505649 23
7530020 23
7554377 23
7578710 23
7603014 23
7627404 23
7651755 23
7676127 23
7700449 23
7724782 23
7749139 23
7773481 23
7797795 23
7822167 23
7846490 23
7870893 23
7895214 23
7919556 23
7943906 23
7968210 23
7992567 23
8016935 23
8041290 23
8065667 23
8089980 23
8114317 23
8138673 23
8163005 23
8187360 23
8211701 23
8236052 23
8260389 23
8284750 23
8309081 23
8332776 23
8357782 23
8382132 23
8406472 23
8430796 23
8455115 23
8479486 23
8503863 23
8528192 23
8552515 23
8576908 23
8601243 23
8625596 23
8649939 23
8674258 23
8698626 23
8722968 23
8747317 23
8771638 23
8795978 23
8820365 23
8844666 23
8869058 23
8893357 23
8917768 23
8942092 23
8966439 23
8990779 23
9015099 23
9039467 23
9063789 23
9088164 23
9112494 23
9136814 23
9161171 23
9185534 23
9209889 23
9234228 23
9258543 23
9282877 23
9307213 23
9331594 23
9355948 23
9380327 23
9404630 23
9428966 23
9453319 23
9477650 23
9502006 23
9526309 23
9550688 23
9575006 23
9599379 23
9623709 23
9648063 23
9672402 23
9696749 23
9721086 23
9745406 23
9769788 23
9794123 23
9818460 23
9842806 23
9867141 23
9891496 23
9915821 23
9940174 23
9964493 23
9988825 23
10013192 23
10037512 23
10061874 23
10086228 23
10110566 23
10134911 23
10159230 23
10183598 23
10207928 23
10232266 23
10256588 23
10280935 23
10305271 23
10329661 23
10353959 23
10378346 23
10402678 23
10427014 23
10451333 23
10475723 23
10500053 23
10524374 23
10548746 23
10573093 23
10597393 23
10621763 23
10646073 23
10670426 23
10694761 23
10719138 23
10743471 23
10767789 23
10792117 23
10816455 23
10840838 23
10865184 23
10889482 23
10913870 23
10938196 23
10962549 23
10986888 23
11011213 23
11035566 23
11059919 23
11084230 23
11108597 23
11132902 23
11157277 23
11181609 23
11205926 23
11230287 23
11254638 23
11278957 23
11303318 23
11327653 23
11351970 23
11376356 23
11400649 23
11425016 23
11449421 23
11473678 23
11498012 23
11522375 23
11546730 23
11571029 23
11595405 23
11619707 23
11644088 23
11668398 23
11692771 23
11717070 23
11741449 23
11765749 23
11790136 23
11814430 23
11838784 23
11863104 23
11887504 23
11911836 23
11936173 23
11960523 23
11984875 23
12009210 23
12033522 23
12057892 23
12082244 23
12106576 23
12130906 23
12155260 23
12179603 23
12203938 23
12228289 23
12252615 23
12276966 23
12301300 23
12325663 23
12349977 23
12374327 23
12398653 23
12423005 23
12447340 23
12471639 23
12496017 23
12520314 23
12544695 23
12569046 23
12593380 23
12617722 23
12642016 23
12666366 23
12690690 23
12715022 23
12739411 23
12763750 23
12788062 23
12812433 23
12836757 23
12861107 23
12885437 23
12909778 23
12934109 23
12958459 23
12982770 23
13007134 23
13031436 23
13055809 23
13080136 23
13104484 23
13128809 23
13153156 23
13177505 23
13201827 23
13226156 23
13250505 23
13274831 23
13299146 23
13323517 23
13347856 23
13372169 23
13396536 23
13420860 23
13445172 23
13469277 23
13493879 23
13518212 23
13542557 23
13566864 23
13591230 23
13615564 23
13639888 23
13664240 23
13688585 23
13712911 23
13737260 23
13761597 23
13785901 23
13810266 23
13834634 23
13858943 23
13883293 23
13907625 23
13931968 23
13956297 23
13980646 23
14004937 23
14029304 23
14053654 23
14077998 23
14102323 23
14126672 23
14150996 23
14175344 23
14199643 23
14223999 23
14248346 23
14272695 23
14297019 23
14321369 23
14345664 23
14370039 23
14394359 23
14418698 23
14443038 23
14467349 23
14491660 23
14516019 23
14540380 23
14564831 23
14589058 23
14613373 23
14637737 23
14662076 23
14686393 23
14710751 23
14735041 23
14759361 23
14783751 23
14808088 23
14832415 23
14856760 23
14881065 23
14905429 23
14929755 23
14954092 23
14978421 23
15002730 23
15027083 23
15051429 23
15075740 23
15100062 23
15124422 23
15148790 23
15173087 23
15197434 23
15221760 23
15246101 23
15270376 23
15294742 23
15319097 23
15343425 23
15367771 23
15392074 23
15416403 23
15440780 23
15465102 23
15489449 23
15513777 23
15538131 23
15562441 23
15586785 23
15611071 23
15635450 23
15659746 23
15684115 23
15708409 23
15732803 23
15757071 23
15781419 23
15805779 23
15830117 23
15854443 23
15878788 23
15903106 23
15927434 23
15951782 23
15976082 23
16000425 23
16024754 23
16049072 23
16073419 23
16097779 23
16122082 23
16146404 23
16170784 23
16195083 23
16219449 23
16243774 23
16268109 23
16292401 23
16316746 23
16341097 23
16365442 23
16389787 23
16414073 23
16438430 23
16462777 23
16487059 23
16511437 23
16535763 23
16560098 23
16584437 23
16608761 23
16633035 23
16657421 23
16681749 23
16706080 23
16664869 23
16689179 23
16779050 23
16803408 23
16827738 23
16852051 23
16876360 23
16900738 23
16925059 23
16949366 23
16949408 23
16998061 23
17022385 23
17046712 23
17071050 23
17095391 23
17119685 23
17144057 23
17168379 23
17192690 23
17217045 23
17241402 23
17265710 23
17290045 23
17314366 23
17338673 23
17363026 23
17387366 23
17411657 23
17436046 23
17460312 23
17484689 23
17508974 23
17533349 23
17557675 23
17582010 23
17606324 23
17630653 23
17654989 23
17679427 23
17703638 23
17727989 23
17752275 23
17776616 23
17800970 23
17825311 23
17849635 23
17873971 23
17898274 23
17922632 23
17946916 23
17971288 23
17995614 23
18019948 23
18044235 23
18068608 23
18092946 23
18117264 23
18141553 23
18165887 23
18190240 23
18214580 23
18238899 23
18263237 23
18287510 23
18311895 23
18336215 23
18360522 23
18384858 23
18409213 23
18433538 23
18457873 23
18481937 23
18506533 23
18530850 23
18555136 23
18579497 23
18603847 23
18628132 23
18652474 23
18676792 23
18701118 23
18725485 23
18749836 23
18774122 23
18798445 23
18822798 23
18847137 23
18871459 23
18895792 23
18920113 23
18944471 23
18968755 23
18993109 23
19017430 23
19041730 23
19066083 23
19090423 23
19114738 23
19139059 23
19163420 23
19187736 23
19212058 23
19236366 23
19260718 23
19285057 23
19309345 23
19333661 23
19358052 23
19382340 23
19406672 23
19431030 23
19455320 23
19479685 23
19503973 23
19528314 23
19552682 23
19577004 23
19601311 23
19625660 23
19649946 23
19674321 23
19698634 23
19722972 23
19747278 23
