11436176 23
11450282 23
11464446 23
11478610 23
11492823 23
11507014 23
11521134 23
11535289 23
11549515 23
11563733 23
11577925 23
11592154 23
11606287 23
11620523 23
11634686 23
11648835 23
11663027 23
11677254 23
11691439 23
11705591 23
11719819 23
11734071 23
11748228 23
11762421 23
11776537 23
11790755 23
11805002 23
11819135 23
11833359 23
11847520 23
11861753 23
11875891 23
11890083 23
11904332 23
11918457 23
11932736 23
11946865 23
11960984 23
11975212 23
11989444 23
12003587 23
12017809 23
12031923 23
12046109 23
12060316 23
12074550 23
12088740 23
12102935 23
12117080 23
12131213 23
12145458 23
12159710 23
12173864 23
12188038 23
12202203 23
12216389 23
12230583 23
12244829 23
12259004 23
12273142 23
12287290 23
12301510 23
12315722 23
12329902 23
12344042 23
12358268 23
12372517 23
12386672 23
12400826 23
12414974 23
12429198 23
12443445 23
12457624 23
12471721 23
12485977 23
12499625 23
12514356 23
12528479 23
12542694 23
12556911 23
12571021 23
12585199 23
12599441 23
12613635 23
12627848 23
12641997 23
12656137 23
12670370 23
12684628 23
12698785 23
12712963 23
12727147 23
12741340 23
12755483 23
12769689 23
12783847 23
12798040 23
12812294 23
12826450 23
12840593 23
12854830 23
12868969 23
12883217 23
12897383 23
12911537 23
12925666 23
12939890 23
12954045 23
12968260 23
12982424 23
12996630 23
13010810 23
13025050 23
13039223 23
13053332 23
13067548 23
13081771 23
13095951 23
13110049 23
13124293 23
13138436 23
13152616 23
13166841 23
13181066 23
13195238 23
13209394 23
13223656 23
13237788 23
13251941 23
13266084 23
13280307 23
13294462 23
13308726 23
13322853 23
13337112 23
13351274 23
13365411 23
13379564 23
13393809 23
13407954 23
13422208 23
13436300 23
13450506 23
13464729 23
13478821 23
13493052 23
13507292 23
13521418 23
13535771 23
13563851 23
13578153 23
13592336 23
13606589 23
13620734 23
13634907 23
13649107 23
13663217 23
13677451 23
13691587 23
13705782 23
13719987 23
13734234 23
13748416 23
13762567 23
13776686 23
13790864 23
13805107 23
13819237 23
13833472 23
13847631 23
13861890 23
13875999 23
13890154 23
13904369 23
13918619 23
13932750 23
13946953 23
13961116 23
13975321 23
13989435 23
14003614 23
14017829 23
14032031 23
14046160 23
14060384 23
14074630 23
14088812 23
14102960 23
14117079 23
14131292 23
14145482 23
14159646 23
14173842 23
14188022 23
14202175 23
14216356 23
14230559 23
14244759 23
14258991 23
14273154 23
14287290 23
14301555 23
14315709 23
14329891 23
14344037 23
14358234 23
14372370 23
14386600 23
14400736 23
14414952 23
14429165 23
14443278 23
14457466 23
14471546 23
14485881 23
14500013 23
14514179 23
14528408 23
14542488 23
14556847 23
14571125 23
14599166 23
14613467 23
14627713 23
14641867 23
14656047 23
14670194 23
14684395 23
14698658 23
14712821 23
14726989 23
14741102 23
14755298 23
14769499 23
14783642 23
14797854 23
14812023 23
14826252 23
14840382 23
14854648 23
14868758 23
14882920 23
14897153 23
14911299 23
14925479 23
14939663 23
14953809 23
14968037 23
14982172 23
14996349 23
15010511 23
15024745 23
15038992 23
15053170 23
15067322 23
15081481 23
15095646 23
15109794 23
15124007 23
15138249 23
15152436 23
15166599 23
15180760 23
15194875 23
15209138 23
15223297 23
15237485 23
15251626 23
15265771 23
15279991 23
15294253 23
15308378 23
15322530 23
15336756 23
15350885 23
15365037 23
15379250 23
15393491 23
15407627 23
15421770 23
15435965 23
15450115 23
15464330 23
15478571 23
15492723 23
15506835 23
15521045 23
15535212 23
15549441 23
15563549 23
15577732 23
15591941 23
15606229 23
15620336 23
15634517 23
15648657 23
15648572 23
15677054 23
15691198 23
15705446 23
15719556 23
15733716 23
15747935 23
15762093 23
15776272 23
15790419 23
15804627 23
15818869 23
15832987 23
15847231 23
15861392 23
15875574 23
15889732 23
15903837 23
15918056 23
15932179 23
15946443 23
15960588 23
15974800 23
15988975 23
16003143 23
16017336 23
16031443 23
16045660 23
16059885 23
16074008 23
16088159 23
16102335 23
16116546 23
16130807 23
16144902 23
16159142 23
16173326 23
16187473 23
16201631 23
16215792 23
16229969 23
16244244 23
16272401 23
16286726 23
16300838 23
16315050 23
16329310 23
16343436 23
16357621 23
16371755 23
16385985 23
16400151 23
16414321 23
16428498 23
16442648 23
16456783 23
16470997 23
16485243 23
16499348 23
16513523 23
16527778 23
16541874 23
16556056 23
16570201 23
16584460 23
16598581 23
16612835 23
16626926 23
16640867 23
16655295 23
16669502 23
16683610 23
16697798 23
16646464 23
16660642 23
16674890 23
16689028 23
16703206 23
16782927 23
16797091 23
16811240 23
16825385 23
16839593 23
16853733 23
16867922 23
16882119 23
16896302 23
16910447 23
16924655 23
16938794 23
16953012 23
16967148 23
16981344 23
16995608 23
17009746 23
17023855 23
17038072 23
17052275 23
17066420 23
17080564 23
17094772 23
17108964 23
17123162 23
17137261 23
17151476 23
17165655 23
17179810 23
17194070 23
17208252 23
17236372 23
17250704 23
17264880 23
17279020 23
17293226 23
17307454 23
17321608 23
17335751 23
17349891 23
17364083 23
17378343 23
17392448 23
17406586 23
17420830 23
17434953 23
17449178 23
17463284 23
17477495 23
17491648 23
17505824 23
17520049 23
17534192 23
17548465 23
17576611 23
17590901 23
17605041 23
17619254 23
17633473 23
17647631 23
17661808 23
17675982 23
17690107 23
17704348 23
17718507 23
17732587 23
17746821 23
17761008 23
17775129 23
17789344 23
17803483 23
17817703 23
17831849 23
17846033 23
17860174 23
17874385 23
17888596 23
17902727 23
17916976 23
17945078 23
17959406 23
17973605 23
17987808 23
18015996 23
18030239 23
18044462 23
18058708 23
18072812 23
18086951 23
18101159 23
18115369 23
18129507 23
18143702 23
18157845 23
18171996 23
18186168 23
18200414 23
18214588 23
18228680 23
18242904 23
18257114 23
18271235 23
18285412 23
18299600 23
18313778 23
18327989 23
18342127 23
18356283 23
18370543 23
18384682 23
18398847 23
18413034 23
18441240 23
18455497 23
18469678 23
18483897 23
18498087 23
18512198 23
18526401 23
18540570 23
18554730 23
18568954 23
18583059 23
18597283 23
18611436 23
18625571 23
18639785 23
18653957 23
18668095 23
18682318 23
18696436 23
18710672 23
18724834 23
18738986 23
18753177 23
18767367 23
18781503 23
18795671 23
18809866 23
18824050 23
18838155 23
18852348 23
18866535 23
18880718 23
18894846 23
18909017 23
18923221 23
18937395 23
18951564 23
18965728 23
18979874 23
18994074 23
19008263 23
19022387 23
19036623 23
19050788 23
19064933 23
19079118 23
19093273 23
19107413 23
19121617 23
19135747 23
19149962 23
19164131 23
19178317 23
19192475 23
19206695 23
19220843 23
19235020 23
19249188 23
19263359 23
19277515 23
19291668 23
19305884 23
19320045 23
19334126 23
19348351 23
19362431 23
19376694 23
19390823 23
19405053 23
19419236 23
19447405 23
19461731 23
19475934 23
19490098 23
19504276 23
19518402 23
19532558 23
19546819 23
19574987 23
19589277 23
19603462 23
19617614 23
19631806 23
19645958 23
19660127 23
19674263 23
19688471 23
19702630 23
19716776 23
19730996 23
19745111 23
19759392 23
19787521 23
19801843 23
19816044 23
19830147 23
19844352 23
19858500 23
19872758 23
19886875 23
19901061 23
19915166 23
19929420 23
19943566 23
19957672 23
19971871 23
19986009 23
20000213 23
20014385 23
20028584 23
20042757 23
20056904 23
20071092 23
20085172 23
