20908269 0
20923149 23
20937648 0
20938329 0
20972146 0
20986869 23
21001344 0
21002025 0
21035921 0
21050641 23
21065079 0
21065760 0
21099614 0
21114355 23
21128805 0
21129486 0
21163380 0
21178121 23
21192552 0
21193232 0
21227087 0
21241832 23
21256278 0
21256790 0
21290864 0
21305605 23
21320037 0
21320718 0
21354516 0
21369233 23
21383726 0
21384406 0
21402298 0
21417023 23
21431448 0
21432129 0
21465940 0
21480663 23
21495136 0
21495819 0
21529646 0
21544370 23
21558788 0
21559469 0
21593297 0
21608025 23
21622465 0
21623145 0
21657009 0
21671732 23
21686149 0
21686830 0
21720678 0
21735403 23
21749926 0
21750607 0
21784480 0
21799207 23
21813621 0
21814301 0
21848155 0
21862878 23
21877310 0
21877990 0
21895916 0
21910737 23
21924996 0
21925676 0
21943666 0
21958388 23
21972835 0
21973516 0
22007380 0
22022097 23
22036536 0
22037216 0
22055109 0
22069834 23
22084300 0
22084980 0
22102910 0
22117635 23
22132022 0
22132704 0
22150620 0
22165361 23
22179818 0
22180498 0
22214335 0
22229155 23
22246051 0
22260871 23
22275299 0
22275979 0
22309858 0
22324650 23
22341674 0
22356414 23
22370833 0
22371514 0
22405383 0
22420127 23
22434500 0
22435180 0
22469038 0
22483755 23
22498198 0
22498879 0
22532737 0
22547329 23
22561903 0
22562584 0
22580486 0
22595214 23
22595098 0
22610428 0
22628282 0
22643005 23
22657466 0
22658146 0
22676042 0
22690789 23
22705226 0
22705906 0
22723859 0
22738586 23
22753060 0
22753740 0
22771644 0
22786369 23
22800916 0
22801596 0
22819449 0
22834172 23
22848590 0
22849271 0
22867180 0
22881926 23
22896391 0
22897071 0
22914970 0
22929691 23
22944170 0
22944850 0
22962717 0
22977440 23
22991919 0
22992600 0
23010531 0
23025256 23
23039658 0
23040338 0
23058267 0
23072984 23
23087456 0
23088137 0
23106055 0
23120780 23
23135218 0
23135899 0
23153805 0
23168532 23
23182975 0
23183657 0
23201598 0
23216347 23
23230764 0
23231444 0
23249381 0
23264104 23
23278556 0
23279237 0
23297179 0
23311904 23
23326335 0
23327016 0
23344964 0
23359688 23
23374132 0
23374812 0
23392747 0
23407488 23
23421914 0
23422595 0
23440531 0
23455260 23
23469698 0
23470379 0
23488339 0
23503062 23
23517489 0
23518170 0
23536097 0
23550820 23
23565257 0
23565937 0
23583870 0
23598613 23
23613023 0
23613704 0
23631621 0
23646346 23
23660805 0
23661485 0
23679408 0
23694133 23
23708598 0
23709278 0
23727174 0
23741901 23
23756328 0
23757008 0
23774962 0
23789689 23
23804188 0
23804868 0
23822750 0
23837496 23
23851462 0
23852143 0
23870305 0
23885031 23
23899455 0
23900137 0
23918071 0
23932789 23
23947292 0
23947972 0
23965871 0
23980594 23
23995076 0
23995756 0
24013659 0
24028389 23
24042825 0
24043506 0
24061448 0
24076173 23
24090597 0
24091278 0
24109185 0
24123926 23
24138405 0
24139086 0
24157001 0
24172939 0
24187683 23
24202135 0
24202815 0
24220719 0
24235443 23
24249896 0
24250577 0
24268534 0
24283257 23
24297710 0
24298390 0
24316313 0
24331043 23
24345449 0
24346129 0
24364092 0
24378815 23
24393258 0
24393938 0
24411842 0
24426565 23
24441017 0
24441697 0
24475577 0
24490303 23
24504740 0
24505421 0
24523331 0
24538121 23
24555190 0
24569912 23
24584338 0
24585019 0
24602930 0
24617658 23
24632142 0
24632822 0
24650719 0
24666668 0
24681391 23
24695816 0
24696497 0
24714420 0
24729233 23
24746281 0
24761006 23
24775437 0
24776118 0
24794041 0
24808764 23
24823240 0
24823921 0
24841846 0
24857794 0
24872517 23
24903068 0
24903806 0
24921566 0
24936294 23
24950736 0
24951416 0
24969384 0
24984107 23
24998566 0
24999246 0
25033071 0
25048963 0
25063688 23
25078166 0
25078846 0
25112699 0
25127424 23
25141883 0
25142564 0
25176381 0
25191106 23
25205553 0
25206234 0
25240106 0
25256035 0
25270758 23
25285233 0
25285914 0
25303788 0
25318516 23
25332956 0
25333637 0
25367522 0
25382245 23
25396685 0
25397365 0
25431178 0
25445901 23
25460366 0
25461046 0
25478957 0
25493685 23
25508115 0
25508795 0
25542614 0
25557337 23
25571820 0
25572500 0
25606333 0
25621056 23
25635471 0
25636151 0
25669977 0
25684705 23
25699134 0
25699815 0
25733691 0
25748414 23
25762819 0
25763499 0
25797322 0
25812070 23
25826473 0
25827154 0
25861025 0
25875751 23
25890259 0
25890940 0
25924693 0
25939416 23
25953830 0
25954511 0
25988379 0
26003126 23
26017527 0
26018265 0
26052023 0
26066752 23
26081209 0
26081889 0
26099790 0
26114513 23
26128976 0
26129656 0
26147523 0
26162241 23
26176676 0
26177357 0
26195302 0
26210027 23
26224491 0
26225171 0
26258983 0
26273708 23
26288162 0
26288842 0
26322706 0
26337429 23
26351897 0
26352577 0
26386375 0
26401103 23
26415584 0
26416264 0
26450110 0
26464833 23
26479232 0
26479913 0
26513737 0
26528483 23
26542890 0
26543570 0
26561523 0
26576250 23
26590673 0
26591354 0
26609254 0
26623977 23
26638407 0
26639088 0
26657042 0
26671765 23
26686179 0
26686860 0
26704776 0
26719504 23
26733981 0
26734661 0
26752569 0
26767294 23
26781741 0
26782422 0
26800335 0
26815053 23
26829529 0
26830210 0
26848150 0
26862875 23
26877288 0
26877968 0
26895878 0
26910601 23
26925079 0
26925759 0
26943674 0
26958397 23
26973021 0
26973702 0
26991558 0
27006305 23
27020718 0
27021398 0
27039360 0
27054085 23
27068553 0
27069234 0
27087130 0
27101880 23
27116281 0
27116962 0
27134948 0
27149674 23
27164112 0
27164793 0
27182737 0
27197463 23
27211905 0
27212585 0
27230528 0
27245274 23
27259713 0
27260394 0
27278304 0
27293033 23
27307527 0
27308208 0
27326100 0
27340841 23
27355254 0
27355934 0
27373890 0
27388613 23
27403026 0
27403706 0
27421668 0
27436394 23
27450838 0
27451518 0
27469423 0
27484213 23
27501285 0
27516007 23
27530438 0
27531119 0
27549029 0
27563780 23
27578213 0
27578893 0
27596828 0
27611576 23
27625996 0
27626677 0
27644584 0
27659325 23
27673774 0
27674454 0
27692387 0
27707113 23
27707009 0
27722339 0
27740158 0
27754881 23
27769380 0
27770061 0
27787970 0
27802693 23
27817158 0
27817838 0
27835753 0
27850482 23
27864925 0
27865606 0
27883540 0
27898286 23
27912704 0
27913384 0
27931323 0
27947232 0
27961978 23
27976424 0
27977105 0
27995385 0
28010112 23
28023992 0
28024672 0
28058799 0
28073522 23
28087975 0
28088656 0
28106590 0
28121331 23
28135740 0
28136420 0
28154371 0
28169101 23
28183530 0
28184211 0
28202147 0
28216894 23
28231310 0
28231990 0
28249917 0
28264640 23
28279097 0
28279778 0
28297711 0
28312433 23
28326886 0
28327567 0
28345486 0
28360209 23
28374628 0
28375309 0
28393272 0
28407995 23
28422408 0
28423088 0
28441028 0
28455751 23
28470187 0
28470868 0
28488829 0
28503552 23
28517982 0
28518663 0
28536584 0
28551309 23
28565792 0
28566472 0
28584394 0
28599119 23
28613550 0
28614231 0
28632152 0
28646893 23
28661322 0
28662003 0
28679959 0
28694682 23
28709113 0
28709793 0
28727715 0
28742443 23
28756920 0
28757600 0
28775531 0
28790254 23
28804702 0
