53787775 0
53802655 23
53818392 0
53819073 0
53837015 0
53851740 23
53867496 0
53868176 0
53886115 0
53900840 23
53916679 0
53917359 0
53951574 0
53966321 23
53982113 0
53982793 0
54000707 0
54015448 23
54031205 0
54031886 0
54049806 0
54064533 23
54080327 0
54081008 0
54098953 0
54113700 23
54129425 0
54130105 0
54148027 0
54162774 23
54178567 0
54179248 0
54197158 0
54211902 23
54227643 0
54228324 0
54262610 0
54277351 23
54293115 0
54293795 0
54328122 0
54342863 23
54358623 0
54359303 0
54377225 0
54392023 23
54409964 0
54424709 23
54440481 0
54441161 0
54459054 0
54473795 23
54489563 0
54490244 0
54508210 0
54522938 23
54538695 0
54539376 0
54557313 0
54572060 23
54587893 0
54588573 0
54606522 0
54621269 23
54637041 0
54637721 0
54655614 0
54670403 23
54688368 0
54703115 23
54718853 0
54719534 0
54737467 0
54752190 23
54767930 0
54768610 0
54786558 0
54801302 23
54817061 0
54817742 0
54835631 0
54850377 23
54866127 0
54866807 0
54901145 0
54915868 23
54931612 0
54932293 0
54950232 0
54964960 23
54980704 0
54981385 0
55015719 0
55030442 23
55046212 0
55046893 0
55064799 0
55079522 23
55095252 0
55095932 0
55130267 0
55144993 23
55160755 0
55161436 0
55179324 0
55194065 23
55209845 0
55210525 0
55228440 0
55243187 23
55258928 0
55259608 0
55293890 0
55308617 23
55324427 0
55325107 0
55343007 0
55357754 23
55373484 0
55374164 0
55408426 0
55423149 23
55438948 0
55439626 0
55457561 0
55472286 23
55488007 0
55488687 0
55522981 0
55537704 23
55553462 0
55554142 0
55572089 0
55586830 23
55602544 0
55603225 0
55637514 0
55652260 23
55668009 0
55668689 0
55686647 0
55701370 23
55717152 0
55717833 0
55735725 0
55750448 23
55766244 0
55766924 0
55784870 0
55799595 23
55815327 0
55816008 0
55833940 0
55848681 23
55864468 0
55865149 0
55883070 0
55897817 23
55913568 0
55914249 0
55932182 0
55946910 23
55962657 0
55963337 0
55981294 0
55996017 23
56011791 0
56012471 0
56030377 0
56045118 23
56060868 0
56061549 0
56095873 0
56110593 23
56126439 0
56127120 0
56161328 0
56176119 23
56191848 0
56192528 0
56210474 0
56225221 23
56240973 0
56241654 0
56259575 0
56274304 23
56290062 0
56290743 0
56325080 0
56339803 23
56355577 0
56356258 0
56374179 0
56388902 23
56404697 0
56405377 0
56423293 0
56438013 23
56453850 0
56454531 0
56488745 0
56503486 23
56519241 0
56519922 0
56554244 0
56568986 23
56584777 0
56585457 0
56603344 0
56618095 23
56633848 0
56634528 0
56652475 0
56667198 23
56682584 0
56683265 0
56701337 0
56716060 23
56731856 0
56732537 0
56750462 0
56765182 23
56780958 0
56781639 0
56799526 0
56814273 23
56829999 0
56830680 0
56848626 0
56863374 23
56879105 0
56879786 0
56897713 0
56912465 23
56928201 0
56928881 0
56946838 0
56961579 23
56977345 0
56978026 0
56995909 0
57010655 23
57026425 0
57027105 0
57045019 0
57059745 23
57075538 0
57076218 0
57094113 0
57108860 23
57124601 0
57125281 0
57143244 0
57159629 0
57174352 23
57190085 0
57190766 0
57225051 0
57239779 23
57255562 0
57256243 0
57274184 0
57288901 23
57304633 0
57305313 0
57339602 0
57354343 23
57370126 0
57370806 0
57388721 0
57403446 23
57419246 0
57419926 0
57454137 0
57468884 23
57484653 0
57485333 0
57503250 0
57517973 23
57533767 0
57534448 0
57552328 0
57567056 23
57582801 0
57583482 0
57601449 0
57616166 23
57631938 0
57632618 0
57650500 0
57665246 23
57681037 0
57681717 0
57699716 0
57714442 23
57730244 0
57730925 0
57748822 0
57763545 23
57779300 0
57779980 0
57797957 0
57812698 23
57828432 0
57829112 0
57847027 0
57861754 23
57877551 0
57878231 0
57896162 0
57912527 0
57927274 23
57943027 0
57943709 0
57961620 0
57976343 23
57992159 0
57992840 0
58010759 0
58025484 23
58041255 0
58041936 0
58059870 0
58074611 23
58090351 0
58091031 0
58108987 0
58123736 23
58139457 0
58140137 0
58158075 0
58172803 23
58188604 0
58189284 0
58207196 0
58221917 23
58237698 0
58238378 0
58256295 0
58271036 23
58286824 0
58287505 0
58305426 0
58320176 23
58335897 0
58336577 0
58370858 0
58385581 23
58401431 0
58402112 0
58436367 0
58451090 23
58466921 0
58467602 0
58501827 0
58516555 23
58532299 0
58532980 0
58550941 0
58565688 23
58581392 0
58582073 0
58599994 0
58614717 23
58630526 0
58631206 0
58649105 0
58665480 0
58680229 23
58696007 0
58696687 0
58714579 0
58729320 23
58745172 0
58745852 0
58763724 0
58778447 23
58794166 0
58794846 0
58829142 0
58843871 23
58859622 0
58860303 0
58894644 0
58909391 23
58925131 0
58925811 0
58943726 0
58958473 23
58974243 0
58974923 0
59009239 0
59023965 23
59039767 0
59040448 0
59074664 0
59089411 23
59105197 0
59105877 0
59123781 0
59138528 23
59154269 0
59154950 0
59172866 0
59187612 23
59203343 0
59204024 0
59238362 0
59253196 23
59271075 0
59285920 23
59301487 0
59302168 0
59336554 0
59351304 23
59367007 0
59367687 0
59401949 0
59416696 23
59432462 0
59433143 0
59451047 0
59465793 23
59481524 0
59482204 0
59516476 0
59531205 23
59546970 0
59547650 0
59581955 0
59596678 23
59612465 0
59613145 0
59631028 0
59645770 23
59661506 0
59662187 0
59680133 0
59694858 23
59710626 0
59711307 0
59729189 0
59743936 23
59759721 0
59760402 0
59778396 0
59793119 23
59808928 0
59809609 0
59843835 0
59858588 23
59874323 0
59875003 0
59892943 0
59907684 23
59923403 0
59924083 0
59942020 0
59956743 23
59972501 0
59973181 0
59991122 0
60005871 23
60021607 0
60022288 0
60040202 0
60054928 23
60070748 0
60071429 0
60089337 0
60104078 23
60119801 0
60120482 0
60138418 0
60153147 23
60168933 0
60169614 0
60187522 0
60202269 23
60218039 0
60218720 0
60236605 0
60251328 23
60267149 0
60267829 0
60285736 0
60300484 23
60316212 0
60316893 0
60334828 0
60349551 23
60365310 0
60365990 0
60383941 0
60398664 23
60414376 0
60415057 0
60432974 0
60447727 23
60463456 0
60464136 0
60482077 0
60496818 23
60512548 0
60513228 0
60547491 0
60562232 23
60577991 0
60578671 0
60596584 0
60611333 23
60627054 0
60627734 0
60661997 0
60676720 23
60692512 0
60693193 0
60711112 0
60725835 23
60741598 0
60742279 0
60760170 0
60774924 23
60790699 0
60791379 0
60809598 0
60824339 23
60839203 0
60839883 0
60858220 0
60872943 23
60888744 0
60889425 0
60907343 0
60922068 23
60937850 0
60938531 0
60956407 0
60971153 23
60986950 0
60987631 0
61005543 0
61020286 23
61036019 0
61036700 0
61054592 0
61069320 23
61085124 0
61085805 0
61103724 0
61118447 23
61134167 0
61134848 0
61169139 0
61183862 23
61199606 0
61200286 0
61234631 0
61249356 23
61265074 0
61265755 0
61283668 0
61298414 23
61314176 0
61314857 0
61332770 0
61347511 23
61363254 0
61363935 0
61398195 0
61412942 23
61428698 0
61429379 0
61463704 0
61478445 23
61494188 0
61494868 0
61512795 0
61527541 23
61543282 0
61543963 0
61578320 0
61593045 23
61608780 0
61609461 0
61627413 0
61642138 23
61657934 0
61658615 0
61676528 0
61691164 23
61709267 0
61724018 23
61739754 0
61740434 0
61758402 0
61773149 23
61788872 0
61789552 0
