9043700 0
9064269 0
9078861 23
9105061 0
9125447 0
9140083 23
9166299 0
9180956 23
9207082 0
9221718 23
9268350 0
9282986 23
9309154 0
9323795 23
9349980 0
9364616 23
9390752 0
9405485 23
9431582 0
9446238 23
9472345 0
9486981 23
9513315 0
9527952 23
9554024 0
9568660 23
9594833 0
9609469 23
9635654 0
9656031 0
9670667 23
9696854 0
9711489 23
9737641 0
9752279 23
9778459 0
9798871 0
9813507 23
9839671 0
9854312 23
9880512 0
9895148 23
9921291 0
9935927 23
9962129 0
9976768 23
10002926 0
10017562 23
10043704 0
10058340 23
10084506 0
10099166 23
10125298 0
10139934 23
10166114 0
10180752 23
10206957 0
10221595 23
10247719 0
10262355 23
10288551 0
10303181 23
10329329 0
10343969 23
10370149 0
10384785 23
10410922 0
10425587 23
10451743 0
10466382 23
10492538 0
10507176 23
10533348 0
10547984 23
10573961 0
10588603 23
10614797 0
10629427 23
10655586 0
10670222 23
10696376 0
10711015 23
10737169 0
10751800 23
10777987 0
10792623 23
10818763 0
10833403 23
10859595 0
10874231 23
10900367 0
10915003 23
10941211 0
10955844 23
11002382 0
11017035 23
11043205 0
11057841 23
11083954 0
11098596 23
11124794 0
11139430 23
11165552 0
11180188 23
11206379 0
11221012 23
11247190 0
11267574 0
11282206 23
11308406 0
11349243 0
11369662 0
11384298 23
11410432 0
11425072 23
11451269 0
11465905 23
11492031 0
11506667 23
11532871 0
11547506 23
11573713 0
11588305 23
11614811 0
11629447 23
11655323 0
11669961 23
11696144 0
11710780 23
11736932 0
11751568 23
11758893 0
11777737 0
11792376 23
11818508 0
11833144 23
11859331 0
11873962 23
11900142 0
11914783 23
11940940 0
11955576 23
11981735 0
11996366 23
12022560 0
12037199 23
12063326 0
12077962 23
12104152 0
12124555 0
12139191 23
12165357 0
12179999 23
12206148 0
12220784 23
12246947 0
12261601 23
12287769 0
12302407 23
12328532 0
12343168 23
12369361 0
12383997 23
12410124 0
12424764 23
12450944 0
12465575 23
12491710 0
12506344 23
12532510 0
12547149 23
12593694 0
12608331 23
12634506 0
12649137 23
12675293 0
12695676 0
12710320 23
12736499 0
12751135 23
12777262 0
12791893 23
12818087 0
12832726 23
12879246 0
12893883 23
12920055 0
12934693 23
12960836 0
12975477 23
13001663 0
13016299 23
13042419 0
13057055 23
13083238 0
13097876 23
13124005 0
13144382 0
13159018 23
13185178 0
13199814 23
13225960 0
13240596 23
13267010 0
13281646 23
13307389 0
13322025 23
13348205 0
13362844 23
13388976 0
13403612 23
13429790 0
13444420 23
13470555 0
13485196 23
13511365 0
13526001 23
13552140 0
13566845 23
13592939 0
13607577 23
13633705 0
13654148 0
13668784 23
13694931 0
13709561 23
13735527 0
13750168 23
13776341 0
13790977 23
13817094 0
13831724 23
13857924 0
13872564 23
13898664 0
13913300 23
13939500 0
13954136 23
13980298 0
13994938 23
14021074 0
14035705 23
14061868 0
14076504 23
14102659 0
14117298 23
14143419 0
14158049 23
14184220 0
14198856 23
14224994 0
14239636 23
14265792 0
14280428 23
14306584 0
14321220 23
14347391 0
14362024 23
14388155 0
14402793 23
14428972 0
14443608 23
14469723 0
14490104 0
14504744 23
14530899 0
14545535 23
14571697 0
14586330 23
14612507 0
14627140 23
14653281 0
14667917 23
14694110 0
14708746 23
14734856 0
14749492 23
14796174 0
14810812 23
14836945 0
14851581 23
14877749 0
14892387 23
14918535 0
14933173 23
14959372 0
14974008 23
15000120 0
15014778 23
15040950 0
15055586 23
15081739 0
15096375 23
15122513 0
15137151 23
15163272 0
15177908 23
15204072 0
15218702 23
15244853 0
15259494 23
15285686 0
15300322 23
15326452 0
15346852 0
15367231 0
15381867 23
15408046 0
15422685 23
15448784 0
15463420 23
15489600 0
15504236 23
15530356 0
15544993 23
15571162 0
15585800 23
15611958 0
15626594 23
15652737 0
15667370 23
15693543 0
15708179 23
15734406 0
15749042 23
15775469 0
15790110 23
15815995 0
15830631 23
15856768 0
15871400 23
15897570 0
15912208 23
15938367 0
15953003 23
15979145 0
15993775 23
16019943 0
16034584 23
16060748 0
16075386 23
16101491 0
16121914 0
16136550 23
16162650 0
16177289 23
16203432 0
16218068 23
16244224 0
16264639 0
16279275 23
16305393 0
16320029 23
16328567 0
16346203 0
16360839 23
16386997 0
16401633 23
16427790 0
16442428 23
16468566 0
16483202 23
16509383 0
16524037 23
16550134 0
16564774 23
16590953 0
16605589 23
16631717 0
16646356 23
16672517 0
16687127 23
16647762 0
16662398 23
16688566 0
16703203 23
16794851 0
16809520 23
16835683 0
16850338 23
16876418 0
16891054 23
16917243 0
16931882 23
16958001 0
16972637 23
16998828 0
17013464 23
17039613 0
17060001 0
17080379 0
17095019 23
17121174 0
17135810 23
17161935 0
17176589 23
17202709 0
17217348 23
17243513 0
17263885 0
17278521 23
17304696 0
17319332 23
17345463 0
17360105 23
17386280 0
17400916 23
17447428 0
17462064 23
17488221 0
17502855 23
17528989 0
17543625 23
17569794 0
17584430 23
17610600 0
17625240 23
17651407 0
17666043 23
17692187 0
17706817 23
17732994 0
17747632 23
17773754 0
17788392 23
17814616 0
17829247 23
17855379 0
17870020 23
17896198 0
17910834 23
17936951 0
17951587 23
17977779 0
17992418 23
18018568 0
18038937 0
18053573 23
18079750 0
18094404 23
18120515 0
18135156 23
18161338 0
18175974 23
18202098 0
18216734 23
18242903 0
18257541 23
18283685 0
18298315 23
18324487 0
18339123 23
18365254 0
18379898 23
18406086 0
18420717 23
18446840 0
18461476 23
18487656 0
18502295 23
18528458 0
18543094 23
18589635 0
18604270 23
18630509 0
18645150 23
18671242 0
18685896 23
18712008 0
18726644 23
18752843 0
18773238 0
18787877 23
18814020 0
18828656 23
18854816 0
18869452 23
18895585 0
18910227 23
18936420 0
18951052 23
18977176 0
18991814 23
19017989 0
19032627 23
19058778 0
19079164 0
19093800 23
19119980 0
19134616 23
19160740 0
19175380 23
19201561 0
19216191 23
19242321 0
19256957 23
19283152 0
19297790 23
19323949 0
19338603 23
19364760 0
19379396 23
19405536 0
19420179 23
19446361 0
19460997 23
19487126 0
19501762 23
19527923 0
19548332 0
19562970 23
19589124 0
19603778 23
19629913 0
19644549 23
19670800 0
19685441 23
19711535 0
19711579 23
19752310 0
19766946 23
19793127 0
19807766 23
19833893 0
19848529 23
19874703 0
19895133 0
19909769 23
19936250 0
19950891 23
19976783 0
19991414 23
20017548 0
20032184 23
20058384 0
20073022 23
20099160 0
20113796 23
20139970 0
20160386 0
20175022 23
20201124 0
20215764 23
20241932 0
20256586 23
20282697 0
20303094 0
20317724 23
20343895 0
20358533 23
20384679 0
20399315 23
20425514 0
20440150 23
20466290 0
20480932 23
20507100 0
20521756 23
20547885 0
20562521 23
20588693 0
20603332 23
20629506 0
20644145 23
20670295 0
20684931 23
20711078 0
20725719 23
20751905 0
20766541 23
20792677 0
20807313 23
20833498 0
20848158 23
20874266 0
20894668 0
20909299 23
20935477 0
20950115 23
20976362 0
20991003 23
21017098 0
21031734 23
21057864 0
21072500 23
21098681 0
21113314 23
21139472 0
21154108 23
21180274 0
21194910 23
21221058 0
21235694 23
21261873 0
21276511 23
21302625 0
21317261 23
21343473 0
21358111 23
