49545616 0
49560386 23
49588365 0
49603001 23
49630935 0
49645573 23
49673493 0
49688125 23
49716119 0
49730755 23
49758652 0
49773293 23
49801261 0
49815915 23
49843839 0
49858475 23
49886420 0
49901058 23
49928999 0
49943629 23
49971720 0
49986356 23
50014259 0
50028897 23
50056872 0
50071503 23
50099453 0
50114089 23
50142042 0
50156680 23
50184606 0
50199244 23
50227231 0
50241867 23
50204234 0
50218874 23
50246824 0
50261460 23
50354911 0
50369547 23
50397496 0
50418807 0
50433446 23
50461355 0
50475986 23
50503947 0
50518583 23
50546516 0
50561157 23
50589080 0
50610376 0
50625012 23
50652909 0
50667563 23
50695506 0
50710145 23
50738073 0
50752709 23
50780670 0
50795301 23
50823211 0
50837852 23
50865780 0
50880416 23
50908351 0
50922982 23
50950967 0
50965608 23
50993604 0
51008240 23
51036213 0
51050851 23
51078787 0
51093379 23
51121363 0
51135955 23
51163952 0
51178588 23
51009937 0
51031247 0
51045885 23
51270426 0
51285062 23
51313001 0
51327632 23
51355565 0
51370206 23
51398175 0
51412811 23
51440715 0
51455345 23
51483329 0
51497967 23
51525879 0
51540515 23
51568474 0
51583128 23
51611027 0
51625669 23
51653641 0
51668277 23
51696188 0
51710819 23
51738807 0
51753446 23
51781377 0
51796013 23
51823966 0
51838602 23
51866515 0
51881156 23
51909121 0
51923758 23
51951679 0
51966315 23
51994299 0
52008937 23
52037187 0
52051825 23
52079482 0
52094118 23
52122029 0
52136746 23
52164617 0
52179248 23
52207172 0
52221808 23
52249759 0
52264398 23
52292319 0
52306950 23
52334899 0
52356196 0
52370850 23
52398756 0
52413397 23
52441358 0
52455994 23
52483907 0
52498537 23
52526515 0
52541154 23
52569061 0
52583699 23
52611648 0
52626279 23
52654210 0
52668851 23
52696822 0
52711458 23
52739381 0
52754017 23
52781996 0
52796634 23
52824538 0
52839211 23
52867161 0
52881797 23
52909741 0
52924381 23
52952336 0
52966966 23
52994896 0
53016181 0
53030811 23
53058775 0
53073413 23
53101348 0
53122613 0
53137249 23
53165239 0
53179875 23
53207804 0
53222464 23
53250392 0
53265028 23
53292955 0
53314234 0
53328870 23
53356839 0
53371477 23
53399407 0
53414038 23
53442000 0
53456636 23
53484568 0
53505845 0
53520486 23
53548456 0
53563092 23
53591010 0
53605646 23
53633596 0
53648234 23
53676168 0
53690804 23
53718758 0
53733394 23
53761323 0
53775964 23
53803920 0
53818551 23
53846485 0
53861122 23
53889094 0
53903734 23
53931689 0
53946319 23
53974267 0
53988903 23
54016856 0
54038111 0
54052752 23
54080730 0
54095366 23
54123409 0
54138016 23
54165982 0
54180618 23
54208560 0
54223196 23
54251174 0
54265805 23
54293728 0
54308369 23
54336335 0
54350971 23
54378922 0
54393558 23
54421496 0
54436135 23
54464072 0
54478708 23
54506689 0
54521325 23
54549258 0
54563901 23
54591862 0
54606498 23
54634432 0
54649068 23
54677032 0
54691671 23
54719603 0
54734234 23
54762196 0
54776832 23
54804751 0
54819394 23
54847349 0
54862003 23
54889920 0
54904557 23
54932482 0
54947121 23
54975066 0
54996325 0
55010961 23
55038945 0
55052807 23
55081497 0
55096137 23
55124084 0
55138720 23
55166717 0
55181355 23
55209322 0
55223960 23
55251874 0
55266510 23
55294481 0
55309117 23
55337049 0
55351690 23
55379665 0
55394301 23
55422230 0
55436866 23
55464821 0
55479460 23
55507395 0
55522025 23
55550017 0
55564653 23
55592564 0
55607205 23
55635173 0
55649804 23
55677757 0
55692393 23
55720334 0
55741663 0
55756302 23
55784202 0
55798839 23
55826821 0
55841452 23
55869413 0
55884055 23
55912014 0
55926650 23
55954566 0
55969199 23
55997190 0
56011829 23
56039758 0
56054394 23
56082388 0
56097024 23
56124966 0
56139606 23
56167562 0
56182200 23
56210163 0
56224799 23
56252777 0
56267413 23
56267406 0
56309940 23
56337927 0
56352563 23
56380497 0
56395139 23
56423093 0
56437723 23
56465682 0
56480318 23
56508288 0
56522927 23
56550823 0
56565477 23
56593443 0
56608079 23
56635998 0
56650639 23
56678597 0
56699918 0
56714554 23
56742477 0
56757110 23
56785099 0
56799738 23
56827639 0
56842275 23
56870279 0
56891566 0
56906202 23
56934160 0
56948803 23
56976786 0
56991422 23
57019358 0
57033994 23
57061968 0
57083283 0
57097921 23
57125856 0
57140490 23
57168467 0
57183103 23
57211027 0
57225662 23
57253644 0
57274959 0
57289590 23
57317541 0
57332271 23
57360152 0
57374790 23
57402694 0
57417348 23
57445322 0
57466610 0
57481264 23
57509182 0
57523824 23
57551801 0
57566437 23
57594344 0
57608974 23
57658260 0
57672892 23
57700836 0
57715472 23
57743454 0
57758090 23
57786017 0
57800658 23
57828623 0
57849933 0
57864569 23
57892502 0
57907138 23
57935116 0
57949754 23
57977691 0
57999451 0
58014087 23
58041621 0
58056257 23
58084188 0
58098829 23
58126801 0
58141431 23
58169366 0
58184004 23
58211982 0
58226621 23
58254573 0
58269227 23
58297191 0
58311827 23
58339786 0
58354454 23
58382374 0
58397005 23
58424950 0
58439586 23
58467564 0
58482203 23
58510141 0
58524772 23
58552753 0
58567389 23
58595347 0
58609989 23
58637969 0
58652605 23
58680564 0
58695200 23
58723208 0
58737846 23
58765771 0
58780407 23
58808408 0
58823044 23
58851006 0
58865641 23
58893623 0
58908259 23
58936222 0
58950858 23
58978840 0
58993473 23
59021418 0
59036054 23
59064042 0
59078680 23
59106633 0
59121293 23
59149254 0
59163890 23
59191841 0
59206477 23
59234462 0
59249097 23
59277233 0
59291869 23
59319454 0
59334090 23
59362028 0
59376665 23
59404637 0
59419273 23
59447225 0
59461861 23
59489837 0
59504475 23
59532392 0
59547028 23
59575016 0
59589652 23
59617608 0
59632249 23
59660211 0
59674847 23
59702805 0
59717437 23
59745405 0
59760044 23
59788004 0
59809283 0
59823919 23
59851907 0
59866543 23
59894511 0
59909146 23
59937102 0
59951738 23
60000985 0
60015620 23
60043612 0
60058251 23
60086312 0
60100942 23
60128906 0
60143544 23
60171498 0
60186142 23
60214141 0
60228773 23
60256709 0
60271345 23
60299346 0
60313987 23
60342235 0
60356871 23
60384368 0
60399004 23
60426962 0
60441630 23
60469586 0
60484222 23
60512164 0
60526800 23
60554778 0
60569411 23
60597375 0
60612011 23
60639957 0
60654593 23
60682546 0
60697182 23
60725176 0
60739812 23
60767745 0
60782381 23
60810383 0
60825040 23
60852960 0
60867596 23
60895549 0
60910185 23
60938139 0
60952774 23
60980765 0
60995401 23
61023341 0
61037977 23
61065977 0
61087285 0
61101924 23
61129884 0
61144520 23
61172485 0
61187121 23
61215084 0
61229725 23
61257708 0
61279027 0
61293663 23
61321626 0
61336262 23
61364233 0
61378871 23
61406835 0
61421465 23
61449476 0
61464112 23
61492062 0
61506703 23
61534707 0
61549337 23
61577319 0
61591955 23
61619946 0
61634584 23
61662557 0
61677211 23
61705184 0
61719820 23
61747770 0
61762412 23
61790430 0
61805060 23
61833024 0
61854325 0
61868956 23
61896952 0
61911593 23
61939550 0
61954186 23
61982178 0
61981966 23
62024783 0
62046080 0
62060722 23
62088710 0
62103348 23
62131301 0
62145937 23
62173841 0
62188590 23
62216547 0
62237833 0
62252469 23
62280473 0
62295109 23
62323066 0
