20620586 131
20620808 52
20629585 133
20632857 134
20636042 135
20730819 131
20731041 116
20745725 133
20751884 134
20757957 135
20833542 131
20833764 92
20846203 133
20851279 134
20856269 135
20933309 131
20933531 36
20940635 133
20943185 134
20945648 135
21041741 131
21041963 76
21052872 133
21057226 134
21061495 135
21145794 131
21146016 68
21156174 133
21160166 134
21164073 135
21250642 131
21250864 68
21261018 133
21265011 134
21268919 135
21356098 131
21356320 76
21367224 133
21371579 134
21375847 135
21462364 131
21462586 92
21475007 133
21480083 134
21485073 135
21567103 131
21567325 92
21579743 133
21584820 134
21589810 135
21671623 131
21671845 68
21681998 133
21685992 134
21689899 135
21775273 131
21775495 76
21786409 133
21790761 134
21795030 135
21882951 131
21883173 68
21893345 133
21897338 134
21901245 135
21992288 131
21992511 124
22007949 133
22014470 134
22020898 135
22086093 131
22086315 36
22093421 133
22095969 134
22098432 135
22196547 131
22196769 100
22209943 133
22215381 134
22220727 135
22299939 131
22300161 84
22311825 133
22316540 134
22321170 135
22405385 131
22405607 92
22418048 133
22423123 134
22428113 135
22507367 131
22507589 60
22516988 133
22520620 134
22524167 135
22612100 131
22612322 60
22621721 133
22625354 134
22628900 135
22715512 131
22715734 44
22723625 133
22726535 134
22729359 135
22827323 131
22827546 124
22842984 133
22849505 134
22855939 135
22928590 131
22928813 84
22940471 133
22945186 134
22949815 135
23029779 131
23030002 44
23037896 133
23040804 134
23043628 135
23133866 131
23134088 36
23141186 133
23143735 134
23146199 135
23243581 131
23243804 92
23256222 133
23261299 134
23266283 135
23345562 131
23345785 60
23355186 133
23358817 134
23362363 135
23448867 131
23449089 44
23456979 133
23459889 134
23462708 135
23552957 131
23553179 36
23560282 133
23562832 134
23565295 135
23661964 131
23662187 84
23673855 133
23678568 134
23683197 135
23768911 131
23769133 108
23783062 133
23788860 134
23794567 135
23868648 131
23868870 52
23877515 133
23880786 134
23883972 135
23974177 131
23974399 60
23983800 133
23987426 134
23990972 135
24078864 131
24079087 60
24088485 133
24092118 134
24095664 135
24183704 131
24183927 60
24193325 133
24196958 134
24200504 135
24293378 131
24293600 116
24308289 133
24314441 134
24320515 135
24398168 131
24398391 116
24413074 133
24419234 134
24425307 135
24499330 131
24499552 76
24510461 133
24514833 134
24519102 135
24605574 131
24605797 92
24618218 133
24623293 134
24628283 135
24706005 131
24706227 44
24714111 133
24717021 134
24719846 135
24815067 131
24815289 92
24827708 133
24832784 134
24837775 135
24916227 131
24916450 52
24925098 133
24928367 134
24931552 135
25023155 131
25023378 76
25034286 133
25038659 134
25042927 135
25129281 131
25129503 92
25141923 133
25146999 134
25151989 135
25234801 131
25235023 100
25248199 133
25253636 134
25258987 135
25340921 131
25341143 116
25355826 133
25361986 134
25368077 135
25443586 131
25443809 92
25456227 133
25461304 134
25466294 135
25550418 131
25550640 116
25565347 133
25571504 134
25577578 135
25653783 131
25654005 100
25667179 133
25672616 134
25677967 135
25755650 131
25755873 68
25766020 133
25770013 134
25773921 135
25863281 131
25863503 100
25876679 133
25882115 134
25887461 135
25962281 131
25962504 36
25969608 133
25972157 134
25974620 135
26067084 131
26067306 36
26074409 133
26076958 134
26079422 135
26172528 131
26172750 44
26180643 133
26183551 134
26186376 135
26280172 131
26280394 76
26291303 133
26295657 134
26299926 135
26382723 131
26382945 52
26391590 133
26394861 134
26398046 135
26489670 131
26489892 76
26500803 133
26505157 134
26509425 135
26594341 131
26594563 76
26605472 133
26609821 134
26614089 135
26697714 131
26697937 60
26707335 133
26710968 134
26714514 135
26800253 131
26800475 36
26807602 133
26810149 134
26812612 135
26910033 131
26910255 92
26922673 133
26927750 134
26932740 135
27011184 131
27011406 52
27020049 133
27023321 134
27026506 135
27118810 131
27119032 84
27130698 133
27135411 134
27140040 135
27219212 131
27219434 36
27226538 133
27229088 134
27231551 135
27324735 131
27324957 44
27332863 133
27335774 134
27338598 135
27437034 131
27437256 52
27445904 133
27449173 134
27452359 135
27541276 131
27541499 124
27556937 133
27563458 134
27569892 135
27643223 131
27643445 60
27652845 133
27656480 134
27660043 135
27750726 131
27750949 124
27766390 133
27772909 134
27779343 135
27847576 131
27847798 36
27854919 133
27857468 134
27859932 135
27957347 131
27957569 92
27969987 133
27975064 134
27980054 135
28062028 131
28062250 92
28074674 133
28079749 134
28084739 135
28169632 131
28169855 124
28185288 133
28191880 134
28198315 135
28269342 131
28269565 68
28279718 133
28283712 134
28287619 135
28372696 131
28372918 52
28381582 133
28384853 134
28388038 135
28483747 131
28483969 124
28499409 133
28505929 134
28512358 135
28588503 131
28588725 124
28604164 133
28610684 134
28617119 135
28690329 131
28690551 92
28702974 133
28708043 134
28713033 135
28795078 131
28795301 92
28807719 133
28812796 134
28817786 135
28901169 131
28901394 108
28915317 133
28921115 134
28926828 135
29001650 131
29001872 60
29011273 133
29014905 134
29018451 135
29104890 131
29105112 44
29113001 133
29115911 134
29118736 135
29208912 131
29209135 36
29216238 133
29218814 134
29221278 135
29315018 131
29315240 52
29323889 133
29327158 134
29330344 135
29425440 131
29425662 116
29440340 133
29446500 134
29452573 135
29526551 131
29526774 76
29537682 133
29542037 134
29546305 135
29628464 131
29628687 44
29636578 133
29639487 134
29642311 135
29738784 131
29739006 108
29752936 133
29758752 134
29764465 135
29842813 131
29843035 100
29856209 133
29861646 134
29866997 135
29946758 131
29946981 92
29959398 133
29964473 134
29969463 135
30049370 131
30049592 68
30059745 133
30063739 134
30067646 135
30156848 131
30157070 100
30170244 133
30175682 134
30181033 135
30258040 131
30258262 60
30267663 133
30271295 134
30274915 135
30367642 131
30367864 116
30382548 133
30388707 134
30394781 135
30472379 131
30472601 116
30487279 133
30493439 134
30499512 135
30569915 131
30570137 36
30577245 133
30579793 134
30582256 135
30681773 131
30681996 116
30696679 133
30702839 134
30708912 135
30785726 131
30785948 108
30799877 133
30805670 134
30811382 135
30889024 131
30889246 92
30901667 133
30906743 134
30911733 135
30992951 131
30993173 84
31004856 133
31009571 134
31014201 135
31094140 131
31094362 44
31102250 133
31105161 134
31107985 135
31203746 131
31203968 100
31217146 133
31222582 134
31227933 135
31310624 131
31310846 124
31326361 133
31332898 134
31339333 135
31409576 131
31409798 60
31419197 133
31422830 134
31426376 135
31519995 131
31520217 124
31535653 133
31542172 134
31548606 135
31618964 131
31619186 60
31628585 133
31632217 134
31635763 135
31726537 131
31726760 92
31739178 133
31744255 134
31749245 135
31826930 131
31827152 44
31835046 133
31837954 134
31840779 135
31936618 131
31936840 100
31950013 133
31955451 134
31960802 135
32042656 131
32042878 116
32057556 133
32063715 134
32069789 135
32143824 131
32144046 76
32154957 133
32159311 134
32163579 135
32247736 131
32247958 68
32258113 133
32262106 134
32266013 135
32352453 131
32352675 68
32362899 133
32366893 134
32370800 135
32461330 131
32461553 116
32476241 133
32482398 134
32488471 135
32564620 131
32564842 100
32578033 133
32583471 134
32588822 135
32666402 131
32666624 68
32676779 133
32680772 134
32684679 135
32769701 131
32769923 52
32778569 133
32781840 134
32785025 135
32873606 131
32873828 44
32881717 133
32884627 134
32887452 135
32979740 131
32979963 60
32989361 133
32992994 134
32996540 135
33082212 131
33082434 36
33089543 133
33092090 134
33094553 135
33186916 131
33187138 36
33194241 133
33196791 134
33199254 135
33294397 131
33294619 68
33304773 133
33308766 134
33312673 135
33399821 131
33400043 76
33410954 133
33415308 134
33419576 135
33508675 131
33508897 124
33524337 133
33530857 134
33537291 135
33614952 131
33615175 100
33628366 133
33633804 134
33639155 135
33717292 131
33717514 116
33732202 133
33738360 134
33744433 135
33819126 131
33819348 84
33831012 133
33835727 134
33840356 135
33919455 131
33919677 36
33926781 133
33929331 134
33931794 135
34029165 131
34029387 92
34041808 133
34046883 134
34051874 135
34130937 131
34131159 60
34140558 133
34144190 134
34147755 135
34237066 131
34237288 76
34248197 133
34252551 134
34256819 135
34343101 131
34343324 92
34355748 133
34360822 134
34365812 135
34446382 131
34446604 76
34457513 133
34461867 134
34466136 135
34548873 131
34549095 52
34557738 133
34561010 134
34564195 135
34655712 131
34655934 76
34666845 133
34671193 134
34675461 135
34756745 131
34756967 36
34764071 133
34766621 134
34769084 135
34864310 131
34864533 68
34874681 133
34878674 134
34882581 135
34973872 131
34974094 124
34989537 133
34996055 134
35002508 135
35072169 131
35072391 52
35081035 133
35084306 134
35087491 135
35175321 131
35175544 36
35182648 133
35185197 134
