10008741 191
10011008 130
10011361 66
10015300 191
10017562 130
10018356 66
10021866 191
10024211 130
10024940 133
10028771 133
10028895 191
10029366 66
10030722 130
10032598 130
10034932 191
10036100 66
10037304 130
10039120 130
10040877 134
10041182 66
10043087 191
10045306 130
10046291 134
10046596 66
10051404 134
10052245 133
10054417 133
10054542 191
10056200 130
10056554 66
10060773 133
10062405 134
10062901 191
10065165 130
10065519 66
10070003 133
10072113 133
10072436 134
10074768 166
10075776 191
10078103 130
10079216 133
10079502 66
10083704 133
10087275 166
10087851 191
10090245 130
10091719 133
10092004 66
10096142 133
10100238 191
10102504 130
10102858 66
10106818 133
10108655 134
10109469 166
10111543 191
10113672 133
10113836 130
10114189 66
10118445 133
10122022 166
10123818 191
10126218 133
10126381 130
10126735 66
10130695 133
10134266 166
10134817 191
10137077 130
10138451 133
10139000 66
10142274 166
10143894 191
10146250 130
10149436 133
10149986 66
10153058 191
10153422 166
10155314 130
10157063 66
10162050 191
10163355 133
10164252 130
10165391 133
10167423 66
10170450 166
10171187 191
10173451 130
10174251 66
10180118 133
10181727 134
10182772 166
10186602 133
10189257 166
10191963 191
10193462 133
10194192 130
10194545 66
10198482 133
10202060 166
10202373 191
10204714 130
10206268 133
10206817 66
10210091 166
10211522 191
10213843 130
10217298 133
10217848 66
10221122 166
10224184 191
10226567 130
10228302 133
10228851 66
10232125 166
10233346 191
10235611 130
10235964 66
10241930 133
10245276 166
10247368 191
10249497 133
10249661 130
10250014 66
10253953 133
10257525 166
10258529 191
10260856 130
10261688 133
10262238 66
10265512 166
10267693 191
10270064 130
10272702 133
10273251 66
10276525 166
10276884 191
10279149 130
10280324 66
10285873 191
10286630 133
10288191 130
10289081 133
10291009 66
10294035 166
10295035 191
10297300 130
10297839 66
10303712 133
10307052 166
10308309 191
10310630 130
10311191 133
10311741 66
10315015 166
10317450 191
10319809 130
10322175 133
10322725 66
10325999 166
10328833 191
10331184 130
10333190 133
10333739 66
10337013 166
10338000 191
10340265 130
10340811 66
10346704 133
10350049 166
10353854 133
10356504 166
10359751 191
10360707 133
10362165 130
10362518 66
10366455 133
10370029 166
10370167 191
10372547 130
10374192 133
10374741 66
10378015 166
10379355 191
10381638 130
10381991 66
10388144 133
10391489 166
10395319 133
10397973 166
10399492 191
10401758 130
10402111 66
10408509 191
10410857 130
10412873 133
10413159 66
10417068 133
10420657 166
10421519 191
10423897 130
10424820 133
10425371 66
10428645 166
10433646 191
10435866 133
10436030 130
10436383 66
10440320 133
10443894 166
10445151 191
10447472 130
10448033 133
10448583 66
10451857 166
10457104 191
10459054 133
10459361 130
10459715 66
10463675 133
10467247 166
10469430 191
10471469 133
10471680 130
10472034 66
10475973 133
10479550 166
10480648 191
10482969 130
10483713 133
10484261 66
10487529 166
10489734 191
10492076 130
10494713 133
10495265 66
10498539 166
10498937 191
10501199 130
10502340 66
10507942 191
10508628 133
10510349 130
10512325 66
10515920 133
10519492 166
10521019 191
10523690 133
10523853 130
10524207 66
10528144 133
10531716 166
10532378 191
10534708 130
10535902 133
10536451 66
10539725 166
10541514 191
10543857 130
10546893 133
10547442 66
10550758 191
10550879 166
10552968 130
10554532 66
10559769 191
10560845 133
10561969 130
10563653 133
10564909 66
10567936 166
10568898 191
10571163 130
10571739 66
10577869 133
10579270 134
10581159 133
10583027 191
10585427 130
10585877 66
10589626 133
10591461 134
10592279 166
10593383 191
10595705 130
10596447 133
10596996 66
10600270 166
10602572 191
10604907 130
10607454 133
10608004 66
10611278 166
10611768 191
10614027 130
10615080 66
10621227 133
10621352 191
10623126 130
10625091 133
10625748 66
10628846 166
10629961 191
10632226 130
10632644 66
10638535 133
10640144 134
10641188 166
10645275 133
10647696 133
10647821 191
10649500 130
10649854 66
10653814 133
10657386 166
10657622 191
10659995 130
10661549 133
10662099 66
10665373 166
10666835 191
10669129 130
10672584 133
10673134 66
10676084 191
10676570 166
10678288 130
10680207 66
10685052 191
10686502 133
10687293 130
10688810 133
10690858 66
10693885 166
10694221 191
10696486 130
10697690 66
10703286 191
10703972 133
10705486 130
10705557 134
10706200 66
10709880 133
10711715 134
10712533 166
10715237 191
10716735 133
10717494 130
10717848 66
10721785 133
10725357 166
10729158 133
10731811 166
10734516 191
10736015 133
10736767 130
10737120 66
10741059 133
10744631 166
10745240 191
10747601 130
10748789 133
10749338 66
10752612 166
10759672 133
10761866 133
10764518 166
10765503 191
10767767 130
10768120 66
10774505 191
10776854 130
10778499 133
10779048 66
10782322 166
10783703 191
10785975 130
10786328 66
10792548 133
10795899 166
10799700 133
10802353 166
10803085 191
10805351 130
10805704 66
10813517 191
10816091 133
10816255 130
10816609 66
10820571 133
10824143 166
10825671 191
10828341 133
10828505 130
10828858 66
10833052 133
10834646 191
10836907 130
10837261 66
10841221 133
10844795 166
10846549 191
10849040 133
10849204 130
10849558 66
10853520 133
10857092 166
10861152 133
10862559 133
10865211 166
10865860 191
10868209 130
10869403 133
10869952 66
10873226 166
10874978 191
10877356 130
10880386 133
10880936 66
10884247 191
10884373 166
10886437 130
10888009 66
10893223 191
10894297 133
10895440 130
10896522 133
10898360 66
10901387 166
10902375 191
10904637 130
10905191 66
10911082 133
10914429 166
10918231 133
10920885 166
10922598 191
10925089 133
10925252 130
10925606 66
10929566 133
10933138 166
10933924 191
10937149 133
10939800 166
10943045 191
10945308 130
10945662 66
10952045 191
10954400 130
10956045 133
10956594 66
10959868 166
10961180 191
10963443 130
10963796 66
10969933 133
10973274 166
10977102 133
10979754 166
10982465 191
10984731 130
10985085 66
10991471 191
10993821 130
10995466 133
10996015 66
10999289 166
11000598 191
11002862 130
11003215 66
11009349 133
11012713 166
11016515 133
11019167 166
11021554 191
11023817 130
11024171 66
11033723 191
11034589 133
11035985 130
11036339 66
11040301 133
11043872 166
11045693 191
11048093 133
11048257 130
11048610 66
11052571 133
11056142 166
11057761 191
11060340 133
11060504 130
11060858 66
11064818 133
11068392 166
11072451 133
11072576 191
11074357 130
11074710 66
11078643 133
11082215 166
11082767 191
11085094 130
11086378 133
11086927 66
11090201 166
11091935 191
11094327 130
11097363 133
11097912 66
11101228 191
11101349 166
11103388 130
11104993 66
11110206 191
11111282 133
11112391 130
11113605 133
11115343 66
11118370 166
11119319 191
11121583 130
11122171 66
11128044 133
11131387 166
11135212 133
11137863 166
11139396 191
11142060 133
11142224 130
11142578 66
11146538 133
11150110 166
11151841 191
11154332 133
11154496 130
11154849 66
11158788 133
11162360 166
11164158 191
11166558 133
11166722 130
11167075 66
11171012 133
11174589 166
11178389 133
11181044 166
11187554 191
11189820 130
11190173 66
11200167 133
11202819 166
11213133 191
11215396 130
11215749 66
11224913 191
11226139 133
11227229 130
11227583 66
11250737 191
11253001 130
11253354 66
11257315 133
11260886 166
11261672 191
11264013 130
11265025 133
11265575 66
11268849 166
11270833 191
11273233 130
11276053 133
11276600 66
11279874 166
11284429 191
11287100 133
11287264 130
11287617 66
11291554 133
11295125 166
11296127 191
11298454 130
11299286 133
11299836 66
11303110 166
11305318 191
11307659 130
11310297 133
11310846 66
11314120 166
11314533 191
11316795 130
11317924 66
11323549 191
11324235 133
11326086 130
11327790 66
11331771 133
11333606 134
11334421 166
11337062 191
11338644 133
11339302 130
11339795 66
11343640 133
11347212 166
11349280 191
11351410 133
11351574 130
11351927 66
11355864 133
11359441 166
11360227 191
11362568 130
11363580 133
11364130 66
11367404 166
11369381 191
11371742 130
11374562 133
11375112 66
11378386 166
11378516 191
11380778 130
11382186 66
11388317 133
11389719 133
11392371 166
11394083 191
11396574 133
11396738 130
11397230 66
11401075 133
11404665 166
11405739 191
11408062 130
11408804 133
11409352 66
11412626 166
11414886 191
11417264 130
11419811 133
11420360 66
11423634 166
11424084 191
11426343 130
11427441 66
11433594 133
11433719 191
11435417 130
11437763 133
11438401 66
11441499 166
11442277 191
11444538 130
11445392 66
11451522 133
11451647 191
11453489 130
11453553 134
11454100 66
11457877 133
11459712 134
11460525 166
11462871 191
11464729 133
11465133 130
11465486 66
11469675 133
11472071 133
11472195 191
11474082 130
11474478 66
11478141 133
11479976 134
11480790 166
11483496 191
11484993 133
11485702 130
11486055 66
11489992 133
11493564 166
11497389 133
11500043 166
11503849 133
11506503 166
11506750 191
11509015 130
11509369 66
11515707 191
11518079 130
11519723 133
11520273 66
11523547 166
11524903 191
11527175 130
11527528 66
0 0
