10621046 191
10623980 130
10624333 86
10628485 191
10631414 130
10632312 86
10635929 191
10638918 130
10640272 133
10643766 86
10645155 191
10647012 166
10648029 130
10651211 86
10655149 191
10658075 130
10659054 133
10662547 86
10662776 191
10665701 130
10665899 166
10666270 130
10669858 86
10670087 191
10673109 130
10673777 130
10675589 134
10675894 86
10677527 191
10680440 130
10681966 134
10682271 86
10684920 191
10687844 130
10688361 134
10688666 86
10692387 191
10694565 134
10694870 86
10695321 130
10699768 191
10700930 134
10701235 86
10702793 130
10707188 191
10707296 134
10707601 86
10710250 130
10713501 134
10714618 191
10717661 130
10718403 133
10718953 86
10722242 191
10723226 166
10725129 130
10726946 86
10729663 191
10732645 130
10734745 133
10736365 134
10736773 86
10739471 166
10741881 191
10744922 130
10748637 133
10749186 86
10752690 191
10753459 166
10755572 130
10757173 86
10763308 191
10765106 133
10766393 130
10766977 134
10767385 86
10772184 133
10774074 134
10775503 166
10780236 133
10783557 166
10785722 191
10788731 133
10791747 133
10795069 166
10796451 191
10799383 130
10799737 86
10807067 191
10810089 130
10812004 133
10812553 86
10816658 166
10817874 191
10820933 130
10824799 133
10825348 86
10828710 191
10829621 166
10831602 130
10833337 86
10839242 191
10841271 133
10842170 130
10843198 133
10845361 86
10848445 166
10850055 191
10852983 130
10857246 133
10857796 86
10860857 191
10862069 166
10863774 130
10865785 86
10871398 191
10873717 133
10874326 130
10876580 133
10877804 86
10881313 166
10882202 191
10885133 130
10885487 86
10893240 133
10893365 191
10894810 134
10895832 130
10896185 86
10901030 133
10902920 134
10904349 166
10905428 191
10908473 130
10909396 133
10909945 86
10914056 166
10916244 191
10919289 130
10922197 133
10922746 86
10926857 166
10927044 191
10929974 130
10930740 86
10937682 191
10938657 133
10940743 130
10942374 86
10946870 133
10948760 134
10950190 166
10951124 191
10954066 130
10955259 133
10955808 86
10959919 166
10961823 191
10964881 130
10968060 133
10968609 86
10972776 191
10972883 166
10975552 130
10976601 86
10983255 191
10984518 133
10986166 130
10988235 86
10992737 133
10994627 134
10996056 166
10996991 191
10999958 130
11001151 133
11001700 86
11005811 166
11007738 191
11010768 130
11013946 133
11014496 86
11018665 191
11018772 166
11021487 130
11022493 86
11029170 191
11030432 133
11032099 130
11033419 133
11034520 86
11038101 166
11039969 191
11042985 130
11046525 133
11047074 86
11050813 191
11051347 166
11053709 130
11055066 86
11061421 191
11062973 133
11064320 130
11065030 133
11065356 134
11065764 86
11069809 166
11072197 191
11075223 130
11077945 133
11078494 86
11082605 166
11083013 191
11085945 130
11086485 86
11093637 191
11094395 133
11095808 134
11096555 130
11097202 86
11102339 133
11104229 134
11105659 166
11106307 191
11109288 130
11110752 133
11111301 86
11115412 166
11122728 191
11123594 133
11125626 130
11125979 86
11130826 133
11134474 166
11135572 191
11138525 130
11139538 133
11140087 86
11144193 166
11146326 191
11149335 130
11152333 133
11152883 86
11156994 166
11157136 191
11160066 130
11160875 86
11167748 191
11168794 133
11170676 130
11172460 133
11173169 86
11177104 166
11178550 191
11181548 130
11185270 133
11185817 86
11189404 191
11190090 166
11192289 130
11193811 86
11200005 191
11201719 133
11202897 130
11203299 134
11204000 86
11208769 133
11210659 134
11212086 166
11214994 191
11217214 133
11217891 130
11218245 86
11223114 133
11226763 166
11227928 191
11230881 130
11231803 133
11232352 86
11236463 166
11238647 191
11241697 130
11244605 133
11245154 86
11249265 166
11249445 191
11252375 130
11253146 86
11260088 191
11261149 133
11265102 133
11267473 133
11270791 166
11273400 191
11275891 133
11276283 130
11276636 86
11281503 133
11285152 166
11286499 191
11289542 130
11290194 133
11290743 86
11294854 166
11297253 191
11300273 130
11303282 133
11303568 86
11308911 133
11325588 191
11328519 130
11328873 86
11336446 134
11357554 133
11360873 166
11362945 191
11365978 133
11366141 130
11366636 86
11371388 133
11375037 166
11376655 191
11379950 133
11380022 130
11380615 86
11384702 166
11387427 191
11390480 130
11392846 133
11393396 86
11397507 166
11398225 191
11401157 130
11401510 86
11408907 191
11409663 133
11411789 130
11412501 133
11414041 86
11417149 166
11419662 191
11422665 130
11425934 133
11426483 86
11430656 191
11430757 166
11433396 130
11434470 86
11441141 191
11442403 133
11444008 130
11444282 134
11444691 86
11449489 133
11451379 134
11452805 166
11453453 191
11456438 130
11457992 133
11458541 86
11462652 166
11464217 191
11467254 130
11470788 133
11471337 86
11475076 191
11475610 166
11477977 130
11479330 86
11485681 191
11487234 133
11488581 130
11490189 133
11491326 86
11494864 166
11496455 191
11499490 130
11503284 133
11503833 86
11507263 191
11508106 166
11510180 130
11511827 86
11517871 191
11519753 133
11520793 130
11521339 134
11522040 86
11527084 133
11528974 134
11530403 166
11531777 191
11534815 130
11535467 133
11536016 86
11540127 166
11542559 191
11545562 130
11548289 133
11548839 86
11552950 166
11553354 191
11556285 130
11556828 86
11564010 191
11564767 133
11567045 130
11568314 133
11569149 86
11573039 166
11574767 191
11577777 130
11581227 133
11581776 86
11585587 191
11586049 166
11588503 130
11589764 86
11596216 191
11597696 133
11599109 130
11599276 134
11599826 86
11604503 133
11606393 134
11607818 166
11609645 191
11612947 133
11613111 130
11613464 86
11618309 133
11621963 166
11622669 191
11625697 130
11626980 133
11627530 86
11631641 166
11633435 191
11636444 130
11639805 133
11640353 86
11644238 191
11644626 166
11647165 130
11648342 86
11654860 191
11656267 133
11657772 130
11659993 86
11664495 133
11666403 134
11667813 166
11669977 191
11672918 133
11673084 130
11673437 86
11678305 133
11681955 166
11682741 191
11685736 130
11687020 133
11687569 86
11691680 166
11693464 191
11696461 130
11699820 133
11700370 86
11704306 191
11704645 166
11707199 130
11708365 86
11714932 191
11716267 133
11717808 130
11718834 133
11720652 86
11723737 166
11725684 191
11728698 130
11732487 133
11733036 86
11737147 166
11739497 191
11742496 130
11745313 133
11745863 86
11749974 166
11750311 191
11753237 130
11753852 86
11760957 191
11761786 133
11763199 134
11763843 130
11764335 86
11769088 133
11770978 134
11772403 166
11774478 191
11777510 133
11777674 130
11778027 86
11782872 133
11786521 166
11787710 191
11790687 130
11791609 133
11792159 86
11796270 166
11801168 191
11804471 133
11804635 130
11804989 86
11809833 133
11813481 166
11814032 191
11817081 130
11818545 133
11819095 86
11823206 166
11824813 191
11827808 130
11831348 133
11831897 86
11835629 191
11836170 166
11838537 130
11839888 86
11846267 191
11847820 133
11849145 130
11850758 133
11851907 86
11855445 166
11857021 191
11860071 130
11863860 133
11864409 86
11867771 191
11868682 166
11870683 130
11872402 86
11878351 191
11880310 133
11881247 130
11881949 133
11882693 134
11883101 86
11886706 166
11889126 191
11892128 130
11895216 133
11895766 86
11899932 191
11900040 166
11902849 130
11903754 86
11910545 191
11911666 133
11913079 134
11913456 130
11913948 86
11918701 133
11920591 134
11922020 166
11924117 191
11927149 133
11927313 130
11927669 86
11932507 133
11936159 166
11937415 191
11940391 130
11941224 133
11941773 86
11945884 166
11950216 191
11953169 130
11954003 133
11954550 86
11958661 166
11960960 191
11963984 130
11966802 133
11967351 86
11971462 166
11971768 191
11974683 130
11975346 86
11982378 191
11983280 133
11985287 130
11986944 133
11987665 86
11991577 166
11993188 191
11996218 130
11999758 133
12000307 86
12004046 191
12004580 166
12006912 130
12008299 86
12014654 191
12016207 133
12017520 130
12017787 134
12018335 86
12023018 133
12024908 134
12026334 166
12027595 191
12030571 130
12031404 133
12031953 86
12036064 166
12038326 191
12041387 130
12044206 133
12044754 86
12048865 166
12049131 191
12052060 130
12052745 86
12059797 191
12060700 133
12062716 130
12063987 133
12065088 86
12068669 166
12070563 191
12073595 130
12077044 133
12077594 86
12081400 191
12081867 166
12084287 130
12085581 86
12092028 191
12093506 133
12094898 130
12095093 134
12095501 86
12100323 133
12102213 134
12103641 166
12105918 191
12108773 133
12108936 130
12109290 86
12114134 133
12117786 166
12119427 191
12122722 133
12122794 130
12123387 86
12127469 166
12130191 191
12133200 130
12135658 133
12136206 86
12140317 166
12140997 191
12143923 130
12144277 86
12151648 191
12152334 133
12154530 130
12155240 133
12157017 86
12160236 166
12162409 191
12165406 130
12168855 133
12169405 86
12173209 191
12173678 166
12176132 130
12177392 86
12183820 191
12185298 133
12186739 130
12186878 134
12187426 86
12192103 133
12193993 134
12195423 166
12197792 191
12200553 133
12200717 130
12201071 86
12205915 133
12209567 166
12211208 191
12214184 130
12214655 133
12215205 86
12219316 166
12221971 191
12225023 130
0 0
