13474675 191
13477638 130
13477992 87
13483735 191
13486767 130
13490462 133
13491011 87
13495171 166
13495310 191
13498270 130
13499054 87
13506015 191
13507034 133
13508933 130
13510907 87
13515528 133
13519182 166
13520709 191
13523761 130
13524388 133
13524937 87
13529096 166
13531552 191
13534604 130
13537307 133
13537856 87
13542015 166
13542398 191
13545358 130
13545903 87
13553105 191
13553906 133
13556028 130
13557492 87
13562111 133
13564004 134
13565461 166
13567394 191
13570672 133
13570836 130
13571189 87
13576060 133
13579714 166
13581626 191
13584904 133
13585068 130
13585421 87
13590559 133
13594215 166
13594667 191
13597726 130
13599345 133
13599895 87
13604054 166
13605527 191
13608569 130
13612265 133
13612814 87
13616424 191
13617135 166
13619349 130
13620854 87
13627073 191
13628830 133
13630000 130
13630937 133
13632942 87
13636026 166
13637884 191
13640946 130
13644900 133
13645449 87
13648762 191
13649770 166
13651689 130
13653489 87
13659390 191
13661460 133
13662573 130
13663338 134
13663746 87
13668546 133
13670439 134
13671894 166
13673337 191
13676380 130
13677007 133
13677556 87
13681715 166
13684167 191
13687250 130
13689954 133
13690502 87
13694661 166
13696815 191
13699850 130
13702913 133
13703461 87
13707680 191
13707784 166
13710619 130
13711503 87
13718348 191
13719513 133
13721275 130
13722495 133
13723605 87
13727167 166
13729157 191
13732188 130
13735703 133
13736252 87
13740014 191
13740573 166
13742965 130
13744291 87
13750678 191
13752273 133
13753639 130
13754356 133
13754649 134
13755057 87
13759151 166
13761530 191
13764613 130
13767405 133
13767954 87
13772114 166
13774989 191
13778073 130
13780324 133
13780873 87
13785032 166
13785825 191
13788867 130
13793290 133
13793839 87
13798062 191
13798161 166
13800881 130
13801886 87
13808654 191
13809892 133
13811304 134
13811552 130
13811906 87
13816749 133
13818642 134
13820097 166
13821719 191
13824737 130
13825208 133
13825757 87
13829911 166
13832564 191
13835597 130
13838119 133
13838667 87
13842827 166
13843407 191
13846373 130
13846727 87
13854555 133
13854680 191
13857135 130
13858783 133
13859390 87
13863373 166
13864902 191
13867979 130
13871584 133
13872133 87
13875821 191
13876454 166
13878728 130
13880173 87
13886482 191
13888150 133
13889384 130
13889730 134
13890139 87
13894933 133
13896826 134
13898279 166
13899142 191
13902156 130
13903414 133
13903962 87
13908122 166
13909982 191
13913027 130
13916361 133
13916912 87
13920894 191
13921233 166
13923797 130
13924950 87
13932513 133
13935955 166
13936512 191
13939561 130
13941092 133
13941640 87
13945799 166
13947371 191
13950408 130
13954293 133
13954579 87
13958076 191
13959833 133
13960982 130
13961857 133
13964207 87
13967291 166
13968869 191
13971848 130
13976180 133
13976728 87
13980888 166
13981731 191
13984728 130
13989151 133
13989700 87
13993859 166
13994453 191
13997410 130
13997763 87
14005106 191
14005792 133
14007197 134
14008059 130
14008413 87
14013539 133
14015353 133
14016032 134
14018700 166
14020231 191
14023276 130
14023812 133
14024361 87
14028514 166
14031045 191
14034070 130
14036773 133
14037322 87
14041481 166
14041895 191
14044853 130
14045367 87
14052569 191
14053371 133
14055505 130
14057079 133
14058052 87
14061941 166
14063400 191
14066456 130
14070151 133
14070700 87
14074304 191
14075022 166
14077212 130
14078746 87
14084949 191
14086717 133
14087860 130
14088303 134
14088851 87
14093553 133
14095446 134
14096901 166
14098252 191
14101295 130
14102293 133
14102579 87
14107397 133
14111050 166
14111437 191
14114471 130
14116181 133
14116729 87
14120889 166
14122260 191
14125311 130
14129099 133
14129648 87
14133185 191
14133969 166
14136080 130
14137692 87
14145272 133
14148721 166
14149892 191
14152935 130
14153832 133
14154382 87
14158536 166
14160739 191
14163773 130
14167028 133
14167314 87
14171446 191
14172550 133
14174522 130
14176424 133
14177221 87
14181148 166
14182234 191
14185281 130
14189357 133
14189905 87
14193066 191
14194227 166
14196023 130
14197945 87
14203798 191
14205939 133
14206704 130
14207525 134
14208074 87
14212782 133
14214675 134
14216130 166
14217529 191
14220573 130
14221290 133
14221843 87
14226003 166
14228372 191
14231424 130
14234217 133
14234766 87
14238925 166
14239214 191
14242174 130
14242807 87
14249914 191
14250788 133
14252868 130
14254374 87
14258993 133
14260886 134
14262341 166
14263052 191
14266080 130
14267429 133
14267978 87
14272137 166
14273909 191
14276952 130
14280376 133
14280925 87
14284755 191
14285247 166
14287706 130
14288982 87
14295454 191
14296977 133
14298356 130
14299997 133
14301071 87
14304700 166
14306245 191
14309290 130
14313150 133
14313699 87
14317084 191
14318020 166
14320027 130
14321739 87
14327785 191
14329716 133
14331007 130
14331588 134
14332290 87
14337383 133
14339276 134
14340729 166
14341441 191
14344469 130
14345818 133
14346366 87
14350526 166
14352255 191
14355330 130
14358754 133
14359303 87
14363462 166
14366264 191
14369294 130
14371726 133
14372274 87
14376434 166
14377140 191
14380100 130
14380453 87
14387817 191
14388765 133
14390747 130
14392636 87
14397255 133
14399148 134
14400604 166
14401540 191
14404548 130
14405716 133
14406266 87
14410425 166
14412327 191
14415352 130
14418680 133
14419229 87
14423205 191
14423551 166
14426123 130
14427270 87
14433814 191
14435266 133
14436770 130
14439574 87
14444101 133
14445994 134
14447449 166
14448240 191
14451302 130
14452562 133
14453110 87
14457269 166
14459087 191
14462176 130
14465510 133
14466058 87
14469960 191
14470380 166
14472885 130
14474097 87
14480640 191
14482092 133
14483556 130
14485654 133
14486495 87
14490432 166
14491418 191
14494379 130
14498692 133
14499241 87
14502256 191
14503562 166
14505214 130
14507281 87
14513040 191
14515257 133
14515975 130
14516838 134
14517246 87
14522070 133
14523962 134
14525415 166
14527850 191
14530587 133
14530776 130
14531130 87
14535996 133
14539650 166
14540749 191
14543792 130
14544777 133
14545347 87
14549486 166
14551552 191
14554640 130
14557703 133
14558252 87
14562533 191
14562626 166
14565350 130
14566343 87
14573043 191
14574352 133
14576270 130
14577632 133
14578734 87
14582363 166
14583886 191
14586954 130
14590814 133
14591363 87
14594748 191
14595684 166
14597685 130
14599404 87
14605449 191
14607374 133
14608358 130
14609522 133
14609099 134
14610169 87
14614286 166
14616249 191
14619294 130
14622538 133
14623086 87
14627305 191
14627409 166
14630045 130
14631133 87
14637738 191
14639119 133
14640526 134
14640694 130
14641108 87
14645931 133
14647824 134
14649280 166
14654053 133
14657402 166
14662201 133
14665549 166
14667405 191
14670367 130
14670720 87
14678100 191
14681118 130
14683098 133
14683649 87
14687808 166
14688935 191
14692017 130
14696043 133
14696593 87
14699826 191
14700914 166
14702736 130
14704637 87
14710490 191
14712636 133
14713390 130
14715205 133
14716726 87
14719969 166
14721303 191
14724309 130
14728732 133
14729280 87
14733440 166
14734270 191
14737281 130
14741704 133
14742253 87
14746489 191
14746593 166
14749315 130
14750310 87
14756985 191
14758294 133
14759945 130
14760659 133
14762679 87
14765763 166
14767833 191
14770855 130
14774641 133
14775189 87
14778717 191
14779511 166
14781624 130
14783230 87
14789390 191
14791234 133
14792296 130
14792950 134
14793458 133
14794082 87
14798218 166
14800181 191
14803208 130
14806452 133
14807001 87
14811228 191
14811343 166
14813986 130
14815066 87
14821739 191
14823047 133
14824460 134
14824641 130
14825277 87
14829888 133
14831781 134
14833234 166
14835330 191
14838428 133
14838592 130
14839235 87
14844128 133
14847781 166
14849420 191
14852439 130
14852910 133
14853459 87
14857618 166
14863398 191
14865863 133
14866337 130
14866829 87
14871606 133
14875263 166
14876792 191
14879829 130
14880365 133
14880914 87
14885073 166
14887582 191
14890604 130
14893307 133
14893855 87
14898015 166
14898424 191
14901383 130
14901897 87
14909104 191
14909906 133
14912029 130
14912910 133
14914292 87
14917649 166
14919927 191
14922961 130
14926296 133
14926845 87
14930827 191
14931166 166
14933735 130
14934884 87
14941481 191
14942875 133
14944385 130
14944459 134
14944868 87
14949691 133
14951584 134
14953036 166
14955224 191
14958232 133
14958396 130
14958750 87
14963619 133
14967275 166
14971419 191
14972439 133
14974315 130
14974669 87
14979541 133
14983195 166
14983617 191
14986639 130
14988349 133
14988897 87
14993057 166
14994463 191
14997505 130
15001291 133
15001840 87
15005309 191
15006161 166
15008268 130
15009904 87
15015973 191
15017903 133
15018923 130
15020673 133
15022031 133
15022846 87
15026842 191
15026946 166
15029770 130
15030664 87
15037505 191
15038669 133
15040081 134
15040424 130
15040917 87
15045694 133
15047587 134
15049038 166
15050570 191
15053547 130
15054173 133
15054722 87
15058882 166
15061364 191
15064393 130
15067096 133
15067645 87
15071804 166
15072214 191
15075170 130
15075704 87
15082883 191
0 0
