10726411 191
10729411 130
10729764 88
10733941 191
10736924 130
10737842 88
10741526 191
10744581 130
10745939 133
10749419 88
10750808 191
10752665 166
10753754 130
10756939 88
10760968 191
10763961 130
10764937 133
10768402 88
10769958 191
10771514 166
10772949 130
10775918 88
10780686 191
10784011 133
10784174 130
10785562 133
10786392 134
10786801 88
10790271 166
10791674 191
10794669 130
10799413 133
10799699 88
10802493 191
10805025 133
10805465 130
10806892 134
10807300 88
10812180 133
10814094 134
10815562 166
10817364 191
10820756 133
10820920 130
10821273 88
10826476 133
10830132 166
10831749 191
10834815 130
10835286 133
10835836 88
10840038 166
10842704 191
10845822 130
10848278 133
10848828 88
10853030 166
10853684 191
10856681 130
10857035 88
10864531 191
10865362 133
10867480 130
10868196 133
10869456 88
10872971 166
10875469 191
10878558 130
10881551 133
10882100 88
10886302 166
10886461 191
10889455 130
10890193 88
10897249 191
10898296 133
10899704 134
10900241 130
10900595 88
10905555 133
10907451 134
10908937 166
10909585 191
10912656 130
10914120 133
10914669 88
10918871 166
10920544 191
10923658 130
10927107 133
10927657 88
10931554 191
10932021 166
10934538 130
10935745 88
10942333 191
10943812 133
10945330 130
10946149 133
10947926 88
10951145 166
10953326 191
10956416 130
10959955 133
10960505 88
10964328 191
10964869 166
10967299 130
10968591 88
10975110 191
10976660 133
10978083 130
10978803 133
10978380 134
10979450 88
10983610 166
10986072 191
10989149 130
10991876 133
10992426 88
10996628 166
10997076 191
11000066 130
11000512 88
11007833 191
11008593 133
11010310 134
11010796 130
11011149 88
11016085 133
11017980 134
11019468 166
11021474 191
11024688 133
11024852 130
11025205 88
11030141 133
11033799 166
11034657 191
11037738 130
11038933 133
11039480 88
11043682 166
11045562 191
11048655 130
11051924 133
11052473 88
11056730 191
11056838 166
11059537 130
11060560 88
11067301 191
11068635 133
11070396 130
11072222 88
11076927 133
11078822 134
11080313 166
11081393 191
11084439 130
11085452 133
11086001 88
11090203 166
11092329 191
11095450 130
11098730 133
11099015 88
11103147 191
11104319 133
11106104 130
11107674 133
11108986 88
11112434 166
11114094 191
11117191 130
11121076 133
11121625 88
11125072 191
11125989 166
11128056 130
11129715 88
11135850 191
11137808 133
11138806 130
11139389 134
11139798 88
11144681 133
11146577 134
11148067 166
11150682 191
11153264 133
11153618 130
11153972 88
11158909 133
11162566 166
11164544 191
11167756 133
11167920 130
11168273 88
11173208 133
11176865 166
11177319 191
11180400 130
11182044 133
11182593 88
11186795 166
11188271 191
11191342 130
11195064 133
11195612 88
11199207 191
11199976 166
11202198 130
11203696 88
11209999 191
11211767 133
11212985 130
11215483 88
11220078 133
11221973 134
11223461 166
11227296 191
11228706 133
11230297 130
11230941 88
11235900 133
11239560 166
11240203 191
11243274 130
11244738 133
11245290 88
11249493 166
11251130 191
11254216 130
11257755 133
11258305 88
11262202 191
11262669 166
11265131 130
11266392 88
11272924 191
11274473 133
11275935 130
11278220 133
11278866 88
11282891 166
11283910 191
11287027 130
11291128 133
11291677 88
11294902 191
11296041 166
11297870 130
11299762 88
11305658 191
11307833 133
11308608 130
11309762 133
11310216 134
11310624 88
11314500 166
11316593 191
11319710 130
11322979 133
11323528 88
11327546 191
11327892 166
11330527 130
11331615 88
11338357 191
11339692 133
11341316 130
11341576 134
11341984 88
11346874 133
11348769 134
11350258 166
11352806 191
11355477 133
11355778 130
11356131 88
11361067 133
11364724 166
11365332 191
11368438 130
11369902 133
11370452 88
11374654 166
11376307 191
11379382 130
11382922 133
11383471 88
11387294 191
11387835 166
11390289 130
11391555 88
11398074 191
11399625 133
11401013 130
11402018 133
11403734 88
11406953 166
11409001 191
11412112 130
11415744 133
11416291 88
11420036 191
11420655 166
11422982 130
11424378 88
11430819 191
11432442 133
11433772 130
11434028 134
11434672 88
11439350 133
11441245 134
11442735 166
11444267 191
11447310 130
11447871 133
11448421 88
11452623 166
11455227 191
11458318 130
11460955 133
11461505 88
11465707 166
11466212 191
11469208 130
11469619 88
11477012 191
11477699 133
11480245 130
11481279 88
11485940 133
11487836 134
11489323 166
11490427 191
11493470 130
11494484 133
11495032 88
11499234 166
11501323 191
11504408 130
11507497 133
11508046 88
11512314 191
11512411 166
11515308 130
11516137 88
11523048 191
11524240 133
11526044 130
11526961 133
11528621 88
11531840 166
11536042 191
11539114 130
11540668 133
11541218 88
11545420 166
11546949 191
11550056 130
11553686 133
11554236 88
11557981 191
11558600 166
11560930 130
11562321 88
11568762 191
11570384 133
11571717 130
11572693 133
11573065 134
11573473 88
11577609 166
11579713 191
11582782 130
11585871 133
11586420 88
11590677 191
11590785 166
11593635 130
11594512 88
11601480 191
11602600 133
11604018 134
11604479 130
11604892 88
11609758 133
11611653 134
11613143 166
11614151 191
11617200 130
11618303 133
11618852 88
11623054 166
11625057 191
11628137 130
11631316 133
11631865 88
11636122 191
11636230 166
11639028 130
11639952 88
11646837 191
11648029 133
11649921 130
11650747 133
11652421 88
11655640 166
11657820 191
11660909 130
11664448 133
11664998 88
11668821 191
11669357 166
11671797 130
11673078 88
11679616 191
11681253 133
11682963 134
11684507 133
11687894 166
11690624 191
11693114 133
11693867 130
11694220 88
11699154 133
11702814 166
11703366 191
11706415 130
11707969 133
11708518 88
11712720 166
11714295 191
11717419 130
11721239 133
11721525 88
11725104 191
11728216 130
11728722 133
11730914 88
11734084 166
11736058 191
11739121 130
11742934 133
11743483 88
11747078 191
11747847 166
11750028 130
11751567 88
11757770 191
11759638 133
11760758 130
11761358 134
11761815 133
11762429 88
11766589 166
11768710 191
11771828 130
11774827 133
11775376 88
11779666 191
11779577 166
11782661 130
11783466 88
11790498 191
11791546 133
11793245 134
11793441 130
11793827 88
11798712 133
11800608 134
11802096 166
11803267 191
11806333 130
11807256 133
11807805 88
11812007 166
11814214 191
11817339 130
11820249 133
11820797 88
11824999 166
11825187 191
11828183 130
11828884 88
11835984 191
11836958 133
11838966 130
11839675 133
11841059 88
11844483 166
11846970 191
11850045 130
11853133 133
11853682 88
11857955 191
11858047 166
11860948 130
11861769 88
11868747 191
11869865 133
11871273 134
11871735 130
11872228 88
11877071 133
11878966 134
11880453 166
11882708 191
11885650 133
11885814 130
11886168 88
11891126 133
11894788 166
11895887 191
11898954 130
11899966 133
11900518 88
11904720 166
11906839 191
11909960 130
11912958 133
11913508 88
11917709 166
11917823 191
11920819 130
11921595 88
11928665 191
11929715 133
11931602 130
11932990 133
11934105 88
11937777 166
11939583 191
11942711 130
11946250 133
11946800 88
11950623 191
11951164 166
11953564 130
11954886 88
11961400 191
11962950 133
11964346 130
11964537 134
11965377 88
11970151 133
11972046 134
11973532 166
11975178 191
11978245 130
11978716 133
11979265 88
11983466 166
11986136 191
11989252 130
11991710 133
11992258 88
11996454 166
11997120 191
12000114 130
12000467 88
12007954 191
12008783 133
12010892 130
12011615 133
12013172 88
12016415 166
12024310 191
12025265 133
12027245 130
12027598 88
12032557 133
12034453 134
12035941 166
12038194 191
12041136 133
12041300 130
12041653 88
12046589 133
12050245 166
12051410 191
12054453 130
12055375 133
12055925 88
12060144 166
12062326 191
12065409 130
12068408 133
12068957 88
12073159 166
12073310 191
12076303 130
12077048 88
12084104 191
12085152 133
12087225 130
12088403 133
12089533 88
12093095 166
12095078 191
12098140 130
12101680 133
12102229 88
12106130 191
12106593 166
12109066 130
12110320 88
12116905 191
12118384 133
12119851 130
12120110 134
12120573 133
12121180 88
12125381 166
12127840 191
12130914 130
12133641 133
12134190 88
12138392 166
12138840 191
12141816 130
12142277 88
12149604 191
12150362 133
12151765 134
12152650 130
12153004 88
12157962 133
12159858 134
12161346 166
12163624 191
12166568 133
12166732 130
12167085 88
12172021 133
12175680 166
12176681 191
12179732 130
12180835 133
12181385 88
12185587 166
12187578 191
12190641 130
12193820 133
12194369 88
12198626 191
12198734 166
12201554 130
12202456 88
12209343 191
12210532 133
12212336 130
12213826 133
12214922 88
12218593 166
12220320 191
12223438 130
12227350 133
12227635 88
12231132 191
12232938 133
12234258 130
12234758 133
12235607 134
12236015 88
12239462 166
12242044 191
12245107 130
12248286 133
12248835 88
12253093 191
12253200 166
12256024 130
12256944 88
12263855 191
12265049 133
12266814 130
12266922 134
12267565 88
12272243 133
12274139 134
12275626 166
12280426 133
12283810 166
12286538 191
12289029 133
12289529 130
12289882 88
12294843 133
12298500 166
12300682 191
12303715 133
12303879 130
12304232 88
12309191 133
0 0
