10200028 191
10203619 130
10203973 106
10211860 191
10215532 130
10218260 133
10218808 106
10223520 166
10224264 191
10227907 130
10232896 133
10233445 106
10238227 191
10238555 166
10241790 130
10242351 106
10250407 191
10251888 133
10253972 130
10255446 133
10256291 106
10260737 166
10262781 191
10266440 130
10270162 133
10270709 106
10275223 191
10275911 166
10284677 133
10288657 166
10289609 191
10293249 130
10294623 133
10295172 106
10300120 166
10301942 191
10305609 130
10309239 133
10309788 106
10314384 191
10314900 166
10317921 130
10318693 106
10326534 191
10328228 133
10330119 130
10331220 133
10332342 106
10336515 166
10338921 191
10342577 130
10346117 133
10346666 106
10351399 191
10351776 166
10354925 130
10355586 106
10364987 133
10367163 133
10367287 191
10370417 130
10370771 106
10376543 133
10378488 134
10380519 166
10382638 191
10386573 133
10386737 130
10387091 106
10393144 133
10396819 166
10398464 191
10402074 130
10402816 133
10403365 106
10408313 166
10410779 191
10414436 130
10417434 133
10417983 106
10422713 166
10423162 191
10426759 130
10427113 106
10435364 191
10436987 133
10439066 130
10440728 106
10446138 133
10448083 134
10450115 166
10452459 191
10456125 133
10456289 130
10456642 106
10462394 133
10466366 166
10468620 191
10472376 133
10472540 130
10472893 106
10478669 133
10482645 166
10488507 133
10488632 191
10491797 130
10492150 106
10497926 133
10501898 166
10503790 191
10507398 130
10507871 133
10508418 106
10513366 166
10516116 191
10519783 130
10522511 133
10523059 106
10528007 166
10528516 191
10532219 130
10537133 133
10537680 106
10542392 166
10542919 191
10546536 130
10551790 133
10552340 106
10557362 191
10557451 166
10560765 130
10561243 106
10569399 191
10570806 133
10572964 130
10573824 133
10574928 106
10579192 166
10581770 191
10585455 130
10588724 133
10589273 106
10594295 191
10594385 166
10597749 130
10598176 106
10606410 191
10607745 133
10609446 134
10610246 130
10610599 106
10616353 133
10618316 134
10620329 166
10621681 191
10625291 130
10626306 133
10626852 106
10631800 166
10634019 191
10637679 130
10640948 133
10641496 106
10646533 191
10646208 166
10649995 130
10650400 106
10658604 191
10659939 133
10662325 130
10662823 133
10664055 106
10668138 166
10671005 191
10674723 130
10677813 133
10678360 106
10683326 166
10685594 191
10689292 130
10692470 133
10693019 106
10698041 191
10698131 166
10701530 130
10701922 106
10710156 191
10711490 133
10713190 134
10713723 130
10714077 106
10719852 133
10721797 134
10723827 166
10725022 191
10728697 130
10729800 133
10730348 106
10735296 166
10737406 191
10741061 130
10744421 133
10744969 106
10750000 191
10749675 166
10753379 130
10753867 106
10762005 191
10763414 133
10765624 130
10767154 106
10772564 133
10774509 134
10776539 166
10778071 191
10781746 130
10782488 133
10783037 106
10787985 166
10790480 191
10794138 130
10797136 133
10797684 106
10802396 166
10802897 191
10806538 130
10811798 133
10812346 106
10816952 191
10817475 166
10820529 130
10821268 106
10829198 191
10830822 133
10832867 130
10833361 133
10835234 106
10838682 166
10841539 191
10845192 130
10849102 133
10849387 106
10853768 191
10855483 133
10857318 130
10857691 134
10858100 106
10863796 133
10865741 134
10867769 166
10869210 191
10872819 130
10873741 133
10874289 106
10879255 166
10881548 191
10885221 130
10888401 133
10888949 106
10893897 166
10896870 191
10900566 130
10903025 133
10903571 106
10908283 166
10911556 191
10915271 130
10917638 133
10918187 106
10923136 166
10923934 191
10927591 130
10932304 133
10932852 106
10937564 166
10939149 191
10942843 130
10946919 133
10947468 106
10951532 191
10952578 166
10955071 130
10956370 106
10963729 191
10965930 133
10967587 130
10968940 133
10970333 106
10974302 166
10976099 191
10979782 130
10984044 133
10984592 106
10988517 191
10989794 166
10998552 133
11002529 166
11006340 191
11008559 133
11009868 130
11010363 106
11016016 133
11019988 166
11021701 191
11025311 130
11025963 133
11026511 106
11031223 166
11034047 191
11037766 130
11040583 133
11041133 106
11046081 166
11046449 191
11050046 130
11055250 133
11055798 106
11060175 191
11060673 166
11063763 130
11064701 106
11072396 191
11074239 133
11075974 130
11078001 106
11083411 133
11085356 134
11087388 166
11088738 191
11092346 130
11093361 133
11093908 106
11098856 166
11101047 191
11104705 130
11107974 133
11108523 106
11113560 191
11113235 166
11117020 130
11117427 106
11125704 191
11126966 133
11129238 130
11130577 106
11136081 133
11138026 134
11140058 166
11140706 191
11144404 130
11146048 133
11146596 106
11151544 166
11153052 191
11156721 130
11160712 133
11161260 106
11165481 191
11166370 166
11169009 130
11170164 106
11177640 191
11179697 133
11181223 130
11182714 133
11183818 106
11188083 166
11190043 191
11193738 130
11197639 133
11198187 106
11202477 191
11203298 166
11206027 130
11207107 106
11214676 191
11216661 133
11218219 130
11218540 134
11219089 106
11224680 133
11226625 134
11228651 166
11229660 191
11233318 130
11234601 133
11235150 106
11239862 166
11242064 191
11245773 130
11249222 133
11249772 106
11254505 191
11254882 166
11258060 130
11258674 106
11266683 191
11268233 133
11270285 130
11272347 133
11272948 106
11277744 166
11279067 191
11282723 130
11286894 133
11287442 106
11291439 191
11292552 166
11295014 130
11296343 106
11303678 191
11305879 133
11307234 130
11307957 133
11308263 134
11308671 106
11313340 166
11316061 191
11319722 130
11322720 133
11323268 106
11328216 166
11328455 191
11332126 130
11337410 133
11337978 106
11342928 166
11343737 191
11347423 130
11352048 133
11352597 106
11357545 166
11358438 191
11362090 130
11366713 133
11367261 106
11371973 166
11372938 191
11376638 130
11381335 133
11381885 106
11386618 191
11386995 166
11390147 130
11390785 106
11398794 191
11400347 133
11401755 134
11402342 130
11402835 106
11408489 133
11410434 134
11412461 166
11413992 191
11417600 130
11418433 133
11418981 106
11423693 166
11426323 191
11430033 130
11433121 133
11433671 106
11438620 166
11442304 130
11442658 106
11450945 191
11452353 133
11454512 130
11455856 133
11456896 133
11457611 106
11462383 166
11463318 191
11466995 130
11471522 133
11472070 106
11476782 166
11478895 191
11482604 130
11486143 133
11486692 106
11491353 191
11491803 166
11494874 130
11495593 106
11503523 191
11505147 133
11506853 134
11507068 130
11507435 106
11513117 133
11515062 134
11517089 166
11519071 191
11522931 133
11526904 166
11532516 133
11536489 166
11537334 191
11540920 130
11541274 106
11549495 191
11553150 130
11555426 133
11555976 106
11560688 166
11561891 191
11565539 130
11570072 133
11570620 106
11574319 191
11575732 166
11577852 130
11579524 106
11586524 191
11589054 133
11590074 130
11591952 133
11593170 106
11597253 166
11598879 191
11602594 130
11606946 133
11607495 106
11611265 191
11612606 166
11614833 130
11616396 106
11623505 191
11625951 133
11627047 130
11628799 133
11630067 106
11634082 166
11639020 191
11642629 130
11643822 133
11644370 106
11649083 166
11651383 191
11655081 130
11658441 133
11658989 106
11663775 191
11664100 166
11667359 130
11667910 106
11675984 191
11677464 133
11678878 134
11679556 130
11679909 106
11685661 133
11687606 134
11689632 166
11690983 191
11694660 130
11695582 133
11696131 106
11700843 166
11703378 191
11707050 130
11710229 133
11710777 106
11715799 191
11715889 166
11719355 130
11719709 106
11727976 191
11729310 133
11731547 130
11732931 106
11738456 133
11740401 134
11742427 166
11746305 191
11748434 133
11749832 130
11750185 106
11755961 133
11759934 166
11760725 191
11764353 130
11765907 133
11766455 106
11771403 166
11773085 191
11776737 130
11780548 133
11781096 106
11785469 191
11786206 166
11789049 130
11789999 106
11797707 191
11799548 133
11801535 130
11803688 106
11809002 133
11810947 134
11812976 166
11815139 191
11818984 133
11819148 130
11819501 106
11825277 133
11829247 166
11830037 191
11833664 130
11835218 133
11835766 106
11840478 166
11842380 191
11846049 130
11850141 133
11850426 106
11854600 191
11856859 133
11858161 130
11859011 133
11861599 106
11864769 166
11866959 191
11870616 130
11875148 133
11875696 106
11879395 191
11880808 166
11882916 130
11884601 106
11891553 191
11894143 133
11895132 130
11896296 133
11896926 106
11901856 166
11903956 191
11907623 130
11910983 133
11911531 106
11916568 191
11916243 166
11919929 130
11920433 106
11928578 191
11929985 133
11931404 134
11932116 130
11932609 106
11938269 133
11940214 134
11942243 166
11943594 191
11947202 130
11948215 133
11948763 106
11953711 166
11958054 191
11961729 130
11962832 133
11963382 106
11968093 166
11970436 191
11974118 130
11977478 133
11978026 106
11983048 191
11983138 166
11986410 130
11986930 106
11995032 191
11996512 133
11998608 130
11999802 133
12000920 106
12005161 166
12007415 191
12011071 130
12014701 133
12015249 106
12019843 191
12020359 166
12023381 130
12024151 106
12032060 191
12033684 133
12035098 134
12035591 130
12035971 106
12041656 133
12043601 134
12045630 166
12047163 191
12050771 130
12051604 133
12052152 106
12057100 166
12059448 191
12063108 130
0 0
