15212999 130
15213358 114
15218922 140
15219161 150
15219209 0
15225430 130
15228520 133
15229077 114
15234360 140
15234136 166
15234934 150
15234983 1
15238448 130
15244072 133
15244630 114
15250027 140
15250111 166
15250485 150
15250534 2
15253120 130
15254055 114
15259171 140
15261586 150
15262297 3
15264319 133
15266037 130
15267906 133
15268827 114
15273864 140
15273595 166
15274306 150
15274354 4
15279196 130
15283549 133
15284106 114
15289503 140
15289587 166
15289962 150
15290011 5
15292202 130
15293532 114
15298648 140
15301063 150
15301774 6
15303796 133
15305111 130
15306803 133
15308010 114
15312444 166
15313004 140
15313422 150
15313471 7
15318289 130
15322642 133
15323201 114
15328598 140
15328682 166
15329055 150
15329104 8
15331267 130
15332623 114
15337734 140
15340215 150
15340927 9
15342884 133
15344471 130
15344843 134
15345255 114
15350943 140
15351366 133
15351789 150
15351837 10
15353439 134
15355626 166
15361966 133
15362130 130
15362489 114
15368246 140
15368668 133
15369091 150
15369139 11
15372931 166
15378610 130
15379262 133
15379821 114
15385103 140
15384879 166
15385547 150
15385596 12
15391770 130
15394769 133
15395326 114
15400609 140
15400385 166
15401201 150
15401250 13
15404739 130
15410345 133
15410903 114
15416301 140
15416385 166
15416758 150
15416807 14
15419174 130
15420324 114
15425441 140
15427922 150
15428633 15
15430585 133
15432075 130
15433640 133
15434804 114
15439238 166
15439801 140
15440219 150
15440267 16
15445269 130
15449441 133
15449998 114
15455409 140
15455186 166
15455853 150
15455902 17
15458223 130
15459418 114
15464511 140
15467011 150
15467722 18
15469675 133
15471138 130
15471348 134
15471996 114
15477496 140
15477918 133
15478341 150
15478389 19
15479991 134
15482182 166
15486999 130
15488464 133
15489023 114
15494305 140
15494081 166
15494749 150
15494798 20
15500091 130
15503993 133
15504550 114
15509947 140
15510031 166
15510406 150
15510455 21
15513094 130
15513976 114
15519092 140
15521507 150
15522023 22
15524240 133
15526105 130
15527375 133
15528747 114
15533152 166
15533715 140
15534131 150
15534179 23
15539178 130
15543351 133
15543909 114
15549306 140
15549390 166
15549763 150
15549812 24
15552156 130
15553331 114
15558448 140
15560929 150
15561640 25
15563591 133
15565072 130
15565266 134
15565679 114
15571392 140
15571816 133
15572239 150
15572288 26
15573890 134
15576073 166
15582436 133
15582835 130
15583194 114
15588974 140
15589398 133
15589821 150
15589870 27
15593660 166
15599994 133
15600159 130
15600518 114
15606274 140
15606697 133
15607119 150
15607168 28
15610954 166
15615888 130
15617262 133
15617820 114
15623103 140
15622879 166
15623548 150
15623597 29
15628962 130
15632774 133
15633332 114
15638614 140
15638390 166
15639057 150
15639106 30
15645819 130
15648347 133
15648904 114
15654187 140
15653963 166
15654632 150
15654681 31
15658867 130
15663848 133
15664407 114
15669689 140
15669465 166
15670134 150
15670183 32
15675094 130
15679357 133
15679914 114
15685311 140
15685395 166
15685769 150
15685818 33
15688087 130
15689334 114
15694427 140
15696842 150
15697553 34
15699576 133
15700999 130
15702618 133
15703791 114
15708157 166
15708792 140
15709204 150
15709252 35
15714166 130
15718428 133
15718987 114
15724384 140
15724468 166
15724840 150
15724889 36
15727155 130
15728404 114
15733516 140
15735997 150
15736708 37
15738660 133
15740068 130
15740627 134
15741179 114
15746775 140
15747197 133
15747620 150
15747669 38
15749271 134
15751456 166
15756544 130
15757738 133
15758295 114
15763578 140
15763354 166
15764022 150
15764071 39
15769635 130
15773266 133
15773824 114
15779219 140
15779305 166
15779679 150
15779728 40
15782652 130
15783249 114
15788365 140
15790780 150
15791296 41
15793519 133
15795542 130
15797379 114
15802774 140
15803198 133
15803621 150
15803669 42
15805271 134
15807456 166
15812207 130
15813762 133
15814319 114
15819602 140
15819378 166
15820046 150
15820095 43
15825364 130
15829266 133
15829824 114
15835221 140
15835305 166
15835679 150
15835728 44
15838337 130
15839250 114
15844367 140
15846848 150
15847559 45
15849509 133
15851254 130
15853514 114
15859000 140
15859423 133
15859864 150
15859912 46
15861514 134
15863681 166
15868949 130
15869963 133
15870520 114
15875812 140
15875469 166
15876248 150
15876296 47
15882017 130
15885468 133
15886026 114
15891436 140
15891084 166
15891881 150
15891930 48
15895039 130
15895449 114
15900566 140
15903047 150
15903563 49
15905709 133
15907928 130
15909269 133
15910223 114
15914771 166
15915260 140
15915683 150
15915732 50
15921092 130
15924903 133
15925479 114
15930876 140
15930960 166
15931334 150
15931383 51
15934099 130
15934904 114
15940020 140
15942435 150
15942951 52
15945171 133
15947272 130
15947426 134
15947839 114
15953550 140
15953973 133
15954396 150
15954444 53
15956046 134
15958236 166
15964599 133
15966272 130
15966771 114
15972436 140
15972858 133
15973281 150
15973329 54
15977116 166
15982384 130
15983398 133
15983955 114
15989238 140
15989014 166
15989682 150
15989731 55
15995493 130
15998944 133
15999502 114
16004912 140
16004560 166
16005357 150
16005406 56
16008517 130
16008925 114
16014042 140
16016523 150
16017039 57
16019186 133
16021407 130
16022119 133
16023700 114
16027771 166
16028623 140
16029019 150
16029068 58
16034608 130
16038239 133
16038797 114
16044194 140
16044278 166
16044652 150
16044701 59
16047577 130
16048223 114
16053339 140
16055754 150
16056270 60
16058502 133
16060000 134
16060505 130
16060880 114
16066592 140
16067014 133
16067437 150
16067485 61
16069087 134
16071276 166
16076002 130
16077558 133
16078116 114
16083398 140
16083174 166
16083841 150
16083890 62
16089092 130
16093084 133
16093641 114
16099052 140
16098829 166
16099497 150
16099546 63
16102087 130
16103062 114
16108155 140
16110570 150
16111281 64
16113303 133
16114974 130
16115712 133
16117521 114
16121319 166
16122404 140
16122787 150
16122836 65
16128129 130
16132031 133
16132589 114
16137999 140
16137776 166
16138443 150
16138492 66
16141167 130
16142008 114
16147102 140
16149583 150
16150099 67
16152245 133
16153745 134
16154334 130
16154693 114
16160450 140
16160872 133
16161295 150
16161343 68
16162945 134
16165131 166
16170063 130
16171719 133
16172010 114
16177716 140
16178139 133
16178562 150
16178610 69
16182401 166
16187754 130
16188678 133
16189236 114
16194518 140
16194294 166
16194961 150
16195010 70
16200820 130
16204180 133
16204738 114
16210021 140
16209797 166
16210594 150
16210643 71
16213823 130
16214181 114
16219302 140
16221783 150
16222299 72
16224445 133
16226907 130
16228049 133
16229253 114
16233619 166
16234254 140
16234666 150
16234714 73
16239894 130
16243886 133
16244444 114
16249854 140
16249631 166
16250298 150
16250347 74
16253009 130
16253881 114
16258975 140
16261456 150
16262167 75
16264120 133
16265906 130
16266088 134
16266501 114
16272189 140
16272612 133
16273034 150
16273083 76
16274685 134
16276870 166
16283209 133
16284470 130
16284968 114
16290632 140
16291055 133
16291477 150
16291526 77
16295316 166
16300674 130
16301597 133
16302156 114
16307438 140
16307214 166
16307881 150
16307930 78
16313764 130
16317124 133
16317681 114
16322961 140
16322692 166
16323533 150
16323581 79
16326772 130
16327131 114
16332265 140
16334680 150
16335196 80
16337414 133
16339869 130
16340917 133
16342218 114
16346561 166
16347195 140
16347608 150
16347656 81
16352837 130
16356829 133
16357388 114
16362786 140
16362870 166
16363244 150
16363293 82
16365854 130
16366809 114
16371902 140
16374317 150
16375028 83
16377051 133
16378546 134
16378752 130
16379275 114
16384865 140
16385544 133
16385763 150
16385812 84
16386575 133
16388214 134
16390833 166
16396644 130
16397116 133
16397673 114
16402956 140
16402732 166
16403401 150
16403450 85
16409740 130
16412649 133
16413207 114
16418489 140
16418265 166
16419061 150
16419110 86
16422875 130
16428151 133
16428709 114
16433992 140
16433768 166
16434436 150
16434485 87
16438854 130
16443658 133
16444217 114
16449500 140
16449276 166
16449963 150
16450012 88
16454315 130
16459209 133
16459766 114
16465049 140
16464825 166
16465493 150
16465671 89
16469582 130
16474713 133
16475271 114
16480681 140
16480458 166
16481125 150
16481174 90
16483803 130
16484690 114
16489784 140
16492265 150
16492781 91
16494932 133
16496730 130
16498522 133
16499448 114
16504490 140
16504221 166
16504931 150
16504979 92
16509910 130
16514173 133
16514730 114
16520138 140
16519870 166
16520579 150
16520627 93
16522878 130
16524144 114
16529260 140
16531675 150
16532191 94
16534028 133
16535721 134
16538287 166
16544627 133
16544792 130
16545151 114
16550907 140
16551330 133
16551752 150
16551801 95
16555591 166
16560185 130
16561921 133
16562479 114
16567761 140
16567537 166
16568205 150
16568254 96
16573276 130
16577449 133
16578006 114
16583414 140
16583146 166
16583856 150
16583904 97
16586244 130
16587421 114
16592537 140
16594952 150
16595663 98
16597687 133
16599181 130
16601398 114
