12177 33
12229 39
12281 38
12334 39
12465 38
12518 39
13498 38
14391 39
14935 38
14989 39
15209 38
4179376 39
4179587 38
4179640 39
4179861 38
8343555 39
8343766 38
8343819 39
8344040 38
11130030 89
11130115 88
11131928 89
11132035 0
11132179 1
11132320 3
11132395 4
11132512 5
11132553 6
11132871 7
11132979 8
11133018 9
11135187 10
11135365 11
11135425 39
11137740 40
11138269 41
11138385 48
11138452 55
11138496 38
11138550 39
11138605 91
11139001 21
11139367 38
11141769 23
11141885 89
11143814 89
11143986 39
11144233 41
11144298 38
11144352 39
11144413 38
12504205 39
12504416 38
12504470 39
12504691 38
13159327 89
13159413 88
13161223 89
13161329 0
13161474 1
13161615 3
13161690 4
13161807 5
13161847 6
13162165 7
13162274 8
13162313 9
13164482 10
13164660 11
13164719 39
13167034 40
13167564 41
13167679 48
13167747 55
13167790 38
13167844 39
13167900 91
13168162 21
13168591 38
13170912 23
13171028 89
13172960 89
13173132 39
13173378 41
13173444 38
13173497 39
13173559 38
15191024 89
15191109 88
15192921 89
15193028 0
15193173 1
15193314 3
15193389 4
15193506 5
15193546 6
15193864 7
15193972 8
15194012 9
15196181 10
15196359 11
15196418 39
15198735 40
15199265 41
15199381 48
15199448 55
15199492 38
15199545 39
15199601 91
15199863 21
15200229 38
15202637 23
15202753 89
15204681 89
15204853 39
15205099 41
15205164 38
15205218 39
15205279 38
16662205 39
16662416 38
16662470 39
16662691 38
17219602 89
17219688 88
17221497 89
17221604 0
17221748 1
17221889 3
17221964 4
17222081 5
17222122 6
17222440 7
17222548 8
17222587 9
17224756 10
17224934 11
17224994 39
17227308 40
17227838 41
17227954 48
17228021 55
17228065 38
17228118 39
17228174 91
17228436 21
17228802 38
17231210 23
17231326 89
17233257 89
17233429 39
17233675 41
17233741 38
17233794 39
17233856 38
19250243 89
19250329 88
19252140 89
19252247 0
19252391 1
19252532 3
19252607 4
19252724 5
19252765 6
19253083 7
19253191 8
19253230 9
19255399 10
19255577 11
19255637 39
19257951 40
19258481 41
19258597 48
19258664 55
19258708 38
19258761 39
19258817 91
19259079 21
19259445 38
19261853 23
19261969 89
19263896 89
19264068 39
19264315 41
19264380 38
19264434 39
19264495 38
20818366 39
20818577 38
20818631 39
20818852 38
21278211 89
21278297 88
21280105 89
21280212 0
21280357 1
21280498 3
21280573 4
21280690 5
21280730 6
21281048 7
21281156 8
21281196 9
21283365 10
21283543 11
21283602 39
21285919 40
21286451 41
21286567 48
21286634 55
21286678 38
21286731 39
21286787 91
21287049 21
21287415 38
21289823 23
21289939 89
21291869 89
21292041 39
21292285 41
21292351 38
21292404 39
21292466 38
23308199 89
23308285 88
23310095 89
23310202 0
23310347 1
23310488 3
23310563 4
23310680 5
23310720 6
23311038 7
23311146 8
23311186 9
23313355 10
23313533 11
23313592 39
23315907 40
23316436 41
23316552 48
23316619 55
23316663 38
23316717 39
23316772 91
23317035 21
23317400 38
23319808 23
23319924 89
23321850 89
23322022 39
23322269 41
23322334 38
23322388 39
23322449 38
24972882 39
24973093 38
24973147 39
24973368 38
25335217 89
25335303 88
25337111 89
25337218 0
25337362 1
25337503 3
25337578 4
25337695 5
25337736 6
25338054 7
25338162 8
25338201 9
25340370 10
25340548 11
25340608 39
25342922 40
25343452 41
25343568 48
25343635 55
25343679 38
25343732 39
25343788 91
25344050 21
25344416 38
25346824 23
25346940 89
25348869 89
25349043 39
25349289 41
25349355 38
25349408 39
25349470 38
27364684 89
27364769 88
27366579 89
27366686 0
27366831 1
27366972 3
27367047 4
27367164 5
27367204 6
27367522 7
27367630 8
27367670 9
27369839 10
27370017 11
27370076 39
27372393 40
27372923 41
27373039 48
27373106 55
27373150 38
27373203 39
27373259 91
27373521 21
27373887 38
27376295 23
27376411 89
27378337 89
27378509 39
27378754 41
27378820 38
27378874 39
27378935 38
29126221 39
29126432 38
29126486 39
29126706 38
29390966 89
29391052 88
29392859 89
29392966 0
29393110 1
29393251 3
29393327 4
29393444 5
29393484 6
29393802 7
29393910 8
29393950 9
29396118 10
29396297 11
29396356 39
29398670 40
29399200 41
29399316 48
29399383 55
29399427 38
29399481 39
29399536 91
29399798 21
29400228 38
29402549 23
29402664 89
29404592 89
29404764 39
29405011 41
29405076 38
29405130 39
29405191 38
31419932 89
31420018 88
31421827 89
31421934 0
31422079 1
31422220 3
31422295 4
31422412 5
31422452 6
31422770 7
31422878 8
31422918 9
31425087 10
31425265 11
31425324 39
31427639 40
31428168 41
31428284 48
31428284 55
31428395 38
31428449 39
31428504 91
31428767 21
31429132 38
31431540 23
31431656 89
31433581 89
31433753 39
31434000 41
31434065 38
31434119 39
31434180 38
33278320 39
33278531 38
33278585 39
33278806 38
33445894 89
33445980 88
33447786 89
33447893 0
33448038 1
33448179 3
33448254 4
33448371 5
33448411 6
33448729 7
33448837 8
33448877 9
33451046 10
33451224 11
33451283 39
33453600 40
33454133 41
33454249 48
33454316 55
33454360 38
33454413 39
33454469 91
33454731 21
33455097 38
33457507 23
33457621 89
33459549 89
33459721 39
33459966 41
33460032 38
33460085 39
33460147 38
35474147 89
35474233 88
35476042 89
35476149 0
35476293 1
35476434 3
35476510 4
35476627 5
35476667 6
35476985 7
35477093 8
35477133 9
35479301 10
35479480 11
35479539 39
35481853 40
35482383 41
35482499 48
35482566 55
35482610 38
35482664 39
35482719 91
35482981 21
35483411 38
35485732 23
35485847 89
35487772 89
35487944 39
35488190 41
35488256 38
35488309 39
35488371 38
37429168 39
37429379 38
37429433 39
37429654 38
37499496 89
37499582 88
37501388 89
37501495 0
37501639 1
37501780 3
37501855 4
37501972 5
37502013 6
37502331 7
37502439 8
37502478 9
37504647 10
37504825 11
37504885 39
37507199 40
37507729 41
37507845 48
37507912 55
37507956 38
37508009 39
37508065 91
37508327 21
37508693 38
37511101 23
37511217 89
37513144 89
37513316 39
37513563 41
37513628 38
37513682 39
37513743 38
39527037 89
39527123 88
39528931 89
39529038 0
39529183 1
39529324 3
39529399 4
39529516 5
39529556 6
39529874 7
39529982 8
39530022 9
39532191 10
39532369 11
39532428 39
39534745 40
39535275 41
39535391 48
39535458 55
39535502 38
39535555 39
39535611 91
39535873 21
39536239 38
39538647 23
39538763 89
39540687 89
39540859 39
39541105 41
39541170 38
39541224 39
39541285 38
41552249 89
41552334 88
41554140 89
41554247 0
41554392 1
41554533 3
41554608 4
41554725 5
41554765 6
41555083 7
41555191 8
41555231 9
41557400 10
41557578 11
41557637 39
41559952 40
41560481 41
41560597 48
41560664 55
41560708 38
41560762 39
41560817 91
41561080 21
41561445 38
41563851 23
41563969 89
41565896 89
41566068 39
41566314 41
41566380 38
41566433 39
41566495 38
41579235 39
41579446 38
41579499 39
41579720 38
43579686 89
43579771 88
43581580 89
43581686 0
43581831 1
43581972 3
43582047 4
43582164 5
43582204 6
43582522 7
43582631 8
43582670 9
43584839 10
43585017 11
43585076 39
43587391 40
43587921 41
43588036 48
43588104 55
43588147 38
43588201 39
43588257 91
43588519 21
43588948 38
43591269 23
43591384 89
43593309 89
43593481 39
43593481 41
43593793 38
43593846 39
43593908 38
45604206 89
45604292 88
45606097 89
45606204 0
45606348 1
45606384 98
