12178 33
12231 39
12282 38
12336 39
12466 38
12520 39
13500 38
14393 39
14937 38
14990 39
15211 38
4185906 39
4186117 38
4186171 39
4186392 38
8356908 39
8356908 38
8357173 39
8357394 38
12525778 39
12525989 38
12526043 39
12526264 38
13980873 89
13980959 88
13984774 89
13984880 0
13985025 1
13985166 3
13985241 4
13985358 5
13985398 6
13985716 7
13985825 8
13985864 9
13990673 10
13990851 11
13990910 39
13993458 40
13993988 41
13994103 48
13994171 55
13994214 38
13994268 39
13994324 91
13994719 21
13995149 38
14000095 23
14000211 89
14004139 89
14004311 39
14004558 41
14004623 38
14004677 39
14004738 38
16012362 89
16012448 88
16016257 89
16016364 0
16016508 1
16016649 3
16016724 4
16016841 5
16016882 6
16017200 7
16017308 8
16017347 9
16022156 10
16022334 11
16022394 39
16024941 40
16025470 41
16025586 48
16025653 55
16025697 38
16025751 39
16025806 91
16026069 21
16026434 38
16031467 23
16031584 89
16035517 89
16035689 39
16035935 41
16036001 38
16036054 39
16036116 38
16689573 39
16689784 38
16689838 39
16690058 38
18046364 89
18046449 88
18050263 89
18050370 0
18050514 1
18050655 3
18050730 4
18050847 5
18050888 6
18051206 7
18051314 8
18051353 9
18056162 10
18056340 11
18056400 39
18058949 40
18059479 41
18059595 48
18059662 55
18059706 38
18059759 39
18059815 91
18060077 21
18060443 38
18065476 23
18065592 89
18069520 89
18069692 39
18069937 41
18070003 38
18070057 39
18070118 38
20077362 89
20077448 88
20081255 89
20081362 0
20081506 1
20081647 3
20081723 4
20081840 5
20081880 6
20082198 7
20082306 8
20082346 9
20087154 10
20087333 11
20087392 39
20089939 40
20090469 41
20090584 48
20090652 55
20090695 38
20090749 39
20090805 91
20091067 21
20091496 38
20096442 23
20096559 89
20100490 89
20100662 39
20100909 41
20100974 38
20101028 39
20101089 38
20851954 39
20852165 38
20852219 39
20852440 38
22109922 89
22110010 88
22113820 89
22113927 0
22114071 1
22114212 3
22114288 4
22114405 5
22114445 6
22114763 7
22114871 8
22114911 9
22119719 10
22119898 11
22119957 39
22122504 40
22123034 41
22123149 48
22123217 55
22123260 38
22123314 39
22123370 91
22123632 21
22124061 38
22129009 23
22129123 89
22133049 89
22133221 39
22133468 41
22133533 38
22133587 39
22133648 38
24140823 89
24140909 88
24144716 89
24144822 0
24144967 1
24145108 3
24145183 4
24145300 5
24145340 6
24145658 7
24145767 8
24145806 9
24150615 10
24150793 11
24150852 39
24153402 40
24153934 41
24154049 48
24154117 55
24154160 38
24154214 39
24154270 91
24154532 21
24154961 38
24159909 23
24160024 89
24163954 89
24164126 39
24164370 41
24164436 38
24164490 39
24164551 38
25012790 39
25013001 38
25013055 39
25013275 38
26173269 89
26173356 88
26177165 89
26177272 0
26177416 1
26177557 3
26177632 4
26177749 5
26177790 6
26178108 7
26178216 8
26178255 9
26183064 10
26183242 11
26183302 39
26185849 40
26186378 41
26186494 48
26186561 55
26186605 38
26186659 39
26186714 91
26186977 21
26187342 38
26192375 23
26192491 89
26196415 89
26196587 39
26196834 41
26196899 38
26196953 39
26197014 38
28202758 89
28202844 88
28206649 89
28206756 0
28206900 1
28207041 3
28207116 4
28207233 5
28207274 6
28207592 7
28207700 8
28207739 9
28212548 10
28212726 11
28212786 39
28215333 40
28215862 41
28215978 48
28216045 55
28216089 38
28216143 39
28216198 91
28216461 21
28216826 38
28221859 23
28221975 89
28225904 89
28226076 39
28226323 41
28226388 38
28226442 39
28226503 38
29171929 39
29172140 38
29172194 39
29172415 38
30234534 89
30234620 88
30238430 89
30238536 0
30238681 1
30238822 3
30238897 4
30239014 5
30239054 6
30239372 7
30239481 8
30239520 9
30244329 10
30244507 11
30244566 39
30247116 40
30247646 41
30247761 48
30247829 55
30247872 38
30247926 39
30247982 91
30248244 21
30248673 38
30253619 23
30253735 89
30257658 89
30257830 39
30258076 41
30258141 38
30258195 39
30258256 38
32262746 89
32262831 88
32266635 89
32266742 0
32266886 1
32267027 3
32267102 4
32267219 5
32267260 6
32267578 7
32267686 8
32267725 9
32272534 10
32272712 11
32272772 39
32275319 40
32275848 41
32275964 48
32276031 55
32276075 38
32276129 39
32276184 91
32276447 21
32276812 38
32281847 23
32281961 89
32285889 89
32286061 39
32286307 41
32286373 38
32286427 39
32286488 38
33329840 39
33330051 38
33330104 39
33330325 38
34294550 89
34294636 88
34298444 89
34298551 0
34298695 1
34298836 3
34298911 4
34299028 5
34299069 6
34299387 7
34299495 8
34299534 9
34304343 10
34304521 11
34304581 39
34307128 40
34307657 41
34307773 48
34307840 55
34307884 38
34307938 39
34307993 91
34308256 21
34308621 38
34313654 23
34313770 89
34317692 89
34317864 39
34318110 41
34318176 38
34318230 39
34318291 38
36322938 89
36323024 88
36326827 89
36326934 0
36327078 1
36327219 3
36327294 4
36327411 5
36327452 6
36327770 7
36327878 8
36327917 9
36332726 10
36332904 11
36332964 39
36335513 40
36336046 41
36336162 48
36336229 55
36336273 38
36336326 39
36336382 91
36336644 21
36337010 38
36342043 23
36342159 89
36346086 89
36346258 39
36346504 41
36346569 38
36346569 39
36346684 38
37486655 39
37486866 38
37486919 39
37487140 38
38353618 89
38353703 88
38357510 89
38357617 0
38357762 1
38357903 3
38357978 4
38358095 5
38358135 6
38358453 7
38358561 8
38358601 9
38363410 10
38363588 11
38363588 39
38366194 40
38366724 41
38366840 48
38366907 55
38366951 38
38367004 39
38367060 91
38367322 21
38367688 38
38372721 23
38372837 89
38376758 89
38376930 39
38377176 41
38377242 38
38377295 39
38377357 38
40381318 89
40381405 88
40385205 89
40385312 0
40385456 1
40385597 3
40385673 4
40385790 5
40385830 6
40386148 7
40386256 8
40386296 9
40391104 10
40391283 11
40391342 39
40393889 40
40394419 41
40394534 48
40394602 55
40394645 38
40394699 39
40394755 91
40395017 21
40395446 38
40400392 23
40400508 89
40404434 89
40404606 39
40404852 41
40404918 38
40404972 39
40405033 38
41642190 39
41642401 38
41642455 39
41642676 38
42410850 89
42410936 88
42414742 89
42414849 0
42414993 1
42415134 3
42415210 4
42415327 5
42415367 6
42415685 7
42415793 8
42415833 9
42420641 10
42420820 11
42420879 39
42423428 40
42423958 41
42424074 48
42424141 55
42424185 38
42424239 39
42424294 91
42424556 21
42424986 38
42429932 23
42430047 89
42433967 89
42434139 39
42434384 41
42434450 38
42434503 39
42434565 38
44438805 89
44438891 88
44442692 89
44442799 0
44442943 1
44443084 3
44443159 4
44443276 5
44443317 6
44443635 7
44443743 8
44443782 9
44448591 10
44448769 11
44448829 39
44451376 40
44451905 41
44452021 48
44452088 55
44452132 38
44452186 39
44452241 91
44452504 21
44452869 38
44457902 23
44458018 89
44461943 89
44462115 39
44462362 41
44462427 38
44462481 39
44462542 38
45796920 39
45797131 38
45797185 39
45797406 38
46468603 89
46468689 88
46472495 89
46472601 0
46472746 1
46472887 3
46472962 4
46473079 5
46473119 6
46473437 7
46473546 8
46473585 9
46478394 10
46478572 11
46478631 39
46481178 40
46481708 41
46481824 48
46481891 55
46481935 38
46481989 39
46482044 91
46482306 21
46482736 38
46487682 23
46487797 89
46491716 89
46491888 39
46492135 41
46492200 38
46492254 39
46492315 38
48495617 89
48495653 98
