25363896 30
25370986 30
26085248 30
30497260 30
30790511 30
31083893 30
31377137 30
31670552 30
31963776 30
32257180 30
32550439 30
32843833 30
33137074 30
33430474 30
33723685 30
34017067 30
34310286 30
34603655 30
34896870 30
35190210 30
35483413 30
35776769 30
36069980 30
36363322 30
36656538 30
36949908 30
37243110 30
37536453 30
37829639 30
38122975 30
38416163 30
38709490 30
39002667 30
39296015 30
39589476 30
39882638 30
40176056 30
40469390 30
40762721 30
41055873 30
41349201 30
41642378 30
41935708 30
42228899 30
42522177 30
42815338 30
43108662 30
43401841 30
43550483 30
43561923 30
44940726 30
44947813 30
44954902 30
45105041 30
45125824 30
45129852 30
46453868 30
46471837 30
46492877 30
46499967 30
46640807 30
46640876 30
46665655 30
48028248 30
48035340 30
48042422 30
48192635 30
48213467 30
48217492 30
49580024 30
49587111 30
49594197 30
49744341 30
49764825 30
49768853 30
51132693 30
51139783 30
51146873 30
51297095 30
51319688 30
51326776 30
51333862 30
51615100 30
51626543 30
51649214 30
51942851 30
53282264 30
53304395 30
53446810 30
53457837 30
53750744 30
53899340 30
53910804 30
54823836 30
54973096 30
54980184 30
55131051 30
55143487 30
55150576 30
55298306 30
55318859 30
55325961 30
55336847 30
55344004 30
55359135 30
55377012 30
55393644 30
55411499 30
55428125 30
55445982 30
55462605 30
55480461 30
55497095 30
55514944 30
55531617 30
55549453 30
55566061 30
55583954 30
55600545 30
55618423 30
55635025 30
55652876 30
55669532 30
55687362 30
55703992 30
55721846 30
55738495 30
55756349 30
55772956 30
55790823 30
55807438 30
55825313 30
55841935 30
55859786 30
55876400 30
55894274 30
55910926 30
55928738 30
55945363 30
55963238 30
55979841 30
55997696 30
56014428 30
56032184 30
56048808 30
56066660 30
56083291 30
56101141 30
56117771 30
56135626 30
56152252 30
56170100 30
56186801 30
56204585 30
56221218 30
56239088 30
56255697 30
56273550 30
56290182 30
56308024 30
56324663 30
56342514 30
56359163 30
56377017 30
56393619 30
56411469 30
56428099 30
56445970 30
56462577 30
56480431 30
56497078 30
56514927 30
56531565 30
56549395 30
56566035 30
56583870 30
56600500 30
56618350 30
56634978 30
56652858 30
56669483 30
56687309 30
56703938 30
56721786 30
56738420 30
56756270 30
56772892 30
56790747 30
56807375 30
56825241 30
56841872 30
56859705 30
56876331 30
56894203 30
56910812 30
56928664 30
56945292 30
56963138 30
56979792 30
56997625 30
57014253 30
57032125 30
57048829 30
57066610 30
57083214 30
57101062 30
57117697 30
57135568 30
57152173 30
57170051 30
57186658 30
57204511 30
57221181 30
57238989 30
57255623 30
57273499 30
57290096 30
57307977 30
57324586 30
57342436 30
57359070 30
57376925 30
57393549 30
57411425 30
57428028 30
57445885 30
57462519 30
57480365 30
57497039 30
57514851 30
57531505 30
57549353 30
57565968 30
57583819 30
57600443 30
57618291 30
57634925 30
57652777 30
57669410 30
57687258 30
57703884 30
57721760 30
57738366 30
57756209 30
57772846 30
57790700 30
57807318 30
57825197 30
57841828 30
57859677 30
57876304 30
57894137 30
57910763 30
57928614 30
57945237 30
57963094 30
57979749 30
57997580 30
58014203 30
58032078 30
58048683 30
58066535 30
58083181 30
58101016 30
58117640 30
58135509 30
58152163 30
58169968 30
58186597 30
58204468 30
58221095 30
58238947 30
58255553 30
58273395 30
58290054 30
58307882 30
58324508 30
58342382 30
58358987 30
58376864 30
58393464 30
58411315 30
58427944 30
58445795 30
58462418 30
58480289 30
58496900 30
58514753 30
58531394 30
58549226 30
58565853 30
58583702 30
58600327 30
58618184 30
58634806 30
58652656 30
58669282 30
58687132 30
58703762 30
58721638 30
58738254 30
58756086 30
58772713 30
58790557 30
58807210 30
58825065 30
58841664 30
58859533 30
58876166 30
58893992 30
58910642 30
58928466 30
58945093 30
58962968 30
58979572 30
58997421 30
59014050 30
59031902 30
59048543 30
59066393 30
59083002 30
59100851 30
59117472 30
59135346 30
59151952 30
59169801 30
59186469 30
59204278 30
59220930 30
59238758 30
59255372 30
59273229 30
59289613 30
59307704 30
59324354 30
59342208 30
59358802 30
59376658 30
59393307 30
59411225 30
59427759 30
59445602 30
59462270 30
59480078 30
59496706 30
59514570 30
59531180 30
59549057 30
59565680 30
59583501 30
59600135 30
59618006 30
59634614 30
59652466 30
59669085 30
59686958 30
59703564 30
59721404 30
59738037 30
59755887 30
59772534 30
59790400 30
59806961 30
59824833 30
59841482 30
59859314 30
59875933 30
59893806 30
59910428 30
59928280 30
59944886 30
59962735 30
59979382 30
59997207 30
60013831 30
60031674 30
60048332 30
60066156 30
60082776 30
60100644 30
60117271 30
60135099 30
60151726 30
60169618 30
60186215 30
60204049 30
60220672 30
60238514 30
60255174 30
60272998 30
60289618 30
60307466 30
60324092 30
60341964 30
60341926 30
60376416 30
60393037 30
60410886 30
60427513 30
60445471 30
60461989 30
60479836 30
60496474 30
60514351 30
60530886 30
60548780 30
60565402 30
60583281 30
60599880 30
60617751 30
60634377 30
60652202 30
60668831 30
60686704 30
60703321 30
60721172 30
60737795 30
60755642 30
60772240 30
60790096 30
60806740 30
60824586 30
60841232 30
60859061 30
60875668 30
60893512 30
60910140 30
60927986 30
60944611 30
60962459 30
60979109 30
60996937 30
61013558 30
61031407 30
61048056 30
61065903 30
61082533 30
61100352 30
61116978 30
61134850 30
61151447 30
61169319 30
61185931 30
61203802 30
61220441 30
61238273 30
61254875 30
61272746 30
61289377 30
61307202 30
61323846 30
61324012 30
61358324 30
61376151 30
61392783 30
61410653 30
61427268 30
61445123 30
61461726 30
61479594 30
61496219 30
61514053 30
61530674 30
61548542 30
61565149 30
61582996 30
61599625 30
61617473 30
61634094 30
61651968 30
61668571 30
61686419 30
61703048 30
61720921 30
61737519 30
61755387 30
61771994 30
61789843 30
61806465 30
61824337 30
61840939 30
61858789 30
61875454 30
61893281 30
61909910 30
61927758 30
61944372 30
61962203 30
61978827 30
61996673 30
62013324 30
62031147 30
62047792 30
62065616 30
62082240 30
62100113 30
62116737 30
62134580 30
62151200 30
62169031 30
62185655 30
62203522 30
62220129 30
62237976 30
62254597 30
62272444 30
62289022 30
62306939 30
62323567 30
62341393 30
62358011 30
62375883 30
62392485 30
62410348 30
62426958 30
62444805 30
62461419 30
62479290 30
62495920 30
62513742 30
62530410 30
62548243 30
62564837 30
62582707 30
62599303 30
62617180 30
62633807 30
62651627 30
62668249 30
62686097 30
62702743 30
62720565 30
62737192 30
62755039 30
62771657 30
62789497 30
62806098 30
62823976 30
62840599 30
62858464 30
62875085 30
62892914 30
62909537 30
62927376 30
62944032 30
62961856 30
62978476 30
62996323 30
63012972 30
63030792 30
63047420 30
63065270 30
63081890 30
63099740 30
63116385 30
63134226 30
63150836 30
63168685 30
63185322 30
63203172 30
63219799 30
63237644 30
63254241 30
63272096 30
63288716 30
63306561 30
63323185 30
63341031 30
63357658 30
63375508 30
63392124 30
63409974 30
63426596 30
63444437 30
63461064 30
63478917 30
63495588 30
63513404 30
63530027 30
63547884 30
