12177 33
12229 39
12281 38
12335 39
12464 38
12518 39
14298 38
14352 39
14896 38
14949 39
15170 38
4168262 39
4168473 38
4168527 39
4168748 38
4330366 89
4330452 88
4331596 89
4331703 0
4331848 1
4331989 3
4332041 58
4332101 4
4332218 5
4332258 6
4332315 58
4332441 58
4332566 58
4332667 58
4332726 7
4332834 8
4332874 9
4332931 58
4333056 58
4333182 58
4333307 58
4333433 58
4333558 58
4333684 58
4333809 58
4333935 58
4334060 58
4334186 58
4334311 58
4334437 58
4334562 58
4334663 58
4334725 10
4334903 11
4334963 39
4336565 49
4336620 50
4336659 51
4336849 52
4337352 100
4337458 53
4337496 54
4337533 40
4337597 49
4337651 50
4337691 51
4337881 52
4338179 53
4338217 54
4338280 41
4338396 48
4338463 55
4338507 38
4338561 39
4338616 91
4339012 21
4339191 58
4339300 58
4339592 58
4339514 58
4339627 58
4339735 58
4339842 58
4339971 58
4340096 58
4340221 58
4340346 58
4340471 58
4340596 58
4340721 58
4340846 58
4340971 58
4341096 58
4341221 58
4341562 23
4341678 89
4342939 89
4343111 39
4343239 66
4343394 41
4343459 38
4343513 39
4343574 38
6355671 89
6355757 88
6355876 89
6357009 0
6357155 1
6357297 3
6357351 58
6357412 4
6357530 5
6357572 6
6357630 58
6357749 58
6357874 58
6357975 58
6358034 7
6358142 8
6358182 9
6358239 58
6358364 58
6358490 58
6358615 58
6358741 58
6358866 58
6358992 58
6359117 58
6359243 58
6359368 58
6359494 58
6359619 58
6359745 58
6359870 58
6359971 58
6360033 10
6360211 11
6360271 39
6361872 49
6361927 50
6361966 51
6362157 52
6362660 100
6362765 53
6362804 54
6362841 40
6362904 49
6362959 50
6362998 51
6363189 52
6363486 53
6363525 54
6363588 41
6363704 48
6363771 55
6363815 38
6363868 39
6363924 91
6364186 21
6364365 58
6364474 58
6364766 58
6364688 58
6364801 58
6364909 58
6365016 58
6365145 58
6365270 58
6365395 58
6365520 58
6365645 58
6365770 58
6365895 58
6366020 58
6366145 58
6366270 58
6366395 58
6366736 23
6366852 89
6368115 89
6368287 39
6368415 66
6368569 41
6368635 38
6368689 39
6368750 38
8319105 39
8319316 38
8319369 39
8319590 38
8383664 89
8383749 88
8384893 89
8385000 0
8385145 1
8385286 3
8385338 58
8385398 4
8385515 5
8385555 6
8385612 58
8385738 58
8385863 58
8385964 58
8386023 7
8386131 8
8386171 9
8386228 58
8386353 58
8386479 58
8386604 58
8386730 58
8386855 58
8386981 58
8387106 58
8387232 58
8387357 58
8387483 58
8387608 58
8387734 58
8387859 58
8387960 58
8388022 10
8388200 11
8388260 39
8389882 49
8389937 50
8389976 51
8390166 52
8390669 100
8390775 53
8390813 54
8390850 40
8390914 49
8390968 50
8391008 51
8391198 52
8391496 53
8391534 54
8391597 41
8391713 48
8391780 55
8391824 38
8391878 39
8391933 91
8392196 21
8392375 58
8392482 58
8392775 38
8392696 58
8392811 58
8392918 58
8393026 58
8393154 58
8393279 58
8393404 58
8393529 58
8393654 58
8393779 58
8393904 58
8394029 58
8394154 58
8394279 58
8394404 58
8394745 23
8394861 89
8396122 89
8396294 39
8396422 66
8396575 41
8396641 38
8396695 39
8396756 38
10408887 89
10408973 88
10410116 89
10410222 0
10410367 1
10410508 3
10410560 58
10410620 4
10410737 5
10410777 6
10410834 58
10410960 58
10411085 58
10411186 58
10411245 7
10411354 8
10411393 9
10411450 58
10411576 58
10411701 58
10411827 58
10411952 58
10412078 58
10412203 58
10412329 58
10412454 58
10412580 58
10412705 58
10412831 58
10412956 58
10413082 58
10413182 58
10413244 10
10413423 11
10413482 39
10415084 49
10415138 50
10415178 51
10415368 52
10415624 100
10415977 53
10416015 54
10416052 40
10416115 49
10416170 50
10416209 51
10416400 52
10416698 53
10416736 54
10416799 41
10416915 48
10416982 55
10417026 38
10417080 39
10417135 91
10417397 21
10417576 58
10417683 58
10417977 38
10417898 58
10418012 58
10418120 58
10418227 58
10418356 58
10418481 58
10418606 58
10418731 58
10418856 58
10418981 58
10419106 58
10419231 58
10419356 58
10419481 58
10419606 58
10419947 23
10419807 89
10421325 89
10421497 39
10421625 66
10421780 41
10421846 38
10421899 39
10421961 38
12436598 89
12436684 88
12437828 89
12437935 0
12438079 1
12438220 3
12438272 58
12438332 4
12438449 5
12438490 6
12438547 58
12438672 58
12438798 58
12438898 58
12438958 7
12439066 8
12439105 9
12439162 58
12439288 58
12439413 58
12439539 58
12439664 58
12439790 58
12439915 58
12440041 58
12440166 58
12440292 58
12440417 58
12440543 58
12440668 58
12440794 58
12440895 58
12440957 10
12441135 11
12441195 39
12442796 49
12442851 50
12442890 51
12443080 52
12443583 100
12443689 53
12443727 54
12443764 40
12443828 49
12443882 50
12443922 51
12444112 52
12444410 53
12444448 54
12444511 41
12444627 48
12444694 55
12444738 38
12444792 39
12444847 91
12445110 21
12445289 58
12445396 58
12445689 38
12445610 58
12445725 58
12445832 58
12445940 58
12446068 58
12446193 58
12446318 58
12446443 58
12446568 58
12446693 58
12446818 58
12446943 58
12447068 58
12447193 58
12447318 58
12447657 23
12447775 89
12449035 89
12449207 39
12449335 66
12449490 41
12449556 38
12449609 39
12449671 38
12469367 39
12469578 38
12469631 39
12469852 38
14461688 89
14461774 88
14462917 89
14463023 0
14463168 1
14463309 3
14463361 58
14463421 4
14463538 5
14463578 6
14463635 58
14463761 58
14463886 58
14463987 58
14464046 7
14464155 8
14464194 9
14464251 58
14464377 58
14464502 58
14464628 58
14464753 58
14464879 58
14465004 58
14465130 58
14465255 58
14465381 58
14465506 58
14465632 58
14465757 58
14465883 58
14465983 58
14466045 10
14466224 11
14466283 39
14467887 49
14467942 50
14467981 51
14468172 52
14468675 100
14468780 53
14468819 54
14468856 40
14468919 49
14468977 50
14469016 51
14469206 52
14469504 53
14469543 54
14469605 41
14469720 48
14469788 55
14469831 38
14469885 39
14469941 91
14470203 21
14470382 58
14470489 58
14470782 38
14470703 58
14470818 58
14470925 58
0 0
14471032 58
14471161 58
14471286 58
14471411 58
14471536 58
14471661 58
14471786 58
14471911 58
14472036 58
14472161 58
14472286 58
14472411 58
14472754 23
14472868 89
14474130 89
14474302 39
14474430 66
14474583 41
14474648 38
14474702 39
14474763 38
16489306 89
16489392 88
16490536 89
16490643 0
16490787 1
16490928 3
16490980 58
16491040 4
16491157 5
16491198 6
16491255 58
16491380 58
16491506 58
16491606 58
16491666 7
16491774 8
16491813 9
16491870 58
16491996 58
16492121 58
16492247 58
16492372 58
16492498 58
16492623 58
16492749 58
16492874 58
16493000 58
16493125 58
16493251 58
16493376 58
16493502 58
16493603 58
16493665 10
16493843 11
16493903 39
16495504 49
16495559 50
16495598 51
16495788 52
16496291 100
16496397 53
16496435 54
16496472 40
16496536 49
16496590 50
16496630 51
16496820 52
16497118 53
16497156 54
16497219 41
16497335 48
16497402 55
16497446 38
16497500 39
16497555 91
16497818 21
16497997 58
16498037 98
16536202 99
