10091594 66
10108992 66
10126163 66
10143422 66
10160601 66
10177830 66
10195023 66
10212233 66
10229494 66
10246688 66
10263884 66
10281132 66
10298324 66
10315567 66
10332757 66
10349969 66
10367188 66
10384372 66
10401711 66
10418826 66
10436015 66
10453276 66
10464841 66
10504720 66
10522116 66
10539345 66
10556539 66
10573760 66
10590948 66
10608189 66
10625374 66
10642616 66
10659806 66
10677072 66
10694282 66
10711493 66
10728661 66
10745899 66
10763089 66
10780331 66
10797806 66
10814755 66
10832016 66
10849199 66
10866389 66
10883626 66
10900816 66
10918029 66
10935248 66
10952428 66
10971252 66
10982814 66
11003892 66
11021353 66
11038547 66
11055727 66
11072948 66
11090427 66
11107380 66
11124630 66
11141804 66
11158983 66
11176244 66
11193434 66
11210638 66
11227847 66
11245080 66
11262268 66
11279451 66
11296718 66
11313870 66
11331134 66
11348366 66
11365529 66
11382716 66
11399954 66
11417136 66
11434369 66
11451629 66
11451612 66
11485974 66
11503231 66
11520416 66
11537625 66
11554816 66
11572087 66
11589232 66
11606488 66
11623722 66
11641157 66
11658083 66
11675277 66
11692539 66
11709730 66
11726937 66
11744146 66
11761356 66
11778591 66
11795801 66
11812990 66
11830241 66
11847403 66
11864643 66
11881846 66
11899045 66
11916493 66
11933444 66
11950681 66
11967870 66
11985075 66
12002327 66
12019492 66
12036750 66
12053886 66
12071123 66
12088321 66
12105560 66
12122794 66
12139930 66
12157136 66
12175762 66
12187390 66
12208566 66
12226031 66
12243210 66
12260435 66
12277607 66
12294859 66
12312047 66
12329278 66
12346481 66
12363672 66
12380861 66
12398113 66
12415340 66
12432490 66
12449718 66
12466948 66
12484162 66
12501318 66
12518531 66
12535791 66
12552974 66
12570206 66
12587373 66
12604596 66
12621857 66
12639050 66
12656228 66
12673459 66
12690680 66
12707909 66
12725053 66
12742313 66
12759474 66
12776684 66
12793922 66
12811152 66
12828320 66
12845553 66
12862732 66
12879992 66
12897160 66
12914435 66
12931638 66
12948810 66
12965993 66
12983267 66
13000458 66
13017667 66
13034855 66
13052037 66
13069248 66
13086479 66
13103694 66
13120870 66
13138134 66
13155299 66
13155104 66
13189757 66
13206951 66
13224156 66
13241393 66
13258582 66
13275788 66
13292973 66
13310228 66
13327414 66
13344674 66
13361863 66
13379034 66
13396254 66
13413469 66
13430649 66
13447901 66
13465070 66
13482297 66
13499505 66
13516818 66
13533927 66
13551407 66
13568331 66
13585580 66
13602764 66
13619979 66
13637196 66
13654394 66
13671583 66
13688790 66
13706031 66
13723255 66
13740412 66
13757668 66
13774857 66
13792084 66
13809268 66
13826480 66
13843663 66
13860871 66
13878085 66
13895332 66
13912495 66
13929708 66
13946914 66
13964159 66
13981587 66
13998587 66
14015746 66
14032971 66
14050233 66
14067396 66
14084608 66
14102048 66
14119045 66
14136235 66
14153463 66
14170647 66
14187860 66
14205113 66
14222314 66
14239486 66
14256668 66
14273925 66
14291154 66
14308320 66
14325505 66
14342742 66
14360148 66
14377156 66
14394347 66
14411597 66
14428828 66
14445993 66
14463222 66
14480426 66
14497643 66
14514825 66
14532238 66
14549282 66
14566448 66
14583680 66
14600846 66
14617307 66
14635305 66
14652497 66
14669700 66
14686904 66
14704099 66
14717062 66
14755730 66
14772956 66
14790141 66
14807420 66
14824577 66
14841812 66
14859235 66
14876212 66
14893388 66
14910624 66
14927825 66
14945034 66
14962266 66
14979497 66
14996629 66
15013841 66
15031119 66
15048258 66
15065531 66
15082668 66
15099904 66
15117093 66
15134319 66
15151819 66
15168715 66
15185920 66
15203172 66
15220364 66
15237589 66
15254818 66
15266781 66
15306270 66
15323704 66
15340885 66
15358053 66
15375267 66
15392736 66
15409709 66
15426894 66
15444122 66
15461307 66
15478522 66
15495749 66
15512931 66
15530171 66
15547598 66
15564545 66
15581858 66
15598998 66
15616232 66
15633398 66
15650624 66
15667875 66
15685045 66
15703788 66
15715439 66
15736411 66
15753848 66
15771097 66
15788292 66
15805471 66
15822680 66
15839956 66
15857074 66
15874327 66
15891539 66
15908742 66
15925929 66
15943164 66
15960391 66
15977576 66
15994741 66
16011970 66
16029193 66
16046363 66
16063561 66
16075282 66
16115079 66
16132709 66
16149663 66
16166872 66
16184083 66
16197274 66
16235503 66
16235506 66
16270096 66
16287345 66
16304558 66
16321735 66
16338944 66
16356125 66
16373608 66
16390556 66
16407774 66
16424995 66
16442160 66
16459388 66
16476620 66
16493777 66
16510992 66
16524448 66
16562458 66
16579863 66
16597119 66
16614275 66
16631460 66
16648737 66
16665906 66
16683124 66
16700314 66
16652028 66
16669170 66
16686420 66
16699670 66
16803356 66
16820793 66
16837949 66
16855159 66
16872411 66
16884935 66
16923861 66
16941197 66
16958413 66
16975691 66
16992871 66
17010080 66
17027290 66
17044514 66
17061656 66
17078897 66
17096094 66
17113275 66
17130506 66
17147719 66
17164948 66
17182185 66
17199405 66
17216547 66
17226726 66
17268023 66
17285387 66
17302588 66
17319792 66
17337000 66
17354224 66
17371384 66
17388657 66
17405867 66
17423001 66
17435702 66
17474689 66
17491906 66
17509084 66
17526522 66
17543468 66
17560682 66
17578141 66
17595124 66
17612326 66
17432890 66
17450150 66
17467411 66
17484520 66
17698339 66
17715557 66
17732792 66
17749951 66
17767127 66
17784388 66
17801569 66
17818773 66
17835946 66
17853205 66
17870386 66
17887615 66
17904774 66
17922024 66
17939209 66
17956414 66
17973614 66
17990845 66
18008010 66
18025463 66
18042437 66
18059668 66
18076873 66
18094024 66
18111265 66
18128463 66
18145647 66
18162918 66
18180127 66
18197284 66
18214520 66
18232004 66
18249001 66
18266134 66
18283337 66
18300583 66
18317729 66
18334903 66
18352133 66
18369385 66
18386543 66
18403767 66
18420972 66
18438150 66
18455382 66
18472560 66
18489777 66
18506966 66
18524201 66
18541374 66
18558624 66
18575831 66
18592987 66
18610216 66
18627400 66
18644575 66
18661855 66
18678984 66
18696209 66
18713389 66
18730649 66
18747792 66
18765050 66
18782232 66
18799457 66
18816604 66
18833847 66
18851045 66
18868251 66
18885455 66
18902658 66
18919837 66
18937365 66
18954329 66
18971450 66
18988680 66
19005877 66
19023086 66
19040341 66
19057493 66
19074740 66
19091903 66
19109130 66
19126354 66
19143560 66
19160692 66
19177924 66
19195154 66
19212348 66
19229534 66
19246741 66
19263935 66
19281170 66
19298349 66
19315577 66
19332750 66
19349967 66
19367143 66
19384373 66
19401555 66
19418780 66
19435961 66
19453193 66
19470410 66
19487575 66
19504825 66
19522002 66
19539227 66
19556424 66
19573645 66
19590842 66
19608029 66
19625234 66
19642436 66
19659683 66
19676842 66
19694047 66
19711272 66
19728429 66
19745629 66
19762861 66
19780106 66
19797305 66
19814490 66
19831694 66
19848843 66
19866120 66
19883255 66
19900530 66
19917726 66
19934889 66
19952067 66
19969299 66
19986472 66
20003748 66
20020951 66
20038154 66
20055333 66
20072807 66
20089754 66
20106892 66
20124099 66
20141349 66
20158551 66
20175730 66
20192693 66
20210140 66
20227365 66
20244569 66
20261749 66
20278933 66
20296133 66
20313607 66
20330547 66
20347744 66
20364964 66
20382178 66
20399400 66
20416558 66
20433777 66
20451278 66
20468224 66
20485441 66
20502617 66
20519772 66
20536999 66
20554183 66
