17275501 99
17275689 97
17275729 96
17301541 97
17301582 96
17367077 97
17367118 96
17432613 97
17432654 96
17498149 97
17498190 96
17563685 97
17563726 96
17629221 97
17629262 96
17694757 97
17694798 96
17760293 97
17760334 96
17825829 97
17825870 96
17864771 97
17864812 96
17891365 97
17891406 96
17956901 97
17956942 96
18022437 97
18022478 96
18087973 97
18088014 96
18153509 97
18153550 96
18219045 97
18219086 96
18284581 97
18284622 96
18314772 97
18314813 96
18350117 97
18350158 96
18415653 97
18415694 96
18481189 97
18481230 96
18546725 97
18546766 96
18612261 97
18612302 96
18677797 97
18677838 96
18743333 97
18743374 96
18808869 97
18808910 96
18874405 97
18874446 96
18939941 97
18939982 96
19005477 97
19005518 96
19071013 97
19071054 96
19136549 97
19136590 96
19202085 97
19202126 96
19267621 97
19267662 96
19333157 97
19333198 96
19354846 97
19354886 96
19398693 97
19398734 96
19464229 97
19464270 96
19529765 97
19529806 96
19595301 97
19595342 96
19660837 97
19660878 96
19726373 97
19726414 96
19791909 97
19791950 96
19857445 97
19857486 96
19922981 97
19923022 96
19944878 97
19944918 96
19959116 97
19959165 39
19959378 38
19959432 39
19959652 38
19959698 96
19988517 97
19988558 96
20054053 97
20054094 96
20119589 97
20119630 96
20185125 97
20185166 96
20250661 97
20250702 96
20316197 97
20316238 96
20381733 97
20381774 96
20447269 97
20447310 96
20512805 97
20512846 96
20578341 97
20578382 96
20643877 97
20643918 96
20709413 97
20709454 96
20774949 97
20774990 96
20840485 97
20840526 96
20906021 97
20906062 96
20971557 97
20971598 96
20999249 97
20999289 96
21037093 97
21037134 96
21102629 97
21102670 96
21168165 97
21168206 96
21233701 97
21233742 96
21299237 97
21299278 96
21364773 97
21364814 96
21430309 97
21430350 96
21495845 97
21495886 96
21561381 97
21561422 96
21626917 97
21626958 96
21692453 97
21692494 96
21757989 97
21758030 96
21823525 97
21823566 96
21889061 97
21889102 96
21954597 97
21954638 96
22020133 97
22020174 96
22025088 97
22025129 96
22039380 97
22039421 96
22085669 97
22085710 96
22151205 97
22151246 96
22216741 97
22216782 96
22282277 97
22282318 96
22347813 97
22347854 96
22413349 97
22413390 96
22478885 97
22478926 96
22544421 97
22544462 96
22609957 97
22609998 96
22675493 97
22675534 96
22741029 97
22741070 96
22806565 97
22806606 96
22872101 97
22872142 96
22937637 97
22937678 96
23003173 97
23003214 96
23068709 97
23068750 96
23079558 97
23079599 96
23134245 97
23134286 96
23199781 97
23199822 96
23265317 97
23265358 96
23330853 97
23330894 96
23396389 97
23396430 96
23461925 97
23461966 96
23527461 97
23527502 96
23592997 97
23593038 96
23658533 97
23658574 96
23724069 97
23724110 96
23789605 97
23789646 96
23855141 97
23855182 96
23920677 97
23920718 96
23986213 97
23986254 96
24051749 97
24051790 96
24105429 97
24105469 96
24117285 97
24117326 96
24119668 97
24119717 39
24119930 38
24119984 39
24120204 38
24120250 96
24182821 97
24182862 96
24248357 97
24248398 96
24313893 97
24313934 96
24379429 97
24379470 96
24444965 97
24445006 96
24510501 97
24510542 96
24576037 97
24576078 96
24641573 97
24641614 96
24707109 97
24707150 96
24772645 97
24772686 96
24838181 97
24838222 96
24903717 97
24903758 96
24969253 97
24969294 96
25034789 97
25034830 96
25100325 97
25100366 96
25159818 97
25159859 96
25165861 97
25165902 96
25231397 97
25231438 96
25296933 97
25296974 96
25362469 97
25362510 96
25428005 97
25428046 96
25493541 97
25493582 96
25559077 97
25559118 96
25624613 97
25624654 96
25690149 97
25690190 96
25755685 97
25755726 96
25821221 97
25821262 96
25886757 97
25886798 96
25952293 97
25952334 96
26017829 97
26017870 96
26083365 97
26083406 96
26148901 97
26148942 96
26185704 97
26185745 96
26199995 97
26200036 96
26214437 97
26214478 96
26279973 97
26280014 96
26345509 97
26345550 96
26411045 97
26411086 96
26476581 97
26476622 96
26542117 97
26542158 96
26607653 97
26607694 96
26673189 97
26673230 96
26738725 97
26738766 96
26804261 97
26804302 96
26869797 97
26869838 96
26935333 97
26935374 96
27000869 97
27000910 96
27066405 97
27066446 96
27131941 97
27131982 96
27197477 97
27197518 96
27240154 97
27240195 96
27263013 97
27263054 96
27328549 97
27328590 96
27394085 97
27394126 96
27459621 97
27459662 96
27525157 97
27525198 96
27590693 97
27590734 96
27656229 97
27656270 96
27721765 97
27721806 96
27787301 97
27787342 96
27852837 97
27852878 96
27918373 97
27918414 96
27983909 97
27983950 96
28049445 97
28049486 96
28114981 97
28115022 96
28180517 97
28180558 96
28246053 97
28246094 96
28266011 97
28266052 96
28280252 97
28280301 39
28280513 38
28280567 39
28280788 38
28280834 96
28311589 97
28311630 96
28377125 97
28377166 96
28442661 97
28442702 96
28508197 97
28508238 96
28573733 97
28573774 96
28639269 97
28639310 96
28704805 97
28704846 96
28770341 97
28770382 96
28835877 97
28835918 96
28901413 97
28901454 96
28966949 97
28966990 96
29032485 97
29032526 96
29098021 97
29098062 96
29163557 97
29163598 96
29229093 97
29229134 96
29294629 97
29294670 96
29320443 97
29320484 96
29360165 97
29360206 96
29425701 97
29425742 96
29491237 97
29491278 96
29556773 97
29556814 96
29622309 97
29622350 96
29687845 97
29687886 96
29753381 97
29753422 96
29818917 97
29818958 96
29884453 97
29884494 96
29949989 97
29950030 96
30015525 97
30015566 96
30081061 97
30081102 96
30146597 97
30146638 96
30212133 97
30212174 96
30277669 97
30277710 96
30343205 97
30343246 96
30346312 97
30346353 96
30360603 97
30360644 96
30408741 97
30408782 96
30474277 97
30474318 96
30539813 97
30539854 96
30605349 97
30605390 96
30670885 97
30670926 96
30736421 97
30736462 96
30801957 97
30801998 96
30867493 97
30867534 96
30933029 97
30933070 96
30998565 97
30998606 96
31064101 97
31064142 96
31129637 97
31129678 96
31195173 97
31195214 96
31260709 97
31260750 96
31326245 97
31326286 96
31391781 97
31391822 96
31400756 97
31400797 96
31457317 97
31457358 96
31522853 97
31522894 96
31588389 97
31588430 96
31653925 97
31653966 96
31719461 97
31719502 96
31784997 97
31785038 96
31850533 97
31850574 96
31916069 97
31916110 96
31981605 97
31981646 96
32047141 97
32047182 96
32112677 97
32112718 96
32178213 97
32178254 96
32243749 97
32243790 96
32309285 97
32309326 96
32374821 97
32374862 96
32426683 97
32426724 96
32440357 97
32440398 96
32440926 97
32440974 39
32441187 38
32441241 39
32441462 38
32441507 96
32446905 89
32446991 88
32447046 97
32447086 96
32448836 89
32448943 0
32449087 1
32449228 3
32449304 4
32449421 5
32449461 6
32449572 97
32449613 96
32449733 97
32449773 96
32449868 97
32449909 96
32449996 7
32450105 8
32450144 9
32450255 97
32450296 96
32450416 97
32450457 96
32450576 97
32450617 96
32450737 97
32450778 96
32450897 97
32450938 96
32451058 97
32451099 96
32451218 97
32451259 96
32451379 97
32451420 96
32451539 97
32451580 96
32451700 97
32451741 96
32451860 97
32451901 96
32452021 97
32452062 96
32452181 97
32452222 96
32452342 97
32452383 96
32452502 97
32452543 96
32452663 97
32452704 96
32452823 97
32452864 96
32452984 97
32453025 96
32453144 97
32453185 96
32453305 97
32453346 96
32453465 97
32453506 96
32453626 97
32453667 96
32453786 97
32453827 96
32453947 97
32453988 96
32454078 10
32454256 11
32454303 97
32454338 98
32559053 99
32559121 89
32559208 88
32559318 0
32559357 3
32559414 39
32561733 40
32562263 41
32562379 48
32562534 1
32562712 4
32562833 5
32562873 6
32563088 7
32563254 8
32563293 9
0 0
32563745 38
32564186 39
32564693 91
32565113 10
32565281 11
32565660 21
32566089 38
32566345 39
32568105 23
32568238 89
32570183 89
32570714 40
32570732 41
32570848 48
32571515 1
32571694 4
32571816 5
32571857 6
32572380 7
32572239 8
32572279 9
0 0
32572810 38
32573250 39
32574107 10
32574275 11
32574455 41
32574514 38
32574567 39
32574623 91
32574885 21
32575314 38
32575752 39
32577330 23
32577463 89
32579406 89
32579941 40
32580471 41
32580587 48
32580740 1
32580918 4
32580962 42
32581240 50
32581307 57
32581351 6
32581397 55
32581440 38
32581493 39
32581739 41
32581799 38
32581853 39
32581908 91
32582171 21
32582536 38
32582774 96
32582893 97
32582934 96
32583053 97
32583094 96
32583213 97
32583254 96
32583373 97
32583414 96
32583533 97
32583574 96
32583693 97
32583734 96
32583853 97
32583894 96
32584013 97
32584054 96
32584173 97
32584214 96
32584333 97
32584374 96
32584493 97
32584534 96
32584653 97
32584694 96
32584813 97
32584854 96
32584973 97
32585014 96
32585133 97
32585174 96
32585293 97
32585334 96
32585453 97
32585494 96
32585613 97
32585654 96
32585773 97
32585814 96
32585933 97
32585974 96
32586093 97
32586134 96
32586228 97
32586269 96
32586638 23
32586685 97
32586726 96
32586798 89
32586986 97
32587027 96
32588715 89
32588875 97
32588923 39
32589169 41
32589227 89
32589313 88
32589392 38
32589446 39
32589507 38
32589553 96
32591155 89
32591262 0
32591406 1
32591547 3
32591623 4
32591740 5
32591780 6
32591891 97
32591932 96
32592052 97
32592092 96
32592187 97
32592228 96
32592315 7
32592424 8
32592463 9
32592574 97
32592615 96
32592735 97
32592776 96
32592776 97
32592936 96
32593056 97
32593097 96
32593216 97
32593257 96
32593377 97
32593418 96
32593537 97
32593578 96
32593698 97
32593739 96
32593858 97
32593899 96
32594019 97
32594060 96
32594179 97
32594220 96
32594340 97
32594381 96
32594500 97
32594541 96
32594661 97
32594702 96
32594821 97
32594862 96
32594982 97
32595023 96
32595142 97
32595183 96
32595303 97
32595344 96
32595463 97
32595504 96
32595624 97
32595665 96
32595784 97
32595825 96
32595945 97
32595986 96
32596105 97
32596146 96
32596266 97
32596307 96
32596397 10
32596575 11
32596622 97
32596670 39
32598989 40
32599210 89
32599296 88
32599677 41
32599793 48
32599860 55
32599904 38
32599958 39
32600013 91
32600275 21
32600705 38
32600943 96
32601062 97
32601103 96
32601175 89
32601346 0
32601456 3
32601562 97
32601603 96
32601722 97
32601763 96
32601882 97
32601923 96
32602042 97
32602083 96
32602202 97
32602243 96
32602362 97
32602403 96
32602522 97
32602563 96
32602682 97
32602723 96
32602842 97
32602883 96
32603002 97
32603043 96
32603162 97
32603203 96
32603322 97
32603363 96
32603482 97
32603523 96
32603642 97
32603683 96
32603802 97
32603843 96
32603962 97
32604003 96
32604122 97
32604163 96
32604282 97
32604323 96
32604417 97
32604458 96
32604827 23
32604874 97
32604915 96
32604987 89
32605219 97
32605268 39
32605336 1
32605514 4
32605631 5
32605671 6
32605887 7
32606053 8
32606093 9
0 0
32606353 96
32606473 97
32606514 96
32606633 97
32606674 96
32606794 97
32606835 96
32606907 89
32607112 97
32607355 39
32608431 10
32608609 11
32608764 41
32608830 38
32608882 39
32609599 89
32609685 88
32611359 40
32611527 89
32611634 0
32611672 3
32612094 41
32612205 48
32612358 1
32612536 4
32612653 5
32612693 6
32612908 7
32613074 8
32613114 9
0 0
32613565 38
32614006 39
32614513 91
32614934 10
32615112 11
32615358 21
32615723 38
32616161 39
32617807 23
32617936 89
32619885 89
32620414 40
32620946 41
32621062 48
32621129 55
32621173 38
32621226 39
32621470 41
32621531 38
32621584 39
32621640 91
32621902 21
32622268 38
32622505 96
32622625 97
32622665 96
32622785 97
32622825 96
32622945 97
32622985 96
32623105 97
32623145 96
32623265 97
32623305 96
32623425 97
32623465 96
32623585 97
32623625 96
32623745 97
32623785 96
32623905 97
32623945 96
32624065 97
32624105 96
32624225 97
32624265 96
32624385 97
32624425 96
32624545 97
32624585 96
32624705 97
32624745 96
32624865 97
32624905 96
32625025 97
32625065 96
32625185 97
32625225 96
32625345 97
32625385 96
32625505 97
32625545 96
32625665 97
32625705 96
32625825 97
32625865 96
32625960 97
32626000 96
32626370 23
32626416 97
32626457 96
32626530 89
32626716 97
32626756 96
32627780 97
32628008 96
32628449 89
32628608 97
32628657 39
32628902 41
32628967 38
32629021 39
32629082 38
32629128 96
32629873 89
32629959 88
32630014 97
32630055 96
32631804 89
32631911 0
32632055 1
32632196 3
32632272 4
32632389 5
32632429 6
32632540 97
32632581 96
32632701 97
32632741 96
32632836 97
32632877 96
32632964 7
32633073 8
32633112 9
32633223 97
32633264 96
32633384 97
32633425 96
32633544 97
32633585 96
32633705 97
32633746 96
32633865 97
32633906 96
32634026 97
32634067 96
32634186 97
32634227 96
32634347 97
32634388 96
32634507 97
32634548 96
32634668 97
32634709 96
32634828 97
32634869 96
32634989 97
32635030 96
32635149 97
32635190 96
32635310 97
32635351 96
32635470 97
32635511 96
32635631 97
32635672 96
32635791 97
32635832 96
32635952 97
32635993 96
32636112 97
32636153 96
32636273 97
32636314 96
32636433 97
32636474 96
32636594 97
32636635 96
32636498 97
32636539 96
32636659 97
32636958 96
32637050 10
32637229 11
32637292 97
32637341 39
32639660 40
32639800 89
32639885 88
32640348 41
32640464 48
32640531 55
32640575 38
32640628 39
32640684 91
32640946 21
32641312 38
32641549 96
32641669 97
32641709 96
32641782 89
32641953 0
32642063 3
32642169 97
32642210 96
32642329 97
32642370 96
32642489 97
32642530 96
32642649 97
32642690 96
32642809 97
32642850 96
32642969 97
32643010 96
32643129 97
32643170 96
32643289 97
32643330 96
32643449 97
32643490 96
32643609 97
32643650 96
32643769 97
32643810 96
32643929 97
32643970 96
32644089 97
32644130 96
32644249 97
32644290 96
32644409 97
32644450 96
32644569 97
32644610 96
32644729 97
32644770 96
32644889 97
32644930 96
32645049 97
32645090 96
32645184 97
32645225 96
32645596 23
32645642 97
32645683 96
32645756 89
32645988 97
32646037 39
32646104 1
32646282 4
32646282 5
32646439 6
32646656 7
32646822 8
32646861 9
0 0
32647122 96
32647241 97
32647282 96
32647402 97
32647443 96
32647562 97
32647603 96
32647676 89
32647881 97
32648123 39
32649198 10
32649376 11
32649532 41
32649598 38
32649651 39
32650161 89
32650247 88
32652090 89
32652197 0
32652236 3
32652333 40
32652863 41
32652973 48
32653127 1
32653305 4
32653422 5
32653462 6
32653677 7
32653843 8
32653882 9
0 0
32654334 38
32654775 39
32655282 91
32655702 10
32655880 11
32656126 21
32656492 38
32656929 39
32658576 23
32658704 89
32660652 89
32661183 40
32661712 41
32661828 48
32661896 55
32661939 38
32661992 39
32662238 41
32662298 38
32662352 39
32662407 91
32662670 21
32663035 38
32663273 96
32663392 97
32663433 96
32663552 97
32663593 96
32663712 97
32663753 96
32663872 97
32663913 96
32664032 97
32664073 96
32664192 97
32664233 96
32664352 97
32664393 96
32664512 97
32664553 96
32664672 97
32664713 96
32664749 98
32703464 99
32703538 89
32703625 88
32703868 0
32703978 3
32704164 97
32704205 96
32704324 97
32704365 96
32704484 97
32704525 96
32704644 97
32704685 96
32704804 97
32704845 96
32704964 97
32705005 96
32705124 97
32705165 96
32705284 97
32705325 96
32705444 97
32705485 96
32705579 97
32705620 96
32705989 23
32706036 97
32706077 96
32706149 89
32706382 97
32706430 39
32706498 1
32706676 4
32706796 5
32706837 6
32707053 7
32707219 8
32707258 9
0 0
32707519 96
32707638 97
32707679 96
32707799 97
32707840 96
32707959 97
32708000 96
32708073 89
32708278 97
32708520 39
32709595 10
32709762 11
32709918 41
32709983 38
32710036 39
32712355 40
32712885 41
32712996 48
32713148 1
32713326 4
32713447 5
32713487 6
32713702 7
32713868 8
32713907 9
0 0
32714359 38
32714800 39
32715307 91
32715727 10
32715895 11
32716140 21
32716460 89
32716546 88
32716826 38
32717264 39
32718772 23
32718888 89
32720848 89
32721387 40
32721917 41
32722033 48
32722185 1
32722363 4
32722408 42
32722686 50
32722753 57
32722796 6
32722842 55
32722886 38
32722939 39
32723185 41
32723246 38
32723299 39
32723355 91
32723617 21
32723983 38
32724220 96
32724340 97
32724380 96
32724500 97
32724540 96
32724660 97
32724700 96
32724820 97
32724860 96
32724980 97
32725020 96
32725140 97
32725180 96
32725300 97
32725340 96
32725460 97
32725500 96
32725620 97
32725660 96
32725780 97
32725820 96
32725940 97
32725980 96
32726100 97
32726140 96
32726260 97
32726300 96
32726420 97
32726460 96
32726533 89
32726619 88
32726738 97
32726778 96
32726898 97
32726938 96
32727058 97
32727098 96
32727218 97
32727258 96
32727378 97
32727418 96
32727538 97
32727578 96
32727698 97
32727738 96
32727833 97
32727873 96
32728240 23
32728304 89
32728490 97
32728531 96
32730319 89
32730478 97
32730527 39
32730773 41
32730839 38
32730893 39
32730954 38
32731000 96
32734918 97
32734959 96
32736699 89
32736785 88
32736840 97
32736880 96
32737091 0
32737235 1
32737376 3
32737451 4
32737568 5
32737609 6
32737720 97
32737761 96
32737880 97
32737921 96
32738016 97
32738057 96
32738144 7
32738252 8
32738292 9
32738403 97
32738444 96
32738564 97
32738604 96
32738677 89
32738848 0
32738887 3
32738994 97
32739034 96
32739154 97
32739195 96
32739315 97
32739355 96
32739475 97
32739516 96
32739636 97
32739676 96
32739796 97
32739837 96
32739957 97
32739997 96
32740117 97
32740158 96
32740278 97
32740318 96
32740438 97
32740479 96
32740599 97
32740639 96
32740759 97
32740800 96
32740920 97
32740960 96
32741080 97
32741121 96
32741241 97
32741281 96
32741401 97
32741442 96
32741562 97
32741602 96
32741722 97
32741763 96
32741883 97
32741923 96
32742043 97
32742084 96
32742213 0
32742252 3
32742329 10
32742395 52
32742459 1
32742603 59
32742687 4
32742822 45
32742861 50
32743014 1
32743159 57
32743198 5
32743239 6
32743318 4
32743436 5
32743476 6
32743557 10
32743700 52
32743853 1
32743997 59
32744081 4
32744216 45
32744255 50
32744408 1
32744552 57
32744592 5
32744632 6
32744712 4
32744847 45
32744886 50
32745039 1
32745183 57
32745223 5
32745263 6
32745343 4
32745478 45
32745518 50
32745670 1
32745815 57
32745854 5
32745895 6
32745974 4
32746109 45
32746149 50
32746302 1
32746446 57
32746486 5
32746526 6
32746606 4
32746741 45
32746780 50
32746933 1
32747077 57
32747117 5
32747157 6
32747221 89
32747307 88
32747395 4
32747512 5
32747552 6
32747634 10
32747777 52
32747929 1
32748074 59
32748157 4
32748292 45
32748332 50
32748484 1
32748629 57
32748668 5
32748709 6
32748773 89
32748903 4
32748995 5
32749036 6
32749215 10
32749358 52
32749510 1
32749655 59
32749738 4
32749855 5
32749896 6
32749992 0
32750030 3
32750107 10
32750174 52
32750237 1
32750382 59
32750465 4
32750582 5
32750622 6
32750734 97
32750774 96
32750894 97
32750935 96
32751030 97
32751071 96
32751158 7
32751266 8
32751306 9
32751417 97
32751458 96
32751577 97
32751618 96
32751738 97
32751779 96
32751898 97
32751939 96
32752059 97
32752100 96
32752219 97
32752260 96
32752380 97
32752421 96
32752540 97
32752581 96
32752701 97
32752742 96
32752832 10
32752984 52
32753051 59
32753102 97
32753143 96
32756969 89
32757054 88
32757109 97
32757150 96
32757261 0
32757405 1
32757546 3
32757621 4
32757738 5
32757779 6
32757890 97
32757931 96
32758050 97
32758091 96
32758186 97
32758227 96
32758314 7
32758422 8
32758462 9
32758573 97
32758614 96
32758734 97
32758774 96
32758911 89
32759083 0
32759121 3
32759228 97
32759269 96
32759389 97
32759429 96
32759549 97
32759590 96
32759710 97
32759750 96
32759870 97
32759911 96
32760031 97
32760071 96
32760191 97
32760232 96
32760352 97
32760392 96
32760512 97
32760553 96
32760673 97
32760713 96
32760833 97
32760874 96
32760994 97
32761034 96
32761154 97
32761195 96
32761315 97
32761355 96
32761475 97
32761516 96
32761636 97
32761676 96
32761796 97
32761837 96
32761957 97
32761997 96
32762117 97
32762158 96
32762278 97
32762318 96
32762438 97
32762479 96
32762599 97
32762639 96
32762759 97
32762800 96
32762929 0
32762968 3
32763045 10
32763111 52
32763175 1
32763319 59
32763403 4
32763538 45
32763577 50
32763730 1
32763875 57
32763914 5
32763955 6
32764034 4
32764169 45
32764209 50
32764362 1
32764506 57
32764546 5
32764586 6
32764666 4
32764801 45
32764840 50
32764993 1
32765137 57
32765177 5
32765217 6
32765297 4
32765432 45
32765471 50
32765624 1
32765768 57
32765808 5
32765848 6
32765928 4
32766045 5
32766086 6
32766167 10
32766310 52
32766310 1
32766607 59
32766690 4
32766825 45
32766865 50
32767018 1
32767162 57
32767202 5
32767242 6
32767306 89
32767392 88
32767480 4
32767615 45
32767654 50
32767551 1
32767695 57
32767735 5
32768034 6
32768115 4
32768251 45
32768292 50
32768446 1
32768591 57
32768632 5
32768674 6
32768755 4
32768891 45
32768932 50
32769086 1
32769231 57
32769272 5
32769314 6
32769379 89
32769511 4
32769647 45
32769688 50
32769842 1
32769987 57
32770028 5
32770070 6
32770151 4
32770269 5
32770311 6
32770393 10
32770537 52
32770691 1
32770837 59
32770922 4
32771058 45
32771099 50
32771253 1
32771398 57
32771439 5
32771481 6
32771562 4
32771655 5
32771697 6
32771780 10
32771924 52
32772078 1
32772223 59
32772308 4
32772426 5
32772468 6
32772606 10
32772748 52
32772901 1
32773045 59
32773129 4
32773246 5
32773286 6
32773407 0
32773446 3
32773552 97
32773593 96
32773688 97
32773729 96
32773816 7
32773924 8
32773964 9
32774075 97
32774116 96
32774236 97
32774276 96
32774396 97
32774437 96
32774557 97
32774597 96
32774717 97
32774758 96
32774878 97
32774918 96
32775038 97
32775079 96
32775199 97
32775239 96
32775359 97
32775400 96
32775490 10
32775556 52
32775620 1
32775764 59
32775848 4
32775965 5
32776005 6
32776116 97
32776157 96
32776277 97
32776317 96
32776412 97
32776453 96
32776540 7
32776649 8
32776688 9
32776799 97
32776840 96
32776960 97
32777001 96
32777120 97
32777161 96
32777298 89
32777384 88
32777503 97
32777544 96
32777664 97
32777705 96
32777824 97
32777865 96
32777985 97
32778026 96
32778145 97
32778186 96
32778306 97
32778347 96
32778466 97
32778507 96
32778627 97
32778668 96
32778787 97
32778828 96
32778948 97
32778989 96
32779108 97
32779144 98
32883883 99
32883925 96
32883999 89
32884251 0
32884290 3
32884477 97
32884518 96
32884637 97
32884678 96
32884798 97
32884839 96
32884958 97
32884999 96
32885119 97
32885160 96
32885279 97
32885320 96
32885440 97
32885481 96
32885600 97
32885641 96
32885761 97
32885802 96
32885921 97
32885962 96
32886052 10
32886120 52
32886186 1
32886330 59
32886414 4
32886534 5
32886574 6
32886656 10
32886799 52
32886951 1
32887096 59
32887179 4
32887317 45
32887357 50
32887510 1
32887654 57
32887694 5
32887734 6
32887814 4
32887909 5
32887950 6
32888031 10
32888174 52
32888327 1
32888471 59
32888554 4
32888675 5
32888715 6
32888802 97
32888842 96
32888932 10
32889075 52
32889228 1
32889372 59
32889456 4
32889576 5
32889616 6
32889727 97
32889768 96
32889888 97
32889929 96
32890024 97
32890064 96
32890152 7
32890260 8
32890299 9
32890411 97
32890451 96
32890571 97
32890612 96
32890732 97
32890772 96
32890892 97
32890933 96
32891053 97
32891093 96
32891213 97
32891254 96
32891374 97
32891414 96
32891534 97
32891575 96
32891695 97
32891735 96
32891825 10
32891968 52
32892121 1
32892265 59
32892349 4
32892469 5
32892509 6
32892620 97
32892661 96
32892781 97
32892822 96
32892917 97
32892957 96
32893045 7
32893153 8
32893192 9
32893304 97
32893344 96
32893464 97
32893505 96
32893625 97
32893665 96
32893785 97
32893826 96
32893946 97
32893986 96
32894106 97
32894147 96
32894267 97
32894307 96
32894427 97
32894468 96
32894588 97
32894628 96
32894748 97
32894789 96
32894909 97
32894949 96
32895069 97
32895110 96
32895230 97
32895270 96
32895390 97
32895431 96
32895551 97
32895591 96
32895711 97
32895752 96
32895872 97
32895912 96
32896032 97
32896073 96
32896193 97
32896233 96
32896353 97
32896394 96
32896514 97
32896554 96
32896674 97
32896715 96
32896835 97
32896875 96
32896995 97
32897036 96
32897156 97
32897196 96
32897316 97
32897357 96
32897477 97
32897517 96
32897637 97
32897678 96
32897768 10
32897911 52
32898063 1
32898208 59
32898291 4
32898429 45
32898469 50
32898622 1
32898766 57
32898806 5
32898590 6
32898670 4
32898714 42
32899251 50
32899319 57
32899364 6
32899429 89
32899516 88
32899622 97
32899663 96
32908786 89
32908871 88
32908926 97
32908967 96
32910714 89
32910820 0
32910965 1
32911106 3
32911181 4
32911298 5
32911338 6
32911450 97
32911490 96
32911610 97
32911651 96
32911746 97
32911787 96
32911874 7
32911982 8
32912022 9
32912133 97
32912174 96
32912293 97
32912334 96
32912454 97
32912495 96
32912614 97
32912655 96
32912775 97
32912816 96
32912935 97
32912976 96
32913096 97
32913137 96
32913256 97
32913297 96
32913417 97
32913458 96
32913577 97
32913618 96
32913738 97
32913779 96
32913898 97
32913939 96
32914059 97
32914100 96
32914219 97
32914260 96
32914380 97
32914421 96
32914540 97
32914581 96
32914701 97
32914742 96
32914861 97
32914902 96
32915022 97
32915063 96
32915182 97
32915223 96
32915343 97
32915384 96
32915503 97
32915544 96
32915664 97
32915705 96
32915824 97
32915865 96
32915955 10
32916133 11
32916180 97
32916229 39
32918550 40
32918977 89
32919062 88
32919241 41
32919357 48
32919424 55
32919468 38
32919522 39
32919577 91
32919839 21
32920269 38
32920507 96
32920626 97
32920667 96
32920786 97
32920827 96
32920963 89
32921134 0
32921244 3
32921350 97
32921391 96
32921510 97
32921551 96
32921670 97
32921711 96
32921830 97
32921871 96
32921990 97
32922031 96
32922150 97
32922191 96
32922310 97
32922351 96
32922470 97
32922511 96
32922630 97
32922671 96
32922790 97
32922831 96
32922950 97
32922991 96
32923110 97
32923151 96
32923270 97
32923311 96
32923430 97
32923471 96
32923590 97
32923631 96
32923750 97
32923791 96
32923885 97
32923926 96
32924295 23
32924342 97
32924383 96
32924455 89
32924687 97
32924736 39
32924804 1
32924982 4
32925099 5
32925139 6
32925355 7
32925521 8
32925561 9
0 0
32925821 96
32925941 97
32925982 96
32926101 97
32926142 96
32926262 97
32926303 96
32926375 89
32926580 97
32926823 39
32927899 10
32928077 11
32928231 41
32928297 38
32928349 39
32929290 89
32929376 88
32930826 40
32931218 89
32931324 0
32931363 3
32931561 41
32931672 48
32931825 1
32932003 4
32932120 5
32932160 6
32932375 7
32932541 8
32932581 9
0 0
32933032 38
32933473 39
32933980 91
32934401 10
32934579 11
32934825 21
32935190 38
32935786 39
32937362 23
32937497 89
32939440 89
32939974 40
32940504 41
32940620 48
32940687 55
32940731 38
32940784 39
32941030 41
32941091 38
32941145 39
32941200 91
32941462 21
32941892 38
32942130 96
32942249 97
32942290 96
32942409 97
32942450 96
32942569 97
32942610 96
32942729 97
32942770 96
32942889 97
32942930 96
32943049 97
32943090 96
32943209 97
32943250 96
32943369 97
32943410 96
32943529 97
32943570 96
32943689 97
32943730 96
32943849 97
32943890 96
32944009 97
32944050 96
32944169 97
32944210 96
32944329 97
32944370 96
32944489 97
32944530 96
32944649 97
32944690 96
32944809 97
32944850 96
32944969 97
32945010 96
32945129 97
32945170 96
32945289 97
32945330 96
32945424 97
32945465 96
32945834 23
32945881 97
32945921 96
32945994 89
32946180 97
32946221 96
32947913 89
32948073 97
32948121 39
32948368 41
32948433 38
32948487 39
32948548 38
32948594 96
32949581 89
32949667 88
32949722 97
32949762 96
32951511 89
32951618 0
32951762 1
32951903 3
32951979 4
32952096 5
32952136 6
32952247 97
32952288 96
32952408 97
32952448 96
32952543 97
32952584 96
32952671 7
32952780 8
32952819 9
32952930 97
32952971 96
32953091 97
32953132 96
32953251 97
32953292 96
32953412 97
32953453 96
32953572 97
32953613 96
32953733 97
32953774 96
32953893 97
32953934 96
32954054 97
32954095 96
32954214 97
32954255 96
32954375 97
32954416 96
32954535 97
32954576 96
32954696 97
32954737 96
32954856 97
32954897 96
32955017 97
32955058 96
32955177 97
32955218 96
32955338 97
32955379 96
32955498 97
32955539 96
32955659 97
32955700 96
32955819 97
32955860 96
32955980 97
32956021 96
32956140 97
32956181 96
32956301 97
32956342 96
32956461 97
32956502 96
32956622 97
32956663 96
32956753 10
32956931 11
32956978 97
32957026 39
32959348 40
32959535 89
32959621 88
32960036 41
32960151 48
32960219 55
32960262 38
32960316 39
32960372 91
32960634 21
32961063 38
32961301 96
32961420 97
32961461 96
32961534 89
32961704 0
32961814 3
32961921 97
32961961 96
32962081 97
32962121 96
32962241 97
32962281 96
32962401 97
32962441 96
32962561 97
32962601 96
32962721 97
32962761 96
32962881 97
32962921 96
32963041 97
32963081 96
32963201 97
32963241 96
32963361 97
32963401 96
32963521 97
32963561 96
32963681 97
32963721 96
32963841 97
32963881 96
32964001 97
32964041 96
32964161 97
32964201 96
32964321 97
32964105 96
32964225 97
32964265 96
32964698 97
32964738 96
32965108 23
32965154 97
32965195 96
32965268 89
32965502 97
32965550 39
32965618 1
32965796 4
32965913 5
32965953 6
32966170 7
32966336 8
32966375 9
0 0
32966635 96
32966755 97
32966796 96
32966916 97
32966956 96
32967076 97
32967117 96
32967189 89
32967395 97
32967637 39
32968713 10
32968891 11
32969045 41
32969111 38
32969164 39
32969827 89
32969913 88
32971641 40
32971756 89
32971863 0
32971902 3
32972375 41
32972486 48
32972639 1
32972817 4
32972934 5
32972975 6
32973247 7
32973355 8
32973395 9
32973431 98
33078269 99
33078334 89
33078421 88
33078666 0
33078705 3
0 0
33079232 38
33079673 39
33080180 91
33080383 10
33080476 11
33080714 38
33080768 39
33083087 40
33083617 41
33083732 48
33083798 1
33083976 4
33084096 5
33084137 6
33084351 7
33084517 8
33084557 9
0 0
33085009 38
33085449 39
33085705 70
33086316 10
33086570 11
0 0
33086644 39
33086730 21
33087024 38
33087462 39
33089179 23
33089301 89
33091258 89
33091779 40
33092117 89
33092202 88
33092503 41
33092619 48
33092772 1
33092950 4
33093070 5
33093111 6
33093325 7
33093491 8
33093531 9
0 0
33093983 38
33094422 39
33095356 10
33095242 52
33095395 1
33095798 59
33095883 4
33096022 45
33096063 50
33096217 1
33096363 57
33096404 5
33096445 6
33096526 4
33096666 45
33096706 50
33096860 1
33097006 57
33097047 5
33097088 6
33097169 4
33097309 45
33097350 50
33097504 1
33097649 57
33097690 5
33097732 6
33097813 4
33097952 45
33097993 50
33098147 1
33098292 57
33098333 5
33098375 6
33098456 4
33098595 45
33098636 50
33098790 1
33098936 57
33098977 5
33099018 6
33099099 4
33099239 45
33099279 50
33099433 1
33099579 57
33099620 5
33099661 6
33099742 4
33099882 45
33099923 50
33100077 1
33100222 57
33100263 5
33100305 6
33100386 4
33100525 45
33100566 50
33100720 1
33100865 57
33100906 5
33100948 6
33101029 4
33101168 45
33101209 50
33101363 1
33101509 57
33101550 5
33101591 6
33101672 4
33101812 45
33101852 50
33102006 1
33102152 57
33102193 5
33102234 6
33102315 4
33102361 42
33102640 50
33102709 57
33102753 6
33102818 89
33102905 88
33103131 41
33103192 38
33103246 39
33103301 91
33103563 21
33103993 38
33104231 96
33104350 97
33104391 96
33104510 97
33104551 96
33104670 97
33104711 96
33104830 97
33104871 96
33104990 97
33105031 96
33105150 97
33105191 96
33105310 97
33105351 96
33105470 97
33105511 96
33105630 97
33105671 96
33105790 97
33105831 96
33105950 97
33105991 96
33106110 97
33106151 96
33106270 97
33106311 96
33106430 97
33106471 96
33106590 97
33106631 96
33106750 97
33106791 96
33106910 97
33106951 96
33107070 97
33107111 96
33107230 97
33107271 96
33107390 97
33107431 96
33107525 97
33107566 96
33107932 23
33107979 97
33108020 96
33108092 89
33108278 97
33108319 96
33108476 97
33108517 96
33110013 89
33110173 97
33110222 39
33110466 41
33110532 38
33110585 39
33110641 91
33110903 21
33111269 38
33111506 96
33111626 97
33111666 96
33111786 97
33111826 96
33111946 97
33111986 96
33112106 97
33112146 96
33112266 97
33112306 96
33112426 97
33112466 96
33112539 89
33112625 88
33112744 97
33112784 96
33112904 97
33112944 96
33113064 97
33113104 96
33113224 97
33113264 96
33113384 97
33113424 96
33113544 97
33113584 96
33113704 97
33113744 96
33113864 97
33113904 96
33114024 97
33114064 96
33114184 97
33114224 96
33114344 97
33114384 96
33114457 89
33114628 0
33114738 3
33114844 97
33114885 96
33115004 97
33115045 96
33115164 97
33115205 96
33115299 97
33115340 96
33115709 23
33115756 97
33115796 96
33115869 89
33116101 97
33116150 39
33116218 1
33116395 4
33116512 5
33116552 6
33116769 7
33116935 8
33116975 9
0 0
33117235 96
33117355 97
33117395 96
33117515 97
33117556 96
33117676 97
33117716 96
33117789 89
33117994 97
33118236 39
33119312 10
33119491 11
33119644 41
33119709 38
33119762 39
33122081 40
33122136 89
33122221 88
33122816 41
33122925 48
33122993 55
33123036 38
33123089 39
33123145 91
33123407 21
33123836 38
33124083 89
33124254 0
33124364 3
33124678 39
33126138 23
33126256 89
33126501 38
33126553 39
33126774 38
33126828 39
33126896 1
33127073 4
33127190 5
33127230 6
33127447 7
33127613 8
33127653 9
0 0
33127913 96
33128033 97
33128073 96
33128193 97
33128234 96
33128306 89
33128512 97
33128754 39
33129901 10
33130079 11
33130228 41
33130293 38
33130346 39
33132635 89
33132721 88
33132823 40
33133353 41
33133464 48
33133531 55
33133575 38
33133628 39
33133684 91
33133946 21
33134312 38
33134549 96
33134622 89
33134793 0
33134903 3
33135009 97
33135050 96
33135169 97
33135210 96
33135329 97
33135370 96
33135489 97
33135530 96
33135649 97
33135690 96
33135809 97
33135850 96
33135969 97
33136010 96
33136129 97
33136170 96
33136289 97
33136330 96
33136449 97
33136490 96
33136609 97
33136650 96
33136769 97
33136810 96
33136929 97
33136970 96
33137089 97
33137130 96
33137249 97
33137290 96
33137409 97
33137450 96
33137569 97
33137610 96
33137729 97
33137770 96
33137889 97
33137930 96
33138049 97
33138090 96
33138184 97
33138225 96
33138594 23
33138641 97
33138681 96
33138754 89
33138986 97
33139035 39
33139103 1
33139280 4
33139397 5
33139437 6
33139654 7
33139820 8
33139860 9
0 0
33140120 96
33140240 97
33140280 96
33140400 97
33140441 96
33140561 97
33140601 96
33140674 89
33140879 97
33141121 39
33142197 10
33142376 11
33142531 41
33142596 38
33142649 39
33142872 89
33142958 88
33144799 89
33144906 0
33144945 3
33145334 40
33145863 41
33145974 48
33146127 1
33146305 4
33146422 5
33146463 6
33146677 7
33146843 8
33146883 9
0 0
33147335 38
33147775 39
33148282 91
33148702 10
33148880 11
33149127 21
33149556 38
33149994 39
33151572 23
33151705 89
33153649 89
33154181 40
33154711 41
33154827 48
33154894 55
33154938 38
33154990 39
33155236 41
33155296 38
33155350 39
33155406 91
33155668 21
33156097 38
33156335 96
33156454 97
33156495 96
33156614 97
33156655 96
33156774 97
33156815 96
33156934 97
33156975 96
33157094 97
33157135 96
33157254 97
33157295 96
33157414 97
33157455 96
33157574 97
33157615 96
33157734 97
33157775 96
33157894 97
33157935 96
33158054 97
33158095 96
33158214 97
33158255 96
33158374 97
33158415 96
33158534 97
33158575 96
33158694 97
33158735 96
33158854 97
33158895 96
33159014 97
33159055 96
33159174 97
33159215 96
33159334 97
33159375 96
33159494 97
33159535 96
33159629 97
33159670 96
33160039 23
33160086 97
33160127 96
33160199 89
33160385 97
33160426 96
33161253 97
33161294 96
33162118 89
33162277 97
33162326 39
33162573 41
33162638 38
33162692 39
33162753 38
33162799 96
33163162 89
33163247 88
33163302 97
33163343 96
33165092 89
33165198 0
33165343 1
33165484 3
33165559 4
33165676 5
33165716 6
33165828 97
33165868 96
33165988 97
33166029 96
33166124 97
33166165 96
33166252 7
33166360 8
33166400 9
33166511 97
33166552 96
33166671 97
33166712 96
33166832 97
33166873 96
33166992 97
33167033 96
33167153 97
33167194 96
33167313 97
33167354 96
33167474 97
33167515 96
33167634 97
33167675 96
33167795 97
33167836 96
33167955 97
33167996 96
33168116 97
33168157 96
33168276 97
33168317 96
33168437 97
33168478 96
33168597 97
33168638 96
33168758 97
33168799 96
33168918 97
33168959 96
33169079 97
33169120 96
33169239 97
33169280 96
33169400 97
33169441 96
33169560 97
33169601 96
33169721 97
33169762 96
33169881 97
33169922 96
33170042 97
33170083 96
33170202 97
33170243 96
33170333 10
33170511 11
33170558 97
33170607 39
33172926 40
33173100 89
33173186 88
33173614 41
33173729 48
33173797 55
33173840 38
33173894 39
33173950 91
33174212 21
33174641 38
33174879 96
33174998 97
33174998 96
33175112 89
33175282 0
33175392 3
33175499 97
33175539 96
33175659 97
33175699 96
33175819 97
33175859 96
33175979 97
33176019 96
33176139 97
33176174 98
33280911 99
33280953 96
33281027 89
33281114 88
33281428 97
33281469 96
33281588 97
33281629 96
33281748 97
33281789 96
33281908 97
33281949 96
33282068 97
33282109 96
33282228 97
33282269 96
33282388 97
33282429 96
33282548 97
33282589 96
33282708 97
33282749 96
33282868 97
33282909 96
33283028 97
33283069 96
33283163 97
33283204 96
33283573 23
33283620 97
33283660 96
33283733 89
33283965 97
33284014 39
33284082 1
33284259 4
33284379 5
33284420 6
33284676 7
33284791 8
33284831 9
0 0
33285102 96
33285222 97
33285263 96
33285382 97
33285423 96
33285543 97
33285584 96
33285656 89
33285861 97
33286104 39
33287180 10
33287347 11
33287502 41
33287568 38
33287621 39
33289942 40
33290475 41
33290586 48
33290738 1
33290916 4
33291037 5
33291077 6
33291292 7
33291458 8
33291497 9
0 0
33291949 38
33292472 39
33292979 91
33293328 10
33293496 11
33293748 21
33294178 38
33294616 89
33294744 88
0 0
33296386 23
33296519 89
33298461 89
33298995 40
33299524 41
33299640 48
33299792 1
33299970 4
33300015 42
33300293 50
33300360 57
33300403 6
33300449 55
33300493 38
33300546 39
33300792 41
33300853 38
33300906 39
33300962 91
33301224 21
33301590 38
33301827 96
33301947 97
33301987 96
33302107 97
33302147 96
33302267 97
33302307 96
33302427 97
33302467 96
33302587 97
33302627 96
33302747 97
33302787 96
33302907 97
33302947 96
33303067 97
33303107 96
33303227 97
33303267 96
33303387 97
33303427 96
33303547 97
33303587 96
33303707 97
33303747 96
33303867 97
33303907 96
33304027 97
33304067 96
33304187 97
33304227 96
33304347 97
33304387 96
33304507 97
33304547 96
33304667 97
33304707 96
33304844 89
33304930 88
33305049 97
33305089 96
33305209 97
33305249 96
33305322 89
33305458 97
33305499 96
33305868 23
33305915 97
33305956 96
33306028 89
33306214 97
33306255 96
33307944 89
33308104 97
33308152 39
33308399 41
33308464 38
33308518 39
33308579 38
33308625 96
33313271 97
33313312 96
33314944 89
33315030 88
33315085 97
33315126 96
33316872 89
33316979 0
33317123 1
33317264 3
33317339 4
33317456 5
33317497 6
33317608 97
33317649 96
33317768 97
33317809 96
33317904 97
33317945 96
33318032 7
33318140 8
33318180 9
33318291 97
33318332 96
33318452 97
33318492 96
33318612 97
33318653 96
33318773 97
33318813 96
33318933 97
33318974 96
33319094 97
33319134 96
33319254 97
33319295 96
33319415 97
33319455 96
33319575 97
33319616 96
33319736 97
33319776 96
33319896 97
33319937 96
33320057 97
33320097 96
33320217 97
33320258 96
33320378 97
33320418 96
33320538 97
33320579 96
33320699 97
33320739 96
33320859 97
33320900 96
33321020 97
33321060 96
33321180 97
33321221 96
33321341 97
33321381 96
33321501 97
33321542 96
33321662 97
33321702 96
33321822 97
33321863 96
33321863 97
33322023 96
33322113 10
33322291 11
33322337 97
33322386 39
33324705 40
33325045 89
33325131 88
33325393 41
33325509 48
33325576 55
33325620 38
33325673 39
33325729 91
33325991 21
33326357 38
33326594 96
33326714 97
33326754 96
33326874 97
33326914 96
33326987 89
33327158 0
33327268 3
33327374 97
33327415 96
33327534 97
33327575 96
33327694 97
33327735 96
33327854 97
33327895 96
33328014 97
33328055 96
33328174 97
33328215 96
33328334 97
33328375 96
33328494 97
33328535 96
33328654 97
33328695 96
33328814 97
33328855 96
33328974 97
33329015 96
33329134 97
33329175 96
33329294 97
33329335 96
33329454 97
33329495 96
33329614 97
33329655 96
33329774 97
33329815 96
33329934 97
33329975 96
33330094 97
33330135 96
33330229 97
33330270 96
33330639 23
33330686 97
33330726 96
33330799 89
33331031 97
33331080 39
33331148 1
33331325 4
33331442 5
33331482 6
33331699 7
33331865 8
33331905 9
0 0
33332165 96
33332285 97
33332325 96
33332445 97
33332486 96
33332606 97
33332646 96
33332719 89
33332924 97
33333166 39
33334242 10
33334421 11
33334576 41
33334641 38
33334694 39
33335410 89
33335496 88
33337174 40
33337337 89
33337444 0
33337483 3
33337908 41
33338019 48
33338172 1
33338350 4
33338467 5
33338508 6
33338722 7
33338888 8
33338928 9
0 0
33339380 38
33339820 39
33340327 91
33340747 10
33340925 11
33341172 21
33341601 38
33342039 39
33343617 23
33343750 89
33345694 89
33346226 40
33346756 41
33346872 48
33346939 55
33346983 38
33347035 39
33347281 41
33347341 38
33347395 39
33347451 91
33347713 21
33348142 38
33348380 96
33348499 97
33348540 96
33348659 97
33348700 96
33348819 97
33348860 96
33348979 97
33349020 96
33349139 97
33349180 96
33349299 97
33349340 96
33349459 97
33349500 96
33349619 97
33349660 96
33349779 97
33349820 96
33349939 97
33349980 96
33350099 97
33350140 96
33350259 97
33350300 96
33350419 97
33350460 96
33350579 97
33350620 96
33350739 97
33350780 96
33350899 97
33350940 96
33351059 97
33351100 96
33351219 97
33351260 96
33351379 97
33351420 96
33351539 97
33351580 96
33351674 97
33351715 96
33352084 23
33352131 97
33352172 96
33352244 89
33352430 97
33352471 96
33354163 89
33354324 97
33354373 39
33354620 41
33354685 38
33354739 39
33354800 38
33354846 96
33355679 89
33355765 88
33355820 97
33355861 96
33355817 89
33355924 0
33357863 1
33358005 3
33358082 4
33358200 5
33358241 6
33358434 97
33358474 96
33358569 97
33358610 96
33358697 7
33358806 8
33358845 9
33358956 97
33358997 96
33359117 97
33359158 96
33359277 97
33359318 96
33359438 97
33359479 96
33359598 97
33359639 96
33359759 97
33359800 96
33359919 97
33359960 96
33360080 97
33360121 96
33360240 97
33360281 96
33360401 97
33360442 96
33360561 97
33360602 96
33360722 97
33360763 96
33360882 97
33360923 96
33361043 97
33361084 96
33361203 97
33361244 96
33361364 97
33361405 96
33361524 97
33361565 96
33361685 97
33361726 96
33361845 97
33361886 96
33362006 97
33362047 96
33362166 97
33362207 96
33362327 97
33362368 96
33362487 97
33362528 96
33362648 97
33362689 96
33362779 10
33362957 11
33363004 97
33363052 39
33365371 40
33365618 89
33365704 88
33366059 41
33366175 48
33366242 55
33366286 38
33366340 39
33366395 91
33366657 21
33367087 38
33367325 96
33367444 97
33367485 96
33367557 89
33367728 0
33367838 3
33367944 97
33367985 96
33368104 97
33368145 96
33368264 97
33368305 96
33368424 97
33368465 96
33368584 97
33368625 96
33368744 97
33368785 96
33368904 97
33368945 96
33369064 97
33369105 96
33369224 97
33369265 96
33369384 97
33369425 96
33369544 97
33369585 96
33369704 97
33369745 96
33369864 97
33369905 96
33370024 97
33370065 96
33370184 97
33370225 96
33370344 97
33370385 96
33370504 97
33370545 96
33370664 97
33370705 96
33370799 97
33370840 96
33371209 23
33371256 97
33371297 96
33371369 89
33371601 97
33371650 39
33371718 1
33371896 4
33372013 5
33372053 6
33372269 7
33372435 8
33372475 9
0 0
33372735 96
33372855 97
33372896 96
33373015 97
33373056 96
33373176 97
33373217 96
33373289 89
33373494 97
33373737 39
33374813 10
33374991 11
33375146 41
33375212 38
33375264 39
33375976 89
33376062 88
33377744 40
33377904 89
33378011 0
33378050 3
33378481 41
33378591 48
33378745 1
33378923 4
33379040 5
33379080 6
33379295 7
33379461 8
33379500 9
0 0
33379952 38
33380393 39
33380900 91
33381320 10
33381498 11
33381744 21
33382110 38
33382547 39
33384194 23
33384322 89
33386269 89
33386798 40
33387327 41
33387443 48
33387510 55
18446744071834137626 98
33396135 18
33396221 88
33397999 89
18446744071792205146 0
1216247 18
147603769 3
2 34
66048 0
33554432 0
33402352 10
33402530 11
33406340 89
33406425 88
33408204 89
33408311 0
33408349 3
33416594 89
33416680 88
33418459 89
33426775 89
33426861 88
34461706 99
34461750 38
34461802 39
34462048 41
34462107 38
34462160 39
34462215 91
34462477 21
34462907 38
34463345 39
34464922 23
34465056 89
34465255 48
34465411 1
34465589 4
34465709 5
34465749 6
34465964 7
34466130 8
34466169 9
0 0
34466621 38
34466860 96
34466980 97
34467021 96
34467093 89
34467299 97
34467541 39
34468327 10
34468494 11
34468681 41
34468747 38
34468800 39
34471119 40
34471649 41
34471503 48
34471656 1
34472077 89
34472164 88
34472288 4
34472409 5
34472451 6
34472973 7
34472832 8
34472872 9
0 0
34473404 38
34473845 39
34474352 91
34474701 10
34474868 11
34475121 21
34475550 38
34475988 39
34477566 23
34477699 89
34479644 89
34480177 40
34480707 41
34480823 48
34480976 1
34481154 4
34481198 42
34481476 50
34481543 57
34481587 6
34481633 55
34481676 38
34481729 39
34481975 41
34482035 38
34482089 39
34482144 91
34482403 89
34482489 88
34482565 21
34482930 38
34483168 96
34483287 97
34483328 96
34483447 97
34483488 96
34483607 97
34483648 96
34483767 97
34483808 96
34483927 97
34483968 96
34484087 97
34484128 96
34484247 97
34484288 96
34484360 89
34484531 0
34484641 3
34484747 97
34484788 96
34484907 97
34484948 96
34485067 97
34485108 96
34485227 97
34485268 96
34485387 97
34485428 96
34485547 97
34485588 96
34485707 97
34485748 96
34485867 97
34485908 96
34486027 97
34486068 96
34486187 97
34486228 96
34486347 97
34486388 96
34486507 97
34486548 96
34486667 97
34486708 96
34486802 97
34486843 96
34487212 23
34487259 97
34487300 96
34487372 89
34487605 97
34487653 39
34487721 1
34487899 4
34488016 5
34488056 6
34488273 7
34488439 8
34488478 9
0 0
34488738 96
34488858 97
34488899 96
34489019 97
34489059 96
34489179 97
34489220 96
34489292 89
34489498 97
34489740 39
34490816 10
34490994 11
34491148 41
34491214 38
34491267 39
34492574 89
34492661 88
34493745 40
34494275 41
34494386 48
34494500 89
34494607 0
34494752 1
34494893 3
34494968 4
34495085 5
34495125 6
0 0
34495389 7
34495497 8
34495537 9
34495710 38
34496151 39
34496658 91
34497398 10
34497577 11
34497760 21
34498126 38
34498563 39
34500210 23
34500338 89
34502288 89
34502647 89
34502732 88
34502972 40
34503502 41
34503618 48
34503685 55
34503729 38
34503782 39
34504028 41
34504089 38
34504142 39
34504198 91
34504460 21
34504576 89
34504683 0
34504793 3
34505166 38
34505404 96
34505523 97
34505564 96
34505683 97
34505724 96
34505843 97
34505884 96
34506003 97
34506044 96
34506163 97
34506204 96
34506323 97
34506364 96
34506483 97
34506524 96
34506643 97
34506684 96
34506803 97
34506844 96
34506963 97
34507004 96
34507123 97
34507164 96
34507283 97
34507324 96
34507443 97
34507484 96
34507603 97
34507644 96
34507763 97
34507804 96
34507923 97
34507964 96
34508083 97
34508124 96
34508243 97
34508284 96
34508403 97
34508444 96
34508563 97
34508604 96
34508698 97
34508739 96
34509108 23
34509155 97
34509195 96
34509268 89
34509500 97
34509549 39
34509617 1
34509794 4
34509911 5
34509951 6
34510168 7
34510334 8
34510374 9
0 0
34510634 96
34510754 97
34510794 96
34510914 97
34510955 96
34511075 97
34511115 96
34511188 89
34511393 97
34511635 39
34512711 10
34512890 11
34512954 89
34513041 88
34513204 41
34513270 38
34513323 39
34514785 89
34514891 0
34514930 3
34515849 40
34516382 41
34516493 48
34516646 1
34516824 4
34516941 5
34516981 6
34517196 7
34517362 8
34517402 9
0 0
34517853 38
34518294 39
34518801 91
34519222 10
34519400 11
34519646 21
34520011 38
34520449 39
34522095 23
34522224 89
34524173 89
34524700 40
34525228 41
34525344 48
34525412 55
34525455 38
34525508 39
34525755 41
34525815 38
34525869 39
34525924 91
34526187 21
34526552 38
34526790 96
34526909 97
34526950 96
34527069 97
34527110 96
34527229 97
34527270 96
34527389 97
34527430 96
34527549 97
34527590 96
34527709 97
34527750 96
34527869 97
34527910 96
34528029 97
34528070 96
34528189 97
34528230 96
34528349 97
34528390 96
34528509 97
34528550 96
34528669 97
34528710 96
34528829 97
34528870 96
34528989 97
34529030 96
34529149 97
34529190 96
34529309 97
34529350 96
34529469 97
34529510 96
34529629 97
34529670 96
34529789 97
34529830 96
34529949 97
34529990 96
34530109 97
34530150 96
34530244 97
34530285 96
34530654 23
34530701 97
34530742 96
34530814 89
34531000 97
34531041 96
34532733 89
34532892 97
34532941 39
34533076 89
34533162 88
34533345 41
34533411 38
34533465 39
34533526 38
34533572 96
34535006 89
34535113 0
34535257 1
34535398 3
34535473 4
34535590 5
34535631 6
34535742 97
34535783 96
34535902 97
34535943 96
34536038 97
34536079 96
34536166 7
34536274 8
34536314 9
34536425 97
34536466 96
34536586 97
34536626 96
34536746 97
34536787 96
34536907 97
34536947 96
34537067 97
34537108 96
34536972 97
34537012 96
34537132 97
34537173 96
34537631 97
34537672 96
34537792 97
34537832 96
34537952 97
34537993 96
34538113 97
34538153 96
34538273 97
34538314 96
34538434 97
34538474 96
34538594 97
34538635 96
34538755 97
34538795 96
34538915 97
34538956 96
34539076 97
34539116 96
34539236 97
34539277 96
34539397 97
34539437 96
34539557 97
34539598 96
34539718 97
34539758 96
34539878 97
34539919 96
34540039 97
34540079 96
34540169 10
34540348 11
34540394 97
34540443 39
34542762 40
34543093 89
34543181 88
34543452 41
34543567 48
34543635 55
34543678 38
34543732 39
34543788 91
34544050 21
34544479 38
34544717 96
34544836 97
34544877 96
34544996 97
34545037 96
34545110 89
34545280 0
34545390 3
34545497 97
34545537 96
34545657 97
34545697 96
34545817 97
34545857 96
34545977 97
34546017 96
34546137 97
34546177 96
34546297 97
34546337 96
34546457 97
34546497 96
34546617 97
34546657 96
34546777 97
34546817 96
34546937 97
34546977 96
34547097 97
34547137 96
34547257 97
34547297 96
34547417 97
34547457 96
34547577 97
34547617 96
34547737 97
34547777 96
34547897 97
34547937 96
34548057 97
34548097 96
34548192 97
34548232 96
34548602 23
34548648 97
34548689 96
34548762 89
34548996 97
34549044 39
34549112 1
34549290 4
34549407 5
34549447 6
34549664 7
34549830 8
34549869 9
0 0
34550129 96
34550249 97
34550290 96
34550410 97
34550450 96
34550570 97
34550611 96
34550683 89
34550889 97
34551131 39
34552207 10
34552385 11
34552540 41
34552606 38
34552659 39
34553418 89
34553504 88
34555138 40
34555347 89
34555454 0
34555492 3
34555873 41
34555984 48
34556137 1
34556315 4
34556432 5
34556472 6
34556687 7
34556853 8
34556892 9
0 0
34557344 38
34557785 39
34558292 91
34558712 10
34558891 11
34559136 21
34559566 38
34560004 39
34561581 23
34561715 89
34563656 89
34564190 40
34564720 41
34564836 48
34564903 55
34564947 38
34565000 39
34565245 41
34565306 38
34565360 39
34565415 91
34565677 21
34566107 38
34566345 96
34566464 97
34566505 96
34566624 97
34566665 96
34566784 97
34566825 96
34566944 97
34566985 96
34567104 97
34567145 96
34567264 97
34567305 96
34567424 97
34567465 96
34567584 97
34567625 96
34567744 97
34567785 96
34567904 97
34567945 96
34568064 97
34568105 96
34568224 97
34568265 96
34568384 97
34568425 96
34568544 97
34568585 96
34568704 97
34568745 96
34568864 97
34568905 96
34569024 97
34569065 96
34569184 97
34569225 96
34569344 97
34569385 96
34569504 97
34569545 96
34569639 97
34569680 96
34569715 98
34608267 99
34608435 89
34608522 88
34608928 23
34609001 0
34609111 3
34609170 89
34609419 97
34609467 39
34609535 1
34609713 4
34609833 5
34609874 6
34610090 7
34610256 8
34610295 9
0 0
34610556 96
34610675 97
34610716 96
34610836 97
34610877 96
34611014 89
34611219 97
34611461 39
34612536 10
34612703 11
34612860 41
34612925 38
34612978 39
34615297 40
34615827 41
34615938 48
34616090 1
34616268 4
34616389 5
34616429 6
34616644 7
34616810 8
34616849 9
0 0
34617301 38
34617742 39
34618249 91
34618669 10
34618837 11
34619079 89
34619165 88
34619275 21
34619704 38
34620142 39
34621720 23
34621853 89
34623795 89
34624331 40
34624863 41
34624979 48
34625132 1
34625310 4
34625354 42
34625632 50
34625699 57
34625743 6
34625789 55
34625832 38
34625885 39
34626130 41
34626190 38
34626244 39
34626299 91
34626562 21
34626927 38
34627165 96
34627284 97
34627325 96
34627444 97
34627485 96
34627604 97
34627645 96
34627764 97
34627805 96
34627924 97
34627965 96
34628084 97
34628125 96
34628244 97
34628285 96
34628404 97
34628445 96
34628564 97
34628605 96
34628724 97
34628765 96
34628884 97
34628925 96
34629044 97
34629085 96
34629221 89
34629307 88
34629426 97
34629467 96
34629586 97
34629627 96
34629746 97
34629787 96
34629906 97
34629947 96
34630066 97
34630107 96
34630226 97
34630267 96
34630386 97
34630427 96
34630546 97
34630587 96
34630681 97
34630722 96
34631091 23
34631155 89
34631341 97
34631382 96
34633168 89
34633327 97
34633376 39
34633621 41
34633686 38
34633740 39
34633801 38
34633847 96
34639350 89
34639435 88
34639490 97
34639531 96
34639598 0
34639742 1
34639883 3
34639958 4
34640075 5
34640116 6
34640227 97
34640268 96
34640387 97
34640428 96
34640523 97
34640564 96
34640651 7
34640759 8
34640799 9
34640910 97
34640951 96
34641071 97
34641111 96
34641231 97
34641272 96
34641344 89
34641516 0
34641554 3
34641661 97
34641702 96
34641822 97
34641862 96
34641982 97
34642023 96
34642143 97
34642183 96
34642303 97
34642344 96
34642464 97
34642504 96
34642624 97
34642665 96
34642785 97
34642825 96
34642945 97
34642986 96
34643106 97
34643146 96
34643266 97
34643307 96
34643427 97
34643467 96
34643587 97
34643628 96
34643748 97
34643788 96
34643908 97
34643949 96
34644069 97
34644109 96
34644229 97
34644270 96
34644390 97
34644430 96
34644550 97
34644591 96
34644720 0
34644759 3
34644836 10
34644902 52
34644966 1
34645110 59
34645194 4
34645329 45
34645368 50
34645521 1
34645666 57
34645705 5
34645746 6
34645825 4
34645960 45
34646000 50
34646153 1
34646297 57
34646337 5
34646377 6
34646457 4
34646592 45
34646631 50
34646784 1
34646928 57
34646968 5
34647008 6
34647088 4
34647223 45
34647262 50
34647415 1
34647559 57
34647599 5
34647639 6
34647719 4
34647854 45
34647894 50
34648046 1
34648191 57
34648230 5
34648271 6
34648350 4
34648485 45
34648525 50
34648678 1
34648822 57
34648862 5
34648902 6
34648982 4
34649099 5
34649139 6
34649221 10
34649363 52
34649516 1
34649660 59
34649728 89
34649814 88
34649902 4
34650037 45
34650076 50
34650229 1
34650373 57
34650413 5
34650453 6
34650533 4
34650668 45
34650708 50
34650860 1
34651005 57
34651044 5
34651085 6
34651164 4
34651299 45
34651339 50
34651492 1
34651636 57
34651676 5
34651716 6
34651780 89
34651910 4
34652045 45
34652085 50
34652237 1
34652382 57
34652421 5
34652462 6
34652541 4
34652676 45
34652716 50
34652869 1
34653013 57
34653053 5
34653093 6
34653173 4
34653290 5
34653330 6
34653412 10
34653554 52
34653707 1
34653851 59
34653935 4
34654070 45
34654109 50
34654262 1
34654406 57
34654446 5
34654486 6
34654566 4
34654659 5
34654699 6
34654780 10
34654923 52
34655076 1
34655220 59
34655304 4
34655421 5
34655461 6
34655557 0
34655596 3
34655673 10
34655739 52
34655803 1
34655947 59
34656031 4
34656148 5
34656188 6
34656299 97
34656340 96
34656460 97
34656500 96
34656595 97
34656636 96
34656723 7
34656832 8
34656871 9
34656982 97
34656982 96
34657143 97
34657184 96
34657303 97
34657344 96
34657464 97
34657505 96
34657624 97
34657665 96
34657785 97
34657826 96
34657945 97
34657986 96
34658106 97
34658147 96
34658266 97
34658307 96
34658397 10
34658550 52
34658617 59
34658667 97
34658708 96
34659619 89
34659705 88
34659760 97
34659801 96
34659911 0
34660056 1
34660197 3
34660272 4
34660389 5
34660429 6
34660541 97
34660581 96
34660701 97
34660742 96
34660837 97
34660878 96
34660965 7
34661073 8
34661113 9
34661224 97
34661265 96
34661384 97
34661425 96
34661562 89
34661735 0
34661774 3
34661881 97
34661921 96
34662041 97
34662082 96
34662202 97
34662242 96
34662362 97
34662403 96
34662523 97
34662563 96
34662683 97
34662724 96
34662844 97
34662884 96
34663004 97
34663045 96
34663165 97
34663205 96
34663325 97
34663366 96
34663486 97
34663526 96
34663646 97
34663687 96
34663807 97
34663847 96
34663967 97
34664008 96
34664128 97
34664168 96
34664288 97
34664329 96
34664449 97
34664489 96
34664609 97
34664650 96
34664770 97
34664810 96
34664930 97
34664971 96
34665091 97
34665131 96
34665251 97
34665292 96
34665412 97
34665452 96
34665582 0
34665620 3
34665697 10
34665764 52
34665827 1
34665972 59
34666055 4
34666190 45
34666230 50
34666383 1
34666527 57
34666567 5
34666607 6
34666687 4
34666822 45
34666861 50
34667014 1
34667158 57
34667198 5
34667238 6
34667318 4
34667453 45
34667493 50
34667645 1
34667790 57
34667829 5
34667870 6
34667949 4
34668084 45
34668124 50
34668277 1
34668165 57
34668205 5
34668245 6
34668583 4
34668702 5
34668743 6
34668826 10
34668970 52
34669124 1
34669270 59
34669354 4
34669491 45
34669531 50
34669685 1
34669831 57
34669872 5
34669913 6
34669979 89
34670066 88
34670155 4
34670291 45
34670332 50
34670486 1
34670631 57
34670672 5
34670714 6
34670795 4
34670931 45
34670972 50
34671126 1
34671271 57
34671312 5
34671354 6
34671435 4
34671571 45
34671612 50
34671766 1
34671911 57
34671952 5
34671994 6
34672059 89
34672191 4
34672327 45
34672368 50
34672522 1
34672667 57
34672708 5
34672750 6
34672831 4
34672949 5
34672991 6
34673073 10
34673217 52
34673371 1
34673517 59
34673602 4
34673738 45
34673779 50
34673933 1
34674078 57
34674119 5
34674161 6
34674242 4
34674335 5
34674377 6
34674460 10
34674604 52
34674758 1
34674903 59
34674988 4
34675106 5
34675148 6
34675286 10
34675428 52
34675581 1
34675725 59
34675809 4
34675926 5
34675966 6
34676087 0
34676126 3
34676232 97
34676273 96
34676368 97
34676409 96
34676496 7
34676604 8
34676644 9
34676755 97
34676796 96
34676916 97
34676956 96
34677076 97
34677117 96
34677237 97
34677277 96
34677397 97
34677438 96
34677558 97
34677598 96
34677718 97
34677718 96
34677879 97
34677919 96
34678039 97
34678080 96
34678170 10
34678236 52
34678300 1
34678444 59
34678528 4
34678645 5
34678685 6
34678796 97
34678837 96
34678957 97
34678997 96
34679092 97
34679133 96
34679220 7
34679329 8
34679368 9
34679479 97
34679520 96
34679640 97
34679681 96
34679800 97
34679841 96
34679914 89
34679999 88
34680119 97
34680160 96
34680279 97
34680320 96
34680440 97
34680481 96
34680600 97
34680641 96
34680761 97
34680802 96
34680921 97
34680962 96
34681082 97
34681123 96
34681158 98
34786019 99
34786139 89
34786426 0
34786465 3
34786652 97
34786894 39
34787754 10
34787822 52
34787888 1
34788032 59
34788116 4
34788236 5
34788276 6
34788358 10
34788501 52
34788653 1
34788798 59
34788881 4
34789019 45
34789059 50
34789212 1
34789356 57
34789396 5
34789436 6
34789516 4
34789611 5
34789652 6
34789733 10
34789876 52
34790029 1
34790173 59
34790256 4
34790377 5
34790417 6
34790542 10
34790685 52
34790837 1
34790982 59
34791065 4
34791185 5
34791226 6
34791489 7
34791597 8
34791637 9
34792369 10
34792512 52
34792664 1
34792809 59
34792892 4
34793012 5
34793053 6
34793565 7
34793425 8
34793464 9
0 0
34794006 39
34795387 38
34795627 96
34795717 10
34795859 52
34796012 1
34796156 59
34796240 4
34796378 45
34796418 50
34796570 1
34796715 57
34796754 5
34796795 6
34796874 4
34796919 42
34797197 50
34797264 57
34797307 6
34797371 89
34797457 88
34797546 97
34797587 96
34799653 97
34799694 96
34801329 89
34801415 88
34801470 97
34801511 96
34803257 89
34803364 0
34803508 1
34803649 3
34803724 4
34803841 5
34803882 6
34803993 97
34804034 96
34804153 97
34804194 96
34804289 97
34804330 96
34804417 7
34804525 8
34804565 9
34804676 97
34804717 96
34804837 97
34804877 96
34804997 97
34805038 96
34805158 97
34805198 96
34805318 97
34805359 96
34805479 97
34805519 96
34805639 97
34805680 96
34805800 97
34805840 96
34805960 97
34806001 96
34806121 97
34806161 96
34806281 97
34806322 96
34806442 97
34806482 96
34806602 97
34806643 96
34806763 97
34806803 96
34806923 97
34806964 96
34807084 97
34807124 96
34807244 97
34807285 96
34807405 97
34807445 96
34807565 97
34807606 96
34807726 97
34807766 96
34807886 97
34807927 96
34808047 97
34808087 96
34808207 97
34808248 96
34808368 97
34808408 96
34808498 10
34808677 11
34808723 97
34808772 39
34811091 40
34811429 89
34811515 88
34811779 41
34811895 48
34811962 55
34812006 38
34812059 39
34812115 91
34812377 21
34812743 38
34812980 96
34813100 97
34813140 96
34813260 97
34813300 96
34813373 89
34813544 0
34813654 3
34813760 97
34813801 96
34813920 97
34813961 96
34814080 97
34814121 96
34814240 97
34814281 96
34814400 97
34814441 96
34814560 97
34814601 96
34814720 97
34814761 96
34814880 97
34814921 96
34815040 97
34815081 96
34815200 97
34815241 96
34815360 97
34815401 96
34815520 97
34815561 96
34815680 97
34815721 96
34815840 97
34815881 96
34816000 97
34816041 96
34816160 97
34816201 96
34816320 97
34816361 96
34816480 97
34816521 96
34816615 97
34816656 96
34817025 23
34817072 97
34817112 96
34817185 89
34817417 97
34817466 39
34817534 1
34817711 4
34817828 5
34817868 6
34818085 7
34818251 8
34818291 9
0 0
34818551 96
34818671 97
34818711 96
34818831 97
34818872 96
34818992 97
34819032 96
34819105 89
34819310 97
34819552 39
34820628 10
34820807 11
34820962 41
34821027 38
34821080 39
34821795 89
34821880 88
34823557 40
34823721 89
34823827 0
34823866 3
34824292 41
34824403 48
34824556 1
34824734 4
34824851 5
34824891 6
34825106 7
34825272 8
34825311 9
0 0
34825763 38
34826204 39
34826711 91
34827131 10
34827310 11
34827555 21
34827985 38
34828423 39
34830000 23
34830134 89
34832078 89
34832612 40
34833142 41
34833258 48
34833325 55
34833369 38
34833421 39
34833667 41
34833727 38
34833781 39
34833837 91
34834099 21
34834528 38
34834766 96
34834885 97
34834926 96
34835045 97
34835086 96
34835205 97
34835246 96
34835365 97
34835406 96
34835525 97
34835566 96
34835685 97
34835726 96
34835845 97
34835886 96
34836005 97
34836046 96
34836165 97
34836206 96
34836325 97
34836366 96
34836485 97
34836526 96
34836645 97
34836686 96
34836805 97
34836846 96
34836965 97
34837006 96
34837125 97
34837166 96
34837285 97
34837326 96
34837445 97
34837486 96
34837605 97
34837646 96
34837765 97
34837806 96
34837925 97
34837966 96
34838060 97
34838101 96
34838470 23
34838517 97
34838558 96
34838630 89
34838816 97
34838857 96
34840548 89
34840709 97
34840758 39
34841004 41
34841069 38
34841123 39
34841184 38
34841230 96
34842078 89
34842164 88
34842219 97
34842259 96
34844007 89
34844114 0
34844258 1
34844399 3
34844474 4
34844591 5
34844632 6
34844743 97
34844784 96
34844903 97
34844944 96
34845039 97
34845080 96
34845167 7
34845275 8
34845315 9
34845426 97
34845467 96
34845587 97
34845627 96
34845747 97
34845788 96
34845908 97
34845948 96
34846068 97
34846109 96
34846229 97
34846269 96
34846389 97
34846430 96
34846550 97
34846590 96
34846710 97
34846751 96
34846871 97
34846911 96
34847031 97
34847072 96
34847192 97
34847232 96
34847352 97
34847393 96
34847513 97
34847553 96
34847673 97
34847714 96
34847834 97
34847874 96
34847994 97
34848035 96
34848155 97
34848195 96
34848315 97
34848356 96
34848476 97
34848516 96
34848636 97
34848677 96
34848797 97
34848837 96
34848957 97
34848998 96
34849118 97
34849158 96
34849248 10
34849427 11
34849473 97
34849522 39
34851841 40
34851996 89
34852081 88
34852529 41
34852645 48
34852712 55
34852756 38
34852809 39
34852865 91
34853127 21
34853493 38
34853730 96
34853850 97
34853890 96
34853963 89
34854134 0
34854244 3
34854350 97
34854391 96
34854510 97
34854551 96
34854670 97
34854711 96
34854830 97
34854871 96
34854990 97
34855031 96
34855150 97
34855191 96
34855310 97
34855351 96
34855470 97
34855511 96
34855630 97
34855671 96
34855790 97
34855831 96
34855950 97
34855991 96
34856110 97
34856151 96
34856270 97
34856311 96
34856430 97
34856471 96
34856590 97
34856631 96
34856750 97
34856791 96
34856910 97
34856951 96
34857070 97
34857111 96
34857230 97
34857271 96
34857365 97
34857406 96
34857775 23
34857822 97
34857862 96
34857935 89
34858167 97
34858216 39
34858284 1
34858461 4
34858578 5
34858618 6
34858835 7
34859001 8
34859041 9
0 0
34859301 96
34859421 97
34859461 96
34859581 97
34859622 96
34859742 97
34859782 96
34859855 89
34860060 97
34860302 39
34861378 10
34861557 11
34861712 41
34861777 38
34861830 39
34862356 89
34862442 88
34864284 89
34864391 0
34864430 3
34864512 40
34864530 41
34865155 48
34865325 1
34865503 4
34865620 5
34865660 6
34865875 7
34866041 8
34866081 9
0 0
34866532 38
34866973 39
34867480 91
34867901 10
34868079 11
34868325 21
34868690 38
34869128 39
34870774 23
34870903 89
34872848 89
34873381 40
34873914 41
34874030 48
34874097 55
34874141 38
34874194 39
34874438 41
34874499 38
34874552 39
34874608 91
34874870 21
34875236 38
34875473 96
34875593 97
34875633 96
34875753 97
34875793 96
34875913 97
34875953 96
34876073 97
34876113 96
34876233 97
34876273 96
34876393 97
34876433 96
34876553 97
34876593 96
34876713 97
34876753 96
34876873 97
34876913 96
34877033 97
34877073 96
34877193 97
34877233 96
34877353 97
34877393 96
34877513 97
34877553 96
34877673 97
34877713 96
34877833 97
34877873 96
34877993 97
34878033 96
34878153 97
34878193 96
34878313 97
34878353 96
34878473 97
34878513 96
34878633 97
34878673 96
34878793 97
34878833 96
34878928 97
34878968 96
34879338 23
34879384 97
34879425 96
34879498 89
34879684 97
34879724 96
34881414 89
34881573 97
34881622 39
34881867 41
34881933 38
34881987 39
34882048 38
34882094 96
34886951 89
34887036 88
34887091 97
34887132 96
34888878 89
34888985 0
34889130 1
34889271 3
34889346 4
34889463 5
34889499 98
34994057 99
34994099 6
34994262 89
34994349 88
34994593 0
34994632 3
34994762 7
34994870 8
34994910 9
34995021 97
34995062 96
34995181 97
34995222 96
34995342 97
34995383 96
34995502 97
34995543 96
34995663 97
34995704 96
34995823 97
34995864 96
34995728 97
34995769 96
34995888 97
34995929 96
34996387 97
34996428 96
34996548 97
34996589 96
34996708 97
34996749 96
34996869 97
34996910 96
34997029 97
34997070 96
34997190 97
34997231 96
34997350 97
34997391 96
34997511 97
34997552 96
34997671 97
34997712 96
34997832 97
34997873 96
34997992 97
34998033 96
34998153 97
34998194 96
34998313 97
34998354 96
34998474 97
34998515 96
34998634 97
34998675 96
34998765 10
34998858 11
34998905 97
34998953 39
35001272 40
35001802 41
35001918 48
35001984 1
35002162 4
35002282 5
35002322 6
35002537 7
35002703 8
35002742 9
0 0
35003194 38
35003635 39
35004142 91
35004562 10
35004730 11
35004976 21
35005341 38
35005779 39
35007425 23
35007554 89
35009499 89
35010030 40
35010542 41
35010675 48
35010828 1
35011006 4
35011126 5
35011167 6
35011381 7
35011547 8
35011587 9
0 0
35012039 38
35012478 39
35013412 10
35013554 52
35013707 1
35013851 59
35013935 4
35014073 45
35014113 50
35014265 1
35014410 57
35014449 5
35014490 6
35014554 89
35014639 88
35014762 4
35014900 45
35014940 50
35015092 1
35015237 57
35015276 5
35015317 6
35015396 4
35015535 45
35015574 50
35015727 1
35015871 57
35015911 5
35015951 6
35016031 4
35016169 45
35016209 50
35016361 1
35016506 57
35016545 5
35016586 6
35016665 4
35016804 45
35016843 50
35016996 1
35017140 57
35017180 5
35017220 6
35017300 4
35017438 45
35017478 50
35017630 1
35017775 57
35017814 5
35017855 6
35017934 4
35018073 45
35018112 50
35018265 1
35018409 57
35018449 5
35018489 6
35018569 4
35018707 45
35018747 50
35018899 1
35019044 57
35019083 5
35019124 6
35019203 4
35019342 45
35019381 50
35019534 1
35019678 57
35019718 5
35019758 6
35019838 4
35019976 45
35020016 50
35020168 1
35020313 57
35020352 5
35020393 6
35020472 4
35020517 42
35020795 50
35020862 57
35020905 6
35020969 89
35020969 88
35021266 41
35021327 38
35021381 39
35021436 91
35021698 21
35022128 38
35022366 96
35022485 97
35022526 96
35022645 97
35022686 96
35022805 97
35022846 96
35022965 97
35023006 96
35023125 97
35023166 96
35023285 97
35023326 96
35023445 97
35023486 96
35023605 97
35023646 96
35023765 97
35023806 96
35023925 97
35023966 96
35024085 97
35024126 96
35024198 89
35024284 88
35024403 97
35024444 96
35024563 97
35024604 96
35024723 97
35024764 96
35024883 97
35024924 96
35025043 97
35025084 96
35025203 97
35025244 96
35025363 97
35025404 96
35025523 97
35025564 96
35025683 97
35025724 96
35025818 97
35025859 96
35026228 23
35026292 89
35026478 97
35026519 96
35028305 89
35028464 97
35028513 39
35028759 41
35028825 38
35028879 39
35028940 38
35028986 96
35034245 89
35034333 88
35034397 0
35034542 1
35034683 3
35034758 4
35034875 5
35034915 6
35035026 97
35035067 96
35035187 97
35035228 96
35035323 97
35035363 96
35035451 7
35035559 8
35035598 9
35035710 97
35035750 96
35035870 97
35035911 96
35036031 97
35036071 96
35036208 89
35036381 0
35036420 3
35036527 97
35036568 96
35036687 97
35036728 96
35036848 97
35036889 96
35037008 97
35037049 96
35037169 97
35037210 96
35037329 97
35037370 96
35037490 97
35037531 96
35037650 97
35037691 96
35037811 97
35037852 96
35037971 97
35038012 96
35038132 97
35038173 96
35038292 97
35038333 96
35038453 97
35038494 96
35038613 97
35038654 96
35038774 97
35038815 96
35038934 97
35038934 96
35039095 97
35039136 96
35039255 97
35039296 96
35039416 97
35039457 96
35039547 10
35039613 52
35039677 1
35039821 59
35039904 4
35040021 5
35040062 6
35040173 97
35040214 96
35040333 97
35040374 96
35040469 97
35040510 96
35040597 7
35040705 8
35040745 9
35040856 97
35040897 96
35041017 97
35041057 96
35041177 97
35041218 96
35041338 97
35041378 96
35041498 97
35041539 96
35041659 97
35041699 96
35041819 97
35041860 96
35041980 97
35042020 96
35042140 97
35042181 96
35042301 97
35042341 96
35042461 97
35042502 96
35042622 97
35042662 96
35042782 97
35042823 96
35042943 97
35042983 96
35043103 97
35043144 96
35043264 97
35043304 96
35043424 97
35043465 96
35043585 97
35043625 96
35043745 97
35043786 96
35043906 97
35043946 96
35044066 97
35044107 96
35044227 97
35044267 96
35044404 89
35044490 88
35044610 97
35044650 96
35044770 97
35044811 96
35044931 97
35044971 96
35045091 97
35045132 96
35045261 0
35045300 3
35045377 10
35045443 52
35045507 1
35045651 59
35045735 4
35045870 45
35045909 50
35046062 1
35046206 57
35046246 5
35046286 6
35046350 89
35046480 4
35046615 45
35046615 50
35046808 1
35046952 57
35046992 5
35047032 6
35047112 4
35047247 45
35047286 50
35047439 1
35047583 57
35047623 5
35047663 6
35047743 4
35047878 45
35047917 50
35048070 1
35048214 57
35048254 5
35048294 6
35048374 4
35048491 5
35048532 6
35048613 10
35048756 52
35048909 1
35049053 59
35049136 4
35049271 45
35049311 50
35049464 1
35049608 57
35049648 5
35049688 6
35049768 4
35049903 45
35049942 50
35050095 1
35050095 57
35050279 5
35050319 6
35050399 4
35050534 45
35050573 50
35050726 1
35050870 57
35050910 5
35050950 6
35051030 4
35051165 45
35051205 50
35051357 1
35051502 57
35051541 5
35051582 6
35051661 4
35051796 45
35051836 50
35051989 1
35052133 57
35052173 5
35052213 6
35052293 4
35052410 5
35052450 6
35052532 10
35052674 52
35052827 1
35052971 59
35052971 4
35053190 45
35053229 50
35053382 1
35053526 57
35053566 5
35053606 6
35053686 4
35053779 5
35053819 6
35053900 10
35054043 52
35054196 1
35054340 59
35054424 4
35054541 5
35054581 6
35054645 89
35054731 88
35054835 0
35054874 3
35054951 10
35055017 52
35055081 1
35055225 59
35055309 4
35055426 5
35055466 6
35055577 97
35055618 96
35055738 97
35055778 96
35055873 97
35055914 96
35056001 7
35056110 8
35056149 9
35056260 97
35056301 96
35056438 89
35056609 0
35056648 3
35056755 97
35056796 96
35056915 97
35056956 96
35057076 97
35057117 96
35057236 97
35057277 96
35057397 97
35057438 96
35057557 97
35057598 96
35057688 10
35057755 52
35057818 1
35057962 59
35058046 4
35058163 5
35058203 6
35058314 97
35058355 96
35058475 97
35058516 96
35058611 97
35058651 96
35058739 7
35058847 8
35058886 9
35058998 97
35059038 96
35059158 97
35059158 96
35059319 97
35059359 96
35059479 97
35059520 96
35059640 97
35059680 96
35059800 97
35059841 96
35059961 97
35060001 96
35060121 97
35060162 96
35060282 97
35060322 96
35060442 97
35060483 96
35060603 97
35060643 96
35060763 97
35060804 96
35060924 97
35060964 96
35061084 97
35061125 96
35061245 97
35061285 96
35061405 97
35061446 96
35061310 97
35061350 96
35061470 97
35061770 96
35061970 97
35062011 96
35062131 97
35062172 96
35062291 97
35062332 96
35062452 97
35062493 96
35062612 97
35062653 96
35062773 97
35062814 96
35062933 97
35062974 96
35063094 97
35063135 96
35063264 0
35063303 3
35063380 10
35063446 52
35063510 1
35063654 59
35063737 4
35063872 45
35063912 50
35064065 1
35064209 57
35064249 5
35064289 6
35064369 4
35064486 5
35064526 6
35064654 89
35064740 88
35064869 0
35064908 3
35064944 98
35170005 99
35170065 89
35170283 7
35170392 8
35170431 9
35170552 0
35170591 3
35170778 97
35170819 96
35170938 97
35170979 96
35171099 97
35171140 96
35171259 97
35171300 96
35171420 97
35171461 96
35171580 97
35171621 96
35171741 97
35171782 96
35171901 97
35171942 96
35172037 97
35172078 96
35172168 10
35172236 52
35172302 1
35172446 59
35172529 4
35172668 45
35172707 50
35172707 1
35173007 57
35173047 5
35173087 6
35173167 4
35173305 45
35173344 50
35173497 1
35173641 57
35173681 5
35173721 6
35173801 4
35173939 45
35173979 50
35174132 1
35174276 57
35174316 5
35174356 6
35174436 4
35174574 45
35174613 50
35174766 1
35174910 57
35174950 5
35174990 6
35175070 4
35175208 45
35175248 50
35175401 1
35175545 57
35175585 5
35175625 6
35175705 4
35175843 45
35175882 50
35176035 1
35176179 57
35176219 5
35176259 6
35176339 4
35176477 45
35176517 50
35176670 1
35176814 57
35176854 5
35176894 6
35176974 4
35177112 45
35177151 50
35177304 1
35177448 57
35177488 5
35177528 6
35177608 4
35177746 45
35177786 50
35177939 1
35178083 57
35178123 5
35178163 6
35178243 4
35178381 45
35178420 50
35178573 1
35178717 57
35178757 5
35178797 6
35178877 4
35179015 45
35179055 50
35179208 1
35179352 57
35179392 5
35179432 6
35179512 4
35179650 45
35179689 50
35179842 1
35179986 57
35180026 5
35180066 6
35180146 4
35180284 45
35180324 50
35180477 1
35180621 57
35180661 5
35180701 6
35180878 4
35181017 45
35181056 50
35181209 1
35181353 57
35181393 5
35181433 6
35181513 4
35181651 45
35181691 50
35181843 1
35181988 57
35182027 5
35182068 6
35182147 4
35182268 5
35182308 6
35182419 97
35182460 96
35182580 97
35182620 96
35182715 97
35182756 96
35182843 7
35182952 8
35182991 9
35183102 97
35183143 96
35183263 97
35183304 96
35183423 97
35183464 96
35183584 97
35183625 96
35183744 97
35183785 96
35183905 97
35183946 96
35184065 97
35184106 96
35184226 97
35184267 96
35184386 97
35184427 96
35184547 97
35184588 96
35184707 97
35184748 96
35184838 10
35184981 52
35185134 1
35185278 59
35185361 4
35185406 42
35185684 50
35185751 57
35185794 6
35185858 89
35185944 88
35186051 89
35186136 88
35186191 97
35186232 96
35187977 89
35188084 0
35188228 1
35188369 3
35188445 4
35188562 5
35188602 6
35188713 97
35188754 96
35188874 97
35188914 96
35189009 97
35189050 96
35189137 7
35189246 8
35189285 9
35189396 97
35189437 96
35189557 97
35189598 96
35189717 97
35189758 96
35189878 97
35189919 96
35190038 97
35190079 96
35190199 97
35190240 96
35190359 97
35190400 96
35190520 97
35190561 96
35190680 97
35190721 96
35190841 97
35190882 96
35191001 97
35191042 96
35191162 97
35191203 96
35191322 97
35191363 96
35191483 97
35191524 96
35191643 97
35191684 96
35191804 97
35191845 96
35191964 97
35192005 96
35192125 97
35192166 96
35192285 97
35192326 96
35192446 97
35192487 96
35192350 97
35192391 96
35192511 97
35192552 96
35193010 97
35193051 96
35193141 10
35193319 11
35193366 97
35193414 39
35195736 40
35196154 89
35196239 88
35196424 41
35196539 48
35196607 55
35196650 38
35196704 39
35196760 91
35197022 21
35197451 38
35197689 96
35197808 97
35197849 96
35197968 97
35198009 96
35198082 89
35198252 0
35198362 3
35198469 97
35198509 96
35198629 97
35198669 96
35198789 97
35198829 96
35198949 97
35198989 96
35199109 97
35199149 96
35199269 97
35199309 96
35199429 97
35199469 96
35199589 97
35199629 96
35199749 97
35199789 96
35199909 97
35199949 96
35200069 97
35200109 96
35200229 97
35200269 96
35200389 97
35200429 96
35200549 97
35200589 96
35200709 97
35200749 96
35200869 97
35200909 96
35201029 97
35201069 96
35201164 97
35201204 96
35201575 23
35201622 97
35201663 96
35201735 89
35201968 97
35202016 39
35202084 1
35202262 4
35202379 5
35202419 6
35202636 7
35202802 8
35202841 9
0 0
35203101 96
35203221 97
35203262 96
35203382 97
35203422 96
35203542 97
35203542 96
35203655 89
35203861 97
35204103 39
35205179 10
35205357 11
35205511 41
35205577 38
35205630 39
35206517 89
35206603 88
35208107 40
35208442 89
35208549 0
35208588 3
35208841 41
35208952 48
35209105 1
35209283 4
35209400 5
35209441 6
35209655 7
35209821 8
35209861 9
0 0
35210313 38
35210753 39
35211260 91
35211680 10
35211858 11
35212105 21
35212534 38
35212972 39
35214550 23
35214683 89
35216627 89
35217159 40
35217689 41
35217805 48
35217872 55
35217916 38
35217968 39
35218215 41
35218275 38
35218329 39
35218385 91
35218647 21
35219076 38
35219314 96
35219433 97
35219474 96
35219593 97
35219634 96
35219753 97
35219794 96
35219913 97
35219954 96
35220073 97
35220114 96
35220233 97
35220274 96
35220393 97
35220434 96
35220553 97
35220594 96
35220713 97
35220754 96
35220873 97
35220914 96
35221033 97
35221074 96
35221193 97
35221234 96
35221353 97
35221394 96
35221513 97
35221554 96
35221673 97
35221714 96
35221833 97
35221874 96
35221993 97
35222034 96
35222153 97
35222194 96
35222313 97
35222354 96
35222473 97
35222514 96
35222608 97
35222649 96
35223018 23
35223065 97
35223106 96
35223178 89
35223364 97
35223405 96
35225096 89
35225255 97
35225304 39
35225551 41
35225616 38
35225670 39
35225731 38
35225777 96
35226771 89
35226856 88
35226911 97
35226952 96
35228700 89
35228806 0
35228951 1
35229092 3
35229167 4
35229284 5
35229324 6
35229436 97
35229476 96
35229596 97
35229637 96
35229732 97
35229773 96
35229860 7
35229968 8
35230008 9
35230119 97
35230160 96
35230279 97
35230320 96
35230440 97
35230481 96
35230600 97
35230641 96
35230761 97
35230802 96
35230921 97
35230962 96
35231082 97
35231123 96
35231242 97
35231283 96
35231403 97
35231444 96
35231563 97
35231604 96
35231724 97
35231765 96
35231884 97
35231925 96
35232045 97
35232086 96
35232205 97
35232246 96
35232366 97
35232407 96
35232526 97
35232567 96
35232687 97
35232728 96
35232847 97
35232888 96
35233008 97
35233049 96
35233168 97
35233209 96
35233329 97
35233370 96
35233489 97
35233530 96
35233650 97
35233691 96
35233810 97
35233851 96
35233941 10
35234119 11
35234166 97
35234215 39
35236536 40
35236748 89
35236834 88
35237226 41
35237342 48
35237409 55
35237453 38
35237507 39
35237562 91
35237824 21
35238254 38
35238492 96
35238611 97
35238652 96
35238724 89
35238897 0
35239007 3
35239113 97
35239154 96
35239273 97
35239314 96
35239433 97
35239474 96
35239593 97
35239634 96
35239753 97
35239794 96
35239913 97
35239954 96
35240073 97
35240114 96
35240233 97
35240274 96
35240393 97
35240434 96
35240553 97
35240594 96
35240713 97
35240754 96
35240873 97
35240914 96
35241033 97
35241074 96
35241193 97
35241234 96
35241353 97
35241394 96
35241513 97
35241554 96
35241673 97
35241714 96
35241833 97
35241874 96
35241968 97
35242009 96
35242380 23
35242426 97
35242467 96
35242540 89
35242772 97
35242821 39
35242888 1
35243066 4
35243183 5
35243223 6
35243440 7
35243606 8
35243645 9
0 0
35243906 96
35244025 97
35244066 96
35244186 97
35244227 96
35244346 97
35244387 96
35244460 89
35244665 97
35244907 39
35245982 10
35246160 11
35246314 41
35246380 38
35246433 39
35247038 89
35247123 88
35248910 40
35248966 89
35249073 0
35249112 3
35249645 41
35249755 48
35249909 1
35250087 4
35250204 5
35250244 6
35250516 7
35250625 8
35250664 9
35250700 98
35288708 99
35288774 89
35288861 88
35289105 0
35289144 3
0 0
35289672 38
35290112 39
35290619 91
35290822 10
35290915 11
35291153 38
35291207 39
35293526 40
35294056 41
35294172 48
35294237 1
35294415 4
35294536 5
35294576 6
35294791 7
35294957 8
35294996 9
0 0
35295448 38
35295889 39
35296390 70
35296755 10
35297010 11
0 0
35297083 39
35297169 21
35297527 38
35297965 39
35299615 23
35299742 89
35301689 89
35302314 40
35302844 41
35302960 48
35303113 1
35303291 4
35303411 5
35303451 6
35303666 7
35303832 8
35303871 9
35303871 89
35304021 88
0 0
35304516 38
35304955 39
35305889 10
35306031 52
35306184 1
35306328 59
35306412 4
35306550 45
35306590 50
35306742 1
35306887 57
35306926 5
35306967 6
35307046 4
35307185 45
35307224 50
35307377 1
35307521 57
35307561 5
35307601 6
35307681 4
35307819 45
35307859 50
35308011 1
35308156 57
35308195 5
35308236 6
35308315 4
35308454 45
35308493 50
35308646 1
35308790 57
35308830 5
35308870 6
35308950 4
35309088 45
35309128 50
35309280 1
35309425 57
35309464 5
35309505 6
35309584 4
35309723 45
35309762 50
35309915 1
35310059 57
35310099 5
35310139 6
35310219 4
35310357 45
35310397 50
35310549 1
35310694 57
35310733 5
35310774 6
35310853 4
35310992 45
35311031 50
35311184 1
35311328 57
35311368 5
35311408 6
35311488 4
35311626 45
35311666 50
35311818 1
35311963 57
35312002 5
35312043 6
35312122 4
35312261 45
35312300 50
35312453 1
35312597 57
35312637 5
35312677 6
35312757 4
35312801 42
35313079 50
35313146 57
35313190 6
35313254 89
35313339 88
35313550 41
35313610 38
35313664 39
35313720 91
35313776 89
35313862 88
35314140 21
35314569 38
35314807 96
35314926 97
35314967 96
35315086 97
35315127 96
35315246 97
35315287 96
35315406 97
35315447 96
35315566 97
35315607 96
35315744 89
35315914 0
35316024 3
35316131 97
35316171 96
35316291 97
35316331 96
35316451 97
35316491 96
35316611 97
35316651 96
35316771 97
35316811 96
35316931 97
35316971 96
35317091 97
35317131 96
35317251 97
35317291 96
35317411 97
35317451 96
35317571 97
35317611 96
35317731 97
35317771 96
35317891 97
35317931 96
35318051 97
35318091 96
35318186 97
35318226 96
35318596 23
35318642 97
35318683 96
35318756 89
35318988 97
35319037 39
35319104 1
35319282 4
35319399 5
35319439 6
35319656 7
35319822 8
35319861 9
0 0
35320122 96
35320241 97
35320282 96
35320402 97
35320443 96
35320562 97
35320603 96
35320676 89
35320881 97
35321123 39
35322198 10
35322376 11
35322531 41
35322597 38
35322650 39
35324069 89
35324155 88
35325145 40
35325675 41
35325785 48
35325853 55
35325896 38
35325950 89
35326102 0
35326246 1
35326387 3
35326387 4
35326580 5
35326620 6
0 0
35326884 7
35326993 8
35327032 9
35327348 91
35328868 10
35329134 11
0 0
35329208 39
35329293 21
35329588 38
35330025 39
35331742 23
35331864 89
35333819 89
35334157 89
35334243 88
35334498 40
35335028 41
35335144 48
35335211 55
35335255 38
35335308 39
35335553 41
35335614 38
35335667 39
35335723 91
35335985 21
35336096 89
35336203 0
35336313 3
35336691 38
35336929 96
35337048 97
35337089 96
35337208 97
35337249 96
35337368 97
35337409 96
35337528 97
35337569 96
35337688 97
35337729 96
35337848 97
35337889 96
35338008 97
35338049 96
35338168 97
35338209 96
35338328 97
35338369 96
35338488 97
35338529 96
35338648 97
35338689 96
35338808 97
35338849 96
35338968 97
35339009 96
35339128 97
35339169 96
35339288 97
35339329 96
35339448 97
35339489 96
35339608 97
35339649 96
35339768 97
35339809 96
35339928 97
35339969 96
35340088 97
35340129 96
35340223 97
35340264 96
35340633 23
35340680 97
35340720 96
35340793 89
35341025 97
35341074 39
35341142 1
35341319 4
35341436 5
35341476 6
35341693 7
35341859 8
35341899 9
0 0
35342159 96
35342279 97
35342319 96
35342439 97
35342480 96
35342600 97
35342640 96
35342713 89
35342918 97
35343160 39
35344236 10
35344415 11
35344479 89
35344564 88
35344728 41
35344793 38
35344846 39
35346312 89
35346419 0
35346458 3
35347373 40
35347905 41
35348016 48
35348169 1
35348347 4
35348464 5
35348505 6
35348719 7
35348885 8
35348925 9
0 0
35349377 38
35349817 39
35350324 91
35350744 10
35350922 11
35351169 21
35351598 38
35352036 39
35353614 23
35353747 89
35355690 89
35356223 40
35356752 41
35356868 48
35356935 55
35356979 38
35357031 39
35357276 41
35357336 38
35357390 39
35357446 91
35357708 21
35358137 38
35358375 96
35358494 97
35358535 96
35358654 97
35358695 96
35358814 97
35358855 96
35358974 97
35359015 96
35359134 97
35359175 96
35359294 97
35359335 96
35359454 97
35359495 96
35359614 97
35359655 96
35359774 97
35359815 96
35359934 97
35359975 96
35360094 97
35360135 96
35360254 97
35360295 96
35360414 97
35360455 96
35360574 97
35360615 96
35360734 97
35360775 96
35360894 97
35360935 96
35361054 97
35361095 96
35361214 97
35361255 96
35361374 97
35361415 96
35361534 97
35361575 96
35361669 97
35361710 96
35362079 23
35362126 97
35362167 96
35362239 89
35362425 97
35362466 96
35364157 89
35364317 97
35364366 39
35364593 89
35364679 88
35364770 41
35364836 38
35364889 39
35364945 91
35365207 21
35365573 38
35365810 96
35365930 97
35365970 96
35366090 97
35366130 96
35366250 97
35366290 96
35366410 97
35366450 96
35366523 89
35366695 0
35366805 3
35366912 97
35366952 96
35367072 97
35367112 96
35367232 97
35367272 96
35367392 97
35367432 96
35367552 97
35367592 96
35367712 97
35367752 96
35367872 97
35367912 96
35368032 97
35368072 96
35368192 97
35368232 96
35368352 97
35368392 96
35368512 97
35368552 96
35368672 97
35368712 96
35368832 97
35368872 96
35368992 97
35369032 96
35369152 97
35369192 96
35369312 97
35369352 96
35369447 97
35369487 96
35369857 23
35369903 97
35369944 96
35370017 89
35370249 97
35370298 39
35370365 1
35370543 4
35370660 5
35370700 6
35370917 7
35371083 8
35371122 9
0 0
35371383 96
35371502 97
35371543 96
35371663 97
35371704 96
35371823 97
35371864 96
35371937 89
35372142 97
35372384 39
35373459 10
35373637 11
35373793 41
35373859 38
35373912 39
35374801 89
35374887 88
35376389 40
35376727 89
35376834 0
35376873 3
35377124 41
35377234 48
35377388 1
35377566 4
35377683 5
35377723 6
35377938 7
35378104 8
35378143 9
0 0
35378595 38
35379036 39
35379543 91
35379963 10
35380141 11
35380387 21
35380753 38
35381190 39
35382837 23
35382965 89
35384915 89
35385444 40
35385973 41
35386089 48
35386157 55
35386200 38
35386253 39
35386499 41
35386559 38
35386613 39
35386668 91
35386931 21
35387296 38
35387534 96
35387653 97
35387694 96
35387813 97
35387854 96
35387973 97
35388014 96
35388133 97
35388174 96
35388293 97
35388334 96
35388453 97
35388494 96
35388613 97
35388654 96
35388773 97
35388814 96
35388933 97
35388974 96
35389093 97
35389134 96
35388997 97
35389038 96
35389157 97
35389457 96
35389656 97
35389697 96
35389816 97
35389857 96
35389976 97
35390017 96
35390136 97
35390177 96
35390296 97
35390337 96
35390456 97
35390497 96
35390616 97
35390657 96
35390776 97
35390817 96
35390911 97
35390952 96
35391321 23
35391368 97
35391409 96
35391481 89
35391667 97
35391708 96
35393399 89
35393558 97
35393607 39
35393853 41
35393918 38
35393972 39
35394033 38
35394079 96
35394115 98
35498962 99
35499084 89
35499176 88
35499319 0
35499464 1
35499605 3
35499680 4
35499800 5
35499840 6
35500032 97
35500157 7
35500265 8
35500305 9
35500476 39
35502129 10
35502297 11
35502355 38
35502408 39
35502629 38
35502683 39
35505002 40
35505531 41
35505647 48
35505800 1
35505978 4
35506098 5
35506138 6
35506353 7
35506519 8
35506559 9
0 0
35507010 38
35507451 39
35507958 91
35508379 10
35508546 11
35508792 21
35509221 38
35509659 39
35511237 23
35511370 89
35513314 89
35513848 40
35514377 41
35514493 48
35514646 1
35514824 4
35514869 42
35515146 50
35515214 57
35515257 6
35515303 55
35515347 38
35515399 39
35515646 41
35515706 38
35515760 39
35515816 91
35516078 21
35516507 38
35516745 96
35516864 97
35516905 96
35517024 97
35517065 96
35517138 89
35517223 88
35517342 97
35517383 96
35517502 97
35517543 96
35517662 97
35517703 96
35517822 97
35517863 96
35517982 97
35518023 96
35518142 97
35518183 96
35518302 97
35518343 96
35518462 97
35518503 96
35518622 97
35518663 96
35518782 97
35518823 96
35518942 97
35518983 96
35519056 89
35519226 0
35519336 3
35519443 97
35519483 96
35519603 97
35519643 96
35519763 97
35519803 96
35519923 97
35519963 96
35520083 97
35520123 96
35520243 97
35520027 96
35520122 97
35520162 96
35520790 23
35520854 97
35520894 96
35520967 89
35521199 97
35521248 39
35521316 1
35521493 4
35521610 5
35521650 6
35521867 7
35522033 8
35522073 9
0 0
35522333 96
35522453 97
35522493 96
35522613 97
35522654 96
35522774 97
35522814 96
35522887 89
35523094 97
35523336 39
35524411 10
35524589 11
35524745 41
35524811 38
35524864 39
35527171 89
35527257 88
35527343 40
35527875 41
35527986 48
35528053 55
35528097 38
35528151 39
35528206 91
35528468 21
35528898 38
35529146 89
35529317 0
35529427 3
35529540 96
35529659 97
35529700 96
35529819 97
35529860 96
35529979 97
35530020 96
35530139 97
35530180 96
35530299 97
35530340 96
35530459 97
35530500 96
35530619 97
35530660 96
35530779 97
35530820 96
35530939 97
35530980 96
35531099 97
35531140 96
35531259 97
35531300 96
35531419 97
35531460 96
35531579 97
35531620 96
35531739 97
35531780 96
35531899 97
35531940 96
35532059 97
35532100 96
35532219 97
35532260 96
35532379 97
35532420 96
35532514 97
35532555 96
35532924 23
35532971 97
35533012 96
35533084 89
35533316 97
35533365 39
35533433 1
35533611 4
35533728 5
35533768 6
35533984 7
35534150 8
35534190 9
0 0
35534450 96
35534570 97
35534611 96
35534730 97
35534771 96
35534891 97
35534932 96
35535004 89
35535209 97
35535452 39
35536528 10
35536706 11
35536859 41
35536925 38
35536977 39
35537320 89
35537405 88
35539248 89
35539355 0
35539393 3
35539659 40
35540189 41
35540300 48
35540453 1
35540631 4
35540748 5
35540788 6
35541003 7
35541169 8
35541209 9
0 0
35541660 38
35542101 39
35542608 91
35543029 10
35543207 11
35543453 21
35543818 38
35544256 39
35545902 23
35546031 89
35547976 89
35548507 40
35549036 41
35549152 48
35549220 55
35549263 38
35549316 39
35549563 41
35549623 38
35549677 39
35549732 91
35549995 21
35550360 38
35550598 96
35550717 97
35550758 96
35550877 97
35550918 96
35551037 97
35551078 96
35551197 97
35551238 96
35551357 97
35551398 96
35551517 97
35551558 96
35551677 97
35551718 96
35551837 97
35551878 96
35551997 97
35552038 96
35552157 97
35552198 96
35552317 97
35552358 96
35552477 97
35552518 96
35552637 97
35552678 96
35552797 97
35552838 96
35552957 97
35552998 96
35553117 97
35553158 96
35553277 97
35553318 96
35553437 97
35553478 96
35553597 97
35553638 96
35553757 97
35553798 96
35553917 97
35553958 96
35554052 97
35554093 96
35554462 23
35554509 97
35554550 96
35554622 89
35554808 97
35554849 96
35556538 89
35556698 97
35556746 39
35556993 41
35557058 38
35557112 39
35557173 38
35557219 96
35557475 89
35557718 88
35557773 97
35557814 96
35559558 89
35559665 0
35559809 1
35559950 3
35560026 4
35560143 5
35560183 6
35560294 97
35560335 96
35560455 97
35560495 96
35560590 97
35560631 96
35560718 7
35560827 8
35560866 9
35560977 97
35561018 96
35561138 97
35561179 96
35561298 97
35561339 96
35561459 97
35561500 96
35561619 97
35561660 96
35561780 97
35561821 96
35561940 97
35561981 96
35562101 97
35562142 96
35562261 97
35562302 96
35562422 97
35562463 96
35562582 97
35562623 96
35562743 97
35562784 96
35562903 97
35562944 96
35563064 97
35563105 96
35563224 97
35563265 96
35563385 97
35563426 96
35563545 97
35563586 96
35563706 97
35563747 96
35563866 97
35563907 96
35564027 97
35564068 96
35564187 97
35564228 96
35564348 97
35564389 96
35564508 97
35564549 96
35564669 97
35564710 96
35564800 10
35564978 11
35565025 97
35565073 39
35567395 40
35567577 89
35567665 88
35568084 41
35568200 48
35568267 55
35568311 38
35568365 39
35568420 91
35568683 21
35569048 38
35569286 96
35569405 97
35569446 96
35569518 89
35569689 0
35569799 3
35569905 97
35569946 96
35570065 97
35570106 96
35570225 97
35570266 96
35570385 97
35570426 96
35570545 97
35570586 96
35570705 97
35570746 96
35570865 97
35570906 96
35571025 97
35571066 96
35571185 97
35571226 96
35571345 97
35571386 96
35571505 97
35571546 96
35571665 97
35571706 96
35571825 97
35571866 96
35571985 97
35572026 96
35572145 97
35572186 96
35572305 97
35572346 96
35572465 97
35572506 96
35572625 97
35572666 96
35572785 97
35572826 96
35572920 97
35572961 96
35573330 23
35573377 97
35573418 96
35573490 89
35573723 97
35573771 39
35573839 1
35574017 4
35574134 5
35574174 6
35574391 7
35574557 8
35574596 9
0 0
35574856 96
35574976 97
35575017 96
35575137 97
35575177 96
35575297 97
35575338 96
35575410 89
35575616 97
35575858 39
35576934 10
35577112 11
35577266 41
35577332 38
35577385 39
35577908 89
35577996 88
35579833 89
35579940 0
35579979 3
35580068 40
35580598 41
35580709 48
35580862 1
35581040 4
35581157 5
35581197 6
35581412 7
35581578 8
35581618 9
0 0
35582069 38
35582510 39
35583017 91
35583438 10
35583616 11
35583862 21
35584227 38
35584665 39
35586314 23
35586436 89
35588388 89
35588935 40
35589465 41
35589581 48
35589648 55
35589692 38
35589744 39
35589991 41
35590051 38
35590105 39
35590161 91
35590423 21
35590852 38
35591090 96
35591209 97
35591250 96
35591369 97
35591410 96
35591529 97
35591570 96
35591689 97
35591730 96
35591849 97
35591890 96
35592009 97
35592050 96
35592169 97
35592210 96
35592329 97
35592370 96
35592489 97
35592530 96
35592649 97
35592690 96
35592809 97
35592850 96
35592969 97
35593010 96
35593129 97
35593170 96
35593289 97
35593330 96
35593449 97
35593490 96
35593609 97
35593650 96
35593769 97
35593810 96
35593929 97
35593970 96
35594089 97
35594130 96
35594249 97
35594290 96
35594384 97
35594425 96
35594794 23
35594841 97
35594882 96
35594954 89
35595142 97
35595183 96
35596872 89
35597031 97
35597080 39
35597327 41
35597392 38
35597446 39
35597507 38
35597553 96
35598185 89
35598271 88
35598326 97
35598367 96
35600114 89
35600221 0
35600366 1
35600507 3
35600582 4
35600699 5
35600739 6
35600850 97
35600891 96
35601011 97
35601052 96
35601147 97
35601187 96
35601275 7
35601383 8
35601422 9
35601534 97
35601574 96
35601694 97
35601735 96
35601855 97
35601895 96
35602015 97
35602056 96
35602176 97
35602216 96
35602336 97
35602372 98
35707009 99
35707051 96
35707223 89
35707310 88
35707554 0
35707593 3
35707780 97
35707821 96
35707941 97
35707982 96
35708101 97
35708142 96
35708262 97
35708303 96
35708422 97
35708463 96
35708583 97
35708624 96
35708743 97
35708784 96
35708904 97
35708945 96
35709064 97
35709105 96
35709225 97
35709266 96
35709385 97
35709426 96
35709546 97
35709587 96
35709706 97
35709747 96
35709867 97
35709908 96
35710027 97
35710068 96
35710158 10
35710251 11
35710298 97
35710346 39
35712668 40
35713201 41
35713316 48
35713382 1
35713560 4
35713680 5
35713721 6
35713935 7
35714101 8
35714141 9
0 0
35714593 38
35715033 39
35715540 91
35715960 10
35716127 11
35716374 21
35716740 38
35717259 39
35718836 23
35718970 89
35720913 89
35721446 40
35721975 41
35722091 48
35722244 1
35722422 4
35722542 5
35722582 6
35722797 7
35722963 8
35723002 9
0 0
35723454 38
35723894 39
35724827 10
35724970 52
35725123 1
35725267 59
35725350 4
35725489 45
35725528 50
35725681 1
35725825 57
35725865 5
35725905 6
35725985 4
35726123 45
35726163 50
35726315 1
35726460 57
35726499 5
35726540 6
35726619 4
35726758 45
35726797 50
35726950 1
35727094 57
35727134 5
35727174 6
35727254 4
35727392 45
35727432 50
35727584 1
35727729 57
35727768 5
35727809 6
35727888 4
35728027 45
35728066 50
35728219 1
35728363 57
35728403 5
35728443 6
35728523 4
35728661 45
35728701 50
35728853 1
35728998 57
35729037 5
35729078 6
35729157 4
35729296 45
35729335 50
35729488 1
35729632 57
35729672 5
35729712 6
35729792 4
35729930 45
35729970 50
35730122 1
35730267 57
35730306 5
35730347 6
35730411 89
35730496 88
35730619 4
35730757 45
35730797 50
35730949 1
35731094 57
35731133 5
35731174 6
35731253 4
35731392 45
35731431 50
35731584 1
35731728 57
35731768 5
35731808 6
35731888 4
35731932 42
35732210 50
35732277 57
35732321 6
35732385 89
35732470 88
35732682 41
35732742 38
35732796 39
35732852 91
35733114 21
35733543 38
35733781 96
35733900 97
35733941 96
35734060 97
35734101 96
35734220 97
35734261 96
35734380 97
35734421 96
35734540 97
35734581 96
35734700 97
35734741 96
35734860 97
35734901 96
35735020 97
35735061 96
35735180 97
35735221 96
35735340 97
35735381 96
35735500 97
35735541 96
35735660 97
35735701 96
35735820 97
35735861 96
35735980 97
35736021 96
35736140 97
35736181 96
35736300 97
35736341 96
35736460 97
35736501 96
35736620 97
35736661 96
35736780 97
35736821 96
35736940 97
35736981 96
35737075 97
35737116 96
35737485 23
35737532 97
35737573 96
35737645 89
35737831 97
35737872 96
35739563 89
35739723 97
35739771 39
35740018 41
35740083 38
35740137 39
35740198 38
35740244 96
35740389 89
35740475 88
35740530 97
35740571 96
35742318 89
35742425 0
35742569 1
35742710 3
35742786 4
35742903 5
35742943 6
35743054 97
35743095 96
35743215 97
35743255 96
35743350 97
35743391 96
35743478 7
35743587 8
35743626 9
35743737 97
35743778 96
35743898 97
35743939 96
35744058 97
35744099 96
35744219 97
35744260 96
35744379 97
35744420 96
35744540 97
35744581 96
35744700 97
35744741 96
35744861 97
35744902 96
35745021 97
35745062 96
35745182 97
35745223 96
35745342 97
35745383 96
35745503 97
35745544 96
35745663 97
35745704 96
35745824 97
35745865 96
35745984 97
35746025 96
35746145 97
35746186 96
35746305 97
35746346 96
35746466 97
35746507 96
35746626 97
35746667 96
35746787 97
35746828 96
35746947 97
35746988 96
35747108 97
35747149 96
35747268 97
35747309 96
35747429 97
35747470 96
35747560 10
35747738 11
35747785 97
35747833 39
35750152 40
35750337 89
35750423 88
35750840 41
35750956 48
35751023 55
35751067 38
35751121 39
35751176 91
35751438 21
35751868 38
35752106 96
35752225 97
35752266 96
35752338 89
35752509 0
35752619 3
35752725 97
35752766 96
35752885 97
35752926 96
35753045 97
35753086 96
35753205 97
35753246 96
35753365 97
35753406 96
35753525 97
35753566 96
35753685 97
35753726 96
35753845 97
35753886 96
35754005 97
35754046 96
35754165 97
35754206 96
35754325 97
35754366 96
35754485 97
35754526 96
35754645 97
35754686 96
35754805 97
35754846 96
35754965 97
35755006 96
35755125 97
35755166 96
35755285 97
35755326 96
35755445 97
35755486 96
35755580 97
35755621 96
35755990 23
35756037 97
35756078 96
35756150 89
35756382 97
35756431 39
35756499 1
35756677 4
35756794 5
35756834 6
35757050 7
35757216 8
35757256 9
0 0
35757516 96
35757636 97
35757677 96
35757796 97
35757837 96
35757957 97
35757998 96
35758070 89
35758275 97
35758518 39
35759594 10
35759772 11
35759927 41
35759993 38
35760045 39
35760660 89
35760746 88
35762525 40
35762588 89
35762695 0
35762734 3
35763260 41
35763370 48
35763524 1
35763702 4
35763819 5
35763859 6
35764074 7
35764240 8
35764279 9
0 0
35764731 38
35765172 39
35765679 91
35766099 10
35766277 11
35766523 21
35766889 38
50206 39
