12177 33
12229 39
12281 38
12334 39
12465 38
12518 39
13498 38
14389 39
14932 38
14986 39
15207 38
4199760 39
4199971 38
4200024 39
4200245 38
8384190 39
8384401 38
8384455 39
8384676 38
10504870 89
10504956 88
10506812 89
10506918 0
10507063 1
10507204 3
10507279 4
10507396 5
10507436 6
10507754 7
10507863 8
10507902 9
10510096 10
10510274 11
10510333 39
10512653 40
10513182 41
10513298 48
10513365 55
10513409 38
10513463 39
10513518 91
10513914 21
10514280 38
10514904 89
10514989 88
10515388 89
10517001 23
10517119 89
10519090 89
10519262 39
10519509 41
10519574 38
10519628 39
10519689 38
10525112 89
10525198 88
10527051 89
10527159 0
10527304 1
10527445 3
10527520 4
10527637 5
10527677 6
10527995 7
10528103 8
10528143 9
10530336 10
10530514 11
10530573 39
10532892 40
10533422 41
10533537 48
10533605 55
10533648 38
10533702 39
10533758 91
10534020 21
10534449 38
10535312 89
10535398 88
10536967 23
10537031 89
10539059 89
10539231 39
10539478 41
10539543 38
10539597 39
10539658 38
10545533 89
10545619 88
10545994 0
10546139 1
10546280 3
10546355 4
10546472 5
10546512 6
10546830 7
10546939 8
10546978 9
10547482 89
10547653 0
10547692 3
10549304 0
10549343 3
10549420 10
10549487 52
10549550 1
10549694 59
10549778 4
10549870 5
10549911 6
10549992 10
10550059 52
10550122 1
10550266 59
10550350 4
10550485 45
10550524 50
10550677 1
10550821 57
10550861 5
10550901 6
10550981 4
10550860 45
10550900 50
10551311 1
10551457 57
10551498 5
10551539 6
10551620 4
10551756 45
10551797 50
10551951 1
10552097 57
10552138 5
10552179 6
10552260 4
10552396 45
10552437 50
10552591 1
10552737 57
10552778 5
10552819 6
10552900 4
10553036 45
10553077 50
10553231 1
10553377 57
10553418 5
10553459 6
10553540 4
10553659 5
10553700 6
10553783 10
10553927 52
10554081 1
10554226 59
10554311 4
10554447 45
10554488 50
10554642 1
10554788 57
10554829 5
10554870 6
10554951 4
10555045 5
10555086 6
10555169 10
10555313 52
10555467 1
10555613 59
10555697 4
10555816 5
10555857 6
10555923 89
10556010 88
10556156 10
10556298 52
10556451 1
10556595 59
10556679 4
10556796 5
10556836 6
10556957 0
10556996 3
10557221 7
10557329 8
10557369 9
10557697 89
10557868 0
10557907 3
10558424 10
10558490 52
10558554 1
10558698 59
10558782 4
10558899 5
10558939 6
10559257 7
10559365 8
10559405 9
10561901 0
10561940 3
10562017 10
10562084 52
10562147 1
10562291 59
10562375 4
10562510 45
10562549 50
10562703 1
10562847 57
10562887 5
10562927 6
10563007 4
10563142 45
10563181 50
10563334 1
10563478 57
10563518 5
10563558 6
10563638 4
10563773 45
10563812 50
10563965 1
10564109 57
10564149 5
10564189 6
10564269 4
10564386 5
10564426 6
10564547 0
10564586 3
10564811 7
10564920 8
10564959 9
10565968 89
10566053 88
10567238 0
10567277 3
10567354 10
10567445 11
10567505 39
10567858 89
10569941 40
10570470 41
10570586 48
10570650 1
10570828 4
10570945 5
10570985 6
10571200 7
10571366 8
10571405 9
0 0
10571857 38
10572298 39
10572805 91
10573193 0
10573232 3
10573309 10
10573400 11
10573621 38
10573675 39
10575994 40
10576095 89
10576181 88
10576682 41
10576797 48
10576861 1
10577039 4
10577156 5
10577196 6
10577411 7
10577577 8
10577616 9
0 0
10578338 89
10578206 0
10578245 3
0 0
10578778 39
10579280 70
10579592 0
10579631 3
10579708 10
10579799 11
10579843 38
10579897 39
10582216 40
10582746 41
10582862 48
10582925 1
10583103 4
10583220 5
10583260 6
10583475 7
10583641 8
10583681 9
0 0
10584132 38
10584573 39
10585010 70
10585506 10
10585666 39
10586315 89
10586400 88
10586499 0
10586538 3
10587486 14
10587585 48
10587651 1
10587829 4
10587994 45
10588033 50
10588158 57
10588197 5
10588238 6
10588284 55
10588327 38
10588381 39
10588467 21
10588761 38
10591319 23
10591437 89
10591682 39
10591750 1
10591927 4
10592065 45
10592105 50
10592260 1
10592405 57
10592444 5
10592485 6
10592564 4
10592703 45
10592742 50
10592895 1
10593039 57
10593079 5
10593119 6
10593199 4
10593337 45
10593377 50
10593529 1
10593674 57
10593713 5
10593754 6
10593818 89
10593991 4
10594130 45
10594169 50
10594322 1
10594466 57
10594506 5
10594546 6
10594626 4
10594764 45
10594804 50
10594956 1
10595101 57
10595140 5
10595181 6
10595260 4
10595399 45
10595438 50
10595591 1
10595735 57
10595775 5
10595815 6
10595895 4
10596033 45
10596073 50
10596225 1
10596370 57
10596409 5
10596450 6
10596529 4
10596668 45
10596707 50
10596860 1
10597004 57
10597044 5
10597084 6
10597148 89
10597234 88
10597356 4
10597495 45
10597534 50
10597687 1
10597831 57
10597871 5
10597911 6
10597991 4
10598111 5
10598151 6
10598368 7
10598534 8
10598574 9
0 0
10599035 39
10599503 10
10599646 52
10599799 1
10599943 59
10600027 4
10600147 5
10600187 6
10600456 7
10600565 8
10600604 9
10601330 10
10601472 52
10601625 1
10601769 59
10601853 4
10601897 42
10602175 50
10602242 57
10602286 6
10602350 89
10602435 88
10602614 41
10602680 38
10602733 39
10602789 91
10603051 21
10603417 38
10605887 23
10606005 89
10607979 89
10608151 39
10608397 41
10608463 38
10608517 39
10608572 91
10608834 21
10609264 38
10611647 23
10611765 89
10613738 89
10613910 39
10614157 41
10614222 38
10614276 39
10614337 38
10617098 89
10617184 88
10619039 89
10619145 0
10619290 1
10619431 3
10619506 4
10619623 5
10619663 6
10619981 7
10620090 8
10620129 9
10622323 10
10622501 11
10622560 39
10624882 40
10625413 41
10625529 48
10625596 55
10625640 38
10625694 39
10625749 91
10626012 21
10626377 38
10627153 89
10627238 88
10628982 23
10629046 89
10631072 89
10631244 39
10631488 41
10631554 38
10631607 39
10631669 38
10637324 89
10637410 88
10637584 0
10637729 1
10637870 3
10637945 4
10638062 5
10638102 6
10638420 7
10638528 8
10638568 9
10639312 89
10639484 0
10639522 3
10640871 0
10640909 3
10640986 10
10641053 52
10641116 1
10641261 59
10641344 4
10641479 45
10641519 50
10641672 1
10641816 57
10641856 5
10641896 6
10641976 4
10642111 45
10642150 50
10642303 1
10642447 57
10642487 5
10642527 6
10642607 4
10642742 45
10642782 50
10642934 1
10643079 57
10643118 5
10643159 6
10643238 4
10643373 45
10643413 50
10643566 1
10643710 57
10643750 5
10643790 6
10643870 4
10644005 45
10644044 50
10644197 1
10644341 57
10644381 5
10644421 6
10644501 4
10644618 5
10644658 6
10644740 10
10644883 52
10645035 1
10645180 59
10645263 4
10645398 45
10645438 50
10645590 1
10645735 57
10645774 5
10645815 6
10645894 4
10646029 45
10646069 50
10646222 1
10646366 57
10646406 5
10646446 6
10646526 4
10646661 45
10646700 50
10646853 1
10646997 57
10647037 5
10647077 6
10647157 4
10647292 45
10647331 50
10647484 1
10647628 57
10647668 5
10647708 6
10647772 89
10647858 88
10647946 4
10648081 45
10648121 50
10648273 1
10648418 57
10648457 5
10648498 6
10648577 4
10648695 5
10648735 6
10648816 10
10648959 52
10649112 1
10649256 59
10649340 4
10649475 45
10649514 50
10649667 1
10649811 57
10649851 5
10649891 6
10649955 89
10650085 4
10650178 5
10650218 6
10650300 10
10650442 52
10650595 1
10650631 98
10689212 99
10689357 59
10689520 89
10689607 88
10689731 4
10689853 5
10689894 6
10690032 10
10690175 52
10690328 1
10690472 59
10690555 4
10690676 5
10690716 6
10690837 0
10690875 3
10691093 7
10691202 8
10691241 9
10692115 10
10692183 52
10692248 1
10692393 59
10692476 4
10692596 5
10692637 6
10692955 7
10693063 8
10693102 9
10695648 10
10695791 52
10695943 1
10696088 59
10696171 4
10696309 45
10696349 50
10696502 1
10696646 57
10696686 5
10696726 6
10696806 4
10696944 45
10696983 50
10697136 1
10697280 57
10697320 5
10697360 6
10697440 4
10697578 45
10697618 50
10697771 1
10697915 57
10697955 5
10697995 6
10698075 4
10698213 45
10698252 50
10698405 1
10698549 57
10698589 5
10698629 6
10698709 4
10698830 5
10698870 6
10698951 10
10699094 52
10699247 1
10699391 59
10699475 4
10699613 45
10699652 50
10699805 1
10699949 57
10699989 5
10700029 6
10700109 4
10700247 45
10700247 50
10700440 1
10700584 57
10700624 5
10700664 6
10700744 4
10700882 45
10700921 50
10701074 1
10701218 57
10701258 5
10701298 6
10701378 4
10701516 45
10701556 50
10701709 1
10701853 57
10701893 5
10701933 6
10702013 4
10702151 45
10702190 50
10702343 1
10702487 57
10702527 5
10702567 6
10702647 4
10702768 5
10702808 6
10702889 10
10703032 52
10703185 1
10703329 59
10703413 4
10703551 45
10703590 50
10703743 1
10703887 57
10703927 5
10703967 6
10704047 4
10704143 5
10704183 6
10704265 10
10704407 52
10704560 1
10704704 59
10704788 4
10704908 5
10704949 6
10705093 10
10705236 52
10705389 1
10705533 59
10705617 4
10705661 42
10705939 50
10706006 57
10706049 6
10706113 89
10706199 88
10708860 89
10708946 88
10710799 89
10710906 0
10711050 1
10711191 3
10711266 4
10711383 5
10711424 6
10711742 7
10711850 8
10711889 9
10714083 10
10714261 11
10714320 39
10716639 40
10717169 41
10717285 48
10717352 55
10717396 38
10717450 39
10717505 91
10717767 21
10718197 38
10719060 89
10719146 88
10720715 23
10720779 89
10722805 89
10722977 39
10723224 41
10723289 38
10723343 39
10723404 38
10729261 89
10729347 88
10729722 0
10729866 1
10730007 3
10730083 4
10730200 5
10730240 6
10730558 7
10730666 8
10730706 9
10731210 89
10731381 0
10731420 3
10733032 0
10733071 3
10733148 10
10733214 52
10733278 1
10733422 59
10733505 4
10733598 5
10733638 6
10733720 10
10733786 52
10733850 1
10733994 59
10734077 4
10734212 45
10734252 50
10734405 1
10734549 57
10734589 5
10734629 6
10734709 4
10734844 45
10734883 50
10735036 1
10735180 57
10735220 5
10735260 6
10735340 4
10735475 45
10735514 50
10735667 1
10735811 57
10735851 5
10735891 6
10735971 4
10736106 45
10736146 50
10736298 1
10736443 57
10736482 5
10736523 6
10736602 4
10736737 45
10736777 50
10736930 1
10737074 57
10737114 5
10737154 6
10737234 4
10737351 5
10737391 6
10737473 10
10737615 52
10737768 1
10737912 59
10737996 4
10738131 45
10738170 50
10738323 1
10738467 57
10738507 5
10738547 6
10738627 4
10738720 5
10738760 6
10738841 10
10738984 52
10739137 1
10739281 59
10739365 4
10739482 5
10739522 6
10739586 89
10739672 88
10739776 0
10739815 3
10739892 10
10739958 52
10740022 1
10740166 59
10740250 4
10740367 5
10740407 6
10740725 7
10740833 8
10740873 9
10741377 89
10741548 0
10741587 3
10741928 10
10741994 52
10742058 1
10742202 59
10742285 4
10742402 5
10742443 6
10742761 7
10742869 8
10742908 9
10745405 0
10745444 3
10745521 10
10745587 52
10745651 1
10745795 59
10745879 4
10746014 45
10746053 50
10746206 1
10746350 57
10746390 5
10746430 6
10746510 4
10746645 45
10746684 50
10746837 1
10746981 57
10747021 5
10747061 6
10747141 4
10747276 45
10747316 50
10747468 1
10747613 57
10747396 5
10747437 6
10747516 4
10747633 5
10747932 6
10748134 0
10748173 3
10748310 7
10748419 8
10748458 9
10749643 89
10749728 88
10750737 0
10750776 3
10750853 10
10750944 11
10751004 39
10751570 89
10753437 40
10753967 41
10754083 48
10754146 1
10754324 4
10754441 5
10754481 6
10754696 7
10754862 8
10754902 9
0 0
10755353 38
10755794 39
10756301 91
10756689 0
10756728 3
10756805 10
10756896 11
10757118 38
10757171 39
10759493 40
10759825 89
10759911 88
10760181 41
10760296 48
10760360 1
10760538 4
10760655 5
10760695 6
10760910 7
10761076 8
10761115 9
0 0
10761567 38
10761817 89
10761988 0
10762027 3
10762342 39
10762843 70
10763085 0
10763124 3
10763201 10
10763292 11
10763342 38
10763396 39
10765715 40
10766245 41
10766361 48
10766424 1
10766602 4
10766719 5
10766759 6
10766974 7
10767140 8
10767180 9
0 0
10767631 38
10768072 39
10768509 70
10769005 10
10769165 39
10770042 89
10770127 88
10770226 0
10770265 3
10770985 14
10771084 48
10771150 1
10771328 4
10771493 45
10771532 50
10771657 57
10771696 5
10771737 6
10771783 55
10771826 38
10771880 39
10771966 21
10772260 38
10774818 23
10774936 89
10775181 39
10775248 1
10775426 4
10775564 45
10775604 50
10775759 1
10775903 57
10775943 5
10775983 6
10775983 4
10776201 45
10776241 50
10776394 1
10776538 57
10776578 5
10776618 6
10776698 4
10776836 45
10776875 50
10777028 1
10777172 57
10777212 5
10777252 6
10777316 89
10777490 4
10777628 45
10777668 50
10777821 1
10777965 57
10778005 5
10778045 6
10778125 4
10778263 45
10778302 50
10778455 1
10778599 57
10778639 5
10778679 6
10778759 4
10778897 45
10778937 50
10779090 1
10779234 57
10779274 5
10779314 6
10779394 4
10779532 45
10779571 50
10779724 1
10779868 57
10779908 5
10779948 6
10780028 4
10780166 45
10780206 50
10780359 1
10780503 57
10780543 5
10780583 6
10780647 89
10780733 88
10780855 4
10780993 45
10781033 50
10781186 1
10781330 57
10781370 5
10781410 6
10781490 4
10781610 5
10781650 6
10781867 7
10782033 8
10782072 9
0 0
10782534 39
10782958 10
10783101 52
10783254 1
10783398 59
10783481 4
10783526 42
10783804 50
10783871 57
10783914 6
10783978 89
10784064 88
10784332 41
10784398 38
10784451 39
10784507 91
10784769 21
10785135 38
10787607 23
10787723 89
10789696 89
10789868 39
10790114 41
10790179 38
10790233 39
10790288 91
10790551 89
10790679 88
0 0
10791074 38
10792550 89
10792720 0
10792830 3
10793774 23
10793892 89
10794137 39
10794204 1
10794382 4
10794499 5
10794539 6
10794756 7
10794922 8
10794961 9
0 0
10795874 89
10796285 39
10797071 10
10797249 11
10797436 41
10797502 38
10797555 39
10799874 40
10800404 41
10800514 48
10800582 55
10800625 89
10800754 88
0 0
10800837 39
10800893 91
10801155 21
10801584 38
10802622 89
10802793 0
10802903 3
10804197 23
10804315 89
10804559 39
10804627 1
10804805 4
10804922 5
10804962 6
10805179 7
10805345 8
10805384 9
0 0
10806297 89
10806708 39
10807494 10
10807672 11
10807859 41
10807925 38
10807978 39
10810299 40
10810837 89
10810923 88
10810990 41
10811101 48
10811168 55
10811212 38
10811265 39
10811321 91
10811583 21
10811949 38
10812812 89
10812982 0
10813092 3
10814643 23
10814761 89
10815006 39
10815073 1
10815251 4
10815368 5
10815408 6
10815625 7
10815791 8
10815830 9
0 0
10816743 89
10817154 39
10817940 10
10818118 11
10818304 41
10818370 38
10818423 39
10820742 40
10820778 98
10821181 89
18446744072041406099 88
368080 89
10813445 15
10823191 3
10831436 89
10831522 88
10833300 89
10841606 89
10841692 88
10841797 89
11869807 99
11870337 41
11870446 48
11870602 1
11870780 4
11870900 5
11870940 6
11871155 7
11871321 8
11871360 9
0 0
11871812 38
11872252 39
11872759 91
11873179 10
11873347 11
11873593 21
11874022 38
11874459 39
11876058 23
11876176 89
11876361 38
11876414 39
11878147 89
11878910 40
11879440 41
11879556 48
11879709 1
11879887 4
11880007 5
11880047 6
11880262 7
11880428 8
11880467 9
0 0
11880919 38
11881537 89
11882476 10
11882643 11
11882799 38
11882852 39
11883098 41
11883157 38
11883210 39
11883265 91
11883528 21
11883893 38
11884331 39
11885979 23
11886108 89
11888064 89
11888586 40
11889116 41
11889232 48
11889384 1
11889562 4
11889607 42
11889885 50
11889952 57
11889995 6
11890041 55
11890085 38
11890138 39
11890383 41
11890444 38
11890497 39
11890553 91
11890815 21
11891181 38
11891717 89
11891803 88
11893811 23
11893875 89
11895897 89
11896069 39
11896315 41
11896380 38
11896434 39
11896495 38
11901688 89
11901774 88
11901838 0
11901983 1
11902124 3
11902199 4
11902316 5
11902356 6
11902674 7
11902783 8
11902822 9
11903655 89
11903826 0
11903865 3
11905174 10
11905240 52
11905304 1
11905448 59
11905531 4
11905648 5
11905689 6
11906007 7
11906115 8
11906154 9
11908651 0
11908690 3
11908767 10
11908833 52
11908897 1
11909041 59
11909125 4
11909260 45
11909299 50
11909452 1
11909596 57
11909636 5
11909676 6
11909756 4
11909873 5
11909913 6
11909995 10
11910138 52
11910290 1
11910435 59
11910518 4
11910635 5
11910675 6
11910796 0
11910835 3
11911060 7
11911169 8
11911208 9
11911888 89
11911974 88
11913511 0
11913550 3
11913627 10
11913693 52
11913757 1
11913901 59
11913969 89
11914099 4
11914216 5
11914256 6
11914574 7
11914682 8
11914722 9
11917219 0
11917257 3
11917334 10
11917401 52
11917464 1
11917609 59
11917692 4
11917827 45
11917867 50
11918020 1
11918164 57
11918204 5
11918244 6
11918324 4
11918459 45
11918498 50
11918651 1
11918795 57
11918835 5
11918875 6
11918955 4
11919090 45
11919130 50
11919282 1
11919427 57
11919466 5
11919507 6
11919586 4
11919721 45
11919761 50
11919914 1
11920058 57
11920098 5
11920138 6
11920218 4
11920335 5
11920375 6
11920457 10
11920599 52
11920752 1
11920896 59
11920980 4
11921115 45
11921154 50
11921307 1
11921451 57
11921491 5
11921531 6
11921611 4
11921746 45
11921786 50
11921938 1
11922083 57
11922122 5
11922163 6
11922227 89
11922314 88
11922402 4
11922537 45
11922577 50
11922729 1
11922874 57
11922913 5
11922954 6
11923033 4
11923168 45
11923208 50
11923361 1
11923505 57
11923545 5
11923585 6
11923665 4
11923800 45
11923839 50
11923992 1
11924136 57
11924176 5
11924216 6
11924280 89
11924410 4
11924528 5
11924568 6
11924649 10
11924792 52
11924945 1
11925089 59
11925173 4
11925308 45
11925347 50
11925500 1
11925644 57
11925684 5
11925724 6
11925804 4
11925896 5
11925937 6
11926018 10
11926161 52
11926314 1
11926458 59
11926541 4
11926659 5
11926699 6
11926795 0
11926834 3
11926911 10
11926977 52
11927041 1
11927185 59
11927268 4
11927129 5
11927170 6
11927738 7
11927846 8
11927886 9
11928759 10
11928912 52
11928979 59
11932243 89
11932329 88
11932537 0
11932681 1
11932822 3
11932897 4
11933014 5
11933055 6
11933373 7
11933481 8
11933520 9
11934200 89
11934372 0
11934410 3
11936199 0
11936237 3
11936314 10
11936381 52
11936444 1
11936589 59
11936672 4
11936807 45
11936847 50
11937000 1
11937144 57
11937184 5
11937224 6
11937304 4
11937439 45
11937478 50
11937631 1
11937775 57
11937815 5
11937855 6
11937935 4
11938070 45
11938110 50
11938262 1
11938407 57
11938446 5
11938487 6
11938566 4
11938701 45
11938741 50
11938894 1
11939038 57
11939078 5
11939118 6
11939198 4
11939315 5
11939355 6
11939437 10
11939579 52
11939732 1
11939876 59
11939960 4
11939960 45
11940134 50
11940287 1
11940431 57
11940471 5
11940511 6
11940591 4
11940726 45
11940766 50
11940918 1
11941063 57
11941102 5
11941143 6
11941222 4
11941357 45
11941397 50
11941550 1
11941694 57
11941734 5
11941774 6
11941854 4
11941989 45
11942028 50
11942181 1
11942325 57
11942365 5
11942405 6
11942469 89
11942555 88
11942643 4
11942778 45
11942817 50
11942970 1
11943114 57
11943154 5
11943194 6
11943274 4
11943391 5
11943432 6
11943513 10
11943656 52
11943809 1
11943953 59
11944036 4
11944171 45
11944211 50
11944364 1
11944508 57
11944548 5
11944588 6
11944652 89
11944782 4
11944875 5
11944915 6
11944996 10
11945139 52
11945292 1
11945436 59
11945520 4
11945637 5
11945677 6
11945773 0
11945812 3
11945889 10
11945955 52
11946019 1
11946163 59
11946247 4
11946364 5
11946404 6
11946722 7
11946830 8
11946870 9
11947743 10
11947896 52
11947963 59
11952640 89
11952725 88
11952933 0
11953078 1
11953219 3
11953294 4
11953411 5
11953451 6
11953769 7
11953877 8
11953917 9
11954597 89
11954768 0
11954807 3
11956595 0
11956634 3
11956711 10
11956777 52
11956841 1
11956985 59
11957069 4
11957204 45
11957243 50
11957396 1
11957541 57
11957580 5
11957621 6
11957700 4
11957835 45
11957875 50
11958028 1
11958172 57
11958212 5
11958252 6
11958332 4
11958467 45
11958506 50
11958659 1
11958803 57
11958843 5
11958883 6
11958963 4
11959098 45
11959137 50
11959290 1
11959434 57
11959474 5
11959514 6
11959594 4
11959711 5
11959752 6
11959833 10
11959976 52
11960129 1
11960273 59
11960356 4
11960491 45
11960531 50
11960684 1
11960828 57
11960868 5
11960908 6
11960988 4
11961123 45
11961162 50
11961315 1
11961459 57
11961499 5
11961539 6
11961619 4
11961754 45
11961793 50
11961946 1
11962090 57
11962130 5
11962170 6
11962250 4
11962385 45
11962425 50
11962577 1
11962722 57
11962761 5
11962802 6
11962866 89
11962951 88
11963039 4
11963174 45
11963214 50
11963367 1
11963511 57
11963551 5
11963591 6
11963671 4
11963788 5
11963828 6
11963910 10
11964052 52
11964205 1
11964349 59
11964433 4
11964568 45
11964607 50
11964760 1
11964904 57
11964944 5
11964984 6
11965048 89
11965179 4
11965271 5
11965311 6
11965393 10
11965536 52
11965688 1
11965833 59
11965916 4
11966033 5
11966074 6
11966170 0
11966208 3
11966285 10
11966352 52
11966415 1
11966560 59
11966643 4
11966760 5
11966800 6
11967118 7
11967227 8
11967266 9
11968140 10
11968292 52
11968359 59
11973029 89
11973115 88
11973322 0
11973467 1
11973608 3
11973683 4
11973800 5
11973840 6
11974158 7
11974267 8
11974306 9
11974986 89
11975157 0
11975196 3
11976984 0
11977023 3
11977100 10
11977167 52
11977230 1
11977374 59
11977458 4
11977593 45
11977632 50
11977786 1
11977930 57
11977970 5
11978010 6
11978090 4
11978225 45
11978264 50
11978417 1
11978561 57
11978601 5
11978641 6
11978721 4
11978856 45
11978895 50
11979048 1
11979192 57
11979232 5
11979272 6
11979352 4
11979487 45
11979527 50
11979679 1
11979824 57
11979863 5
11979904 6
11979983 4
11980101 5
11980141 6
11980222 10
11980365 52
11980518 1
11980662 59
11980746 4
11980881 45
11980920 50
11981073 1
11981217 57
11981257 5
11981297 6
11981377 4
11981512 45
11981551 50
11981704 1
11981848 57
11981888 5
11981928 6
11982008 4
11982143 45
11982183 50
11982218 98
12020258 99
12020412 1
12020557 57
12020598 5
12020640 6
12020803 89
12020890 88
12021014 4
12021135 5
12021177 6
12021378 0
12021417 3
12021547 7
12021655 8
12021695 9
12022568 10
12022636 52
12022702 1
12022846 59
12022930 4
12023050 5
12023090 6
12023408 7
12023517 8
12023556 9
12026102 10
12026244 52
12026397 1
12026541 59
12026625 4
12026763 45
12026803 50
12026955 1
12027100 57
12027139 5
12027180 6
12027259 4
12027398 45
12027437 50
12027590 1
12027734 57
12027774 5
12027814 6
12027894 4
12028032 45
12028072 50
12028224 1
12028369 57
12028408 5
12028449 6
12028528 4
12028667 45
12028706 50
12028859 1
12029003 57
12029043 5
12029083 6
12029163 4
12029283 5
12029324 6
12029405 10
12029548 52
12029701 1
12029845 59
12029928 4
12030067 45
12030106 50
12030259 1
12030403 57
12030443 5
12030483 6
12030563 4
12030701 45
12030741 50
12030893 1
12031038 57
12031077 5
12031118 6
12031197 4
12031336 45
12031375 50
12031528 1
12031672 57
12031712 5
12031752 6
12031832 4
12031970 45
12032010 50
12032162 1
12032307 57
12032346 5
12032387 6
12032466 4
12032605 45
12032644 50
12032797 1
12032941 57
12032981 5
12033021 6
12033101 4
12033221 5
12033262 6
12033343 10
12033486 52
12033639 1
12033783 59
12033866 4
12034005 45
12034044 50
12034197 1
12034341 57
12034381 5
12034421 6
12034501 4
12034597 5
12034637 6
12034718 10
12034861 52
12035014 1
12035158 59
12035242 4
12035362 5
12035402 6
12035547 10
12035690 52
12035843 1
12035987 59
12036070 4
12036115 42
12036393 50
12036460 57
12036503 6
12036567 89
12036653 88
12043929 89
12044015 88
12045867 89
12045973 0
12046118 1
12046259 3
12046334 4
12046451 5
12046491 6
12046809 7
12046918 8
12046957 9
12049005 10
12049329 11
12049388 39
12051707 40
12052237 41
12052353 48
12052420 55
12052464 38
12052517 39
12052573 91
12052835 21
12053201 38
12054151 89
12054239 88
12055808 23
12055872 89
12057898 89
12058070 39
12058316 41
12058126 38
12058179 39
12058241 38
12064320 89
12064406 88
12064781 0
12064926 1
12065067 3
12065142 4
12065259 5
12065299 6
12065617 7
12065726 8
12065765 9
12066269 89
12066440 0
12066479 3
12068091 0
12068130 3
12068207 10
12068274 52
12068337 1
12068481 59
12068565 4
12068657 5
12068698 6
12068779 10
12068846 52
12068909 1
12069053 59
12069137 4
12069272 45
12069311 50
12069464 1
12069608 57
12069648 5
12069688 6
12069768 4
12069903 45
12069943 50
12070095 1
12070240 57
12070279 5
12070320 6
12070320 4
12070534 45
12070574 50
12070727 1
12070871 57
12070871 5
12070951 6
12071031 4
12071166 45
12071205 50
12071358 1
12071502 57
12071542 5
12071582 6
12071662 4
12071797 45
12071836 50
12071989 1
12072133 57
12072173 5
12072213 6
12072293 4
12072410 5
12072451 6
12072532 10
12072675 52
12072828 1
12072972 59
12073055 4
12073190 45
12073230 50
12073383 1
12073527 57
12073567 5
12073607 6
12073687 4
12073779 5
12073819 6
12073901 10
12074044 52
12074196 1
12074341 59
12074424 4
12074541 5
12074582 6
12074646 89
12074731 88
12074836 0
12074874 3
12074951 10
12075018 52
12075081 1
12075226 59
12075309 4
12075426 5
12075466 6
12075784 7
12075893 8
12075932 9
12076501 89
12076672 0
12076711 3
12076964 10
12077030 52
12077094 1
12077238 59
12077321 4
12077438 5
12077479 6
12077797 7
12077905 8
12077944 9
12080441 0
12080480 3
12080557 10
12080623 52
12080687 1
12080831 59
12080915 4
12081050 45
12081089 50
12081242 1
12081386 57
12081426 5
12081466 6
12081546 4
12081681 45
12081720 50
12081873 1
12082017 57
12082057 5
12082097 6
12082177 4
12082312 45
12082352 50
12082504 1
12082649 57
12082688 5
12082729 6
12082808 4
12082925 5
12082966 6
12083086 0
12083125 3
12083351 7
12083459 8
12083498 9
12084771 89
12084857 88
12085778 0
12085816 3
12085893 10
12085985 11
12086044 39
12086656 89
12088477 40
12089007 41
12089123 48
12089186 1
12089364 4
12089481 5
12089522 6
12089736 7
12089902 8
12089942 9
0 0
12090394 38
12090834 39
12091341 91
12091730 0
12091768 3
12091845 10
12091937 11
12092158 38
12092212 39
12094533 40
12094922 89
12095008 88
12095223 41
12095339 48
12095402 1
12095580 4
12095697 5
12095737 6
12095952 7
12096118 8
12096158 9
0 0
12096609 38
12096875 89
12097046 0
12097085 3
12097320 39
12097821 70
12098134 0
12098173 3
12098250 10
12098341 11
12098385 38
12098438 39
12100757 40
12101286 41
12101402 48
12101465 1
12101643 4
12101760 5
12101801 6
12102015 7
12102181 8
12102221 9
0 0
12102673 38
12103113 39
12103615 70
12103980 10
12104131 11
0 0
12104206 39
12105096 89
12105182 88
12105281 0
12105320 3
12106026 14
12106126 48
12106191 1
12106369 4
12106534 45
12106574 50
12106698 57
12106738 5
12106778 6
12106824 55
12106868 38
12106921 39
12106921 21
12107365 38
12109836 23
12109954 89
12110199 39
12110266 1
12110444 4
12110582 45
12110622 50
12110777 1
12110921 57
12110961 5
12111001 6
12111081 4
12111219 45
12111259 50
12111412 1
12111556 57
12111596 5
12111636 6
12111716 4
12111854 45
12111893 50
12112046 1
12112190 57
12112230 5
12112270 6
12112334 89
12112510 4
12112648 45
12112688 50
12112840 1
12112985 57
12113024 5
12113065 6
12113144 4
12113283 45
12113322 50
12113475 1
12113619 57
12113659 5
12113699 6
12113779 4
12113917 45
12113957 50
12114109 1
12114254 57
12114293 5
12114334 6
12114413 4
12114552 45
12114591 50
12114744 1
12114888 57
12114928 5
12114968 6
12115048 4
12115186 45
12115226 50
12115378 1
12115523 57
12115562 5
12115603 6
12115667 89
12115752 88
12115875 4
12116013 45
12116053 50
12116205 1
12116350 57
12116389 5
12116430 6
12116509 4
12116630 5
12116670 6
12116887 7
12117053 8
12117092 9
0 0
12117554 39
12117946 10
12118106 52
12118259 1
12118403 59
12118442 30
12118524 4
12118644 5
12118685 6
12118953 7
12119061 8
12119101 9
12119834 10
12119976 52
12120129 1
12120273 59
12120357 4
12120401 42
12120679 50
12120746 57
12120790 6
12120854 89
12120939 88
12121122 41
12121188 38
12121242 39
12121297 91
12121559 21
12121989 38
12124375 23
12124490 89
12126461 89
12126633 39
12126879 41
12126944 38
12126998 39
12127054 91
12127316 21
12127745 38
12130129 23
12130246 89
12132217 89
12132389 39
12132635 41
12132701 38
12132755 39
12132816 38
12135873 89
12135959 88
12137811 89
12137918 0
12138062 1
12138203 3
12138279 4
12138396 5
12138436 6
12138754 7
12138862 8
12138902 9
12141095 10
12141273 11
12141333 39
12143652 40
12144181 41
12144297 48
12144364 55
12144408 38
12144462 39
12144517 91
12144780 21
12145145 38
12145921 89
12146006 88
12147750 23
12147814 89
12149837 89
12150009 39
12150256 41
12150321 38
12150375 39
12150436 38
12156032 89
12156118 88
12156292 0
12156437 1
12156578 3
12156653 4
12156770 5
12156810 6
12157128 7
12157237 8
12157276 9
12158021 89
12158192 0
12158231 3
12159579 0
12159618 3
12159695 10
12159761 52
12159825 1
12159969 59
12160052 4
12160187 45
12160227 50
12160380 1
12160524 57
12160564 5
12160604 6
12160684 4
12160819 45
12160859 50
12161011 1
12161156 57
12161195 5
12161236 6
12161315 4
12161450 45
12161490 50
12161526 98
12200021 99
12200175 1
12200321 57
12200362 5
12200403 6
12200572 89
12200664 88
12200815 4
12200954 45
12200995 50
12201149 1
12201295 57
12201336 5
12201377 6
12201458 4
12201598 45
12201638 50
12201792 1
12201938 57
12201979 5
12202020 6
12202101 4
12202223 5
12202265 6
12202347 10
12202491 52
12202645 1
12202791 59
12202876 4
12203015 45
12203056 50
12203210 1
12203355 57
12203396 5
12203438 6
12203438 4
12203658 45
12203699 50
12203853 1
12203999 57
12204040 5
12204081 6
12204162 4
12204302 45
12204342 50
12204496 1
12204642 57
12204683 5
12204724 6
12204805 4
12204945 45
12204986 50
12205140 1
12205285 57
12205326 5
12205368 6
12205449 4
12205588 45
12205629 50
12205783 1
12205928 57
12205969 5
12206011 6
12206092 4
12206214 5
12206255 6
12206338 10
12206482 52
18446744072539483136 1
18446744072539520315 0
18446744072539542020 0
18446744072539577901 0
18446744072539588146 0
18446744072539627521 0
18446744072539664953 0
18446744072539675397 0
18446744072539685894 0
18446744072539706628 0
4584965 0
18446744073122414816 0
18446744071813988576 0
67436768 1
738590944 2
84345056 2
18446744072284012768 3
18446744072938389728 3
224 3
1264123904 0
18446744073292677344 7
18446744073575989472 8
18446744072284209376 11
1697186016 12
18446744072218869984 13
18446744073091350752 13
18446744073343074528 13
18446744073645129952 22
1800995040 24
18446744073379774688 25
224 25
1278672896 0
2015756512 26
18446744072336376032 26
18446744073262530784 26
18446744073358606560 26
18446744071983988960 27
1331232992 29
18446744073608888544 33
1745027296 33
18446744072855421152 34
1113129184 39
925303008 40
2063663328 41
738459872 41
18446744072116044000 42
18446744072787198176 42
18446744072132952288 42
1208484064 43
1879638240 44
224 44
5832704 0
18446744072017608928 48
18446744072317698272 49
1594556640 52
455672032 53
1545994464 54
18446744071849836768 54
18446744072101560544 54
1381564640 63
18446744072238924000 65
1344864480 65
18446744072622178528 66
37159136 66
774242528 67
1663500512 67
18446744072021016800 67
18446744072117092576 67
254148832 68
374931680 70
979501280 73
929235168 73
1800994816 0
18446744072507424994 1
240648418 1
18446744073326362850 2
1479540962 3
18446744073457959138 4
18446744072149532898 4
453312738 5
1124466914 6
436666594 6
18446744072636334306 7
18446744073290711266 7
226 7
18446744072285978624 0
1680277730 9
1599799522 11
50987234 13
18446744072284209378 15
18446744072117092578 15
237371618 16
18446744072705474786 18
840368354 19
18446744072423538914 26
1431896290 26
1596457186 34
1864958178 36
18446744073226158306 38
2080440546 38
772014306 39
1529479394 40
1882325218 40
18446744072438218978 41
18446744073156296930 41
525926626 41
1968701666 42
18446744072287092962 42
18446744073024176354 42
187105506 42
19464418 43
1025900770 44
1931935970 44
18446744072289452258 44
18446744072385528034 44
1579548898 45
525926626 47
18446744072803582178 49
939720930 49
18446744072268218594 50
525926626 57
338100450 58
1459683554 59
151257314 59
2114257122 60
18446744072199995618 60
2131165410 60
621281506 61
1275658466 62
226 62
18446744073128181760 0
2015822050 65
18446744071730495714 67
1007354082 70
18446744073561243874 71
958791906 71
1848049890 72
827916514 72
18446744071685275874 81
455606498 81
757661922 82
18446744072018198754 84
18446744073159508194 84
170262754 84
1076297954 85
2019229922 85
2115305698 85
18446744073111404770 86
1612120290 88
18446744072993964258 98
18446744072806138082 98
234946786 99
18446744072619294946 100
872743138 100
18446744071886667776 0
806813696 0
1666777088 0
1582891008 0
