12177 33
6954137 89
6954223 88
6956068 89
6956175 0
6956319 1
6956460 3
6956536 4
6956653 5
6956693 6
6957011 7
6957119 8
6957159 9
6959352 10
6959530 11
6959590 39
6961911 40
6962441 41
6962557 48
6962624 55
6962668 38
6962721 39
6962777 91
6963039 21
6963405 38
6965875 23
6965991 89
6967952 89
6968124 39
6968252 66
6968406 41
6968471 38
6968525 39
6968586 38
6970417 89
6970502 88
6972345 89
6972452 0
6972596 1
6972737 3
6972812 4
6972929 5
6972970 6
6973288 7
6973396 8
6973435 9
6975629 10
6975807 11
6975866 39
6978185 40
6978715 41
6978831 48
6978898 55
6978942 38
6978996 39
6979051 91
6979313 21
6979743 38
6982126 23
6982242 89
6984206 89
6984378 39
6984506 66
6984661 41
6984726 38
6984780 39
6984841 38
6986619 89
6986704 88
6988549 89
6988656 0
6988801 1
6988942 3
6989017 4
6989134 5
6989174 6
6989492 7
6989600 8
6989640 9
6991833 10
6992012 11
6992071 39
6994390 40
6994920 41
6995035 48
6995103 55
6995146 38
6995200 39
6995256 91
6995518 21
6995947 38
6998331 23
6998446 89
7000407 89
7000579 39
7000707 66
7000862 41
7000928 38
7000981 39
7001043 38
7019100 89
7019185 88
7021030 89
7021137 0
7021282 1
7021423 3
7021498 4
7021615 5
7021655 6
7021973 7
7022081 8
7022121 9
7024314 10
7024493 11
7024552 39
7026871 40
7027401 41
7027516 48
7027584 55
7027627 38
7027681 39
7027737 91
7027999 21
7028428 38
7030812 23
7030927 89
7032888 89
7033060 39
7033188 66
7033188 41
7033408 38
7033462 39
7033523 38
7035347 89
7035433 88
7037276 89
7037383 0
7037527 1
7037668 3
7037743 4
7037860 5
7037901 6
7038219 7
7038327 8
7038366 9
7040560 10
7040738 11
7040797 39
7043116 40
7043646 41
7043762 48
7043829 55
7043873 38
7043927 39
7043982 91
7044244 21
7044674 38
7047057 23
7047173 89
7049137 89
7049309 39
7049437 66
7049592 41
7049657 38
7049711 39
7049772 38
7051582 89
7051668 88
7053513 89
7053620 0
7053764 1
7053905 3
7053981 4
7054098 5
7054138 6
7054456 7
7054564 8
7054604 9
7056797 10
7056975 11
7057035 39
7059356 40
7059886 41
7060002 48
7060069 55
7060113 38
7060166 39
7060222 91
7060484 21
7060850 38
7063320 23
7063436 89
7065397 89
7065569 39
7065697 66
7065851 41
7065916 38
7065970 39
7066031 38
7067811 89
7067897 88
7069739 89
7069846 0
7069991 1
7070132 3
7070132 4
7070324 5
7070364 6
7070682 7
7070790 8
7070830 9
7072878 10
7073202 11
7073261 39
7075580 40
7076110 41
7076225 48
7076293 55
7076336 38
7076390 39
7076446 91
7076708 21
7077137 38
7079515 23
7079631 89
7081595 89
7081769 39
7081897 66
7082051 41
7082117 38
7082171 39
7082232 38
7083996 89
7084081 88
7085926 89
7086033 0
7086178 1
7086319 3
7086394 4
7086511 5
7086551 6
7086869 7
7086977 8
7087017 9
7089210 10
7089389 11
7089448 39
7091767 40
7092297 41
7092412 48
7092480 55
7092523 38
7092577 39
7092633 91
7092895 21
7093324 38
7095708 23
7095823 89
7097784 89
7097956 39
7098084 66
7098239 41
7098304 38
7098358 39
7098419 38
7100281 89
7100367 88
7102209 89
7102316 0
7102461 1
7102602 3
7102677 4
7102794 5
7102834 6
7103152 7
7103260 8
7103300 9
7105493 10
7105672 11
7105731 39
7108052 40
7108585 41
7108701 48
7108768 55
7108812 38
7108866 39
7108921 91
7109183 21
7109613 38
7111996 23
7112112 89
7114076 89
7114248 39
7114376 66
7114530 41
7114595 38
7114649 39
7114710 38
7116508 89
7116594 88
7118439 89
7118547 0
7118692 1
7118833 3
7118908 4
7119025 5
7119065 6
7119383 7
7119491 8
7119531 9
7121724 10
7121903 11
7121962 39
7124281 40
7124811 41
7124926 48
7124994 55
7125037 38
7125091 39
7125147 91
7125409 21
7125838 38
7128222 23
7128337 89
7130298 89
7130470 39
7130598 66
7130753 41
7130818 38
7130872 39
7130933 38
7132739 89
7132825 88
7134667 89
7134774 0
7134918 1
7135059 3
7135135 4
7135252 5
7135292 6
7135610 7
7135718 8
7135758 9
7137951 10
7138129 11
7138189 39
7140508 40
7141037 41
7141153 48
7141220 55
7141264 38
7141318 39
7141373 91
7141636 21
7142001 38
7144466 23
7144582 89
7146546 89
7146718 39
7146846 66
7147001 41
7147066 38
7147120 39
7147181 38
7148957 89
7149043 88
7150888 89
7150994 0
7151139 1
7151280 3
7151355 4
7151472 5
7151512 6
7151830 7
7151939 8
7151978 9
7154172 10
7154350 11
7154409 39
7156731 40
7157260 41
7157376 48
7157443 55
7157487 38
7157541 39
7157596 91
7157859 21
7158224 38
7160695 23
7160811 89
7162772 89
7162944 39
7163072 66
7163226 41
7163291 38
7163345 39
7163406 38
7165201 89
7165286 88
7167129 89
7167237 0
7167382 1
7167523 3
7167598 4
7167715 5
7167755 6
7168073 7
7168182 8
7168221 9
7170415 10
7170593 11
7170652 39
7172971 40
7173501 41
7173617 48
7173684 55
7173728 38
7173781 39
7173837 91
7174099 21
7174465 38
7176937 23
7177051 89
7179015 89
7179187 39
7179315 66
7179470 41
7179535 38
7179589 39
7179650 38
7181435 89
7181521 88
7183366 89
7183472 0
7183617 1
7183758 3
7183833 4
7183950 5
7183990 6
7184308 7
7184417 8
7184456 9
7186650 10
7186828 11
7186887 39
7189206 40
7189736 41
7189852 48
7189919 55
7189963 38
7190016 39
7190072 91
7190334 21
7190700 38
7193172 23
7193286 89
7195247 89
7195419 39
7195547 66
7195702 41
7195767 38
7195821 39
7195882 38
7197667 89
7197753 88
7199595 89
7232081 0
7232120 3
7246171 89
7246257 88
7248053 89
7262479 89
7262565 88
7262983 89
8290254 99
8290307 39
8290435 66
8290588 41
8290653 38
8290706 39
8293025 40
8293555 41
8293666 48
8293821 1
8293999 4
8294119 5
8294160 6
8294374 7
8294540 8
8294580 9
8295032 38
8295472 39
8295979 91
8296399 10
8296566 11
8296813 21
8297179 38
8297616 39
8299152 23
8299391 89
8301341 89
8301867 40
8302397 41
8302513 48
8302666 1
8302844 4
8302964 5
8303004 6
8303219 7
8303385 8
8303424 9
8303876 38
8304316 39
8305249 10
8305417 11
8305467 66
8305622 41
8305681 38
8305734 39
8305789 91
8306051 21
8306481 38
8306919 39
8308493 23
8308627 89
8310572 89
8311105 40
8311635 41
8311751 48
8311904 1
8312082 4
8312126 42
8312404 50
8312471 57
8312514 6
8312560 55
8312604 38
8312657 39
8312785 66
8312939 41
8312999 38
8313053 39
8313108 91
8313371 21
8313736 38
8316204 23
8316323 89
8318283 89
8318455 39
8318583 66
8318737 41
8333437 89
8333523 88
8335365 89
8335472 0
8335616 1
8335757 3
8335832 4
8335949 5
8335990 6
8336308 7
8336416 8
8336455 9
8338649 10
8338827 11
8338886 39
8341205 40
8341735 41
8341851 48
8341918 55
8341962 38
8342016 39
8342071 91
8342333 21
8342763 38
8345146 23
8345262 89
8347225 89
8347397 39
8347525 66
8347680 41
8347746 38
8347799 39
8347861 38
8349857 89
8349942 88
8351787 89
8351894 0
8352038 1
8352179 3
8352254 4
8352371 5
8352412 6
8352730 7
8352838 8
8352877 9
8354925 10
8355249 11
8355308 39
8357627 40
8358157 41
8358273 48
8358340 55
8358384 38
8358438 39
8358493 91
8358755 21
8359185 38
8361568 23
8361684 89
8363645 89
8363817 39
8363945 66
8364099 41
8364165 38
8364219 39
8364280 38
8366086 89
8366172 88
8368014 89
8368120 0
8368265 1
8368406 3
8368481 4
8368598 5
8368638 6
8368956 7
8369065 8
8369104 9
8371298 10
8371476 11
8371535 39
8373857 40
8374389 41
8374505 48
8374572 55
8374616 38
8374670 39
8374725 91
8374988 21
8375353 38
8377824 23
8377940 89
8379904 89
8380076 39
8380204 66
8380357 41
8380423 38
8380477 39
8380538 38
8382312 89
8382398 88
8384243 89
8384349 0
8384494 1
8384635 3
8384710 4
8384827 5
8384867 6
8385185 7
8385294 8
8385333 9
8387527 10
8387705 11
8387764 39
8390101 40
8390631 41
8390747 48
8390814 55
8390858 38
8390858 39
8390967 91
8391229 21
8391595 38
8394067 23
8394181 89
8396142 89
8396314 39
8396442 66
8396596 41
8396662 38
8396716 39
8396777 38
8398540 89
8398626 88
8400468 89
8400575 0
8400719 1
8400860 3
8400935 4
8401052 5
8401093 6
8401411 7
8401519 8
8401558 9
8403752 10
8403930 11
8403989 39
8406308 40
8406838 41
8406954 48
8407021 55
8407065 38
8407119 39
8407174 91
8407436 21
8407866 38
8410249 23
8410365 89
8412329 89
8412501 39
8412629 66
8412783 41
8412849 38
8412903 39
8412964 38
8414771 89
8414856 88
8416701 89
8416808 0
8416952 1
8417093 3
8417168 4
8417285 5
8417326 6
8417644 7
8417752 8
8417752 9
8419985 10
8420163 11
8420222 39
8422544 40
8423074 41
8423189 48
8423257 55
8423300 38
8423354 39
8423410 91
8423672 21
8424101 38
8426486 23
8426600 89
8428560 89
8428732 39
8428860 66
8429014 41
8429080 38
8429133 39
8429195 38
8430996 89
8431082 88
8432924 89
8433030 0
8433175 1
8433316 3
8433391 4
8433508 5
8433548 6
8433866 7
8433975 8
8434014 9
8436208 10
8436386 11
8436445 39
8438764 40
8439294 41
8439410 48
8439477 55
8439521 38
8439574 39
8439630 91
8439892 21
8440258 38
8442728 23
8442844 89
8444807 89
8444979 39
8445107 66
8445262 41
8445328 38
8445381 39
8445443 38
8447226 89
8447312 88
8449157 89
8449263 0
8449408 1
8449549 3
8449624 4
8449741 5
8449781 6
8450099 7
8450208 8
8450247 9
8452441 10
8452619 11
8452678 39
8455015 40
8455545 41
8455661 48
8455728 55
8455772 38
8455825 39
8455881 91
8456143 21
8456509 38
8458981 23
8459095 89
8461056 89
8461228 39
8461356 66
8461510 41
8461576 38
8461630 39
8461691 38
8479649 89
8479735 88
8481580 89
8481686 0
8481831 1
8481972 3
8481972 4
8482164 5
8482204 6
8482522 7
8482631 8
8482670 9
8484864 10
8485042 11
8485101 39
8487420 40
8487950 41
8488066 48
8488133 55
8488177 38
8488230 39
8488286 91
8488548 21
8488914 38
8491384 23
8491500 89
8493461 89
8493633 39
8493761 66
8493915 41
8493981 38
8494035 39
8494096 38
8495911 89
8495997 88
8497839 89
8497946 0
8498090 1
8498231 3
8498307 4
8498424 5
8498464 6
8498782 7
8498890 8
8498930 9
8501123 10
8501301 11
8501361 39
8503680 40
8504209 41
8504325 48
8504392 55
8504436 38
8504490 39
8504545 91
8504808 21
8505173 38
8507644 23
8507760 89
8509723 89
8509895 39
8510023 66
8510178 41
8510244 38
8510297 39
8510359 38
8512143 89
8512229 88
8514073 89
8514180 0
8514324 1
8514465 3
8514541 4
8514658 5
8514698 6
8515016 7
8515124 8
8515164 9
8517357 10
8517535 11
8517595 39
8519934 40
8520464 41
8520580 48
8520647 55
8520691 38
8520744 39
8520800 91
8521062 21
8521428 38
8523898 23
8544564 89
8544650 88
8546494 89
8546601 0
8546746 1
8546887 3
8546962 4
8547079 5
8547119 6
8547437 7
8547545 8
8547585 9
8549778 10
8549957 11
8550016 39
8552335 40
8552865 41
8552980 48
8553048 55
8553091 38
8553145 39
8553201 91
8553463 21
8553892 38
8556276 23
8556391 89
8558352 89
8558524 39
8558652 66
8558806 41
8558872 38
8558926 39
8558987 38
8560825 89
8560911 88
8562753 89
8562860 0
8563004 1
8563145 3
8563221 4
8563338 5
8563378 6
8563696 7
8563804 8
8563844 9
8566037 10
8566215 11
8566275 39
8568596 40
8569129 41
8569245 48
8569312 55
8569356 38
8569409 39
8569465 91
8569727 21
8570093 38
8572563 23
8572679 89
8574642 89
8574814 39
8574942 66
8575096 41
8575162 38
8575215 39
8575277 38
9697575 89
9697661 88
9699503 89
9699610 0
9699754 1
9699895 3
9699971 4
9700088 5
9700128 6
9700446 7
9700554 8
9700594 9
9702787 10
9702965 11
9703025 39
9705344 40
9705873 41
9705989 48
9706056 55
9706100 38
9706154 39
9706209 91
9706472 21
9706837 38
9709308 23
9709424 89
9711386 89
9711558 39
9711686 66
9711841 41
9711907 38
9711960 39
9712022 38
9713906 89
9713992 88
9715835 89
9715942 0
9716086 1
9716227 3
9716303 4
9716420 5
9716460 6
9716778 7
9716886 8
9716926 9
9719119 10
9719297 11
9719357 39
9721678 40
9722210 41
9722326 48
9722393 55
9722437 38
9722490 39
9722546 91
9722808 21
9723174 38
9725644 23
9725760 89
9727721 89
9727893 39
9728021 66
9728173 41
9728239 38
9728293 39
9728354 38
9730163 89
9730249 88
9732091 89
9732198 0
9732343 1
9732484 3
9732559 4
9732676 5
9732716 6
9733034 7
9733142 8
9733182 9
9735375 10
9735554 11
9735613 39
9737932 40
9738462 41
9738577 48
9738645 55
9738688 38
9738742 39
9738798 91
9739060 21
9739489 38
9741873 23
9741988 89
9743950 89
9744122 39
9744250 66
9744405 41
9744471 38
9744524 39
9744586 38
9746388 89
9746473 88
9748317 89
9748424 0
9748568 1
9748709 3
9748784 4
9748901 5
9748942 6
9749260 7
9749368 8
9749407 9
9751601 10
9751779 11
9751838 39
9754157 40
9754687 41
9754803 48
9754870 55
9754914 38
9754968 39
9755023 91
9755285 21
9755715 38
9758098 23
9758214 89
9760175 89
9760347 39
9760475 66
9760629 41
9760695 38
9760749 39
9760810 38
9777059 38
9778839 89
9778925 88
9780768 89
9780875 0
9781019 1
9781160 3
9781236 4
9781353 5
9781393 6
9781711 7
9781819 8
9781859 9
9784052 10
9784230 11
9784290 39
9786609 40
9787138 41
9787254 48
9787321 55
9787365 38
9787419 39
9787474 91
9787737 21
9788102 38
9790573 23
9790689 89
9792650 89
9792822 39
9792950 66
9793104 41
9793170 38
9793224 39
9793285 38
9795059 89
9795145 88
9796987 89
9797094 0
9797238 1
9797379 3
9797454 4
9797571 5
9797612 6
9797930 7
9798038 8
9798077 9
9800271 10
9800449 11
9800508 39
9802827 40
9803357 41
9803473 48
9803540 55
9803584 38
9803638 39
9803693 91
9803955 21
9804385 38
9806768 23
9806884 89
9808846 89
9809018 39
9809146 66
9809301 41
9809367 38
9809420 39
9809482 38
9811255 89
9811340 88
9813184 89
9813291 0
9813435 1
9813576 3
9813651 4
9813768 5
9813809 6
9814127 7
9814235 8
9814274 9
9816468 10
9816646 11
9816705 39
9819027 40
9819560 41
9819675 48
9819743 55
9819786 38
9819840 39
9819896 91
9820158 21
9820587 38
9822971 23
9823086 89
9825047 89
9825219 39
9825347 66
9825501 41
9825566 38
9825620 39
9825681 38
9827516 89
9827602 88
9829444 89
9829551 0
9829695 1
9829836 3
9829911 4
9830028 5
9830069 6
9830131 7
9830498 8
9830538 9
9832725 10
9832903 11
9832962 39
9835281 40
9835811 41
9835927 48
9835994 55
9836038 38
9836092 39
9836147 91
9836409 21
9836839 38
9839222 23
9839338 89
9841300 89
9841472 39
9841600 66
9841755 41
9841821 38
9841874 39
9841936 38
9843704 89
9843790 88
9845634 89
9845741 0
9845885 1
9846026 3
9846101 4
9846218 5
9846259 6
9846577 7
9846685 8
9846724 9
9848918 10
9849096 11
9849155 39
9851474 40
9852004 41
9852120 48
9852187 55
9852231 38
9852285 39
9852340 91
9852602 21
9853032 38
9855415 23
9855531 89
9857492 89
9857664 39
9857792 66
9857946 41
9858012 38
9858066 39
9858127 38
9859961 89
9860047 88
9861889 89
9861996 0
9862140 1
9862281 3
9862357 4
9862474 5
9862514 6
9862832 7
9862940 8
9862980 9
9865173 10
9865351 11
9865411 39
9867732 40
9868262 41
9868378 48
9868445 55
9868489 38
9868542 39
9868598 91
9868860 21
9869226 38
9871696 23
9871812 89
9873774 89
9873946 39
9874074 66
9874228 41
9874294 38
9874347 39
9874409 38
9876191 89
9876277 88
9878120 89
9878227 0
9878372 1
9878513 3
9878588 4
9878705 5
9878745 6
9879063 7
9879171 8
9879211 9
9881404 10
9881583 11
9881642 39
9883961 40
9884491 41
9884606 48
9884674 55
9884717 38
9884771 39
9884827 91
9885089 21
9885518 38
9887902 23
9888017 89
9889978 89
9890150 39
9890278 66
9890433 41
9890498 38
9890552 39
9890613 38
9892411 89
9892497 88
9894339 89
9894446 0
9894591 1
9894732 3
9894807 4
9894924 5
9894964 6
9895282 7
9895390 8
9895430 9
9897618 10
9897796 11
9897855 39
9900174 40
9900704 41
9900820 48
9900887 55
9900931 38
9900985 39
9901040 91
9901302 21
9901732 38
9904117 23
9904231 89
9906194 89
9906366 39
9906494 66
9906648 41
9906714 38
9906768 39
9906829 38
9908644 89
9908730 88
9910574 89
9910681 0
9910825 1
9910966 3
9911041 4
9911158 5
9911199 6
9911517 7
9911625 8
9911664 9
9913858 10
9914036 11
9914095 39
9916417 40
9916949 41
9917064 48
9917132 55
9917175 38
9917229 39
9917285 91
9917547 21
9917976 38
9920360 23
9920475 89
9922436 89
9922608 39
9922736 66
9922889 41
9922954 38
9923008 39
9923069 38
9973365 89
9973451 88
9975229 89
9989674 89
9989760 88
9990173 89
11014761 99
11014889 66
11015044 41
11015109 38
11015162 39
11015382 48
11015537 1
11015715 4
11015835 5
11015876 6
11016090 7
11016256 8
11016296 9
0 0
11016748 38
11017188 39
11017766 38
11018147 10
11018314 11
11018373 39
11020692 40
11021222 41
11021338 48
11021491 1
11021669 4
11021789 5
11021829 6
11022044 7
11022210 8
11022249 9
0 0
11022701 38
11023142 39
11023649 91
11024069 10
11024237 11
11024483 21
11024848 38
11025286 39
11026932 23
11027061 89
11029008 89
11029539 40
11030069 41
11030185 48
11030338 1
11030516 4
11030560 42
11030838 50
11030905 57
11030948 6
11030994 55
11031038 38
11031091 39
11031219 66
11031373 41
11031433 38
11031487 39
11031542 91
11031805 21
11032170 38
11034641 23
11034757 89
11036717 89
11036889 39
11037017 66
11037171 41
11037236 38
11037290 39
11037351 38
11043825 89
11043911 88
11045752 89
11045859 0
11046003 1
11046144 3
11046220 4
11046337 5
11046377 6
11046695 7
11046803 8
11046843 9
11049036 10
11049214 11
11049274 39
11051593 40
11052122 41
11052238 48
11052305 55
11052349 38
11052403 39
11052458 91
11052721 21
11053086 38
11055557 23
11055673 89
11057636 89
11057808 39
11057936 66
11058091 41
11058156 38
11058210 39
11058271 38
11059969 89
11060055 88
11061899 89
11062005 0
11062150 1
11062291 3
11062366 4
11062483 5
11062523 6
11062841 7
11062950 8
11062989 9
11065183 10
11065361 11
11065420 39
11067739 40
11068269 41
11068385 48
11068452 55
11068496 38
11068549 39
11068605 91
11068867 21
11069233 38
11071703 23
11071819 89
11073779 89
11073951 39
11074079 66
11074234 41
11074299 38
11074353 39
11074414 38
11076466 89
11076552 88
11078394 89
11078500 0
11078645 1
11078786 3
11078861 4
11078978 5
11079018 6
11079336 7
11079445 8
11079484 9
11081678 10
11081856 11
11081915 39
11084237 40
11084769 41
11084885 48
11084952 55
11084996 38
11085050 39
11085105 91
11085368 21
11085733 38
11088204 23
11088320 89
11090283 89
11090455 39
11090583 66
11090737 41
11090802 38
11090856 39
11090917 38
11092698 89
11092784 88
11094628 89
11094735 0
11094879 1
11095020 3
11095096 4
11095213 5
11095253 6
11095571 7
11095679 8
11095719 9
11097912 10
11098090 11
11098150 39
11100469 40
11100998 41
11101114 48
11101181 55
11101225 38
11101279 39
11101334 91
11101597 21
11101962 38
11104435 23
11104549 89
11106509 89
11106681 39
11106809 66
11106964 41
11107029 38
11107083 39
11107144 38
11108917 89
11109002 88
11110844 89
11110951 0
11111095 1
11111236 3
11111312 4
11111429 5
11111469 6
11111787 7
11111895 8
11111895 9
11114128 10
11114306 11
11114366 39
11116685 40
11117214 41
11117330 48
11117397 55
11117441 38
11117495 39
11117550 91
11117813 21
11118178 38
11120649 23
11120765 89
11122728 89
11122900 39
11123028 66
11123183 41
11123248 38
11123302 39
11123363 38
11125144 89
11125229 88
11127074 89
11127180 0
11127325 1
11127466 3
11127541 4
11127658 5
11127698 6
11128016 7
11128125 8
11128164 9
11130358 10
11130536 11
11130595 39
11132917 40
11133446 41
11133562 48
11133629 55
11133673 38
11133727 39
11133782 91
11134045 21
11134410 38
11136881 23
11136997 89
11138957 89
11139129 39
11139257 66
11139411 41
11139476 38
11139530 39
11139591 38
11141335 89
11141420 88
11143262 89
11143369 0
11143513 1
11143654 3
11143729 4
11143846 5
11143887 6
11144205 7
11144313 8
11144352 9
11146546 10
11146724 11
11146783 39
11149102 40
11149632 41
11149748 48
11149815 55
11149859 38
11149913 39
11149968 91
11150230 21
11150660 38
11153043 23
11153159 89
11155122 89
11155294 39
11155422 66
11155577 41
11155642 38
11155696 39
11155757 38
11157594 89
11157680 88
11159524 89
11159631 0
11159775 1
11159916 3
11159992 4
11160109 5
11160149 6
11160467 7
11160467 8
11160615 9
11162808 10
11162986 11
11163046 39
11165365 40
11165894 41
11166010 48
11166077 55
11166121 38
11166175 39
11166230 91
11166493 21
11166858 38
11169329 23
11169445 89
11171405 89
11171577 39
11171705 66
11171860 41
11171925 38
11171979 39
11172040 38
11173818 89
11173904 88
11175746 89
11175853 0
11175997 1
11176138 3
11176213 4
11176330 5
11176371 6
11176689 7
11176797 8
11176836 9
11179030 10
11179208 11
11179267 39
11181589 40
11182121 41
11182236 48
11182304 55
11182347 38
11182401 39
11182457 91
11182719 21
11183148 38
11185532 23
11185647 89
11187610 89
11187782 39
11187910 66
11188063 41
11188128 38
11188182 39
11188243 38
11189779 89
11190101 88
11191945 89
11192052 0
11192196 1
11192337 3
11192413 4
11192530 5
11192570 6
11192888 7
11192996 8
11193036 9
11195229 10
11195407 11
11195467 39
11197786 40
11198315 41
11198431 48
11198498 55
11198542 38
11198596 39
11198651 91
11198914 21
11199279 38
11201750 23
11201866 89
11203826 89
11203998 39
11204126 66
11204281 41
11204347 38
11204400 39
11204462 38
11206269 89
11206354 88
11208196 89
11208303 0
11208303 1
11208588 3
11208663 4
11208780 5
11208821 6
11209139 7
11209247 8
11209286 9
11211480 10
11211658 11
11211717 39
11214036 40
11214566 41
11214682 48
11214749 55
11214793 38
11214793 39
11214902 91
11215164 21
11215594 38
11217977 23
11218093 89
11220056 89
11220228 39
11220356 66
11220511 41
11220576 38
11220630 39
11220691 38
11222463 89
11222548 88
11224393 89
11224499 0
11224644 1
11224785 3
11224860 4
11224977 5
11225017 6
11225335 7
11225444 8
11225483 9
11227677 10
11227855 11
11227914 39
11230236 40
11230765 41
11230881 48
11230948 55
11230992 38
11231046 39
11231101 91
11231364 21
11231729 38
11234200 23
11234316 89
11236276 89
11236448 39
11236576 66
11236730 41
11236795 38
11236849 39
11236910 38
11238721 89
11238807 88
11240649 89
11240755 0
11240900 1
11241041 3
11241116 4
11241233 5
11241273 6
11241591 7
11241700 8
11241739 9
11243933 10
11244111 11
11244170 39
11246489 40
11247019 41
11247135 48
11247202 55
11247246 38
11247299 39
11247355 91
11247617 21
11247983 38
11250453 23
11250569 89
11252532 89
11252704 39
11252832 66
11252987 41
11253052 38
11253106 39
11253167 38
11254912 89
11254997 88
11256841 89
11256948 0
11257093 1
11257234 3
11257309 4
11257426 5
11257466 6
11257784 7
11257892 8
11257932 9
11260125 10
11260304 11
11260363 39
11262682 40
11263212 41
11263327 48
11263395 55
11263438 38
11263492 39
11263548 91
11263810 21
11264239 38
11266623 23
11266738 89
11268698 89
11268870 39
11268998 66
11269153 41
11269218 38
11269272 39
11269333 38
11271171 89
11271257 88
11273098 89
11273205 0
11273350 1
11273491 3
11273566 4
11273683 5
11273723 6
11274041 7
11274149 8
11274189 9
11276382 10
11276561 11
11276620 39
11278941 40
11279474 41
11279590 48
11279657 55
11279701 38
11279755 39
11279810 91
11280072 21
11280502 38
11282885 23
11283001 89
11284964 89
11285136 39
11285264 66
11285418 41
11285483 38
11285537 39
11285598 38
11287402 89
11287488 88
11289332 89
11289439 0
11289584 1
11289725 3
11289800 4
11289917 5
11289957 6
11290275 7
11290383 8
11290423 9
11292616 10
11292795 11
11292854 39
11295173 40
11295703 41
11295818 48
11295886 55
11295929 38
11295983 39
11296039 91
11296301 21
11296730 38
11299115 23
11299229 89
11301189 89
11301361 39
11301489 66
11301644 41
11301709 38
11301763 39
11301824 38
11357916 1
11358094 4
11358138 42
11358416 50
11358483 57
11358527 6
11358573 55
11358616 38
11358669 39
11358797 66
11358951 41
11359011 38
11359065 39
11359121 91
11359263 89
11359349 88
11359541 21
11359970 38
11361183 89
11361354 0
11361464 3
11362583 23
11362699 89
11362944 39
11363011 1
11363189 4
11363306 5
11363346 6
11363563 7
11363729 8
11363768 9
0 0
11364657 89
11365069 39
11365854 10
11366033 11
11366101 66
11366255 41
11366321 38
11366374 39
11368693 40
11369222 41
11369333 48
11369400 55
11369444 38
11369498 39
11369553 91
11369816 21
11370181 38
11372652 23
11372768 89
11374731 89
11374903 39
11375031 66
11375186 41
11375251 38
11375305 39
11375366 89
11375495 88
0 0
11377330 89
11377437 0
11377581 1
11377722 3
11377797 4
11377914 5
11377955 6
11378273 7
11378381 8
11378420 9
11380614 10
11380792 11
11380851 39
11383170 40
11383700 41
11383816 48
11383883 55
11383927 38
11383981 39
11384036 91
11384298 21
11384728 38
11387111 23
11387227 89
11389187 89
11389359 39
11389487 66
11389642 41
11389707 38
11389761 39
11389822 38
11391690 89
11391776 88
11393618 89
11393725 0
11393869 1
11394010 3
11394085 4
11394202 5
11394243 6
11394561 7
11394669 8
11394708 9
11396902 10
11397080 11
11397139 39
11399461 40
11399993 41
11400108 48
11400176 55
11400219 38
11400273 39
11400329 91
11400591 21
11401020 38
11403406 23
11403406 89
11405482 89
11405654 39
11405782 66
11405935 41
11406000 38
11406054 39
11406115 38
11407915 89
11408001 88
11409845 89
11409952 0
11410096 1
11410237 3
11410313 4
11410430 5
11410470 6
11410788 7
11410896 8
11410936 9
11413129 10
11413307 11
11413367 39
11415686 40
11416215 41
11416331 48
11416398 55
11416442 38
11416496 39
11416551 91
11416814 21
11417179 38
11419650 23
11419766 89
11421726 89
11421898 39
11422026 66
11422181 41
11422246 38
11422300 39
11422361 38
11424106 89
11424191 88
11426033 89
11426140 0
11426284 1
11426425 3
11426500 4
11426617 5
11426658 6
11426976 7
11427084 8
11427123 9
11429317 10
11429495 11
11429554 39
11431873 40
11432403 41
11432519 48
11432586 55
11432630 38
11432684 39
11432739 91
11433001 21
11433431 38
11435814 23
11435930 89
11437893 89
11438065 39
11438193 66
11438348 41
11438413 38
11438467 39
11438528 38
11440369 89
11440455 88
11442299 89
11442406 0
11442550 1
11442691 3
11442766 4
11442883 5
11442924 6
11443242 7
11443350 8
11443389 9
11445583 10
11445761 11
11445820 39
11448142 40
11448672 41
11448787 48
11448855 55
11448898 38
11448952 39
11449008 91
11449270 21
11449699 38
11452083 23
11452198 89
11454158 89
11454330 39
11454458 66
11454612 41
11454677 38
11454731 39
11454792 38
11456587 89
11456673 88
11458514 89
11458621 0
11458765 1
11458906 3
11458982 4
11459099 5
11459139 6
11459457 7
11459565 8
11459605 9
11461798 10
11461976 11
11462036 39
11464355 40
11464884 41
11465000 48
11465067 55
11465111 38
11465165 39
11465220 91
11465483 21
11465848 38
11468319 23
11468435 89
11470398 89
11470570 39
11470698 66
11470853 41
11470918 38
11470972 39
11471033 38
11472814 89
11472900 88
11474744 89
11474851 0
11474995 1
11475136 3
11475212 4
11475329 5
11475369 6
11475687 7
11475795 8
11475835 9
11478028 10
11478206 11
11478266 39
11480585 40
11481114 41
11481230 48
11481297 55
11481341 38
11481395 39
11481450 91
11481713 21
11482078 38
11484549 23
11484665 89
11486625 89
11486797 39
11486925 66
11487080 41
11487145 38
11487199 39
11487260 38
11489038 89
11489123 88
11490965 89
11491072 0
11491216 1
11491357 3
11491432 4
11491549 5
11491590 6
11491908 7
11492016 8
11492055 9
11494249 10
11494427 11
11494486 39
11496808 40
11497341 41
11497456 48
11497524 55
11497567 38
11497621 39
11497677 91
11497939 21
11498368 38
11500752 23
11500867 89
11502830 89
11503002 39
11503130 66
11503284 41
11503349 38
11503403 39
11503464 38
11505261 89
11505347 88
11507191 89
11507298 0
11507442 1
11507583 3
11507659 4
11507776 5
11507816 6
11508134 7
11508242 8
11508282 9
11510475 10
11510653 11
11510713 39
11513032 40
11513561 41
11513677 48
11513744 55
11513788 38
11513842 39
11513897 91
11514160 21
11514525 38
11516996 23
11517112 89
11519072 89
11519244 39
11519372 66
11519527 41
11519592 38
11519646 39
11519707 38
11521485 89
11521571 88
11523412 89
11523519 0
11523664 1
11523805 3
11523880 4
11523997 5
11524037 6
11524355 7
11524463 8
11524503 9
11526696 10
11526875 11
11526934 39
11529253 40
11529783 41
11529898 48
11529966 55
11530009 38
11530063 39
11530119 91
11530381 21
11530810 38
11533194 23
11533309 89
11535272 89
11535444 39
11535572 66
11535727 41
11535792 38
11535846 39
11535907 38
11537715 89
11537801 88
11539645 89
11539752 0
11539896 1
11540037 3
11540112 4
11540229 5
11540270 6
11540588 7
11540696 8
11540696 9
11542929 10
11543107 11
11543166 39
11545488 40
11546018 41
11546133 48
11546201 55
11546244 38
11546298 39
11546354 91
11546616 21
11547045 38
11549426 23
11549544 89
11551504 89
11551676 39
11551804 66
11551958 41
11552023 38
11552077 39
11552138 38
11553932 89
11554018 88
11555859 89
11555966 0
11556110 1
11556251 3
11556327 4
11556444 5
11556484 6
11556802 7
11556910 8
11556950 9
11559143 10
11559321 11
11559381 39
11561700 40
11562229 41
11562345 48
11562412 55
11562456 38
11562510 39
11562565 91
11562828 21
11563193 38
11565664 23
11565780 89
11567743 89
11567915 39
11568043 66
11568198 41
11568263 38
11568317 39
11568378 38
11568506 39
11568717 38
11568771 39
11568991 38
11586381 89
11586467 88
11588308 89
11588415 0
11588560 1
11588701 3
11588776 4
11588893 5
11588933 6
11589251 7
11589359 8
11589399 9
11591592 10
11591771 11
11591830 39
11594151 40
11594683 41
11594799 48
11594866 55
11594910 38
11594964 39
11595019 91
11595281 21
11595711 38
11598094 23
11598210 89
11600173 89
11600345 39
11600473 66
11600626 41
11600691 38
11600745 39
11600806 38
11602605 89
11602691 88
11604535 89
11604642 0
11604786 1
11604927 3
11605003 4
11605120 5
11605160 6
11605478 7
11605586 8
11605626 9
11607819 10
11607997 11
11608057 39
11610376 40
11610905 41
11611021 48
11611088 55
11611132 38
11611186 39
11611241 91
11611504 21
11611869 38
11614340 23
11614456 89
11616416 89
11616588 39
11616716 66
11616871 41
11616936 38
11616990 39
11617051 38
11733392 38
11733832 39
11734339 91
11734759 10
11734926 11
11735173 21
11735539 38
11735976 39
11737623 23
11737751 89
11739698 89
11740230 40
11740759 41
11740875 48
11741028 1
11741206 4
11741251 42
11741528 50
11741596 57
11741639 6
11741685 55
11741729 38
11741781 39
11741909 66
11742063 41
11742124 38
11742177 39
11742233 91
11742495 21
11742861 38
11745331 23
11745447 89
11747407 89
11747579 39
11747707 66
11747860 41
11747926 38
11747980 39
11748041 38
11755882 89
11755968 88
11757809 89
11757916 0
11758060 1
11758201 3
11758277 4
11758394 5
11758434 6
11758752 7
11758860 8
11758900 9
11761093 10
11761271 11
11761331 39
11763650 40
11764179 41
11764295 48
11764362 55
11764406 38
11764460 39
11764515 91
11764778 21
11765143 38
11767614 23
11767730 89
11769693 89
11769865 39
11769993 66
11770147 41
11770213 38
11770267 39
11770328 38
11772294 89
11772379 88
11774223 89
11774330 0
11774474 1
11774615 3
11774691 4
11774808 5
11774848 6
11775166 7
11775274 8
11775314 9
11777507 10
11777685 11
11777745 39
11780064 40
11780593 41
11780709 48
11780776 55
11780820 38
11780874 39
11780929 91
11781192 21
11781557 38
11784028 23
11784144 89
11786104 89
11786276 39
11786404 66
11786558 41
11786624 38
11786678 39
11786739 38
11804735 89
11804821 88
11806664 89
11806771 0
11806916 1
11807057 3
11807132 4
11807249 5
11807289 6
11807607 7
11807715 8
11807755 9
11809948 10
11810127 11
11810186 39
11812505 40
11813035 41
11813150 48
11813218 55
11813261 38
11813315 39
11813371 91
11813633 21
11814062 38
11816446 23
11816561 89
11818521 89
11818693 39
11818821 66
11818975 41
11819041 38
11819095 39
11819156 38
11820953 89
11821039 88
11822880 89
11822988 0
11823133 1
11823274 3
11823349 4
11823466 5
11823506 6
11823824 7
11823933 8
11823972 9
11826166 10
11826344 11
11826403 39
11828722 40
11829252 41
11829368 48
11829435 55
11829479 38
11829532 39
11829588 91
11829850 21
11830216 38
11832688 23
11832802 89
11834765 89
11834937 39
11835065 66
11835219 41
11835285 38
11835339 39
11835400 38
11837178 89
11837264 88
11839108 89
11839214 0
11839359 1
11839500 3
11839575 4
11839692 5
11839732 6
11840050 7
11840159 8
11840198 9
11842392 10
11842570 11
11842629 39
11844951 40
11845480 41
11845596 48
11845663 55
11845707 38
11845761 39
11845816 91
11846079 21
11846444 38
11848915 23
11849031 89
11850991 89
11851163 39
11851291 66
11851445 41
11851510 38
11851564 39
11851625 38
11869623 89
11869708 88
11871552 89
11871661 0
11871805 1
11871946 3
11872022 4
11872139 5
11872179 6
11872497 7
11872605 8
11872645 9
11874838 10
11875016 11
11875076 39
11877395 40
11877924 41
11878040 48
11878107 55
11878151 38
11878205 39
11878260 91
11878523 21
11878888 38
11881359 23
11881475 89
11883435 89
11883607 39
11883735 66
11883890 41
11883955 38
11884009 39
11884070 38
11885845 89
11885930 88
11887772 89
11887880 0
11888025 1
11888166 3
11888241 4
11888358 5
11888398 6
11888716 7
11888825 8
11888864 9
11891058 10
11891236 11
11891295 39
11893617 40
11894148 41
11894264 48
11894331 55
11894375 38
11894429 39
11894484 91
11894747 21
11895112 38
11897583 23
11897699 89
11899662 89
11899834 39
11899962 66
11900114 41
11900180 38
11900234 39
11900295 38
11902069 89
11902155 88
11903947 89
11904107 0
11904252 1
11904393 3
11904468 4
11904585 5
11904625 6
11904943 7
11905051 8
11905091 9
11907284 10
11907463 11
11907522 39
11909841 40
11910371 41
11910486 48
11910554 55
11910597 38
11910651 39
11910707 91
11910969 21
11911398 38
11913782 23
11913897 89
11915857 89
11916029 39
11916157 66
11916312 41
11916377 38
11916431 39
11916492 38
11934513 89
11934599 88
11936443 89
11936550 0
11936695 1
11936836 3
11936911 4
11937028 5
11937068 6
11937386 7
11937494 8
11937534 9
11939727 10
11939906 11
11939965 39
11942286 40
11942816 41
11942932 48
11942999 55
11943043 38
11943097 39
11943152 91
11943414 21
11943844 38
11946227 23
11946343 89
11948303 89
11948475 39
11948603 66
11948757 41
11948822 38
11948876 39
11948937 38
11950739 89
11950825 88
11952667 89
11952773 0
11952918 1
11953059 3
11953134 4
11953251 5
11953291 6
11953609 7
11953718 8
11953757 9
11955951 10
11956129 11
11956188 39
11958507 40
11959037 41
11959153 48
11959220 55
11959264 38
11959317 39
11959373 91
11959635 21
11960001 38
11962473 23
11962587 89
11964550 89
11964722 39
11964850 66
11965004 41
11965070 38
11965124 39
11965185 38
11966926 89
11967012 88
11968856 89
11968962 0
11969107 1
11969248 3
11969323 4
11969440 5
11969480 6
11969798 7
11969907 8
11969946 9
11972140 10
11972318 11
11972377 39
11974696 40
11975226 41
11975342 48
11975409 55
11975453 38
11975506 39
11975562 91
11975824 21
11976190 38
11978662 23
11978776 89
11980736 89
11980908 39
11981036 66
11981191 41
11981256 38
11981310 39
11981371 38
11983148 89
11983234 88
11985076 89
11985182 0
11985327 1
11985468 3
11985543 4
11985660 5
11985700 6
11986018 7
11986127 8
11986166 9
11988360 10
11988538 11
11988597 39
11990919 40
11991451 41
11991567 48
11991634 55
11991678 38
11991732 39
11991787 91
11992050 21
11992415 38
11994882 23
11994996 89
11996959 89
11997131 39
11997259 66
11997412 41
11997478 38
11997532 39
11997593 38
11999408 89
11999494 88
12001338 89
12001446 0
12001591 1
12001732 3
12001807 4
12001924 5
12001964 6
12002282 7
12002391 8
12002430 9
12004624 10
12004802 11
12004861 39
12007180 40
12007710 41
12007826 48
12007893 55
12007937 38
12007990 39
12008046 91
12008308 21
12008674 38
12011144 23
12011260 89
12013220 89
12013392 39
12013520 66
12013675 41
12013740 38
12013794 39
12013855 38
12134411 89
12136351 89
12136626 89
12136712 88
12137081 40
12137611 41
12137611 48
12137880 1
12138058 4
12138178 5
12138218 6
12138433 7
12138599 8
12138639 9
12139090 38
12139530 39
12140463 10
12140606 52
12140759 1
12140903 59
12140987 4
12141125 45
12141164 50
12141317 1
12141461 57
12141501 5
12141541 6
12141621 4
12141759 45
12141799 50
12141952 1
12142096 57
12142136 5
12142176 6
12142256 4
12142394 45
12142433 50
12142586 1
12142730 57
12142770 5
12142810 6
12142890 4
12143028 45
12143068 50
12143221 1
12143365 57
12143405 5
12143445 6
12143525 4
12143663 45
12143702 50
12143855 1
12143999 57
12144039 5
12144079 6
12144159 4
12144297 45
12144337 50
12144490 1
12144634 57
12144674 5
12144714 6
12144794 4
12144932 45
12144971 50
12145124 1
12145268 57
12145308 5
12145348 6
12145428 4
12145566 45
12145606 50
12145759 1
12145903 57
12145943 5
12145983 6
12146063 4
12146201 45
12146240 50
12146393 1
12146537 57
12146577 5
12146617 6
12146697 4
12146835 45
12146875 50
12147028 1
12147172 57
12147212 5
12147252 6
12147332 4
12147376 42
12147654 50
12147721 57
12147764 6
12147828 89
12147914 88
12148007 66
12148161 41
12148221 38
12148275 39
12148331 91
12148593 21
12149022 38
12151406 23
12151521 89
12153480 89
12153652 39
12153780 66
12153934 41
12154000 38
12154053 39
12154115 38
12168858 89
12168943 88
12170785 89
12170891 0
12171036 1
12171177 3
12171252 4
12171369 5
12171409 6
12171727 7
12171836 8
12171875 9
12174069 10
12174247 11
12174306 39
12176625 40
12177155 41
12177271 48
12177338 55
12177382 38
12177435 39
12177491 91
12177753 21
12178119 38
12180589 23
12180705 89
12182667 89
12182839 39
12182967 66
12183122 41
12183188 38
12183241 39
12183303 38
12185299 89
12185385 88
12187228 89
12187335 0
12187480 1
12187621 3
12187696 4
12187813 5
12187853 6
12188171 7
12188279 8
12188319 9
12190507 10
12190685 11
12190744 39
12193063 40
12193593 41
12193709 48
12193776 55
12193820 38
12193874 39
12193929 91
12194191 21
12194621 38
12197004 23
12197120 89
12199080 89
12199252 39
12199380 66
12199534 41
12199600 38
12199654 39
12199715 38
12217743 89
12217829 88
12219672 89
12219779 0
12219924 1
12220065 3
12220140 4
12220257 5
12220297 6
12220615 7
12220723 8
12220763 9
12222956 10
12223135 11
12223194 39
12225513 40
12226043 41
12226158 48
12226226 55
12226269 38
12226323 39
12226379 91
12226641 21
12227070 38
12229454 23
12229569 89
12231528 89
12231702 39
12231830 66
12231985 41
12232050 38
12232104 39
12232165 38
12233926 89
12234011 88
12235852 89
12235959 0
12236104 1
12236245 3
12236320 4
12236437 5
12236477 6
12236795 7
12236903 8
12236943 9
12239136 10
12239315 11
12239374 39
12241693 40
12242223 41
12242338 48
12242406 55
12242449 38
12242503 39
12242559 91
12242821 21
12243250 38
12245635 23
12245749 89
12247711 89
12247883 39
12248011 66
12248166 41
12248232 38
12248285 39
12248347 38
12250185 89
12250270 88
12252114 89
12252221 0
12252365 1
12252506 3
12252581 4
12252698 5
12252739 6
12253057 7
12253165 8
12253204 9
12255392 10
12255571 11
12255630 39
12257951 40
12258481 41
12258597 48
12258664 55
12258708 38
12258762 39
12258817 91
12259079 21
12259509 38
12261892 23
12262008 89
12263968 89
12264140 39
12264268 66
12264421 41
12264487 38
12264541 39
12264602 38
12266422 89
12266508 88
12268349 89
12268456 0
12268600 1
12268741 3
12268816 4
12268933 5
12268974 6
12269292 7
12269400 8
12269439 9
12271633 10
12271811 11
12271870 39
12274189 40
12274719 41
12274835 48
12274902 55
12274946 38
12275000 39
12275055 91
12275317 21
12275747 38
12278130 23
12278246 89
12280208 89
12280380 39
12280508 66
12280663 41
12280729 38
12280782 39
12280844 38
12282622 89
12282707 88
12284551 89
12284658 0
12284802 1
12284943 3
12285019 4
12285136 5
12285176 6
12285494 7
12285602 8
12285642 9
12287835 10
12288013 11
12288073 39
12290392 40
12290921 41
12291037 48
12291104 55
12291148 38
12291202 39
12291257 91
12291520 21
12291885 38
12294356 23
12294472 89
12296431 89
12296603 39
12296731 66
12296886 41
12296952 38
12297005 39
12297067 38
12298809 89
12298895 88
12300736 89
12300843 0
12300987 1
12301128 3
12301204 4
12301321 5
12301361 6
12301679 7
12301787 8
12301827 9
12304020 10
12304198 11
12304258 39
12306579 40
12307112 41
12307228 48
12307295 55
12307339 38
12307392 39
12307448 91
12307710 21
12308076 38
12310546 23
12310662 89
12312624 89
12312796 39
12312924 66
12313078 41
12313144 38
12313197 39
12313259 38
12331299 89
12331385 88
12333226 89
12333333 0
12333477 1
12333618 3
12333694 4
12333811 5
12333851 6
12334169 7
12334277 8
12334317 9
12336510 10
12336688 11
12336748 39
12339067 40
12339596 41
12339712 48
12339779 55
12339823 38
12339877 39
12339932 91
12340195 21
12340560 38
12343031 23
12343147 89
12345109 89
12345281 39
12345409 66
12345564 41
12345629 38
12345683 39
12345744 38
12347472 89
12347557 88
12349401 89
12349508 0
12349652 1
12349793 3
12349869 4
12349986 5
12350026 6
12350344 7
12350452 8
12350492 9
12352685 10
12352863 11
12352923 39
12355244 40
12355774 41
12355890 48
12355957 55
12356001 38
12356054 39
12356110 91
12356372 21
12356738 38
12359208 23
12359324 89
12361284 89
12361456 39
12361584 66
12361737 41
12361803 38
12361857 39
12361918 38
12363691 89
12363777 88
12365618 89
12365724 0
12365869 1
12366010 3
12366085 4
12366202 5
12366242 6
12366560 7
12366669 8
12366708 9
12368902 10
12369080 11
12369139 39
12371458 40
12371988 41
12372104 48
12372171 55
12372215 38
12372268 39
12372324 91
12372586 21
12372952 38
12375422 23
12375538 89
12377500 89
12377672 39
12377800 66
12377955 41
12378021 38
12378074 39
12378136 38
12502690 40
12503221 41
12503332 48
12503485 1
12503663 4
12503783 5
12503823 6
12504038 7
12504204 8
12504244 9
0 0
12504695 38
12505136 39
12505643 91
12506064 10
12506231 11
12506477 21
12506906 38
12507344 39
12508922 23
12509055 89
12510997 89
12511531 40
12512060 41
12512176 48
12512328 1
12512506 4
12512551 42
12512829 50
12512896 57
12512939 6
12512985 55
12513029 38
12513082 39
12513210 66
12513363 41
12513424 38
12513478 39
12513533 91
12513795 21
12514225 38
12516608 23
12516724 89
12518683 89
12518855 39
12518983 66
12519138 41
12519203 38
12519257 39
12519318 38
12533092 89
12533178 88
12535019 89
12535126 0
12535270 1
12535411 3
12535487 4
12535604 5
12535644 6
12535962 7
12536070 8
12536110 9
12538303 10
12538481 11
12538541 39
12540860 40
12541389 41
12541505 48
12541572 55
12541616 38
12541670 39
12541725 91
12541988 21
12542353 38
12544824 23
12544940 89
12546902 89
12547074 39
12547202 66
12547357 41
12547422 38
12547476 39
12547537 38
12549502 89
12549588 88
12551432 89
12551538 0
12551683 1
12551824 3
12551899 4
12552016 5
12552056 6
12552374 7
12552483 8
12552522 9
12554716 10
12554894 11
12554953 39
12557275 40
12557804 41
12557920 48
12557987 55
12558031 38
12558085 39
12558140 91
12558403 21
12558768 38
12561239 23
12561355 89
12563314 89
12563486 39
12563614 66
12563768 41
12563834 38
12563887 39
12563949 38
12581928 89
12582013 88
12583857 89
12583964 0
12584108 1
12584249 3
12584324 4
12584441 5
12584482 6
12584800 7
12584908 8
12584947 9
12587141 10
12587319 11
12587378 39
12589697 40
12590227 41
12590343 48
12590410 55
12590454 38
12590508 39
12590563 91
12590825 21
12591255 38
12593638 23
12593754 89
12595713 89
12595885 39
12596013 66
12596168 41
12596234 38
12596287 39
12596349 38
12614347 89
12614433 88
12616277 89
12616383 0
12616528 1
12616669 3
12616744 4
12616861 5
12616901 6
12617219 7
12617328 8
12617367 9
12619561 10
12619739 11
12619798 39
12622117 40
12622647 41
12622763 48
12622830 55
12622874 38
12622927 39
12622983 91
12623245 21
12623611 38
12626081 23
12626197 89
12628157 89
12628329 39
12628457 66
12628611 41
12628677 38
12628731 39
12628792 38
12630600 89
12630686 88
12632527 89
12632634 0
12632778 1
12632919 3
12632995 4
12633112 5
12633152 6
12633470 7
12633578 8
12633618 9
12635811 10
12635989 11
12636049 39
12638368 40
12638897 41
12639013 48
12639080 55
12639124 38
12639178 39
12639233 91
12639496 21
12639861 38
12642332 23
12642448 89
12644410 89
12644582 39
12644710 66
12644865 41
12644931 38
12644984 39
12645046 38
12646805 89
12646891 88
12648735 89
12648841 0
12648986 1
12649127 3
12649202 4
12649319 5
12649359 6
12649677 7
12649786 8
12649825 9
12652019 10
12652197 11
12652256 39
12654578 40
12655107 41
12655223 48
12655290 55
12655334 38
12655388 39
12655443 91
12655706 21
12656071 38
12658542 23
12658658 89
12660617 89
12660789 39
12660917 66
12661071 41
12661137 38
12661190 39
12661252 38
12662788 89
12663124 88
12664965 89
12665072 0
12665216 1
12665357 3
12665433 4
12665550 5
12665590 6
12665908 7
12666016 8
12666056 9
12668249 10
12668427 11
12668487 39
12670806 40
12671335 41
12671451 48
12671518 55
12671562 38
12671616 39
12671671 91
12671934 21
12672299 38
12674770 23
12674886 89
12676848 89
12677020 39
12677148 66
12677303 41
12677368 38
12677422 39
12677483 38
12679261 89
12679347 88
12681190 89
12681297 0
12681442 1
12681583 3
12681658 4
12681775 5
12681815 6
12682133 7
12682241 8
12682281 9
12684474 10
12684653 11
12684712 39
12687031 40
12687561 41
12687676 48
12687744 55
12687787 38
12687841 39
12687897 91
12688159 21
12688588 38
12690972 23
12691087 89
12693046 89
12693218 39
12693346 66
12693501 41
12693567 38
12693620 39
12693682 38
12695476 89
12695562 88
12697403 89
12697509 0
12697654 1
12697795 3
12697870 4
12697987 5
12698027 6
12698345 7
12698454 8
12698493 9
12700687 10
12700865 11
12700924 39
12703246 40
12703777 41
12703893 48
12703960 55
12704004 38
12704058 39
12704113 91
12704376 21
12704741 38
12707212 23
12707328 89
12709290 89
12709462 39
12709590 66
12709743 41
12709808 38
12709862 39
12709923 38
12711680 89
12711766 88
12713609 89
12713716 0
12713604 1
12714004 3
12714081 4
12714199 5
12714240 6
12714551 7
12714660 8
12714699 9
12716893 10
12717071 11
12717130 39
12719449 40
12719979 41
12720095 48
12720162 55
12720206 38
12720259 39
12720315 91
12720577 21
12720943 38
12723413 23
12723529 89
12725488 89
12725660 39
12725788 66
12725943 41
12726008 38
12726062 39
12726123 38
12727913 89
12727999 88
12729840 89
12729947 0
12730091 1
12730232 3
12730307 4
12730424 5
12730465 6
12730783 7
12730891 8
12730930 9
12733124 10
12733302 11
12733361 39
12735680 40
12736210 41
12736326 48
12736393 55
12736437 38
12736491 39
12736546 91
12736808 21
12737238 38
12739621 23
12739737 89
12741699 89
12741871 39
12741999 66
12742154 41
12742219 38
12742273 39
12742334 38
12744134 89
12744220 88
12746063 89
12746170 0
12746314 1
12746455 3
12746531 4
12746648 5
12746688 6
12747006 7
12747114 8
12747154 9
12749347 10
12749525 11
12749585 39
12751906 40
12752436 41
12752552 48
12752619 55
12752663 38
12752716 39
12752772 91
12753034 21
12753400 38
12755870 23
12755986 89
12757945 89
12758117 39
12758245 66
12758399 41
12758464 38
12758518 39
12758579 38
12760351 89
12760436 88
12762277 89
12762384 0
12762529 1
12762670 3
12762745 4
12762862 5
12762902 6
12763220 7
12763328 8
12763368 9
12765561 10
12765740 11
12765799 39
12768118 40
12768648 41
12768763 48
12768831 55
12768874 38
12768928 39
12768984 91
12769246 21
12769675 38
12772059 23
12772174 89
12774136 89
12774308 39
12774436 66
12774591 41
12774656 38
12774710 39
12774771 38
12776557 89
12776644 88
12778486 89
12778593 0
12778737 1
12778878 3
12778954 4
12779071 5
12779111 6
12779173 7
12779540 8
12779581 9
12781767 10
12781945 11
12782005 39
12784324 40
12784853 41
12784969 48
12785036 55
12785080 38
12785134 39
12785189 91
12785452 21
12785817 38
12788288 23
12788404 89
12790363 89
12790535 39
12790663 66
12790818 41
12790883 38
12790937 39
12790998 38
12914984 1
12915162 4
12915206 42
12915484 50
12915551 57
12915594 6
12915640 55
12915684 38
12915737 39
12915865 66
12916020 41
12916080 38
12916134 39
12916189 91
12916452 21
12916817 38
12919288 23
12919404 89
12921363 89
12921535 39
12921663 66
12921818 41
12921883 38
12921937 39
12921998 38
12929524 89
12929609 88
12931450 89
12931559 0
12931703 1
12931844 3
12931919 4
12932036 5
12932077 6
12932395 7
12932503 8
12932542 9
12934736 10
12934914 11
12934973 39
12937292 40
12937822 41
12937938 48
12938005 55
12938049 38
12938103 39
12938158 91
12938420 21
12938850 38
12941233 23
12941349 89
12943311 89
12943483 39
12943611 66
12943766 41
12943831 38
12943885 39
12943946 38
12945924 89
12946010 88
12947853 89
12947960 0
12948105 1
12948246 3
12948321 4
12948438 5
12948478 6
12948796 7
12948904 8
12948944 9
12951137 10
12951316 11
12951375 39
12953696 40
12954226 41
12954342 48
12954409 55
12954453 38
12954507 39
12954562 91
12954824 21
12955254 38
12957637 23
12957753 89
12959712 89
12959884 39
12960012 66
12960166 41
12960231 38
12960285 39
12960346 38
12962146 89
12962231 88
12964072 89
12964179 0
12964323 1
12964464 3
12964540 4
12964657 5
12964697 6
12965015 7
12965123 8
12965163 9
12967356 10
12967534 11
12967594 39
12969913 40
12970442 41
12970558 48
12970625 55
12970669 38
12970723 39
12970778 91
12971041 21
12971406 38
12973877 23
12973993 89
12973907 89
12976130 39
12976274 66
12976429 41
12976495 38
12976548 39
12976610 38
12978365 89
12978451 88
12980294 89
12980401 0
12980546 1
12980687 3
12980762 4
12980879 5
12980919 6
12981237 7
12981345 8
12981385 9
12983578 10
12983757 11
12983816 39
12986135 40
12986665 41
12986780 48
12986848 55
12986891 38
12986945 39
12987001 91
12987263 21
12987692 38
12990076 23
12990191 89
12992150 89
12992322 39
12992450 66
12992605 41
12992670 38
12992724 39
12992785 38
12994584 89
12994670 88
12996511 89
12996619 0
12996764 1
12996905 3
12996980 4
12997097 5
12997137 6
12997455 7
12997563 8
12997603 9
12999796 10
12999975 11
13000034 39
13002355 40
13002887 41
13003003 48
13003070 55
13003114 38
13003168 39
13003223 91
13003485 21
13003915 38
13006298 23
13006414 89
13008376 89
13008548 39
13008676 66
13008829 41
13008894 38
13008948 39
13009009 38
13010800 89
13010886 88
13012729 89
13012836 0
13012980 1
13013121 3
13013196 4
13013313 5
13013354 6
13013672 7
13013780 8
13013819 9
13016013 10
13016191 11
13016250 39
13018569 40
13019099 41
13019215 48
13019282 55
13019326 38
13019380 39
13019435 91
13019697 21
13020127 38
13022510 23
13022626 89
13024585 89
13024757 39
13024885 66
13025040 41
13025105 38
13025159 39
13025220 38
13026982 89
13027069 88
13028908 89
13029015 0
13029159 1
13029300 3
13029376 4
13029493 5
13029533 6
13029851 7
13029959 8
13029999 9
13032192 10
13032370 11
13032430 39
13034749 40
13035278 41
13035394 48
13035461 55
13035505 38
13035559 39
13035614 91
13035877 21
13036242 38
13038713 23
13038829 89
13040791 89
13040963 39
13041091 66
13041246 41
13041311 38
13041365 39
13041170 38
13043236 89
13043321 88
13045165 89
13045271 0
13045416 1
13045557 3
13045632 4
13045749 5
13045789 6
13046107 7
13046216 8
13046255 9
13048449 10
13048627 11
13048686 39
13051008 40
13051537 41
13051653 48
13051720 55
13051764 38
13051818 39
13051873 91
13052136 21
13052501 38
13054972 23
13055088 89
13057047 89
13057219 39
13057347 66
13057501 41
13057566 38
13057620 39
13057681 38
13059450 89
13059537 88
13061376 89
13061483 0
13061628 1
13061769 3
13061844 4
13061961 5
13062001 6
13062319 7
13062427 8
13062467 9
13064660 10
13064839 11
13064898 39
13067217 40
13067747 41
13067862 48
13067930 55
13067973 38
13068027 39
13068083 91
13068345 21
13068774 38
13071158 23
13071273 89
13073235 89
13073235 39
13073535 66
13073690 41
13073755 38
13073809 39
13073870 38
13075671 89
13075757 88
13077600 89
13077707 0
13077851 1
13077992 3
13078068 4
13078185 5
13078225 6
13078543 7
13078651 8
13078691 9
13080884 10
13081062 11
13081122 39
13083441 40
13083970 41
13084086 48
13084153 55
13084197 38
13084251 39
13084306 91
13084569 21
13084934 38
13087405 23
13087521 89
13089480 89
13089652 39
13089780 66
13089935 41
13090000 38
13090054 39
13090115 38
13091891 89
13091977 88
13093817 89
13093926 0
13094070 1
13094211 3
13094287 4
13094404 5
13094444 6
13094762 7
13094870 8
13094910 9
13097103 10
13097281 11
13097341 39
13099662 40
13100195 41
13100311 48
13100378 55
13100422 38
13100475 39
13100531 91
13100793 21
13101159 38
13103629 23
13103745 89
13105707 89
13105879 39
13106007 66
13106161 41
13106226 38
13106280 39
13106341 38
13108071 89
13108157 88
13110000 89
13110107 0
13110251 1
13110392 3
13110468 4
13110585 5
13110625 6
13110943 7
13111051 8
13111091 9
13113284 10
13113462 11
13113522 39
13115841 40
13116370 41
13116486 48
13116553 55
13116597 38
13116651 39
13116706 91
13116969 21
13117334 38
13119807 23
13119921 89
13121880 89
13122052 39
13122180 66
13122335 41
13122400 38
13122454 39
13122515 38
13124322 89
13124408 88
13126249 89
13126356 0
13126500 1
13126641 3
13126716 4
13126833 5
13126874 6
13127192 7
13127300 8
13127339 9
13129533 10
13129711 11
13129770 39
13132089 40
13132619 41
13132735 48
13132802 55
13132846 38
13132900 39
13132955 91
13133217 21
13133647 38
13136030 23
13136146 89
13138108 89
13138280 39
13138408 66
13138563 41
13138628 38
13138682 39
13138743 38
13140543 89
13140628 88
13142472 89
13142578 0
13142723 1
13142864 3
13142939 4
13143056 5
13143096 6
13143414 7
13143523 8
13143562 9
13145756 10
13145934 11
13145993 39
13148315 40
13148844 41
13148960 48
13149027 55
13149071 38
13149125 39
13149180 91
13149443 21
13149808 38
13152281 23
13152395 89
13154354 89
13154526 39
13154654 66
13154808 41
13154873 38
13154927 39
13154988 38
13156757 89
13156844 88
13158683 89
13158790 0
13158935 1
13159076 3
13159151 4
13159268 5
13159308 6
13159626 7
13159734 8
13159774 9
13161967 10
13162146 11
13162205 39
13164524 40
13165054 41
13165169 48
13165237 55
13165280 38
13165334 39
13165390 91
13165652 21
13166081 38
13168465 23
13168580 89
13170542 89
13170714 39
13170842 66
13170997 41
13171062 38
13171116 39
13171177 38
13172977 89
13173063 88
13174906 89
13175013 0
13175157 1
13175298 3
13175373 4
13175490 5
13175531 6
13175849 7
13175957 8
13175996 9
13178190 10
13178368 11
13178427 39
13180746 40
13181276 41
0 48
