518268936 1
518279945 1
518297187 1
518307428 1
518317154 1
527617635 1
527669081 1
527692376 1
527720803 1
527731556 1
527762531 1
527772772 1
527797760 1
527808771 1
527824739 1
527835236 1
527865955 1
527876452 1
527909219 1
527919460 1
527952227 1
527962724 1
527995491 1
528005732 1
528038499 1
528048996 1
528081763 1
528092004 1
528124771 1
528135268 1
528168035 1
528178276 1
528211043 1
528221540 1
528254307 1
528264548 1
528297315 1
528307812 1
528340579 1
534134372 1
534167139 1
534177380 1
534210147 1
534220388 1
534253155 1
534263396 1
534296163 1
534306404 1
534339171 1
534349412 1
534382179 1
18864982 1
18865022 100
18865150 99
18865190 100
18865318 99
18865358 100
18865486 99
18865526 100
18865654 99
18865694 100
18865822 99
18865862 100
18865990 99
18866030 100
18866158 99
18866198 100
18866326 99
18866366 100
18866494 99
18866534 100
18866662 99
18866702 100
18866830 99
18866870 100
18866998 99
18867038 100
18867166 99
18867206 100
18867334 99
18867374 100
18867502 99
18867542 100
18867670 99
18867710 100
18867838 99
18867878 100
18868006 99
18868046 100
18868174 99
18868214 100
18868342 99
18868382 100
18868510 99
18868550 100
18868678 99
18868718 100
18868846 99
18868886 100
18869014 99
18869054 100
18869182 99
18869222 100
18869350 99
18869390 100
18869518 99
18869558 100
18869686 99
18869726 100
18869854 99
18869894 100
18870022 99
18870062 100
18870190 99
18870230 100
18870358 99
18870398 100
18870526 99
18870566 100
18870694 99
18870734 100
18870862 99
18870902 100
18871030 99
18871070 100
18871198 99
18871238 100
18871366 99
18871406 100
18871534 99
18871574 100
18872001 23
18872118 89
18872368 39
18872440 1
18872561 99
18872602 100
18872702 4
18872750 42
18873032 50
18873103 57
18873150 6
18873202 38
18876047 89
18876223 39
18876355 66
18876514 41
18876583 38
18876641 39
18876706 38
18896029 89
18896119 88
18899926 89
18900037 0
18900185 1
18900307 99
18900347 100
18900411 3
18900490 4
18900564 99
18900604 100
18900692 5
18900736 6
18900803 99
18900843 100
18900971 99
18901012 100
18901140 99
18901180 100
18901299 7
18901367 99
18901407 100
18901492 8
18901536 9
18901603 99
18901643 100
18901771 99
18901811 100
18901940 99
18901980 100
18902108 99
18902148 100
18902277 99
18902317 100
18902445 99
18902485 100
18902614 99
18902654 100
18902782 99
18902822 100
18902951 99
18902991 100
18903119 99
18903159 100
18903288 99
18903328 100
18903456 99
18903496 100
18903625 99
18903665 100
18903793 99
18903833 100
18903962 99
18904002 100
18904130 99
18904170 100
18904299 99
18904339 100
18904467 99
18904507 100
18904636 99
18904676 100
18904804 99
18904844 100
18904973 99
18905013 100
18905141 99
18905181 100
18905310 99
18905350 100
18905478 99
18905518 100
18905647 99
18905687 100
18905815 99
18905815 100
18905984 99
18906024 100
18906152 99
18906192 100
18906321 99
18906361 100
18906489 99
18906529 100
18906658 99
18906698 100
18906826 99
18906866 100
18906995 99
18907035 100
18907163 99
18907203 100
18907332 99
18907372 100
18907500 99
18907540 100
18907669 99
18907709 100
18907837 99
18907877 100
18908006 99
18908046 100
18908174 99
18908214 100
18908343 99
18908383 100
18908511 99
18908551 100
18908680 99
18908720 100
18908848 99
18908888 100
18909017 99
18909057 100
18909185 99
18909225 100
18909354 99
18909394 100
18909522 99
18909562 100
18909691 99
18909731 100
18909859 99
18909899 100
18910028 99
18910068 100
18910196 99
18910236 100
18910365 99
18910405 100
18910533 99
18910573 100
18910695 10
18910878 11
18910941 39
18911871 110
18912151 111
18912786 49
18912844 50
18912888 51
18913082 52
18913589 100
18913763 101
18913814 53
18913857 54
18913898 40
18913965 49
18914027 50
18914070 51
18914264 52
18914566 53
18914609 54
18914675 41
18914794 48
18914866 55
18914913 38
18914971 39
18915031 91
18915297 21
18915414 99
18915454 100
18915564 99
18915605 100
18915715 99
18915756 100
18916133 38
18915907 100
18916018 99
18916058 100
18916175 99
18916215 100
18916326 99
18916476 99
18916517 100
18916650 99
18916690 100
18916818 99
18916858 100
18916986 99
18917026 100
18917154 99
18917194 100
18917322 99
18917362 100
18917490 99
18917530 100
18917658 99
18917698 100
18917826 99
18917866 100
18917994 99
18918034 100
18918162 99
18918202 100
18918330 99
18918370 100
18918498 99
18918538 100
18918666 99
18918706 100
18918834 99
18918874 100
18919002 99
18919042 100
18919170 99
18919207 98
18955955 99
18955996 100
18956152 89
18956248 88
18956384 99
18956426 100
18956547 99
18956587 100
18956686 0
18956800 3
18956861 99
18956901 100
18957021 99
18957062 100
18957179 99
18957220 100
18957597 39
18957371 100
18957481 99
18957522 100
18957640 99
18957680 100
18957791 99
18957941 99
18957982 100
18958093 99
18958133 100
18958244 99
18958284 100
18958415 99
18958455 100
18958565 99
18958606 100
18958716 99
18958757 100
18958867 99
18958908 100
18959018 99
18959059 100
18959169 99
18959210 100
18959320 99
18959361 100
18959471 99
18959512 100
18959622 99
18959663 100
18959773 99
18959814 100
18959925 99
18959965 100
18960075 99
18960116 100
18960227 99
18960267 100
18960378 99
18960418 100
18960530 99
18960570 100
18960681 99
18960721 100
18960832 99
18960872 100
18960994 99
18961034 100
18961145 99
18961185 100
18961296 99
18961336 100
18961446 99
18961487 100
18961714 99
18961638 100
18962055 23
0 0
18962137 89
0 0
18962615 38
18962673 39
18962745 1
18962866 99
18962906 100
18963007 4
18963081 99
18963121 100
18963209 5
18963253 6
18963320 99
18963360 100
18963471 99
18963512 100
18964179 99
18963663 100
18963763 7
18963830 99
18963870 100
18963955 8
18963999 9
18964066 99
18964106 100
18964106 99
18964263 100
18964374 99
18964525 99
18964566 100
18964699 99
18964739 100
18964867 99
18964907 100
18965036 99
18965076 100
18965204 99
18965244 100
18965373 99
18965413 100
18965541 99
18965581 100
18965710 99
18965750 100
18965878 99
18965918 100
18966047 99
18966087 100
18966193 89
18966354 99
18966394 100
18966512 99
18966552 100
18966663 99
18966703 100
18966930 99
18966855 100
18966974 99
18967014 100
18967126 99
18967277 99
18967318 100
18967428 99
18967469 100
18967579 99
18967619 100
18967730 99
18967770 100
18967887 99
18967927 100
18968038 99
18968079 100
18968190 99
18968230 100
18968344 99
18968384 100
18968495 99
18968536 100
18968651 99
18968691 100
18968803 99
18968843 100
18968960 99
18969000 100
18969112 99
18969152 100
18969382 99
18969304 100
18969426 99
18969466 100
18969578 99
18969729 99
18969770 100
18969880 99
18969920 100
18970032 99
18970072 100
18970183 99
18970223 100
18970334 99
18970375 100
18970485 99
18970526 100
18970636 99
18970676 100
18970787 99
18970827 100
18970938 99
18970978 100
18971090 99
18971130 100
18971241 99
18971281 100
18971392 99
18971433 100
18971543 99
18971584 100
18971695 99
18971735 100
18971846 99
18971886 100
18971998 99
18972038 100
18972149 99
18972190 100
18972300 99
18972340 100
18972451 99
18972491 100
18972594 10
18972767 11
18972817 41
18972887 38
18972944 39
18973874 110
18974154 111
18974786 49
18974845 50
18974888 51
18975083 52
18975590 100
18975764 101
18975815 53
18975857 54
18975898 40
18975965 49
18976024 50
18976067 51
18976262 52
18976564 53
18976606 54
18976673 41
18976788 48
18976859 55
18976907 38
18976965 39
18977024 91
18977290 21
18977408 99
18977448 100
18977559 99
18977599 100
18977710 99
18977750 100
18978126 38
18977901 100
18978012 99
18978053 100
18978169 99
18978209 100
18978320 99
18978470 99
18978511 100
18978643 99
18978683 100
18978811 99
18978851 100
18978979 99
18979019 100
18979147 99
18979187 100
18979315 99
18979355 100
18979483 99
18979523 100
18979651 99
18979691 100
18979819 99
18979859 100
18979987 99
18980027 100
18980155 99
18980195 100
18980323 99
18980363 100
18980491 99
18980531 100
18980659 99
18980699 100
18980827 99
18980867 100
18980995 99
18981035 100
18981163 99
18981203 100
18981331 99
18981371 100
18981499 99
18981539 100
18981667 99
18981707 100
18981835 99
18981875 100
18982003 99
18982043 100
18982171 99
18982211 100
18982339 99
18982379 100
18982507 99
18982547 100
18982675 99
18982715 100
18982843 99
18982883 100
18983011 99
18983051 100
18983179 99
18983219 100
18983347 99
18983387 100
18983515 99
18983555 100
18983683 99
18983723 100
18983851 99
18983891 100
18984019 99
18984059 100
18984187 99
18984227 100
18984355 99
18984395 100
18984523 99
18984563 100
18984691 99
18984731 100
18984859 99
18984899 100
18985027 99
18985067 100
18985195 99
18985235 100
18985363 99
18985403 100
18985531 99
18985571 100
18985699 99
18985739 100
18985867 99
18985907 100
18986035 99
18986075 100
18986203 99
18986243 100
18986371 99
18986411 100
18986539 99
18986579 100
18986707 99
18986747 100
18986875 99
18986915 100
18987342 23
18987459 89
18991389 89
18991565 39
18991697 66
18991856 41
18991925 38
18991983 39
18992048 38
18995317 89
18995407 88
18999214 89
18999325 0
18999474 1
18999595 99
18999635 100
18999699 3
18999778 4
18999852 99
18999893 100
18999980 5
19000024 6
19000091 99
19000131 100
19000260 99
19000300 100
19000428 99
19000468 100
19000588 7
19000655 99
19000695 100
19000780 8
19000824 9
19000891 99
19000931 100
19001059 99
19001100 100
19001228 99
19001268 100
19001396 99
19001437 100
19001565 99
19001605 100
19001733 99
19001774 100
19001902 99
19001942 100
19002070 99
19002070 100
19002239 99
19002279 100
19002407 99
19002448 100
19002576 99
19002616 100
19002744 99
19002785 100
19002913 99
19002953 100
19003081 99
19003122 100
19003250 99
19003290 100
19003418 99
19003459 100
19003587 99
19003627 100
19003755 99
19003796 100
19003924 99
19003964 100
19004092 99
19004133 100
19004261 99
19004301 100
19004429 99
19004470 100
19004598 99
19004638 100
19004766 99
19004807 100
19004935 99
19004975 100
19005103 99
19005144 100
19005016 99
19005056 100
19005443 99
19005485 100
19005606 99
19005646 100
19005774 99
19005815 100
19005943 99
19005983 100
19006111 99
19006152 100
19006280 99
19006320 100
19006448 99
19006489 100
19006617 99
19006657 100
19006785 99
19006826 100
19006954 99
19006994 100
19007122 99
19007163 100
19007291 99
19007331 100
19007459 99
19007500 100
19007628 99
19007668 100
19007796 99
19007837 100
19007965 99
19008005 100
19008133 99
19008174 100
19008302 99
19008342 100
19008470 99
19008470 100
19008639 99
19008679 100
19008807 99
19008848 100
19008976 99
19009016 100
19009144 99
19009185 100
19009313 99
19009353 100
19009481 99
19009522 100
19009650 99
19009690 100
19009818 99
19009859 100
19009981 10
19010163 11
19010226 39
19011156 110
19011436 111
19012068 49
19012127 50
19012170 51
19012365 52
19012872 100
19013046 101
19013097 53
19013139 54
19013180 40
19013248 49
19013306 50
19013350 51
19013544 52
19013846 53
19013888 54
19013955 41
19014075 48
19014146 55
19014194 38
19014252 39
19014311 91
19014578 21
19014695 99
19014735 100
19014846 99
19014886 100
19014997 99
19015038 100
19015414 38
19015189 100
19015300 99
19015340 100
19015456 99
19015496 100
19015606 99
19015758 99
19015798 100
19015930 99
19015971 100
19016098 99
19016139 100
19016266 99
19016307 100
19016434 99
19016475 100
19016602 99
19016643 100
19016770 99
19016811 100
19016938 99
19016979 100
19017106 99
19017147 100
19017274 99
19017315 100
19017442 99
19017483 100
19017610 99
19017651 100
19017778 99
19017819 100
19017946 99
19017987 100
19018114 99
19018155 100
19018282 99
19018323 100
19018450 99
19018491 100
19018618 99
19018659 100
19018786 99
19018827 100
19018954 99
19018995 100
19019122 99
19019163 100
19019290 99
19019331 100
19019458 99
19019499 100
19019626 99
19019667 100
19019794 99
19019835 100
19019962 99
19020003 100
19020130 99
19020171 100
19020298 99
19020339 100
19020466 99
19020507 100
19020634 99
19020675 100
19020802 99
19020843 100
19020970 99
19021011 100
19021138 99
19021179 100
19021306 99
19021347 100
19021474 99
19021515 100
19021552 98
19124488 99
19124596 89
19124687 88
19124796 99
19124838 100
19124958 99
19124999 100
19125098 0
19125212 3
19125273 99
19125313 100
19125433 99
19125473 100
19125601 99
19125641 100
19125769 99
19125809 100
19125937 99
19125977 100
19126105 99
19126145 100
19126273 99
19126313 100
19126441 99
19126481 100
19126609 99
19126649 100
19126777 99
19126817 100
19126945 99
19126985 100
19127113 99
19127153 100
19127281 99
19127321 100
19127449 99
19127489 100
19127916 23
19128033 89
19128282 39
19128353 1
19128475 99
19128515 100
19128616 4
19128690 99
19128730 100
19128817 5
19128862 6
19128929 99
19128969 100
19129080 99
19129120 100
19129787 99
19129271 100
19129371 7
19129439 99
19129479 100
19129564 8
19129608 9
19129675 99
19129715 100
19129831 99
19129872 100
19129982 99
19130133 99
19130173 100
19130307 99
19130348 100
19130476 99
19130516 100
19130644 99
19130685 100
19130813 99
19130853 100
19130981 99
19131022 100
19131150 99
19131190 100
19131318 99
19131359 100
19131487 99
19131527 100
19131655 99
19131696 100
19131824 99
19131864 100
19131970 89
19132131 99
19132171 100
19132289 99
19132330 100
19132440 99
19132481 100
19132707 99
19132632 100
19132751 99
19132791 100
19132902 99
19133053 99
19133094 100
19133204 99
19133244 100
19133356 99
19133396 100
19133507 99
19133548 100
19133664 99
19133704 100
19133816 99
19133856 100
19133967 99
19134008 100
19134121 99
19134162 100
19134273 99
19134313 100
19134428 99
19134469 100
19134580 99
19134620 100
19134737 99
19134777 100
19134888 99
19134928 100
19135304 66
19135079 100
19135190 99
19135230 100
19135348 99
19135388 100
19135499 99
19135650 99
19135691 100
19135801 99
19135842 100
19135952 99
19135993 100
19136103 99
19136143 100
19136143 99
19136039 100
19136150 99
19136190 100
19136569 99
19136609 100
19136720 99
19136760 100
19136871 99
19136911 100
19136911 99
19137063 100
19137174 99
19137214 100
19137325 99
19137366 100
19137476 99
19137516 100
19137627 99
19137667 100
19137778 99
19137818 100
19137929 99
19137969 100
19138080 99
19138121 100
19138223 10
19138396 11
19138470 41
19138539 38
19138596 39
19139526 110
19139806 111
19140441 49
19140500 50
19140543 51
19140737 52
19141245 100
19141419 101
19141469 53
19141512 54
19141553 40
19141620 49
19141679 50
19141722 51
19141917 52
19142218 53
19142261 54
19142328 41
19142443 48
19142514 55
19142562 38
19142619 39
19142679 91
19142945 21
19143062 99
19143103 100
19143213 99
19143254 100
19143365 99
19143405 100
19143781 38
19143556 100
19143667 99
19143707 100
19143823 99
19143864 100
19143975 99
19144126 99
19144166 100
19144298 99
19144338 100
19144466 99
19144506 100
19144634 99
19144674 100
19144802 99
19144842 100
19144970 99
19145010 100
19145138 99
19145178 100
19145306 99
19145346 100
19145474 99
19145514 100
19145642 99
19145682 100
19145810 99
19145850 100
19145978 99
19146018 100
19146146 99
19146186 100
19146314 99
19146354 100
19146482 99
19146522 100
19146650 99
19146690 100
19146818 99
19146858 100
19146986 99
19147026 100
19147154 99
19147194 100
19147322 99
19147362 100
19147490 99
19147530 100
19147658 99
19147698 100
19147826 99
19147866 100
19147994 99
19148034 100
19148162 99
19148202 100
19148330 99
19148370 100
19148498 99
19148538 100
19148666 99
19148706 100
19148834 99
19148874 100
19149002 99
19149042 100
19149170 99
19149210 100
19149338 99
19149378 100
19149506 99
19149546 100
19149674 99
19149714 100
19149842 99
19149882 100
19150010 99
19150050 100
19150178 99
19150218 100
19150346 99
19150386 100
19150514 99
19150554 100
19150682 99
19150722 100
19150850 99
19150890 100
19151092 99
19151132 100
19151260 99
19151300 100
19151428 99
19151468 100
19151596 99
19151636 100
19151764 99
19151804 100
19151932 99
19151972 100
19152100 99
19152140 100
19152268 99
19152308 100
19152436 99
19152476 100
19152604 99
19152644 100
19153071 23
19153188 89
19157118 89
19157294 39
19157426 66
19157583 41
19157653 38
19157711 39
19157776 38
19159854 89
19159944 88
19163751 89
19163862 0
19164010 1
19164132 99
19164172 100
19164236 3
19164315 4
19164389 99
19164429 100
19164517 5
19164561 6
19164628 99
19164668 100
19164796 99
19164837 100
19164965 99
19165005 100
19165124 7
19165192 99
19165232 100
19165317 8
19165361 9
19165428 99
19165468 100
19165596 99
19165636 100
19165765 99
19165805 100
19165933 99
19165973 100
19166102 99
19166142 100
19166270 99
19166310 100
19166439 99
19166479 100
19166607 99
19166647 100
19166776 99
19166816 100
19166944 99
19166984 100
19167113 99
19167153 100
19167281 99
19167321 100
19167450 99
19167490 100
19167618 99
19167658 100
19167787 99
19167827 100
19167955 99
19167995 100
19168124 99
19168164 100
19168292 99
19168332 100
19168461 99
19168501 100
19168629 99
19168669 100
19168798 99
19168838 100
19168966 99
19169006 100
19169135 99
19169175 100
19169303 99
19169343 100
19169472 99
19169512 100
19169640 99
19169680 100
19169809 99
19169849 100
19169977 99
19170017 100
19170146 99
19170186 100
19170314 99
19170354 100
19170483 99
19170523 100
19170651 99
19170691 100
19170820 99
19170860 100
19170988 99
19171028 100
19171157 99
19171197 100
19171325 99
19171365 100
19171494 99
19171534 100
19171662 99
19171702 100
19171831 99
19171871 100
19171999 99
19172039 100
19172168 99
19172208 100
19172336 99
19172376 100
19172505 99
19172545 100
19172673 99
19172713 100
19172842 99
19172882 100
19173010 99
19173050 100
19173179 99
19173219 100
19173347 99
19173387 100
19173516 99
19173556 100
19173684 99
19173724 100
19173853 99
19173893 100
19174021 99
19174061 100
19174190 99
19174230 100
19174358 99
19174398 100
19174520 10
19174703 11
19174766 39
19175696 110
19175976 111
19176608 49
19176667 50
19176710 51
19176905 52
19177412 100
19177586 101
19177637 53
19177679 54
19177720 40
19177787 49
19177846 50
19177889 51
19178084 52
19178386 53
19178428 54
19178428 41
19178615 48
19178686 55
19178734 38
19178792 39
19178851 91
19179117 21
19179235 99
19179275 100
19179386 99
19179426 100
19179537 99
19179577 100
19179953 38
19179728 100
19179839 99
19179880 100
19179996 99
19180036 100
19180147 99
19180297 99
19180338 100
19180470 99
19180510 100
19180638 99
19180678 100
19180806 99
19180846 100
19180974 99
19181014 100
19181142 99
19181182 100
19181310 99
19181350 100
19181478 99
19181518 100
19181646 99
19181686 100
19181814 99
19181854 100
19181982 99
19182022 100
19182150 99
19182190 100
19182318 99
19182358 100
19182486 99
19182526 100
19182654 99
19182694 100
19182822 99
19182862 100
19182990 99
19183030 100
19183158 99
19183198 100
19183326 99
19183366 100
19183494 99
19183534 100
19183662 99
19183702 100
19183830 99
19183870 100
19183998 99
19184038 100
19184166 99
19184206 100
19184334 99
19184374 100
19184502 99
19184542 100
19184670 99
19184710 100
19184838 99
19184878 100
19185006 99
19185046 100
19185174 99
19185214 100
19185342 99
19185382 100
19185510 99
19185550 100
19185678 99
19185718 100
19185846 99
19185886 100
19186014 99
19186054 100
19186182 99
19186222 100
19186350 99
19186390 100
19186518 99
19186558 100
19186686 99
19186726 100
19186854 99
19186894 100
19187022 99
19187062 100
19187190 99
19187230 100
19187358 99
19187398 100
19187526 99
19187566 100
19187694 99
19187734 100
19187862 99
19187902 100
19188030 99
19188070 100
19188198 99
19188238 100
19188366 99
19188406 100
19188534 99
19188574 100
19188702 99
19188742 100
19189169 23
19189286 89
19193221 89
19193397 39
19193529 66
19193688 41
19193757 38
19193795 98
19668347 89
19668436 88
19672271 89
19672382 0
1756442066 1
19672652 11
214712576 100
2 34
18446744073681771264 0
0 128
0 0
201326595 0
0 30
1713245184 1
200016128 0
6167796 2
1098181634 0
131106 204
33554432 0
0 1
16786045 0
458824688 0
33022 88
0 0
50331648 0
138764 0
196864 0
102 12
18446744073508225024 128
33619968 28
19674654 1
79430 100
19674815 99
14055 100
19674966 99
19675007 100
19675412 99
19675452 100
19675564 99
19675604 100
19675719 99
19675760 100
19675880 99
19675921 100
19676032 99
19676072 100
19676477 99
2231500 116
0 2
1 0
578617856 0
468714240 0
3670104 89
655361 14
0 0
0 0
0 0
19660800 0
19677692 99
19677733 100
19677844 99
19677884 100
19678000 99
19678040 100
19678161 99
19678201 100
19678312 99
19678352 100
19678757 99
19678797 100
19678908 99
19678948 100
19679064 99
19679104 100
19679225 99
19679265 100
19679376 99
19679416 100
19679821 99
19679861 100
19679973 99
19680013 100
19680130 99
19680171 100
19680291 99
19680332 100
19680443 99
19680483 100
19680888 99
19680928 100
19681040 99
19681080 100
19681196 99
19681236 100
19681357 99
19681397 100
19681508 99
19681548 100
19681953 99
19681993 100
19682105 99
19682145 100
19682260 99
19682300 100
19682421 99
19682461 100
19682572 99
19682613 100
19683018 99
19683058 100
19683169 99
19683210 100
19683320 99
19683361 100
19683476 99
19683516 100
19683637 99
19683677 100
19683788 99
19683828 100
19684233 99
19684274 100
19684384 99
19684425 100
19684540 99
19684580 100
19684701 99
19684741 100
19684852 99
19684892 100
19685297 99
19685338 100
19685449 99
19685489 100
19685607 99
19685647 100
19685768 99
19685808 100
19685919 99
19685959 100
19686364 99
19686404 100
19686515 99
19686555 100
19686672 99
19686712 100
19686833 99
19686873 100
19686984 99
19687024 100
19687429 99
19687470 100
19687581 99
19687621 100
19687736 99
19687777 100
19687897 99
19687938 100
19688049 99
19688089 100
19688494 99
19688534 100
19688646 99
19688686 100
19688798 99
19688838 100
19688952 99
19688992 100
19689103 99
19689144 100
19689549 99
19689589 100
19689701 99
19689741 100
19689855 99
19689895 100
19690006 99
19690047 100
19690452 99
19690492 100
19690603 99
19690643 100
19690761 99
19690801 100
19690922 99
19690962 100
19691073 99
19691113 100
19691518 99
19691559 100
19691669 99
19691709 100
19691826 99
19691866 100
19691987 99
19692027 100
19692138 99
19692179 100
19692584 99
19692624 100
19692735 99
19692775 100
19719170 0
19719212 3
19719275 99
19719315 100
19719430 99
19719471 100
19719591 99
19719632 100
19719743 99
19719783 100
19720188 99
19720228 100
19720340 99
19720380 100
19720492 99
19720532 100
19720646 99
19720686 100
19720797 99
19720838 100
19721243 99
19721283 100
19721367 99
19721407 100
19721490 99
19721530 100
19721618 99
19721658 100
19721741 99
19721782 100
19722163 99
19722203 100
19722287 99
19722327 100
19722412 99
19722452 100
19722541 99
19722581 100
19722665 99
19722706 100
19723086 99
19723127 100
19723211 99
19723251 100
19723335 99
19723375 100
19723463 99
19723503 100
19723586 99
19723627 100
19724008 99
19724048 100
19724133 99
19724173 100
19724256 99
19724296 100
19724384 99
19724424 100
19724507 99
19724548 100
19724929 99
19724969 100
19725054 99
19725094 100
19725177 99
19725218 100
19725301 99
19725342 100
19725430 99
19725471 100
19725554 99
19725594 100
19725976 99
19726016 100
19725844 99
19725884 100
19725975 99
19726016 100
19726370 99
19726411 100
19726507 99
19726547 100
19726631 99
19726672 100
19727052 99
19727093 100
19727176 99
19727216 100
19727300 99
19727340 100
19727430 99
19727470 100
19727566 99
19727606 100
19727689 99
19727730 100
19728111 99
19728151 100
19728236 99
19728276 100
19728360 99
19728400 100
19728487 99
19728528 100
19728611 99
19728651 100
19729033 99
19729073 100
19729157 99
19729198 100
19729300 10
19729370 52
19729438 1
19729559 99
19729599 100
19729666 59
19729762 4
19729901 45
19729944 50
19730015 57
19730059 5
19730103 6
20176602 89
20176693 88
20180524 89
20180635 0
20180783 1
20180905 99
20180945 100
20181009 3
20181088 4
20181227 45
20181270 50
20181342 57
20181385 5
20181430 6
20684962 89
20685052 88
20687860 89
20687971 0
20688119 1
20688241 99
20688281 100
20688345 3
20688424 4
20688566 45
20688610 50
20688767 1
20688888 99
20688928 100
20688995 57
20689039 5
20689083 6
20689167 4
20689309 45
20689353 50
20689510 1
20689631 99
20689671 100
20689738 57
20689782 5
20689826 6
20689910 4
20689987 99
20690028 100
20690115 5
20690159 6
20690226 99
20690266 100
20690377 99
20690417 100
20690533 99
20690573 100
20690685 7
20690752 99
20690792 100
20690877 8
20690921 9
20690988 99
20691028 100
20691139 99
20691179 100
20691584 99
20691625 100
20691736 99
20691776 100
20691894 99
20691934 100
20692055 99
20692095 100
20692206 99
20692246 100
20692651 99
20692691 100
20692802 99
20692842 100
20692977 10
20693124 52
20693281 1
20693402 99
20693443 100
20693510 59
20693597 4
20693675 99
20693715 100
20693802 5
20693846 6
20693913 99
20693954 100
20694068 10
20694215 52
20694372 1
20694493 99
20694533 100
20694600 59
20694688 4
20694736 42
20695018 50
20695089 57
20695137 6
20695205 89
20695294 88
