48012797 0
48019197 0
48024940 23
48030750 0
48031722 23
48036714 0
48038486 0
48038776 0
48044558 0
48046284 0
48051200 0
48057697 0
48058396 23
48064420 0
48067348 23
48076132 23
48082801 23
48088088 0
48090129 0
48091211 0
48093173 0
48094147 0
48094676 0
48097487 0
48102804 0
48109200 0
48114829 23
48120924 0
48121634 23
48124729 0
48126857 0
48128482 0
48128621 0
48133402 0
48134928 0
48135155 0
48141207 0
48147716 0
48154067 0
48160483 0
48161106 23
48167007 0
48173319 23
48177977 0
48179212 23
48182307 0
48189616 0
48191170 0
48193315 0
48194760 0
48199020 0
48204293 23
48211011 0
48211978 0
48214045 0
48214666 0
48217792 23
48218863 0
48219245 0
48222099 0
48226194 23
48231198 0
48237600 0
48243181 23
48249338 0
48249961 23
48256815 0
48263219 0
48269606 0
48275205 23
48281278 0
48281989 23
48288805 0
48295202 0
48301602 0
48307267 23
48313933 23
48319366 0
48320903 0
48322512 0
48325986 0
48327336 0
48327738 0
48333617 0
48340252 0
48346560 0
48352892 0
48353689 23
48359417 0
48365943 23
48366187 0
48372419 0
48378895 0
48379504 23
48385427 0
48391897 0
48392945 23
48398429 0
48404922 0
48406392 23
48411432 0
48417938 0
48419836 23
48424531 0
48424538 0
48433259 23
48444170 23
48444234 0
48450454 0
48456507 23
48461683 0
48462394 23
48465488 0
48470464 0
48473290 0
48480139 0
48482552 0
48485155 23
48494848 23
48500476 0
48501901 0
48503599 0
48505488 0
48508243 0
48514637 0
48520244 23
48526314 0
48527024 23
48530118 0
48532324 0
48533926 0
48534064 0
48538410 0
48540817 0
48546991 0
48553159 0
48559559 0
48566037 23
48566281 0
48572437 0
48578330 23
48583798 0
48584246 23
48587340 0
48590407 0
48591716 0
48593360 0
48599632 0
48604462 23
48609091 0
48611133 0
48617437 0
48623839 0
48629483 23
48635471 0
48636269 23
48639363 0
48640313 0
48641873 0
48646739 0
48649455 0
48655863 0
48661501 23
48667489 0
48668288 23
48671382 0
48672332 0
48673889 0
48678755 0
48681443 0
48687829 0
48693468 23
48699555 0
48700265 23
48703360 0
48705468 0
48707157 0
48712042 0
48713568 0
48713795 0
48719851 0
48726356 0
48732705 0
48739123 0
48739746 23
48745636 0
48751989 23
48756557 0
48757879 23
48760968 0
48764914 0
48766412 23
48771446 0
48777907 0
48778750 23
48784514 0
48784628 0
48790930 0
48797232 0
48803837 0
48810127 0
48816054 23
48821236 0
48821946 23
48825048 0
48830024 0
48832834 0
48834024 0
48839774 0
48842142 0
48844816 23
48854535 23
48859971 0
48861508 0
48863118 0
48866592 0
48867877 0
48868368 0
48874211 0
48880930 0
48887035 0
48893476 0
48894361 23
48900011 0
48906600 23
48906844 0
48913000 0
48919470 0
48920241 23
48926001 0
48932490 0
48933683 23
48938998 0
48945517 0
48947130 23
48958121 23
48963214 0
48964012 23
48967106 0
48972482 0
48978282 23
48984317 0
48985115 23
48990802 0
48997307 23
48997551 0
49003791 0
49006337 23
49015009 23
49021665 23
49029109 0
49029725 0
49032255 0
49036921 0
49042381 0
49048798 0
49054435 23
49060419 0
49061217 23
49064313 0
49065262 0
49066819 0
49071685 0
49074356 0
49080767 0
49080772 23
49092405 0
49093205 23
49096299 0
49097248 0
49098805 0
49103671 0
49106362 0
49112748 0
49118360 23
49124459 0
49125169 23
49128265 0
49130386 0
49132011 0
49132150 0
49136931 0
49138393 0
49138707 0
49144728 0
49151220 0
49157610 0
49164032 0
49164654 23
49170543 0
49176894 23
49181459 0
49182782 23
49185876 0
49193622 0
49195182 0
49197764 0
49199207 0
49202526 0
49204998 23
49213664 23
49220322 23
49227953 0
49231049 0
49233881 0
49241098 0
49247519 0
49253158 23
49259143 0
49259940 23
49263036 0
49263986 0
49265543 0
49270409 0
49273069 0
49279479 0
49285128 23
49291118 0
49291915 23
49295010 0
49295959 0
49297519 0
49302281 0
49305079 0
49311466 0
49317053 23
49323216 0
49323839 23
49330656 0
49337054 0
49343449 0
49349073 23
49355087 0
49355885 23
49358979 0
49359929 0
49361573 0
49367923 0
49375441 0
49381840 0
49387427 23
49393586 0
49394209 23
49401023 0
49407428 0
49413820 0
49419429 23
49425591 0
49426214 23
49433041 0
49439434 0
49445832 0
49451473 23
49457449 0
49458247 23
49461341 0
49462291 0
49463851 0
49468612 0
49471423 0
49477808 0
49483418 23
49489576 0
49490199 23
49497011 0
49503408 0
49509802 0
49515391 23
49521467 0
49522177 23
49528986 0
49535372 0
49541774 0
49547422 23
49553405 0
49554203 23
49557297 0
49558247 0
49559809 0
49564571 0
49567364 0
49573774 0
49579496 23
49586162 23
49591400 0
49593025 0
49594547 0
49599419 0
49601054 0
49605737 0
49612218 0
49613129 23
49618834 0
49619018 0
49625275 0
49625389 0
49631539 0
49638028 0
49644133 23
49649048 0
49650022 23
49653117 0
49659861 0
49661311 0
49662475 0
49663578 0
49664072 0
49669905 0
49676546 0
49682779 0
49683927 23
49689310 0
49695789 0
49696245 23
49702328 0
49708833 0
49709744 23
49715315 0
49721785 0
49723185 23
49728316 0
49734804 0
49736628 23
49741330 0
49747835 0
49750091 23
49760880 23
49761123 0
49767342 0
49773174 23
49778940 23
49784622 23
49790993 0
49793034 0
49799332 0
49805726 0
49811338 23
49817408 0
49818118 23
49821212 0
49823407 0
49825009 0
49825147 0
49829493 0
49831900 0
49838074 0
49844234 0
49850585 0
49857213 23
49857277 0
49863503 0
49869553 23
49874724 0
49875457 23
49878552 0
49883528 0
49886355 0
49893204 0
49895615 0
49898220 23
49907918 23
49913540 0
49914966 0
49916663 0
49918552 0
49921300 0
49927708 0
49933342 23
49939349 0
49940146 23
49943241 0
49944190 0
49945747 0
49950613 0
49953310 0
49959699 0
49965334 23
49971428 0
49972140 23
49975234 0
49977358 0
49978983 0
49979122 0
49983903 0
49985429 0
49985656 0
49991711 0
49998172 0
50004601 0
50009727 23
50015406 23
50021087 23
50029449 0
50030435 0
50032573 0
50033547 0
50033966 0
50036887 0
50042978 0
50049375 0
50055009 23
50060995 0
50061792 23
50064887 0
50065836 0
50067396 0
50072805 0
50075103 0
50081471 0
50087897 0
50089044 23
50094375 0
50100848 0
50101451 23
50107461 0
50110394 23
50119180 23
50125847 23
50131643 23
50137676 0
50139717 0
50140799 0
50142761 0
50143735 0
50144241 0
50147052 0
50152379 0
50158778 0
50164411 23
50170482 0
50171192 23
50174286 0
50176419 0
50178044 0
50178182 0
50182964 0
50184425 0
50184740 0
50190756 0
50197302 0
50203668 0
50210023 0
50210733 23
50216550 0
50222996 23
50227672 0
50228908 23
50235624 23
50235868 0
50242338 0
50248723 0
50254301 23
50260461 0
50261083 23
50202387 0
50208783 0
50215179 0
50220795 23
50226890 0
50227600 23
50230694 0
50232766 0
50234456 0
50239341 0
50240867 0
50241093 0
50247143 0
50253656 0
50260030 0
50331939 0
50332649 23
50338480 0
50344885 23
50349451 0
50350774 23
50353868 0
50355577 0
50357801 0
50359649 23
50364264 0
50371938 23
50377393 0
50378803 23
50383874 0
50390349 0
50391189 23
50391072 0
50391186 0
50403387 0
50409682 0
50416292 0
50422582 0
50428509 23
50433776 0
50434399 23
50437493 0
50442365 0
50446456 23
50454149 0
