9942550 0
9952093 23
9964382 0
9967478 0
9969762 0
9975698 0
9985108 23
9997367 0
10000463 0
10003182 0
10008728 0
10018163 23
10030330 0
10030946 0
10033476 0
10036632 0
10041710 0
10051119 23
10063424 0
10066520 0
10068803 0
10074754 0
10084186 23
10096355 0
10096971 0
10099501 0
10102657 0
10107735 0
10117148 23
10129452 0
10132548 0
10134832 0
10140880 0
10150312 23
10162324 0
10162940 0
10165471 0
10169499 0
10173771 0
10183180 23
10195478 0
10198574 0
10200857 0
10206806 0
10216242 23
10228406 0
10229022 0
10231553 0
10234709 0
10239786 0
10249195 23
10261499 0
10264595 0
10266878 0
10272826 0
10282258 23
10294426 0
10295042 0
10297573 0
10300729 0
10305806 0
10315220 23
10327477 0
10330575 0
10333295 0
10338840 0
10348273 23
10360441 0
10361057 0
10363588 0
10366744 0
10371836 0
10381245 23
10393492 0
10396588 0
10399308 0
10404856 0
10414291 23
10426457 0
10427073 0
10429604 0
10432760 0
10437851 0
10447257 23
10459510 0
10462606 0
10465326 0
10470872 0
10480304 23
10492470 0
10493086 0
10495617 0
10498773 0
10503867 0
10513304 23
10525485 0
10526101 0
10528631 0
10531787 0
10536878 0
10546311 23
10558480 0
10559096 0
10561626 0
10564782 0
10569878 0
10579312 23
10591497 0
10592113 0
10594644 0
10597800 0
10602892 0
10612328 23
10624492 0
10625108 0
10627639 0
10630795 0
10635891 0
10645324 23
10657505 0
10658121 0
10660652 0
10663808 0
10668900 0
10678308 23
10690531 0
10693628 0
10696347 0
10701898 0
10711335 23
10723512 0
10724128 0
10726658 0
10729814 0
10734910 0
10744342 23
10756508 0
10757124 0
10759655 0
10762811 0
10767908 0
10777342 23
10789522 0
10790138 0
10792668 0
10795824 0
10800916 0
10810351 23
10822513 0
10823129 0
10825659 0
10828815 0
10833912 0
10843344 23
10855526 0
10856142 0
10858673 0
10861829 0
10866922 0
10876354 23
10888519 0
10889135 0
10891665 0
10895257 0
10899918 0
10909355 23
10921532 0
10922148 0
10924678 0
10927834 0
10932926 0
10942360 23
10954523 0
10955139 0
10957669 0
10961261 0
10965923 0
10975355 23
10987540 0
10988156 0
10990687 0
10993843 0
10998933 0
11008368 23
11020531 0
11021147 0
11023678 0
11027270 0
11031933 0
11041365 23
11053546 0
11054162 0
11056693 0
11060285 0
11064940 0
11074374 23
11086537 0
11087153 0
11089683 0
11092839 0
11097948 0
11107388 23
11119564 0
11120180 0
11122710 0
11126302 0
11130957 0
11140366 23
11152624 0
11155720 0
11158440 0
11163978 0
11173411 23
11185688 0
11186304 0
11188835 0
11191991 0
11197082 0
11197047 23
11218682 0
11219298 0
11221829 0
11224985 0
11230093 0
11239525 23
11251708 0
11252324 0
11254854 0
11258010 0
11263103 0
11272538 23
11284699 0
11285315 0
11287846 0
11291002 0
11296096 0
11305533 23
11317710 0
11318326 0
11320857 0
11324013 0
11329104 0
11338508 23
11350734 0
11353830 0
11356550 0
11362105 0
11371537 23
11383719 0
11384335 0
11386866 0
11390022 0
11395113 0
11404519 23
11416741 0
11419838 0
11422557 0
11428121 0
11437555 23
11449732 0
11450348 0
11452878 0
11456034 0
11461127 0
11470533 23
11482754 0
11485851 0
11488570 0
11494122 0
11503560 23
11515736 0
11516352 0
11518883 0
11522039 0
11527130 0
11536534 23
11548771 0
11551868 0
11554587 0
11560124 0
11569556 23
11581735 0
11582351 0
11584881 0
11588037 0
11593128 0
11602534 23
11614774 0
11617870 0
11620589 0
11626121 0
11635555 23
11647734 0
11648350 0
11650880 0
11654036 0
11659129 0
11668579 23
11680738 0
11681354 0
11683884 0
11687040 0
11692123 0
11701559 23
11713735 0
11714351 0
11716882 0
11720038 0
11725126 0
11734576 23
11746738 0
11747354 0
11749885 0
11753041 0
11758116 0
11767548 23
11779731 0
11780347 0
11782878 0
11786034 0
11791126 0
11800579 23
11812739 0
11813355 0
11815886 0
11819042 0
11824118 0
11833551 23
11845728 0
11846344 0
11848875 0
11851947 0
11857120 0
11866570 23
11878734 0
11879350 0
11881881 0
11885037 0
11890113 0
11899551 23
11911725 0
11912341 0
11914871 0
11918027 0
11923116 0
11932567 23
11944732 0
11945348 0
11947879 0
11951035 0
11956110 0
11965542 23
11977723 0
11978339 0
11980870 0
11984026 0
11989117 0
11998570 23
12010729 0
12011345 0
12013875 0
12017031 0
12022108 0
12031540 23
12043718 0
12044334 0
12046865 0
12050021 0
12055112 0
12064562 23
12076721 0
12077337 0
12079868 0
12083024 0
12088100 0
12097536 23
12109711 0
12110327 0
12112858 0
12116014 0
12121104 0
12130554 23
12142715 0
12143331 0
12145862 0
12149018 0
12154093 0
12163526 23
12175702 0
12176318 0
12178849 0
12182005 0
12187095 0
12196525 23
12208718 0
12209334 0
12211864 0
12215020 0
12220098 0
12229420 23
12242004 0
12245100 0
12253198 0
12264203 0
12273611 23
12285881 0
12288978 0
12291261 0
12297192 0
12306632 23
12318805 0
12319421 0
12321946 0
12325102 0
12330197 0
12339606 23
12351885 0
12354981 0
12357264 0
12363196 0
12372605 23
12384844 0
12387935 0
12390654 0
12396203 0
12405614 23
12417897 0
12420993 0
12423277 0
12429208 0
12438617 23
12450854 0
12453945 0
12456664 0
12462213 0
12471622 23
12483892 0
12486988 0
12489271 0
12495203 0
12504640 23
12516811 0
12517510 0
12519952 0
12523108 0
12528205 0
12537611 23
12549893 0
12552989 0
12555320 0
12561204 0
12570613 23
12570561 0
12585939 0
12588659 0
12594207 0
12603618 23
12615852 0
12618949 0
12621668 0
12627197 0
12636629 23
12648806 0
12649422 0
12651953 0
12655109 0
12660198 0
12669607 23
12681843 0
12684939 0
12687658 0
12693188 0
12702626 23
12714799 0
12715415 0
12717946 0
12721102 0
12726203 0
12735612 23
12747835 0
12750931 0
12753650 0
12759182 0
12768614 23
12780791 0
12781407 0
12783938 0
12787094 0
12792194 0
12801630 23
12813792 0
12814408 0
12816939 0
12820095 0
12825169 0
12834601 23
12846778 0
12847394 0
12849925 0
12853081 0
12858182 0
12867591 23
12879813 0
12882909 0
12885629 0
12891159 0
12900596 23
12912766 0
12913382 0
12915913 0
12919069 0
12924176 0
12933608 23
12945770 0
12946386 0
12948917 0
12952073 0
12957148 0
12966580 23
12978757 0
12979373 0
12981903 0
12985059 0
12990166 0
12999603 23
13011758 0
13012374 0
13014905 0
13018061 0
13023135 0
13032567 23
13044744 0
13045360 0
13047890 0
13051046 0
13056154 0
13065587 23
13077749 0
13078365 0
13080896 0
13084052 0
13089126 0
13098563 23
13110736 0
13111352 0
13113882 0
13117038 0
13122145 0
13131577 23
13143738 0
13144354 0
13146885 0
13150041 0
13155115 0
13164547 23
13176726 0
13177342 0
13179873 0
13183029 0
13188135 0
13197570 23
13209727 0
13210343 0
13212874 0
13216030 0
13221105 0
13230537 23
13242740 0
13243356 0
13245887 0
13249043 0
13254127 0
13263560 23
13275986 0
13276602 0
13279133 0
13282289 0
13286967 0
13296403 23
13308576 0
13309192 0
13311722 0
13314878 0
13319985 0
13329417 23
13341578 0
13342194 0
13344725 0
13347881 0
13352956 0
13362390 23
13374565 0
13375181 0
13377712 0
13380868 0
13385982 0
13395416 23
13407573 0
13408189 0
