49886271 0
49895727 23
49909366 0
49918685 23
49932318 0
49941727 23
49955246 0
49964568 23
49978196 0
49987518 23
50001131 0
50010451 23
50024108 0
50033430 23
50047048 0
50058513 0
50067835 23
50081460 0
50090784 23
50104392 0
50113713 23
50127345 0
50136661 23
50150306 0
50159635 23
50173256 0
50182578 23
50196191 0
50205531 23
50219152 0
50228476 23
50242082 0
50251404 23
50265050 0
50208830 23
50222425 0
50231751 23
50245374 0
50254696 23
50333848 0
50343170 23
50356801 0
50366125 23
50379730 0
50389051 23
50402677 0
50411999 23
50425610 0
50437074 0
50446402 23
50460044 0
50469360 23
50482954 0
50492276 23
50505905 0
50515229 23
50528851 0
50538172 23
50551799 0
50561121 23
50574734 0
50584060 23
50597678 0
50607000 23
50620605 0
50629927 23
50643554 0
50652879 23
50666480 0
50675802 23
50689430 0
50698754 23
50712365 0
50721692 23
50735331 0
50744653 23
50758260 0
50767582 23
50781228 0
50790555 23
50804134 0
50813456 23
50827083 0
50836405 23
50850037 0
50858613 23
50872984 0
50882306 23
50895914 0
50905236 23
50918891 0
50928210 23
50941821 0
50951143 23
50964770 0
50974092 23
50987699 0
50997028 23
51010648 0
51019970 23
51033581 0
51042902 23
51056559 0
51065883 23
51079310 0
51088632 23
51102258 0
51111579 23
51125184 0
51134510 23
51148130 0
51157452 23
51171076 0
51180397 23
50997392 0
51006716 23
51020323 0
51029645 23
51043296 0
51249231 23
51262835 0
51272162 23
51285782 0
51295103 23
51308706 0
51317278 23
51331652 0
51340977 23
51354583 0
51363905 23
51377523 0
51386839 23
51400455 0
51409781 23
51423402 0
51432723 23
51446337 0
51455659 23
51469283 0
51478607 23
51492221 0
51501543 23
51515150 0
51524471 23
51538081 0
51547410 23
51561036 0
51570358 23
51583964 0
51593285 23
51606908 0
51616233 23
51629851 0
51639173 23
51652796 0
51662118 23
51675728 0
51685054 23
51698668 0
51707994 23
51721595 0
51730917 23
51744540 0
51753864 23
51767488 0
51776059 23
51790429 0
51799751 23
51813360 0
51822687 23
51836302 0
51845618 23
51859231 0
51868553 23
51882196 0
51891520 23
51905103 0
51914425 23
51928050 0
51937372 23
51951007 0
51960334 23
51973957 0
51983278 23
51996885 0
52006207 23
52019827 0
52029151 23
52042756 0
52052078 23
52065703 0
52075024 23
52088625 0
52097953 23
52111662 0
52120984 23
52134588 0
52143910 23
52157542 0
52166869 23
52180470 0
52189792 23
52203418 0
52212740 23
52226337 0
52234913 23
52249280 0
52258601 23
52272217 0
52281539 23
52295164 0
52304483 23
52318090 0
52329551 0
52338873 23
52352514 0
52361836 23
52375441 0
52384770 23
52398404 0
52407726 23
52421310 0
52430626 23
52444251 0
52453576 23
52467144 0
52476521 23
52490149 0
52499489 23
52513074 0
52522401 23
52536014 0
52545337 23
52558942 0
52568258 23
52581884 0
52591208 23
52604803 0
52614125 23
52627749 0
52637071 23
52650672 0
52659999 23
52673643 0
52682965 23
52696568 0
52705890 23
52719523 0
52728847 23
52742434 0
52751756 23
52765382 0
52774704 23
52788324 0
52797650 23
52811248 0
52820570 23
52834175 0
52843498 23
52857152 0
52866476 23
52880080 0
52889396 23
52903028 0
52912350 23
52925947 0
52935275 23
52948891 0
52958231 23
52971818 0
52981139 23
52994768 0
53004092 23
53017693 0
53027009 23
53040636 0
53050052 23
53063577 0
53072903 23
53086520 0
53095842 23
53109463 0
53118785 23
53132410 0
53141734 23
53155158 0
53164480 23
53178135 0
53187457 23
53201060 0
53210388 23
53224008 0
53233330 23
53246928 0
53256250 23
53269869 0
53279194 23
53292796 0
53302118 23
53315737 0
53325059 23
53338666 0
53347987 23
53361611 0
53370932 23
53384552 0
53393873 23
53407491 0
53416834 23
53430429 0
53439751 23
53453359 0
53462681 23
53476282 0
53485603 23
53499241 0
53508563 23
53522145 0
53531467 23
53545086 0
53554410 23
53568033 0
53577354 23
53590976 0
53600298 23
53613903 0
53623229 23
53636843 0
53646165 23
53659768 0
53669091 23
53682708 0
53692032 23
53705659 0
53714980 23
53728603 0
53737924 23
53751527 0
53760855 23
53774503 0
53783825 23
53797430 0
53806748 23
53820386 0
53829710 23
53843289 0
53854748 0
53864070 23
53877693 0
53887015 23
53900651 0
53909977 23
53923594 0
53932916 23
53946522 0
53955844 23
53969461 0
53978785 23
53992382 0
54001707 23
54015346 0
54024668 23
54038251 0
54047578 23
54061191 0
54069790 23
54084136 0
54093457 23
54107075 0
54116400 23
54130001 0
54139317 23
54152939 0
54162261 23
54175866 0
54185192 23
54198905 0
54208227 23
54221824 0
54231146 23
54244764 0
54254088 23
54267686 0
54277008 23
54290658 0
54299980 23
54313586 0
54322915 23
54336539 0
54345860 23
54359450 0
54368771 23
54382390 0
54391714 23
54405341 0
54414663 23
54428285 0
54437607 23
54451211 0
54460540 23
54474165 0
54483487 23
54497091 0
54506412 23
54520033 0
54528607 23
54542948 0
54552270 23
54565894 0
54575216 23
54588818 0
54598140 23
54611772 0
54621094 23
54634699 0
54644021 23
54657639 0
54666963 23
54680555 0
54689877 23
54703497 0
54712819 23
54726440 0
54735766 23
54749354 0
54758676 23
54772277 0
54781599 23
54795237 0
54804561 23
54818159 0
54827481 23
54841098 0
54850423 23
54864018 0
54873347 23
54886959 0
54896281 23
54909881 0
54919206 23
54932816 0
54942140 23
54955740 0
54965061 23
54978682 0
54988023 23
55001634 0
55010961 23
55024570 0
55033892 23
55047511 0
55056827 23
55070428 0
55079752 23
55093351 0
55102675 23
55116320 0
55125642 23
55139240 0
55148567 23
55162179 0
55171501 23
55185135 0
55194456 23
55208049 0
55217374 23
55230976 0
55240298 23
55253913 0
55263235 23
55276836 0
55286162 23
55299775 0
55309097 23
55322710 0
55332032 23
55345651 0
55354977 23
55368575 0
55368682 23
55391512 0
55400833 23
55414433 0
55423761 23
55437393 0
55446732 23
55460295 0
55469616 23
55483236 0
55492560 23
55506174 0
55515492 23
55529116 0
55538439 23
55552040 0
55561366 23
55574974 0
55584298 23
55597898 0
55607220 23
55620839 0
55630163 23
55643755 0
55653077 23
55666699 0
55676020 23
55689623 0
55698951 23
55712587 0
55721908 23
55735511 0
55744832 23
55758463 0
55767787 23
55781371 0
55790692 23
55804314 0
55813635 23
55827263 0
55827373 23
55850205 0
55859527 23
55873129 0
55882451 23
55896078 0
55905420 23
55919002 0
55928324 23
55941947 0
55951271 23
55964868 0
55974189 23
55987808 0
55997130 23
56010734 0
56020055 23
56033711 0
56043035 23
56056632 0
56065956 23
56079577 0
56088898 23
56102497 0
56111825 23
56125437 0
56136914 0
56146235 23
56159832 0
56169171 23
56182774 0
56192098 23
56205704 0
56215026 23
56228658 0
56237974 23
56251582 0
56260910 23
56274356 0
56283678 23
56297263 0
56306587 23
56320205 0
56329529 23
56343148 0
56352470 23
56366065 0
56375388 23
56388988 0
56398315 23
56411942 0
56421264 23
56434862 0
56444183 23
56457801 0
56467125 23
56480720 0
56490042 23
56503660 0
56512981 23
56526582 0
56535910 23
56549539 0
56558857 23
56572462 0
56581784 23
56595401 0
56604725 23
56618345 0
56627684 23
56641285 0
56650606 23
56664225 0
56673551 23
56687145 0
56696461 23
56710064 0
56719386 23
56733026 0
56742350 23
