11735538 0
11744994 23
11759433 0
11768755 23
11783165 0
11792489 23
11806880 0
11816204 23
11830632 0
11839954 23
11854442 0
11863763 23
11878094 0
11887416 23
11901801 0
11911123 23
11925532 0
11934851 23
11949245 0
11958567 23
11973007 0
11982329 23
11996715 0
12006042 23
12020461 0
12029783 23
12044169 0
12053491 23
12067893 0
12077218 23
12091625 0
12100947 23
12115352 0
12124668 23
12139056 0
12148383 23
12162778 0
12172100 23
12186486 0
12195827 23
12210212 0
12219538 23
12233956 0
12243278 23
12257683 0
12267004 23
12281409 0
12290736 23
12305138 0
12314460 23
12328845 0
12338167 23
12352590 0
12361914 23
12376298 0
12385620 23
12400026 0
12409348 23
12423751 0
12433077 23
12447481 0
12456821 23
12471188 0
12480510 23
12494927 0
12504253 23
12518637 0
12527956 23
12542385 0
12551584 23
12566282 0
12575609 23
12590015 0
12599337 23
12613743 0
12623065 23
12637468 0
12646792 23
12661177 0
12670499 23
12684920 0
12694242 23
12708627 0
12717971 23
12732356 0
12741678 23
12756082 0
12765404 23
12779812 0
12789136 23
12803543 0
12812865 23
12827272 0
12836594 23
12850984 0
12860313 23
12874763 0
12884084 23
12898567 0
12907889 23
12922218 0
12931542 23
12945940 0
12955261 23
12969667 0
12979007 23
12993388 0
13002714 23
13017124 0
13026446 23
13040834 0
13050151 23
13064582 0
13073906 23
13088292 0
13097613 23
13112021 0
13121343 23
13135727 0
13145054 23
13159454 0
13171409 0
13180726 23
13195131 0
13204453 23
13218859 0
13228183 23
13242564 0
13251886 23
13266310 0
13275631 23
13290018 0
13299344 23
13313744 0
13323067 23
13337477 0
13346799 23
13361204 0
13370523 23
13384918 0
13394240 23
13408647 0
13417969 23
13432352 0
13441674 23
13456088 0
13465410 23
13479792 0
13489114 23
13503516 0
13512840 23
13527234 0
13536556 23
13550955 0
13560277 23
13574662 0
13583988 23
13598410 0
13607732 23
13622115 0
13622223 23
13645849 0
13655173 23
13669558 0
13678880 23
13693283 0
13702623 23
13717028 0
13726355 23
13740751 0
13750073 23
13764455 0
13773777 23
13788198 0
13797523 23
13811898 0
13821220 23
13835620 0
13844942 23
13859356 0
13868682 23
13883077 0
13892401 23
13911281 0
13920690 23
13931199 0
13932977 0
13934322 0
13939994 0
13944932 0
13954256 23
13968630 0
13977952 23
13992358 0
14001679 23
14016058 0
14027987 0
14037315 23
14051697 0
14061019 23
14075394 0
14084715 23
14099105 0
14108431 23
14122829 0
14132150 23
14146544 0
14155871 23
14170257 0
14179473 23
14193967 0
14203288 23
14217660 0
14226999 23
14241382 0
14250706 23
14265075 0
14274397 23
14288789 0
14298005 23
14312497 0
14321824 23
14336205 0
14345527 23
14359895 0
14369216 23
14391012 0
14400337 23
14408712 0
14418037 23
14432437 0
14441759 23
14456134 0
14465460 23
14479846 0
14489185 23
14504264 0
14513585 23
14527976 0
14537302 23
14551671 0
14560992 23
14575416 0
14584738 23
14599114 0
14608442 23
14622844 0
14632166 23
14646537 0
14655859 23
14670251 0
14679576 23
14693965 0
14703287 23
14717672 0
14726996 23
14741365 0
14750709 23
14765089 0
14774411 23
14788778 0
14798100 23
14812483 0
14821807 23
14836211 0
14845533 23
14859914 0
14869235 23
14883621 0
14892948 23
14907326 0
14916648 23
14931015 0
14940337 23
14954770 0
14964094 23
14978501 0
14987823 23
15002010 0
15011350 23
15025698 0
15035025 23
15049404 0
15058726 23
15058755 0
15082409 23
15096825 0
15106149 23
15120512 0
15129834 23
15144236 0
15153557 23
15167926 0
15177253 23
15191633 0
15200954 23
15215358 0
15224679 23
15239066 0
15248390 23
15262752 0
15272069 23
15286481 0
15295803 23
15310174 0
15319501 23
15333880 0
15343197 23
15357597 0
15366919 23
15381304 0
15390628 23
15405009 0
15414331 23
15432043 0
15441475 23
15453157 0
15454318 0
15456280 0
15464349 23
15478021 0
15490094 0
15502046 0
15511370 23
15525753 0
15535093 23
15549498 0
15558822 23
15573207 0
15582529 23
15596934 0
15606250 23
15620637 0
15629964 23
15644359 0
15653681 23
15668090 0
15677411 23
15691812 0
15701136 23
15715509 0
15724831 23
15739224 0
15748545 23
15762924 0
15772253 23
15786638 0
15795954 23
15810353 0
15819675 23
15834069 0
15843395 23
15857777 0
15867093 23
15881504 0
15890825 23
15905204 0
15914531 23
15928944 0
15938266 23
15952648 0
15961970 23
15976371 0
15985695 23
16000088 0
16009410 23
16023810 0
16033132 23
16047606 0
16056928 23
16071346 0
16080668 23
16095044 0
16104366 23
16118780 0
16128123 23
16142481 0
16151803 23
16166214 0
16175536 23
16189947 0
16199273 23
16213670 0
16222991 23
16237375 0
16246697 23
16261099 0
16270423 23
16284800 0
16294124 23
16308526 0
16317848 23
16332255 0
16341582 23
16355976 0
16365298 23
16379690 0
16389030 23
16403413 0
16412737 23
16427114 0
16436435 23
16450865 0
16460187 23
16474564 0
16483891 23
16498281 0
16507603 23
16521976 0
16531298 23
16545697 0
16555021 23
16569396 0
16578717 23
16593139 0
16602460 23
16616838 0
16626165 23
16640568 0
16649908 23
16664275 0
16673596 23
16687992 0
16697314 23
16646204 0
16655202 23
16670096 0
16679417 23
16693800 0
16703126 23
16783067 0
16792391 23
16818701 0
16828024 23
16842449 0
16851767 23
16866147 0
16875469 23
16889863 0
16899184 23
16913580 0
16922907 23
16937292 0
16946616 23
16960990 0
16970312 23
16984730 0
16994054 23
17008428 0
17017750 23
17032181 0
17041498 23
17055855 0
17065181 23
17079672 0
17088994 23
17107466 0
17116874 23
17128331 0
17129668 0
17131454 0
17132342 0
17141500 0
17150824 23
17165211 0
17174550 23
17188919 0
17198241 23
17212610 0
17221937 23
17236314 0
17245636 23
17260007 0
17269330 23
17283714 0
17293038 23
17307431 0
17316753 23
17331139 0
17340461 23
17354835 0
17364161 23
17378557 0
17387878 23
17402246 0
17411567 23
17425966 0
17435286 23
17449656 0
17458980 23
17473364 0
17482685 23
17497049 0
17506371 23
17520751 0
17530073 23
17544440 0
17553761 23
17568173 0
17577497 23
17591859 0
17601180 23
17615579 0
17624901 23
17639265 0
17648591 23
17662967 0
17672288 23
17686683 0
17695899 23
17710381 0
17719705 23
17734067 0
17743389 23
17757787 0
17767201 23
17781482 0
17790811 23
17805185 0
17814507 23
17828897 0
17838221 23
17852597 0
17861921 23
17876296 0
17885618 23
17904790 0
17914201 23
17926034 0
17927131 0
17929181 0
17938992 0
17948318 23
17962739 0
17972061 23
17986440 0
17995762 23
18010177 0
18019502 23
18033877 0
18043199 23
18057598 0
18066920 23
18081317 0
18090639 23
18105032 0
18114354 23
18128735 0
18138057 23
18152468 0
18161786 23
18176163 0
18185485 23
18199878 0
18209200 23
18223607 0
18232933 23
18247319 0
18256640 23
18274527 0
18283849 23
18297681 0
18307005 23
18321381 0
18330703 23
18345097 0
18354438 23
18368799 0
18378127 23
18392520 0
18401841 23
18416256 0
18425578 23
18439979 0
18449303 23
18463697 0
18473019 23
18487422 0
18496744 23
18511123 0
18520449 23
18534855 0
18544176 23
18558550 0
18567872 23
18582268 0
18591592 23
18605983 0
18615322 23
18629697 0
18639019 23
18653395 0
18662722 23
18677119 0
18686435 23
18700818 0
18710139 23
18724552 0
18733876 23
